0 0.25961538461538464 0.29086538461538464 0.03485576923076923 0.06610576923076923
0 0.5060096153846154 0.2860576923076923 0.025240384615384616 0.054086538461538464
0 0.6177884615384616 0.2824519230769231 0.025240384615384616 0.06009615384615385
0 0.6730769230769231 0.2800480769230769 0.027644230769230768 0.054086538461538464
0 0.7007211538461539 0.2776442307692308 0.027644230769230768 0.051682692307692304
0 0.7872596153846154 0.2764423076923077 0.03125 0.054086538461538464
0 0.8161057692307693 0.27403846153846156 0.036057692307692304 0.0625
0 0.22235576923076922 0.39903846153846156 0.040865384615384616 0.0625
0 0.34975961538461536 0.4014423076923077 0.03485576923076923 0.056490384615384616
0 0.4651442307692308 0.3954326923076923 0.03485576923076923 0.0625
0 0.5216346153846154 0.3954326923076923 0.03125 0.06009615384615385
0 0.6790865384615384 0.39302884615384615 0.03125 0.0733173076923077
0 0.7740384615384616 0.3918269230769231 0.037259615384615384 0.07451923076923077
0 0.8064903846153846 0.390625 0.03365384615384615 0.07091346153846154
0 0.23197115384615385 0.45913461538461536 0.039663461538461536 0.0829326923076923
0 0.29086538461538464 0.4651442307692308 0.037259615384615384 0.08052884615384616
0 0.33533653846153844 0.4675480769230769 0.030048076923076924 0.08413461538461539
0 0.3942307692307692 0.4675480769230769 0.037259615384615384 0.078125
0 0.4567307692307692 0.4675480769230769 0.030048076923076924 0.07451923076923077
0 0.5528846153846154 0.4651442307692308 0.026442307692307692 0.07091346153846154
0 0.5817307692307693 0.46634615384615385 0.03245192307692308 0.07091346153846154
0 0.7115384615384616 0.4651442307692308 0.036057692307692304 0.06610576923076923
0 0.7463942307692307 0.4651442307692308 0.03245192307692308 0.0733173076923077
0 0.7788461538461539 0.46274038461538464 0.038461538461538464 0.0733173076923077
0 0.18629807692307693 0.6177884615384616 0.04447115384615385 0.07932692307692307
0 0.21875 0.6165865384615384 0.040865384615384616 0.078125
0 0.2512019230769231 0.6225961538461539 0.042067307692307696 0.07451923076923077
0 0.30288461538461536 0.6177884615384616 0.038461538461538464 0.07091346153846154
0 0.33653846153846156 0.6165865384615384 0.040865384615384616 0.078125
0 0.37259615384615385 0.6189903846153846 0.04807692307692308 0.08413461538461539
0 0.4050480769230769 0.6189903846153846 0.040865384615384616 0.07932692307692307
0 0.4387019230769231 0.6237980769230769 0.040865384615384616 0.08052884615384616
0 0.47115384615384615 0.6225961538461539 0.036057692307692304 0.08052884615384616
0 0.6141826923076923 0.6189903846153846 0.036057692307692304 0.08173076923076923
0 0.6514423076923077 0.625 0.037259615384615384 0.08173076923076923
0 0.6887019230769231 0.6274038461538461 0.040865384615384616 0.0829326923076923
0 0.7644230769230769 0.625 0.040865384615384616 0.0889423076923077
0 0.8004807692307693 0.6274038461538461 0.04447115384615385 0.09134615384615384
0 0.8365384615384616 0.6237980769230769 0.040865384615384616 0.0889423076923077
0 0.13701923076923078 0.7391826923076923 0.055288461538461536 0.08653846153846154
0 0.25721153846153844 0.7355769230769231 0.052884615384615384 0.08774038461538461
0 0.9387019230769231 0.4050480769230769 0.036057692307692304 0.0733173076923077
0 0.9567307692307693 0.4795673076923077 0.03485576923076923 0.0733173076923077
0 0.9783653846153846 0.5721153846153846 0.037259615384615384 0.10336538461538461
0 0.8942307692307693 0.7319711538461539 0.08173076923076923 0.055288461538461536
0 0.7223557692307693 0.7295673076923077 0.03485576923076923 0.0985576923076923
0 0.7776442307692307 0.7295673076923077 0.03365384615384615 0.08173076923076923
0 0.5961538461538461 0.7295673076923077 0.03125 0.09735576923076923
0 0.44711538461538464 0.9435096153846154 0.02403846153846154 0.07932692307692307
0 0.30649038461538464 0.9399038461538461 0.030048076923076924 0.09134615384615384
0 0.25 0.9387019230769231 0.03485576923076923 0.09254807692307693
0 0.16466346153846154 0.9314903846153846 0.037259615384615384 0.09014423076923077
0 0.09735576923076923 0.6165865384615384 0.03485576923076923 0.08413461538461539
0 0.06370192307692307 0.6165865384615384 0.04567307692307692 0.07451923076923077
0 0.03245192307692308 0.6105769230769231 0.04927884615384615 0.08173076923076923
0 0.03245192307692308 0.5360576923076923 0.056490384615384616 0.054086538461538464
0 0.14423076923076922 0.46153846153846156 0.038461538461538464 0.054086538461538464
0 0.13701923076923078 0.40024038461538464 0.038461538461538464 0.0625
0 0.08774038461538461 0.40865384615384615 0.038461538461538464 0.0625
0 0.06009615384615385 0.40384615384615385 0.03365384615384615 0.06370192307692307
0 0.016826923076923076 0.46274038461538464 0.03245192307692308 0.07211538461538461
0 0.4807692307692308 0.23557692307692307 0.025240384615384616 0.056490384615384616
0 0.5348557692307693 0.23557692307692307 0.02403846153846154 0.04807692307692308
0 0.6658653846153846 0.23197115384615385 0.027644230769230768 0.052884615384615384
0 0.7199519230769231 0.22956730769230768 0.02283653846153846 0.054086538461538464
0 0.6899038461538461 0.140625 0.021634615384615384 0.052884615384615384
0 0.6634615384615384 0.1045673076923077 0.021634615384615384 0.04567307692307692
0 0.6141826923076923 0.1045673076923077 0.025240384615384616 0.055288461538461536
0 0.5456730769230769 0.10817307692307693 0.025240384615384616 0.046875
0 0.49399038461538464 0.1502403846153846 0.02403846153846154 0.052884615384615384
0 0.49759615384615385 0.10817307692307693 0.02403846153846154 0.05048076923076923
0 0.47475961538461536 0.1141826923076923 0.02403846153846154 0.051682692307692304
0 0.4254807692307692 0.15144230769230768 0.025240384615384616 0.05048076923076923
0 0.4326923076923077 0.2403846153846154 0.02403846153846154 0.04807692307692308
0 0.34615384615384615 0.2403846153846154 0.028846153846153848 0.054086538461538464
0 0.296875 0.23798076923076922 0.030048076923076924 0.054086538461538464
0 0.20793269230769232 0.29447115384615385 0.030048076923076924 0.051682692307692304
0 0.18269230769230768 0.2932692307692308 0.03245192307692308 0.056490384615384616
0 0.15865384615384615 0.2932692307692308 0.03485576923076923 0.05889423076923077
0 0.11177884615384616 0.2932692307692308 0.03485576923076923 0.054086538461538464
0 0.08774038461538461 0.296875 0.03245192307692308 0.05889423076923077
0 0.019230769230769232 0.296875 0.03485576923076923 0.05889423076923077
0 0.04326923076923077 0.25 0.03485576923076923 0.04567307692307692
0 0.13221153846153846 0.2439903846153846 0.030048076923076924 0.04807692307692308
0 0.04807692307692308 0.109375 0.036057692307692304 0.027644230769230768
0 0.056490384615384616 0.0889423076923077 0.03485576923076923 0.027644230769230768
0 0.0889423076923077 0.040865384615384616 0.036057692307692304 0.021634615384615384
0 0.0985576923076923 0.020432692307692308 0.03485576923076923 0.028846153846153848
0 0.08774038461538461 0.16346153846153846 0.027644230769230768 0.042067307692307696
0 0.10697115384615384 0.1658653846153846 0.025240384615384616 0.04807692307692308
0 0.12860576923076922 0.1622596153846154 0.027644230769230768 0.042067307692307696
0 0.19110576923076922 0.15865384615384615 0.037259615384615384 0.055288461538461536
0 0.23317307692307693 0.15504807692307693 0.025240384615384616 0.04567307692307692
0 0.25600961538461536 0.15504807692307693 0.027644230769230768 0.05048076923076923
0 0.2980769230769231 0.15144230769230768 0.030048076923076924 0.05048076923076923
0 0.3425480769230769 0.15865384615384615 0.030048076923076924 0.04807692307692308
0 0.3269230769230769 0.11658653846153846 0.025240384615384616 0.05048076923076923
0 0.35336538461538464 0.11778846153846154 0.026442307692307692 0.04447115384615385
0 0.24879807692307693 0.11538461538461539 0.025240384615384616 0.04326923076923077
0 0.18509615384615385 0.12740384615384615 0.027644230769230768 0.040865384615384616
0 0.10576923076923077 0.12860576923076922 0.030048076923076924 0.03485576923076923
0 0.13942307692307693 0.06370192307692307 0.026442307692307692 0.04567307692307692
0 0.17548076923076922 0.030048076923076924 0.025240384615384616 0.05048076923076923
0 0.23317307692307693 0.054086538461538464 0.02403846153846154 0.04326923076923077
0 0.27283653846153844 0.051682692307692304 0.027644230769230768 0.04567307692307692
0 0.31971153846153844 0.015625 0.02403846153846154 0.028846153846153848
0 0.33413461538461536 0.05048076923076923 0.021634615384615384 0.042067307692307696
0 0.4266826923076923 0.04567307692307692 0.021634615384615384 0.04447115384615385
0 0.48677884615384615 0.038461538461538464 0.025240384615384616 0.04447115384615385
0 0.6153846153846154 0.028846153846153848 0.02403846153846154 0.051682692307692304
0 0.6382211538461539 0.028846153846153848 0.019230769230769232 0.05048076923076923
0 0.6598557692307693 0.028846153846153848 0.021634615384615384 0.04326923076923077
0 0.7283653846153846 0.028846153846153848 0.021634615384615384 0.046875
0 0.7716346153846154 0.026442307692307692 0.020432692307692308 0.04807692307692308
0 0.8197115384615384 0.027644230769230768 0.021634615384615384 0.046875
0 0.9122596153846154 0.7884615384615384 0.07692307692307693 0.0625
0 0.9302884615384616 0.8557692307692307 0.07572115384615384 0.06129807692307692
0 0.6430288461538461 0.9495192307692307 0.04447115384615385 0.09615384615384616
0 0.5444711538461539 0.9555288461538461 0.040865384615384616 0.08413461538461539
0 0.5745192307692307 0.013221153846153846 0.02283653846153846 0.026442307692307692
0 0.8617788461538461 0.018028846153846152 0.030048076923076924 0.036057692307692304
0 0.8401442307692307 0.08774038461538461 0.02403846153846154 0.04447115384615385
0 0.7463942307692307 0.008413461538461538 0.021634615384615384 0.016826923076923076