0 0.33653846153846156 0.46274038461538464 0.03365384615384615 0.0733173076923077
0 0.2860576923076923 0.4639423076923077 0.036057692307692304 0.07451923076923077
0 0.30288461538461536 0.6189903846153846 0.037259615384615384 0.08052884615384616
0 0.5432692307692307 0.6237980769230769 0.030048076923076924 0.0733173076923077
0 0.8737980769230769 0.6334134615384616 0.04326923076923077 0.1045673076923077
0 0.9026442307692307 0.7331730769230769 0.06610576923076923 0.06610576923076923
0 0.42908653846153844 0.04447115384615385 0.02403846153846154 0.042067307692307696
0 0.43028846153846156 0.013221153846153846 0.021634615384615384 0.026442307692307692
0 0.5144230769230769 0.014423076923076924 0.021634615384615384 0.027644230769230768
0 0.17548076923076922 0.028846153846153848 0.025240384615384616 0.036057692307692304
0 0.1778846153846154 0.06009615384615385 0.02403846153846154 0.04447115384615385
0 0.14182692307692307 0.06490384615384616 0.026442307692307692 0.042067307692307696
0 0.08774038461538461 0.1658653846153846 0.03245192307692308 0.05048076923076923