0 0.3942307692307692 0.4675480769230769 0.037259615384615384 0.078125
0 0.2512019230769231 0.6225961538461539 0.042067307692307696 0.07451923076923077
0 0.30288461538461536 0.6177884615384616 0.038461538461538464 0.07091346153846154
0 0.5432692307692307 0.9483173076923077 0.038461538461538464 0.09615384615384616
0 0.12860576923076922 0.13341346153846154 0.03125 0.052884615384615384
0 0.23076923076923078 0.12379807692307693 0.026442307692307692 0.04447115384615385
0 0.2704326923076923 0.11778846153846154 0.027644230769230768 0.04807692307692308
0 0.2932692307692308 0.052884615384615384 0.021634615384615384 0.04447115384615385
0 0.3161057692307692 0.051682692307692304 0.025240384615384616 0.05048076923076923
0 0.4026442307692308 0.018028846153846152 0.021634615384615384 0.03485576923076923
0 0.4326923076923077 0.015625 0.02283653846153846 0.027644230769230768
0 0.4543269230769231 0.015625 0.016826923076923076 0.030048076923076924
0 0.5552884615384616 0.014423076923076924 0.020432692307692308 0.026442307692307692
0 0.49158653846153844 0.04567307692307692 0.02283653846153846 0.05048076923076923
0 0.25961538461538464 0.05889423076923077 0.025240384615384616 0.038461538461538464
0 0.2704326923076923 0.016826923076923076 0.025240384615384616 0.03365384615384615
0 0.23557692307692307 0.020432692307692308 0.02283653846153846 0.038461538461538464
0 0.21394230769230768 0.025240384615384616 0.02403846153846154 0.037259615384615384
0 0.16346153846153846 0.06370192307692307 0.026442307692307692 0.040865384615384616
0 0.14302884615384615 0.06610576923076923 0.027644230769230768 0.04447115384615385
0 0.15625 0.030048076923076924 0.028846153846153848 0.025240384615384616
0 0.42788461538461536 0.04807692307692308 0.021634615384615384 0.037259615384615384
0 0.4519230769230769 0.04567307692307692 0.020432692307692308 0.04447115384615385
0 0.21754807692307693 0.0625 0.027644230769230768 0.040865384615384616