0 0.5949519230769231 0.7259615384615384 0.03485576923076923 0.10697115384615384
0 0.7019230769230769 0.953125 0.037259615384615384 0.08774038461538461
0 0.6514423076923077 0.9495192307692307 0.037259615384615384 0.0889423076923077
0 0.5925480769230769 0.9495192307692307 0.040865384615384616 0.09134615384615384
0 0.5480769230769231 0.9495192307692307 0.03365384615384615 0.09495192307692307
0 0.4987980769230769 0.9519230769230769 0.036057692307692304 0.09134615384615384
0 0.44350961538461536 0.9483173076923077 0.03485576923076923 0.09014423076923077
0 0.39783653846153844 0.9483173076923077 0.039663461538461536 0.08653846153846154
0 0.20793269230769232 0.9302884615384616 0.04807692307692308 0.11057692307692307
0 0.15745192307692307 0.9362980769230769 0.04567307692307692 0.07932692307692307
0 0.11057692307692307 0.9278846153846154 0.040865384615384616 0.0985576923076923
0 0.0733173076923077 0.9290865384615384 0.04807692307692308 0.08413461538461539
0 0.140625 0.7223557692307693 0.05048076923076923 0.09254807692307693
0 0.7283653846153846 0.7283653846153846 0.04326923076923077 0.1045673076923077
0 0.9002403846153846 0.7331730769230769 0.07211538461538461 0.06850961538461539
0 0.9182692307692307 0.7980769230769231 0.08173076923076923 0.055288461538461536
0 0.9302884615384616 0.8569711538461539 0.07932692307692307 0.06610576923076923
0 0.9206730769230769 0.33653846153846156 0.042067307692307696 0.07692307692307693
0 0.8365384615384616 0.6274038461538461 0.039663461538461536 0.10336538461538461
0 0.8810096153846154 0.6370192307692307 0.039663461538461536 0.0889423076923077
0 0.8004807692307693 0.6346153846153846 0.037259615384615384 0.08653846153846154
0 0.7620192307692307 0.625 0.037259615384615384 0.10096153846153846
0 0.7271634615384616 0.6274038461538461 0.037259615384615384 0.08413461538461539
0 0.6887019230769231 0.6237980769230769 0.03485576923076923 0.09254807692307693
0 0.6526442307692307 0.625 0.03245192307692308 0.08774038461538461
0 0.6165865384615384 0.6153846153846154 0.03125 0.1045673076923077
0 0.5793269230769231 0.6165865384615384 0.025240384615384616 0.0985576923076923
0 0.5420673076923077 0.6165865384615384 0.028846153846153848 0.09014423076923077
0 0.5072115384615384 0.6225961538461539 0.03245192307692308 0.09134615384615384
0 0.5108173076923077 0.7259615384615384 0.03485576923076923 0.109375
0 0.4675480769230769 0.7319711538461539 0.037259615384615384 0.09735576923076923
0 0.4206730769230769 0.7319711538461539 0.03245192307692308 0.08413461538461539
0 0.4411057692307692 0.6225961538461539 0.03485576923076923 0.09134615384615384
0 0.47596153846153844 0.6225961538461539 0.030048076923076924 0.09014423076923077
0 0.40384615384615385 0.6237980769230769 0.036057692307692304 0.0889423076923077
0 0.36899038461538464 0.6237980769230769 0.03485576923076923 0.08413461538461539
0 0.33413461538461536 0.6189903846153846 0.036057692307692304 0.08173076923076923
0 0.30528846153846156 0.6129807692307693 0.037259615384615384 0.09254807692307693
0 0.25240384615384615 0.6213942307692307 0.037259615384615384 0.078125
0 0.25961538461538464 0.7295673076923077 0.046875 0.10817307692307693
0 0.3004807692307692 0.7295673076923077 0.04326923076923077 0.08173076923076923
0 0.21875 0.6177884615384616 0.038461538461538464 0.07692307692307693
0 0.18389423076923078 0.6177884615384616 0.04326923076923077 0.078125
0 0.15264423076923078 0.6153846153846154 0.04326923076923077 0.0829326923076923
0 0.12379807692307693 0.6153846153846154 0.04326923076923077 0.09014423076923077
0 0.09495192307692307 0.6165865384615384 0.04567307692307692 0.09134615384615384
0 0.06610576923076923 0.6105769230769231 0.046875 0.08052884615384616
0 0.03125 0.6105769230769231 0.04447115384615385 0.07932692307692307
0 0.8389423076923077 0.39663461538461536 0.03245192307692308 0.06129807692307692
0 0.8485576923076923 0.4651442307692308 0.03485576923076923 0.0733173076923077
0 0.8125 0.4579326923076923 0.03365384615384615 0.078125
0 0.7800480769230769 0.45552884615384615 0.03125 0.08173076923076923
0 0.7463942307692307 0.4567307692307692 0.03365384615384615 0.07091346153846154
0 0.7151442307692307 0.46153846153846156 0.030048076923076924 0.08413461538461539
0 0.6754807692307693 0.39302884615384615 0.027644230769230768 0.06971153846153846
0 0.6790865384615384 0.45913461538461536 0.026442307692307692 0.07091346153846154
0 0.6478365384615384 0.45913461538461536 0.02403846153846154 0.0733173076923077
0 0.6165865384615384 0.4519230769230769 0.03125 0.08774038461538461
0 0.6153846153846154 0.38461538461538464 0.025240384615384616 0.051682692307692304
0 0.5841346153846154 0.3858173076923077 0.027644230769230768 0.0625
0 0.5829326923076923 0.4567307692307692 0.025240384615384616 0.0733173076923077
0 0.7776442307692307 0.22596153846153846 0.027644230769230768 0.052884615384615384
0 0.7331730769230769 0.27524038461538464 0.025240384615384616 0.06490384615384616
0 0.6971153846153846 0.22115384615384615 0.02283653846153846 0.06370192307692307
0 0.7007211538461539 0.2824519230769231 0.026442307692307692 0.05889423076923077
0 0.671875 0.27403846153846156 0.025240384615384616 0.0625
0 0.6658653846153846 0.13581730769230768 0.020432692307692308 0.055288461538461536
0 0.6862980769230769 0.09735576923076923 0.021634615384615384 0.054086538461538464
0 0.6634615384615384 0.026442307692307692 0.016826923076923076 0.04447115384615385
0 0.6177884615384616 0.026442307692307692 0.020432692307692308 0.04567307692307692
0 0.5721153846153846 0.030048076923076924 0.021634615384615384 0.04567307692307692
0 0.6177884615384616 0.2764423076923077 0.02403846153846154 0.06850961538461539
0 0.5877403846153846 0.27403846153846156 0.021634615384615384 0.06490384615384616
0 0.5697115384615384 0.14182692307692307 0.021634615384615384 0.05048076923076923
0 0.5180288461538461 0.1466346153846154 0.025240384615384616 0.051682692307692304
0 0.5348557692307693 0.2776442307692308 0.02403846153846154 0.0625
0 0.4795673076923077 0.2824519230769231 0.025240384615384616 0.055288461538461536
0 0.4543269230769231 0.2824519230769231 0.025240384615384616 0.0625
0 0.4098557692307692 0.23317307692307693 0.027644230769230768 0.04447115384615385
0 0.4567307692307692 0.1141826923076923 0.02403846153846154 0.037259615384615384
0 0.3954326923076923 0.04807692307692308 0.021634615384615384 0.038461538461538464
0 0.40384615384615385 0.016826923076923076 0.02403846153846154 0.03365384615384615
0 0.4326923076923077 0.016826923076923076 0.021634615384615384 0.03365384615384615
0 0.5528846153846154 0.45552884615384615 0.02283653846153846 0.0733173076923077
0 0.5216346153846154 0.45552884615384615 0.027644230769230768 0.0733173076923077
0 0.4879807692307692 0.4579326923076923 0.030048076923076924 0.07211538461538461
0 0.4723557692307692 0.3894230769230769 0.026442307692307692 0.06971153846153846
0 0.44471153846153844 0.390625 0.030048076923076924 0.06490384615384616
0 0.45913461538461536 0.45913461538461536 0.027644230769230768 0.06850961538461539
0 0.43149038461538464 0.4579326923076923 0.028846153846153848 0.06971153846153846
0 0.4074519230769231 0.3942307692307692 0.025240384615384616 0.06009615384615385
0 0.39663461538461536 0.46274038461538464 0.030048076923076924 0.07211538461538461
0 0.3786057692307692 0.40024038461538464 0.030048076923076924 0.06850961538461539
0 0.35336538461538464 0.3954326923076923 0.03125 0.056490384615384616
0 0.33653846153846156 0.4639423076923077 0.03485576923076923 0.06971153846153846
0 0.3076923076923077 0.3942307692307692 0.03485576923076923 0.06370192307692307
0 0.29086538461538464 0.46153846153846156 0.037259615384615384 0.06971153846153846
0 0.2644230769230769 0.46153846153846156 0.03125 0.07211538461538461
0 0.234375 0.46274038461538464 0.037259615384615384 0.07211538461538461
0 0.24879807692307693 0.3954326923076923 0.03365384615384615 0.06490384615384616
0 0.2091346153846154 0.4579326923076923 0.036057692307692304 0.06971153846153846
0 0.19951923076923078 0.3942307692307692 0.036057692307692304 0.06971153846153846
0 0.16826923076923078 0.39663461538461536 0.03485576923076923 0.0625
0 0.17908653846153846 0.4651442307692308 0.038461538461538464 0.06971153846153846
0 0.1502403846153846 0.46274038461538464 0.040865384615384616 0.06370192307692307
0 0.12259615384615384 0.45913461538461536 0.03485576923076923 0.06971153846153846
0 0.09495192307692307 0.46153846153846156 0.040865384615384616 0.07091346153846154
0 0.1141826923076923 0.40024038461538464 0.04447115384615385 0.054086538461538464
0 0.09254807692307693 0.40024038461538464 0.03245192307692308 0.054086538461538464
0 0.06971153846153846 0.45913461538461536 0.038461538461538464 0.06971153846153846
0 0.019230769230769232 0.4651442307692308 0.037259615384615384 0.07932692307692307
0 0.04326923076923077 0.39903846153846156 0.04326923076923077 0.07091346153846154
0 0.016826923076923076 0.4026442307692308 0.030048076923076924 0.055288461538461536
0 0.4026442307692308 0.2860576923076923 0.030048076923076924 0.0625
0 0.3737980769230769 0.28365384615384615 0.030048076923076924 0.06129807692307692
0 0.33533653846153844 0.28846153846153844 0.027644230769230768 0.05889423076923077
0 0.3088942307692308 0.28725961538461536 0.03485576923076923 0.06370192307692307
0 0.23557692307692307 0.29086538461538464 0.03245192307692308 0.05889423076923077
0 0.2091346153846154 0.28846153846153844 0.03365384615384615 0.051682692307692304
0 0.18629807692307693 0.28725961538461536 0.030048076923076924 0.056490384615384616
0 0.11658653846153846 0.29086538461538464 0.03485576923076923 0.054086538461538464
0 0.15985576923076922 0.23317307692307693 0.03485576923076923 0.055288461538461536
0 0.06850961538461539 0.2932692307692308 0.036057692307692304 0.04807692307692308
0 0.04326923076923077 0.29447115384615385 0.03245192307692308 0.06009615384615385
0 0.021634615384615384 0.2956730769230769 0.03485576923076923 0.055288461538461536
0 0.015625 0.17668269230769232 0.027644230769230768 0.03365384615384615
0 0.019230769230769232 0.15384615384615385 0.03485576923076923 0.025240384615384616
0 0.08413461538461539 0.04567307692307692 0.03485576923076923 0.03365384615384615
0 0.10697115384615384 0.010817307692307692 0.03125 0.021634615384615384
0 0.08774038461538461 0.1658653846153846 0.026442307692307692 0.04807692307692308
0 0.11057692307692307 0.1622596153846154 0.03245192307692308 0.05048076923076923
0 0.15504807692307693 0.15745192307692307 0.030048076923076924 0.04447115384615385
0 0.16947115384615385 0.11778846153846154 0.025240384615384616 0.037259615384615384
0 0.19110576923076922 0.11899038461538461 0.027644230769230768 0.03365384615384615
0 0.14302884615384615 0.06129807692307692 0.027644230769230768 0.036057692307692304
0 0.15745192307692307 0.027644230769230768 0.027644230769230768 0.03245192307692308
0 0.17548076923076922 0.030048076923076924 0.028846153846153848 0.03485576923076923
0 0.23197115384615385 0.025240384615384616 0.025240384615384616 0.037259615384615384
0 0.23918269230769232 0.052884615384615384 0.026442307692307692 0.036057692307692304
0 0.25721153846153844 0.055288461538461536 0.027644230769230768 0.03485576923076923
0 0.2668269230769231 0.019230769230769232 0.02403846153846154 0.03485576923076923
0 0.29447115384615385 0.04807692307692308 0.02403846153846154 0.04567307692307692
0 0.32572115384615385 0.019230769230769232 0.02283653846153846 0.037259615384615384
0 0.34375 0.016826923076923076 0.021634615384615384 0.03245192307692308
0 0.23677884615384615 0.15264423076923078 0.028846153846153848 0.055288461538461536
0 0.3016826923076923 0.15384615384615385 0.02403846153846154 0.04807692307692308
0 0.31490384615384615 0.11298076923076923 0.02403846153846154 0.03365384615384615
0 0.9495192307692307 0.9663461538461539 0.04927884615384615 0.05889423076923077
0 0.6814903846153846 0.009615384615384616 0.021634615384615384 0.019230769230769232