0 0.7463942307692307 0.9399038461538461 0.04326923076923077 0.10817307692307693
0 0.9266826923076923 0.8533653846153846 0.07451923076923077 0.07091346153846154
0 0.9555288461538461 0.9555288461538461 0.07211538461538461 0.07692307692307693
0 0.9567307692307693 0.6430288461538461 0.04567307692307692 0.11658653846153846
0 0.9567307692307693 0.47475961538461536 0.037259615384615384 0.08052884615384616
0 0.9002403846153846 0.7235576923076923 0.08052884615384616 0.06610576923076923
0 0.9110576923076923 0.7872596153846154 0.07091346153846154 0.06370192307692307
0 0.8786057692307693 0.625 0.042067307692307696 0.09615384615384616
0 0.8377403846153846 0.6322115384615384 0.038461538461538464 0.09254807692307693
0 0.5949519230769231 0.7295673076923077 0.040865384615384616 0.10336538461538461
0 0.6995192307692307 0.953125 0.03485576923076923 0.0829326923076923
0 0.5372596153846154 0.9471153846153846 0.039663461538461536 0.09615384615384616
0 0.5084134615384616 0.625 0.03245192307692308 0.08052884615384616
0 0.6430288461538461 0.4579326923076923 0.025240384615384616 0.0733173076923077
0 0.6778846153846154 0.39903846153846156 0.028846153846153848 0.08052884615384616
0 0.7103365384615384 0.4579326923076923 0.030048076923076924 0.0889423076923077
0 0.7463942307692307 0.46634615384615385 0.030048076923076924 0.0829326923076923
0 0.7800480769230769 0.46153846153846156 0.030048076923076924 0.07932692307692307
0 0.8137019230769231 0.46274038461538464 0.036057692307692304 0.078125
0 0.8521634615384616 0.4639423076923077 0.03485576923076923 0.08173076923076923
0 0.8401442307692307 0.3918269230769231 0.03125 0.06850961538461539
0 0.8052884615384616 0.39302884615384615 0.028846153846153848 0.06370192307692307
0 0.7704326923076923 0.3870192307692308 0.030048076923076924 0.07211538461538461
0 0.7379807692307693 0.390625 0.030048076923076924 0.06971153846153846
0 0.6153846153846154 0.39302884615384615 0.025240384615384616 0.07211538461538461
0 0.5793269230769231 0.45552884615384615 0.030048076923076924 0.07091346153846154
0 0.5192307692307693 0.4567307692307692 0.028846153846153848 0.07211538461538461
0 0.8185096153846154 0.27524038461538464 0.030048076923076924 0.07091346153846154
0 0.7872596153846154 0.27403846153846156 0.027644230769230768 0.06370192307692307
0 0.6995192307692307 0.27403846153846156 0.02403846153846154 0.06490384615384616
0 0.6706730769230769 0.27163461538461536 0.028846153846153848 0.06490384615384616
0 0.5348557692307693 0.2776442307692308 0.027644230769230768 0.06490384615384616
0 0.42908653846153844 0.2800480769230769 0.027644230769230768 0.06850961538461539
0 0.40865384615384615 0.234375 0.02403846153846154 0.06490384615384616
0 0.296875 0.23918269230769232 0.028846153846153848 0.054086538461538464
0 0.39903846153846156 0.46153846153846156 0.03245192307692308 0.07932692307692307
0 0.34975961538461536 0.40024038461538464 0.03245192307692308 0.06850961538461539
0 0.33774038461538464 0.4735576923076923 0.037259615384615384 0.07932692307692307
0 0.3389423076923077 0.6189903846153846 0.037259615384615384 0.09014423076923077
0 0.30649038461538464 0.6189903846153846 0.038461538461538464 0.08653846153846154
0 0.3004807692307692 0.7283653846153846 0.036057692307692304 0.09134615384615384
0 0.25841346153846156 0.7283653846153846 0.04567307692307692 0.10697115384615384
0 0.25240384615384615 0.6213942307692307 0.038461538461538464 0.0889423076923077
0 0.18629807692307693 0.6189903846153846 0.038461538461538464 0.08653846153846154
0 0.13942307692307693 0.7223557692307693 0.046875 0.10336538461538461
0 0.24879807692307693 0.9459134615384616 0.040865384615384616 0.10096153846153846
0 0.20072115384615385 0.9471153846153846 0.04567307692307692 0.09975961538461539
0 0.15985576923076922 0.9435096153846154 0.037259615384615384 0.10576923076923077
0 0.030048076923076924 0.7211538461538461 0.04567307692307692 0.0985576923076923
0 0.09975961538461539 0.6069711538461539 0.04567307692307692 0.0889423076923077
0 0.06370192307692307 0.609375 0.04326923076923077 0.0985576923076923
0 0.0829326923076923 0.5300480769230769 0.052884615384615384 0.04807692307692308
0 0.25961538461538464 0.4639423076923077 0.030048076923076924 0.07211538461538461
0 0.2764423076923077 0.39903846153846156 0.037259615384615384 0.06971153846153846
0 0.30649038461538464 0.40384615384615385 0.03485576923076923 0.06610576923076923
0 0.23076923076923078 0.4639423076923077 0.03245192307692308 0.0733173076923077
0 0.22115384615384615 0.4050480769230769 0.03245192307692308 0.06610576923076923
0 0.17427884615384615 0.4639423076923077 0.042067307692307696 0.07211538461538461
0 0.1658653846153846 0.40384615384615385 0.037259615384615384 0.06610576923076923
0 0.11778846153846154 0.39663461538461536 0.040865384615384616 0.07211538461538461
0 0.12139423076923077 0.46634615384615385 0.042067307692307696 0.06490384615384616
0 0.0673076923076923 0.45913461538461536 0.040865384615384616 0.07091346153846154
0 0.06610576923076923 0.40384615384615385 0.037259615384615384 0.054086538461538464
0 0.038461538461538464 0.40384615384615385 0.03365384615384615 0.054086538461538464
0 0.040865384615384616 0.46274038461538464 0.038461538461538464 0.06971153846153846
0 0.016826923076923076 0.46153846153846156 0.03245192307692308 0.06490384615384616
0 0.6394230769230769 0.09735576923076923 0.021634615384615384 0.05889423076923077
0 0.5949519230769231 0.0985576923076923 0.019230769230769232 0.05889423076923077
0 0.7728365384615384 0.021634615384615384 0.02403846153846154 0.042067307692307696
0 0.6586538461538461 0.028846153846153848 0.02283653846153846 0.04447115384615385
0 0.5961538461538461 0.030048076923076924 0.021634615384615384 0.046875
0 0.5733173076923077 0.03245192307692308 0.019230769230769232 0.04807692307692308
0 0.5096153846153846 0.03485576923076923 0.021634615384615384 0.040865384615384616
0 0.4266826923076923 0.042067307692307696 0.021634615384615384 0.04447115384615385
0 0.39783653846153844 0.046875 0.019230769230769232 0.04447115384615385
0 0.38100961538461536 0.018028846153846152 0.018028846153846152 0.030048076923076924
0 0.34375 0.018028846153846152 0.019230769230769232 0.030048076923076924
0 0.32572115384615385 0.016826923076923076 0.019230769230769232 0.030048076923076924
0 0.30528846153846156 0.015625 0.021634615384615384 0.028846153846153848
0 0.31490384615384615 0.05048076923076923 0.027644230769230768 0.036057692307692304
0 0.28725961538461536 0.016826923076923076 0.019230769230769232 0.027644230769230768
0 0.2668269230769231 0.019230769230769232 0.019230769230769232 0.03365384615384615
0 0.24759615384615385 0.018028846153846152 0.02283653846153846 0.03245192307692308
0 0.22596153846153846 0.025240384615384616 0.027644230769230768 0.03485576923076923
0 0.2091346153846154 0.026442307692307692 0.021634615384615384 0.03245192307692308
0 0.19230769230769232 0.025240384615384616 0.02403846153846154 0.028846153846153848
0 0.17548076923076922 0.028846153846153848 0.021634615384615384 0.026442307692307692
0 0.15504807692307693 0.030048076923076924 0.020432692307692308 0.03485576923076923
0 0.27524038461538464 0.05048076923076923 0.02283653846153846 0.040865384615384616
0 0.25600961538461536 0.051682692307692304 0.021634615384615384 0.04326923076923077
0 0.23557692307692307 0.051682692307692304 0.02403846153846154 0.04326923076923077
0 0.19831730769230768 0.05889423076923077 0.02403846153846154 0.042067307692307696
0 0.18028846153846154 0.05889423076923077 0.020432692307692308 0.04326923076923077
0 0.15865384615384615 0.06370192307692307 0.019230769230769232 0.040865384615384616
0 0.14423076923076922 0.06129807692307692 0.02283653846153846 0.040865384615384616
0 0.42788461538461536 0.15144230769230768 0.020432692307692308 0.052884615384615384
0 0.4110576923076923 0.1141826923076923 0.021634615384615384 0.04807692307692308
0 0.3798076923076923 0.11298076923076923 0.02283653846153846 0.04567307692307692
0 0.3713942307692308 0.15504807692307693 0.02403846153846154 0.055288461538461536
0 0.2127403846153846 0.15264423076923078 0.02283653846153846 0.051682692307692304
0 0.18870192307692307 0.2091346153846154 0.027644230769230768 0.054086538461538464
0 0.19230769230769232 0.15384615384615385 0.021634615384615384 0.04807692307692308
0 0.18990384615384615 0.12139423076923077 0.02403846153846154 0.042067307692307696
0 0.16466346153846154 0.12259615384615384 0.02283653846153846 0.051682692307692304
0 0.171875 0.15745192307692307 0.02403846153846154 0.04567307692307692
0 0.109375 0.12620192307692307 0.026442307692307692 0.042067307692307696
0 0.11057692307692307 0.16947115384615385 0.028846153846153848 0.04447115384615385
0 0.0889423076923077 0.1658653846153846 0.030048076923076924 0.046875
0 0.13341346153846154 0.24639423076923078 0.027644230769230768 0.04807692307692308
0 0.109375 0.2439903846153846 0.027644230769230768 0.04326923076923077
0 0.08774038461538461 0.24639423076923078 0.027644230769230768 0.04326923076923077
0 0.06850961538461539 0.24158653846153846 0.03245192307692308 0.056490384615384616
0 0.04326923076923077 0.24759615384615385 0.025240384615384616 0.04326923076923077
0 0.020432692307692308 0.2932692307692308 0.030048076923076924 0.051682692307692304
0 0.04567307692307692 0.29447115384615385 0.026442307692307692 0.046875
0 0.06971153846153846 0.29447115384615385 0.03245192307692308 0.055288461538461536
0 0.09134615384615384 0.2956730769230769 0.030048076923076924 0.06610576923076923
0 0.028846153846153848 0.14423076923076922 0.04326923076923077 0.03365384615384615
0 0.039663461538461536 0.12139423076923077 0.040865384615384616 0.026442307692307692
0 0.052884615384615384 0.10576923076923077 0.030048076923076924 0.021634615384615384
0 0.05889423076923077 0.09254807692307693 0.037259615384615384 0.027644230769230768
0 0.0673076923076923 0.07451923076923077 0.030048076923076924 0.026442307692307692
0 0.09014423076923077 0.037259615384615384 0.038461538461538464 0.030048076923076924
0 0.10096153846153846 0.021634615384615384 0.03125 0.025240384615384616
0 0.013221153846153846 0.6081730769230769 0.025240384615384616 0.08774038461538461
0 0.010817307692307692 0.19471153846153846 0.021634615384615384 0.03245192307692308
0 0.10697115384615384 0.008413461538461538 0.030048076923076924 0.016826923076923076
0 0.43149038461538464 0.014423076923076924 0.016826923076923076 0.027644230769230768
0 0.4519230769230769 0.014423076923076924 0.014423076923076924 0.028846153846153848
0 0.47475961538461536 0.014423076923076924 0.018028846153846152 0.028846153846153848
0 0.9098557692307693 0.2920673076923077 0.03485576923076923 0.06610576923076923
0 0.8942307692307693 0.23076923076923078 0.030048076923076924 0.051682692307692304