0 0.5432692307692307 0.9483173076923077 0.03485576923076923 0.0985576923076923
0 0.3112980769230769 0.6153846153846154 0.040865384615384616 0.09134615384615384
0 0.25600961538461536 0.6141826923076923 0.038461538461538464 0.09615384615384616
0 0.39903846153846156 0.4675480769230769 0.03245192307692308 0.07451923076923077
0 0.49158653846153844 0.04447115384615385 0.021634615384615384 0.04567307692307692
0 0.4495192307692308 0.046875 0.019230769230769232 0.037259615384615384
0 0.4543269230769231 0.015625 0.019230769230769232 0.030048076923076924
0 0.4338942307692308 0.014423076923076924 0.016826923076923076 0.027644230769230768
0 0.42788461538461536 0.046875 0.021634615384615384 0.040865384615384616
0 0.4026442307692308 0.019230769230769232 0.021634615384615384 0.037259615384615384
0 0.3137019230769231 0.05048076923076923 0.02403846153846154 0.04567307692307692
0 0.2956730769230769 0.04567307692307692 0.02283653846153846 0.04567307692307692
0 0.2692307692307692 0.020432692307692308 0.02403846153846154 0.03245192307692308
0 0.23557692307692307 0.020432692307692308 0.02403846153846154 0.040865384615384616
0 0.2127403846153846 0.025240384615384616 0.02403846153846154 0.037259615384615384
0 0.15745192307692307 0.026442307692307692 0.030048076923076924 0.03245192307692308
0 0.16346153846153846 0.06370192307692307 0.026442307692307692 0.042067307692307696
0 0.14182692307692307 0.0625 0.025240384615384616 0.036057692307692304
0 0.21754807692307693 0.06370192307692307 0.028846153846153848 0.038461538461538464
0 0.25961538461538464 0.06129807692307692 0.025240384615384616 0.036057692307692304
0 0.2704326923076923 0.11899038461538461 0.030048076923076924 0.051682692307692304
0 0.2283653846153846 0.12259615384615384 0.028846153846153848 0.037259615384615384
0 0.12860576923076922 0.13341346153846154 0.03125 0.046875
0 0.5552884615384616 0.015625 0.019230769230769232 0.030048076923076924