0 0.23557692307692307 0.28725961538461536 0.036057692307692304 0.0625
0 0.25961538461538464 0.29086538461538464 0.03485576923076923 0.06610576923076923
0 0.2860576923076923 0.29086538461538464 0.03365384615384615 0.06610576923076923
0 0.3112980769230769 0.28846153846153844 0.036057692307692304 0.06610576923076923
0 0.33653846153846156 0.29086538461538464 0.03365384615384615 0.0625
0 0.3762019230769231 0.28725961538461536 0.03245192307692308 0.06370192307692307
0 0.40384615384615385 0.28725961538461536 0.027644230769230768 0.06009615384615385
0 0.43028846153846156 0.29086538461538464 0.025240384615384616 0.06370192307692307
0 0.4543269230769231 0.28725961538461536 0.026442307692307692 0.06370192307692307
0 0.4807692307692308 0.28846153846153844 0.027644230769230768 0.06129807692307692
0 0.5060096153846154 0.2860576923076923 0.025240384615384616 0.054086538461538464
0 0.5324519230769231 0.2860576923076923 0.026442307692307692 0.056490384615384616
0 0.5612980769230769 0.2824519230769231 0.025240384615384616 0.052884615384615384
0 0.5877403846153846 0.2824519230769231 0.028846153846153848 0.06009615384615385
0 0.6177884615384616 0.2824519230769231 0.025240384615384616 0.06009615384615385
0 0.6442307692307693 0.2800480769230769 0.027644230769230768 0.054086538461538464
0 0.6730769230769231 0.2800480769230769 0.027644230769230768 0.054086538461538464
0 0.7007211538461539 0.2776442307692308 0.027644230769230768 0.051682692307692304
0 0.7307692307692307 0.2800480769230769 0.030048076923076924 0.055288461538461536
0 0.7608173076923077 0.2764423076923077 0.027644230769230768 0.0625
0 0.7872596153846154 0.2764423076923077 0.03125 0.054086538461538464
0 0.8161057692307693 0.27403846153846156 0.036057692307692304 0.0625
0 0.1971153846153846 0.40024038461538464 0.042067307692307696 0.06009615384615385
0 0.22235576923076922 0.39903846153846156 0.040865384615384616 0.0625
0 0.24879807692307693 0.4014423076923077 0.038461538461538464 0.06370192307692307
0 0.28125 0.4014423076923077 0.039663461538461536 0.05889423076923077
0 0.3125 0.4026442307692308 0.037259615384615384 0.06129807692307692
0 0.34975961538461536 0.4014423076923077 0.03485576923076923 0.056490384615384616
0 0.375 0.4014423076923077 0.03485576923076923 0.06129807692307692
0 0.4098557692307692 0.3954326923076923 0.03365384615384615 0.05889423076923077
0 0.4362980769230769 0.39663461538461536 0.03365384615384615 0.056490384615384616
0 0.4651442307692308 0.3954326923076923 0.03485576923076923 0.0625
0 0.4951923076923077 0.3954326923076923 0.03245192307692308 0.06129807692307692
0 0.5216346153846154 0.3954326923076923 0.03125 0.06009615384615385
0 0.5528846153846154 0.3942307692307692 0.030048076923076924 0.06850961538461539
0 0.5841346153846154 0.3954326923076923 0.030048076923076924 0.06009615384615385
0 0.6129807692307693 0.39302884615384615 0.03485576923076923 0.06370192307692307
0 0.6466346153846154 0.3894230769230769 0.030048076923076924 0.07211538461538461
0 0.6790865384615384 0.39302884615384615 0.03125 0.0733173076923077
0 0.7091346153846154 0.3894230769230769 0.036057692307692304 0.0733173076923077
0 0.7403846153846154 0.3918269230769231 0.03245192307692308 0.06971153846153846
0 0.7740384615384616 0.3918269230769231 0.037259615384615384 0.07451923076923077
0 0.8064903846153846 0.390625 0.03365384615384615 0.07091346153846154
0 0.8389423076923077 0.3918269230769231 0.037259615384615384 0.06610576923076923
0 0.17548076923076922 0.46153846153846156 0.037259615384615384 0.07932692307692307
0 0.20432692307692307 0.4639423076923077 0.04447115384615385 0.08052884615384616
0 0.23197115384615385 0.45913461538461536 0.039663461538461536 0.0829326923076923
0 0.25961538461538464 0.46634615384615385 0.040865384615384616 0.07932692307692307
0 0.29086538461538464 0.4651442307692308 0.037259615384615384 0.08052884615384616
0 0.33533653846153844 0.4675480769230769 0.030048076923076924 0.08413461538461539
0 0.36778846153846156 0.46634615384615385 0.042067307692307696 0.0829326923076923
0 0.3942307692307692 0.4675480769230769 0.037259615384615384 0.078125
0 0.42788461538461536 0.4639423076923077 0.037259615384615384 0.0829326923076923
0 0.4567307692307692 0.4675480769230769 0.030048076923076924 0.07451923076923077
0 0.49038461538461536 0.4675480769230769 0.03245192307692308 0.07451923076923077
0 0.5192307692307693 0.4675480769230769 0.03245192307692308 0.07091346153846154
0 0.5528846153846154 0.4651442307692308 0.026442307692307692 0.07091346153846154
0 0.5817307692307693 0.46634615384615385 0.03245192307692308 0.07091346153846154
0 0.6129807692307693 0.46634615384615385 0.028846153846153848 0.07211538461538461
0 0.6466346153846154 0.4639423076923077 0.03125 0.07211538461538461
0 0.6802884615384616 0.46634615384615385 0.03125 0.07091346153846154
0 0.7115384615384616 0.4651442307692308 0.036057692307692304 0.06610576923076923
0 0.7463942307692307 0.4651442307692308 0.03245192307692308 0.0733173076923077
0 0.7788461538461539 0.46274038461538464 0.038461538461538464 0.0733173076923077
0 0.8112980769230769 0.4651442307692308 0.03485576923076923 0.06850961538461539
0 0.8485576923076923 0.45913461538461536 0.042067307692307696 0.07451923076923077
0 0.12139423076923077 0.6153846153846154 0.04567307692307692 0.0829326923076923
0 0.15144230769230768 0.6177884615384616 0.04567307692307692 0.078125
0 0.18629807692307693 0.6177884615384616 0.04447115384615385 0.07932692307692307
0 0.2512019230769231 0.6225961538461539 0.042067307692307696 0.07451923076923077
0 0.30288461538461536 0.6177884615384616 0.038461538461538464 0.07091346153846154
0 0.33653846153846156 0.6165865384615384 0.040865384615384616 0.078125
0 0.37259615384615385 0.6189903846153846 0.04807692307692308 0.08413461538461539
0 0.4050480769230769 0.6189903846153846 0.040865384615384616 0.07932692307692307
0 0.47115384615384615 0.6225961538461539 0.036057692307692304 0.08052884615384616
0 0.5060096153846154 0.6237980769230769 0.037259615384615384 0.08774038461538461
0 0.5408653846153846 0.6213942307692307 0.037259615384615384 0.078125
0 0.5793269230769231 0.6225961538461539 0.036057692307692304 0.08653846153846154
0 0.6141826923076923 0.6189903846153846 0.036057692307692304 0.08173076923076923
0 0.6514423076923077 0.625 0.037259615384615384 0.08173076923076923
0 0.6887019230769231 0.6274038461538461 0.040865384615384616 0.0829326923076923
0 0.7644230769230769 0.625 0.040865384615384616 0.0889423076923077
0 0.8004807692307693 0.6274038461538461 0.04447115384615385 0.09134615384615384
0 0.8365384615384616 0.6237980769230769 0.040865384615384616 0.0889423076923077
0 0.875 0.6213942307692307 0.04807692307692308 0.08774038461538461
0 0.05889423076923077 0.7331730769230769 0.052884615384615384 0.07451923076923077
0 0.09495192307692307 0.7355769230769231 0.055288461538461536 0.08413461538461539
0 0.13701923076923078 0.7391826923076923 0.055288461538461536 0.08653846153846154
0 0.17668269230769232 0.7391826923076923 0.05889423076923077 0.0889423076923077
0 0.25721153846153844 0.7355769230769231 0.052884615384615384 0.08774038461538461
0 0.3004807692307692 0.734375 0.052884615384615384 0.07932692307692307
0 0.42908653846153844 0.7403846153846154 0.04927884615384615 0.08173076923076923
0 0.5096153846153846 0.7475961538461539 0.04567307692307692 0.08774038461538461
0 0.2512019230769231 0.9483173076923077 0.04447115384615385 0.09975961538461539
0 0.9038461538461539 0.7283653846153846 0.07211538461538461 0.055288461538461536
0 0.9182692307692307 0.7860576923076923 0.08653846153846154 0.04807692307692308
0 0.9302884615384616 0.8425480769230769 0.07932692307692307 0.051682692307692304
0 0.9519230769230769 0.9459134615384616 0.0673076923076923 0.0985576923076923
0 0.9867788461538461 0.6225961538461539 0.02403846153846154 0.08774038461538461
0 0.9615384615384616 0.484375 0.040865384615384616 0.0889423076923077
0 0.9435096153846154 0.40384615384615385 0.038461538461538464 0.08173076923076923
0 0.9278846153846154 0.33653846153846156 0.037259615384615384 0.0733173076923077
0 0.8293269230769231 0.7403846153846154 0.04567307692307692 0.109375
0 0.7271634615384616 0.7307692307692307 0.03485576923076923 0.09735576923076923
0 0.59375 0.734375 0.03365384615384615 0.10817307692307693
0 0.5528846153846154 0.7427884615384616 0.03245192307692308 0.09735576923076923
0 0.021634615384615384 0.7259615384615384 0.039663461538461536 0.09134615384615384
0 0.09375 0.6177884615384616 0.040865384615384616 0.07692307692307693
0 0.0625 0.6129807692307693 0.04567307692307692 0.09254807692307693
0 0.027644230769230768 0.6129807692307693 0.052884615384615384 0.09975961538461539
0 0.16706730769230768 0.4014423076923077 0.037259615384615384 0.0625
0 0.14423076923076922 0.4675480769230769 0.03365384615384615 0.06850961538461539
0 0.11538461538461539 0.46634615384615385 0.03485576923076923 0.07211538461538461
0 0.1141826923076923 0.40384615384615385 0.03485576923076923 0.0625
0 0.08774038461538461 0.4014423076923077 0.038461538461538464 0.06129807692307692
0 0.08653846153846154 0.4675480769230769 0.038461538461538464 0.07692307692307693
0 0.06370192307692307 0.4651442307692308 0.038461538461538464 0.07451923076923077
0 0.038461538461538464 0.4639423076923077 0.03485576923076923 0.07091346153846154
0 0.05889423076923077 0.40384615384615385 0.038461538461538464 0.052884615384615384
0 0.03485576923076923 0.40384615384615385 0.03245192307692308 0.054086538461538464
0 0.014423076923076924 0.4050480769230769 0.028846153846153848 0.055288461538461536
0 0.014423076923076924 0.4651442307692308 0.025240384615384616 0.07091346153846154
0 0.8100961538461539 0.21995192307692307 0.030048076923076924 0.051682692307692304
0 0.7824519230769231 0.22115384615384615 0.027644230769230768 0.054086538461538464
0 0.7560096153846154 0.22115384615384615 0.025240384615384616 0.0625
0 0.7271634615384616 0.21394230769230768 0.025240384615384616 0.0625
0 0.6995192307692307 0.2247596153846154 0.025240384615384616 0.051682692307692304
0 0.6466346153846154 0.22596153846153846 0.02283653846153846 0.05889423076923077
0 0.6177884615384616 0.22355769230769232 0.02403846153846154 0.051682692307692304
0 0.5901442307692307 0.22596153846153846 0.021634615384615384 0.052884615384615384
0 0.5637019230769231 0.22596153846153846 0.025240384615384616 0.06129807692307692
0 0.5384615384615384 0.23197115384615385 0.020432692307692308 0.05048076923076923
0 0.5144230769230769 0.22596153846153846 0.02403846153846154 0.046875
0 0.4879807692307692 0.23076923076923078 0.021634615384615384 0.055288461538461536
0 0.46153846153846156 0.22956730769230768 0.02403846153846154 0.05889423076923077
0 0.4338942307692308 0.23317307692307693 0.021634615384615384 0.051682692307692304
0 0.4110576923076923 0.23076923076923078 0.02283653846153846 0.052884615384615384
0 0.38461538461538464 0.23317307692307693 0.021634615384615384 0.054086538461538464
0 0.3473557692307692 0.23918269230769232 0.025240384615384616 0.052884615384615384
0 0.31850961538461536 0.23798076923076922 0.025240384615384616 0.04807692307692308
0 0.2932692307692308 0.23798076923076922 0.02403846153846154 0.051682692307692304
0 0.2704326923076923 0.2403846153846154 0.028846153846153848 0.056490384615384616
0 0.24639423076923078 0.2403846153846154 0.028846153846153848 0.05048076923076923
0 0.22355769230769232 0.2403846153846154 0.026442307692307692 0.051682692307692304
0 0.20072115384615385 0.23798076923076922 0.025240384615384616 0.06009615384615385
0 0.20432692307692307 0.2956730769230769 0.027644230769230768 0.06370192307692307
0 0.1814903846153846 0.2956730769230769 0.03245192307692308 0.06490384615384616
0 0.17548076923076922 0.23918269230769232 0.025240384615384616 0.051682692307692304
0 0.15384615384615385 0.24278846153846154 0.030048076923076924 0.05048076923076923
0 0.15504807692307693 0.2932692307692308 0.025240384615384616 0.0625
0 0.1346153846153846 0.2932692307692308 0.027644230769230768 0.06490384615384616
0 0.11298076923076923 0.2932692307692308 0.03245192307692308 0.06370192307692307
0 0.13341346153846154 0.23557692307692307 0.030048076923076924 0.05889423076923077
0 0.10576923076923077 0.24158653846153846 0.027644230769230768 0.051682692307692304
0 0.08413461538461539 0.2439903846153846 0.028846153846153848 0.052884615384615384
0 0.06129807692307692 0.24879807692307693 0.021634615384615384 0.04567307692307692
0 0.040865384615384616 0.24759615384615385 0.03125 0.04567307692307692
0 0.018028846153846152 0.2956730769230769 0.03485576923076923 0.0625
0 0.039663461538461536 0.2980769230769231 0.03485576923076923 0.056490384615384616
0 0.06370192307692307 0.29447115384615385 0.028846153846153848 0.056490384615384616
0 0.08653846153846154 0.2956730769230769 0.025240384615384616 0.052884615384615384
0 0.7956730769230769 0.13221153846153846 0.025240384615384616 0.055288461538461536
0 0.7872596153846154 0.0889423076923077 0.02283653846153846 0.04807692307692308
0 0.7608173076923077 0.08413461538461539 0.02403846153846154 0.04567307692307692
0 0.7716346153846154 0.13341346153846154 0.02283653846153846 0.052884615384615384
0 0.7379807692307693 0.09254807692307693 0.020432692307692308 0.037259615384615384
0 0.7427884615384616 0.13581730769230768 0.025240384615384616 0.056490384615384616
0 0.7151442307692307 0.0829326923076923 0.02403846153846154 0.040865384615384616
0 0.7151442307692307 0.1310096153846154 0.02283653846153846 0.06009615384615385
0 0.6899038461538461 0.09134615384615384 0.02403846153846154 0.042067307692307696
0 0.6911057692307693 0.13942307692307693 0.02283653846153846 0.052884615384615384
0 0.6646634615384616 0.09134615384615384 0.019230769230769232 0.042067307692307696
0 0.6658653846153846 0.13701923076923078 0.02403846153846154 0.052884615384615384
0 0.6430288461538461 0.0889423076923077 0.019230769230769232 0.04326923076923077
0 0.6418269230769231 0.13942307692307693 0.021634615384615384 0.06129807692307692
0 0.6177884615384616 0.0889423076923077 0.021634615384615384 0.051682692307692304
0 0.6153846153846154 0.14302884615384615 0.02403846153846154 0.052884615384615384
0 0.5949519230769231 0.0985576923076923 0.021634615384615384 0.04567307692307692
0 0.5925480769230769 0.14903846153846154 0.019230769230769232 0.04807692307692308
0 0.5709134615384616 0.09735576923076923 0.021634615384615384 0.04326923076923077
0 0.5685096153846154 0.14302884615384615 0.021634615384615384 0.04807692307692308
0 0.5480769230769231 0.10096153846153846 0.02403846153846154 0.046875
0 0.5444711538461539 0.14543269230769232 0.019230769230769232 0.055288461538461536
0 0.5240384615384616 0.10096153846153846 0.020432692307692308 0.042067307692307696
0 0.5216346153846154 0.14423076923076922 0.021634615384615384 0.04567307692307692
0 0.5012019230769231 0.10336538461538461 0.018028846153846152 0.03365384615384615
0 0.49759615384615385 0.1466346153846154 0.025240384615384616 0.052884615384615384
0 0.4795673076923077 0.10336538461538461 0.018028846153846152 0.037259615384615384
0 0.4735576923076923 0.14903846153846154 0.018028846153846152 0.056490384615384616
0 0.4543269230769231 0.10697115384615384 0.016826923076923076 0.04807692307692308
0 0.4495192307692308 0.1502403846153846 0.018028846153846152 0.052884615384615384
0 0.4326923076923077 0.10697115384615384 0.019230769230769232 0.042067307692307696
0 0.4254807692307692 0.15264423076923078 0.020432692307692308 0.055288461538461536
0 0.4098557692307692 0.11057692307692307 0.02403846153846154 0.04567307692307692
0 0.4026442307692308 0.15384615384615385 0.021634615384615384 0.051682692307692304
0 0.38100961538461536 0.109375 0.021634615384615384 0.03485576923076923
0 0.3713942307692308 0.14543269230769232 0.02403846153846154 0.05889423076923077
0 0.35697115384615385 0.11057692307692307 0.021634615384615384 0.038461538461538464
0 0.33413461538461536 0.11057692307692307 0.016826923076923076 0.037259615384615384
0 0.31490384615384615 0.109375 0.02403846153846154 0.046875
0 0.28846153846153844 0.10697115384615384 0.020432692307692308 0.03245192307692308
0 0.2668269230769231 0.11658653846153846 0.019230769230769232 0.046875
0 0.24759615384615385 0.1141826923076923 0.020432692307692308 0.042067307692307696
0 0.22596153846153846 0.11298076923076923 0.02283653846153846 0.040865384615384616
0 0.20432692307692307 0.12259615384615384 0.026442307692307692 0.03485576923076923
0 0.18389423076923078 0.12139423076923077 0.025240384615384616 0.038461538461538464
0 0.16466346153846154 0.12259615384615384 0.027644230769230768 0.040865384615384616
0 0.14543269230769232 0.12379807692307693 0.025240384615384616 0.038461538461538464
0 0.12259615384615384 0.12740384615384615 0.026442307692307692 0.042067307692307696
0 0.10336538461538461 0.125 0.02403846153846154 0.036057692307692304
0 0.08774038461538461 0.16105769230769232 0.026442307692307692 0.04807692307692308
0 0.10576923076923077 0.1658653846153846 0.02403846153846154 0.04567307692307692
0 0.12860576923076922 0.16346153846153846 0.02403846153846154 0.04567307692307692
0 0.14903846153846154 0.15865384615384615 0.025240384615384616 0.04807692307692308
0 0.16826923076923078 0.15745192307692307 0.025240384615384616 0.04807692307692308
0 0.19110576923076922 0.15745192307692307 0.02403846153846154 0.04807692307692308
0 0.21394230769230768 0.15504807692307693 0.021634615384615384 0.052884615384615384
0 0.23798076923076922 0.15504807692307693 0.02403846153846154 0.05048076923076923
0 0.27884615384615385 0.15264423076923078 0.025240384615384616 0.046875
0 0.2980769230769231 0.14903846153846154 0.02283653846153846 0.055288461538461536
0 0.31971153846153844 0.15384615384615385 0.02283653846153846 0.05048076923076923
0 0.34615384615384615 0.15384615384615385 0.02403846153846154 0.051682692307692304
0 0.01201923076923077 0.17668269230769232 0.02403846153846154 0.028846153846153848
0 0.019230769230769232 0.15865384615384615 0.03365384615384615 0.026442307692307692
0 0.027644230769230768 0.140625 0.04567307692307692 0.027644230769230768
0 0.036057692307692304 0.12379807692307693 0.037259615384615384 0.027644230769230768
0 0.04567307692307692 0.109375 0.040865384615384616 0.028846153846153848
0 0.056490384615384616 0.09134615384615384 0.036057692307692304 0.025240384615384616
0 0.06490384615384616 0.0733173076923077 0.037259615384615384 0.021634615384615384
0 0.07451923076923077 0.06009615384615385 0.03485576923076923 0.027644230769230768
0 0.08173076923076923 0.04567307692307692 0.03245192307692308 0.026442307692307692
0 0.09014423076923077 0.03365384615384615 0.03365384615384615 0.02403846153846154
0 0.09615384615384616 0.019230769230769232 0.028846153846153848 0.025240384615384616
0 0.13942307692307693 0.0625 0.025240384615384616 0.038461538461538464
0 0.15625 0.0625 0.021634615384615384 0.03365384615384615
0 0.1778846153846154 0.05889423076923077 0.02283653846153846 0.04447115384615385
0 0.15264423076923078 0.028846153846153848 0.026442307692307692 0.036057692307692304
0 0.171875 0.030048076923076924 0.019230769230769232 0.030048076923076924
0 0.20793269230769232 0.025240384615384616 0.019230769230769232 0.027644230769230768
0 0.2283653846153846 0.020432692307692308 0.019230769230769232 0.025240384615384616
0 0.1971153846153846 0.055288461538461536 0.02283653846153846 0.038461538461538464
0 0.21394230769230768 0.051682692307692304 0.02283653846153846 0.042067307692307696
0 0.23317307692307693 0.052884615384615384 0.026442307692307692 0.038461538461538464
0 0.25240384615384615 0.05048076923076923 0.020432692307692308 0.040865384615384616
0 0.27283653846153844 0.05048076923076923 0.02283653846153846 0.04326923076923077
0 0.2920673076923077 0.04807692307692308 0.02283653846153846 0.04326923076923077
0 0.3125 0.046875 0.021634615384615384 0.04567307692307692
0 0.33052884615384615 0.04567307692307692 0.02403846153846154 0.04567307692307692
0 0.35336538461538464 0.04567307692307692 0.026442307692307692 0.04807692307692308
0 0.37259615384615385 0.04447115384615385 0.021634615384615384 0.04326923076923077
0 0.3942307692307692 0.04567307692307692 0.020432692307692308 0.04567307692307692
0 0.4495192307692308 0.040865384615384616 0.02403846153846154 0.04447115384615385
0 0.46875 0.038461538461538464 0.018028846153846152 0.04567307692307692
0 0.49038461538461536 0.038461538461538464 0.021634615384615384 0.051682692307692304
0 0.5096153846153846 0.03485576923076923 0.018028846153846152 0.04447115384615385
0 0.5300480769230769 0.036057692307692304 0.021634615384615384 0.051682692307692304
0 0.5528846153846154 0.03365384615384615 0.021634615384615384 0.05048076923076923
0 0.5745192307692307 0.03365384615384615 0.021634615384615384 0.052884615384615384
0 0.5961538461538461 0.03245192307692308 0.019230769230769232 0.04567307692307692
0 0.6189903846153846 0.028846153846153848 0.021634615384615384 0.04567307692307692
0 0.6418269230769231 0.028846153846153848 0.019230769230769232 0.042067307692307696
0 0.6634615384615384 0.030048076923076924 0.018028846153846152 0.037259615384615384
0 0.6862980769230769 0.027644230769230768 0.016826923076923076 0.04807692307692308
0 0.7055288461538461 0.025240384615384616 0.019230769230769232 0.042067307692307696
0 0.7283653846153846 0.02403846153846154 0.020432692307692308 0.040865384615384616
0 0.7512019230769231 0.02403846153846154 0.019230769230769232 0.04447115384615385
0 0.7752403846153846 0.02283653846153846 0.021634615384615384 0.04567307692307692
0 0.7956730769230769 0.021634615384615384 0.019230769230769232 0.038461538461538464
0 0.8185096153846154 0.025240384615384616 0.019230769230769232 0.04447115384615385
0 0.8425480769230769 0.025240384615384616 0.02283653846153846 0.04567307692307692
0 0.10576923076923077 0.009615384615384616 0.03125 0.018028846153846152
0 0.2127403846153846 0.9314903846153846 0.037259615384615384 0.09975961538461539
0 0.5480769230769231 0.9591346153846154 0.03485576923076923 0.07692307692307693
0 0.8665865384615384 0.015625 0.027644230769230768 0.030048076923076924
0 0.26802884615384615 0.014423076923076924 0.019230769230769232 0.027644230769230768
0 0.28725961538461536 0.013221153846153846 0.021634615384615384 0.026442307692307692
0 0.30528846153846156 0.014423076923076924 0.018028846153846152 0.028846153846153848
0 0.3233173076923077 0.014423076923076924 0.021634615384615384 0.028846153846153848
0 0.3425480769230769 0.014423076923076924 0.020432692307692308 0.028846153846153848
0 0.3629807692307692 0.013221153846153846 0.02283653846153846 0.026442307692307692
0 0.38221153846153844 0.014423076923076924 0.020432692307692308 0.027644230769230768
0 0.4026442307692308 0.01201923076923077 0.016826923076923076 0.02403846153846154
0 0.4326923076923077 0.018028846153846152 0.02403846153846154 0.036057692307692304
0 0.453125 0.009615384615384616 0.016826923076923076 0.019230769230769232
0 0.47475961538461536 0.010817307692307692 0.016826923076923076 0.021634615384615384
0 0.4951923076923077 0.010817307692307692 0.020432692307692308 0.021634615384615384
0 0.7079326923076923 0.9627403846153846 0.046875 0.07091346153846154