0 0.24879807692307693 0.9483173076923077 0.046875 0.09495192307692307
0 0.39903846153846156 0.9495192307692307 0.04326923076923077 0.08653846153846154
0 0.4483173076923077 0.9387019230769231 0.03245192307692308 0.10697115384615384
0 0.8930288461538461 0.7307692307692307 0.08052884615384616 0.06490384615384616
0 0.9146634615384616 0.8004807692307693 0.08653846153846154 0.054086538461538464
0 0.9230769230769231 0.8665865384615384 0.09014423076923077 0.06129807692307692
0 0.7247596153846154 0.734375 0.040865384615384616 0.11778846153846154
0 0.9855769230769231 0.640625 0.026442307692307692 0.09495192307692307
0 0.9759615384615384 0.5528846153846154 0.042067307692307696 0.07451923076923077
0 0.9519230769230769 0.4675480769230769 0.04326923076923077 0.07932692307692307
0 0.9338942307692307 0.39663461538461536 0.039663461538461536 0.0733173076923077
0 0.9146634615384616 0.33413461538461536 0.03365384615384615 0.06370192307692307
0 0.5949519230769231 0.7283653846153846 0.03245192307692308 0.09975961538461539
0 0.5072115384615384 0.7295673076923077 0.03245192307692308 0.11658653846153846
0 0.4254807692307692 0.7307692307692307 0.03245192307692308 0.08774038461538461
0 0.29927884615384615 0.7319711538461539 0.042067307692307696 0.0889423076923077
0 0.25600961538461536 0.7319711538461539 0.040865384615384616 0.10336538461538461
0 0.17548076923076922 0.7235576923076923 0.04326923076923077 0.10096153846153846
0 0.13701923076923078 0.7223557692307693 0.04567307692307692 0.09735576923076923
0 0.09975961538461539 0.7307692307692307 0.042067307692307696 0.09254807692307693
0 0.05889423076923077 0.7283653846153846 0.055288461538461536 0.10576923076923077
0 0.030048076923076924 0.6141826923076923 0.040865384615384616 0.07091346153846154
0 0.06009615384615385 0.6129807692307693 0.040865384615384616 0.08653846153846154
0 0.01201923076923077 0.609375 0.021634615384615384 0.0625
0 0.09375 0.6153846153846154 0.040865384615384616 0.078125
0 0.12139423076923077 0.6177884615384616 0.038461538461538464 0.07692307692307693
0 0.15264423076923078 0.6177884615384616 0.039663461538461536 0.09134615384615384
0 0.18629807692307693 0.6189903846153846 0.03245192307692308 0.08173076923076923
0 0.21754807692307693 0.6177884615384616 0.03485576923076923 0.078125
0 0.2548076923076923 0.6213942307692307 0.040865384615384616 0.08052884615384616
0 0.30288461538461536 0.6213942307692307 0.03485576923076923 0.07932692307692307
0 0.3329326923076923 0.6177884615384616 0.03485576923076923 0.078125
0 0.36899038461538464 0.6189903846153846 0.030048076923076924 0.0829326923076923
0 0.40384615384615385 0.6213942307692307 0.03245192307692308 0.078125
0 0.4375 0.6225961538461539 0.030048076923076924 0.08774038461538461
0 0.4723557692307692 0.6262019230769231 0.03485576923076923 0.08052884615384616
0 0.5096153846153846 0.625 0.026442307692307692 0.08052884615384616
0 0.5432692307692307 0.6262019230769231 0.027644230769230768 0.08653846153846154
0 0.5733173076923077 0.625 0.03125 0.09254807692307693
0 0.6105769230769231 0.625 0.030048076923076924 0.09134615384615384
0 0.6466346153846154 0.625 0.030048076923076924 0.08653846153846154
0 0.6850961538461539 0.6262019230769231 0.03245192307692308 0.10096153846153846
0 0.7235576923076923 0.6286057692307693 0.03245192307692308 0.08413461538461539
0 0.7632211538461539 0.6322115384615384 0.036057692307692304 0.09254807692307693
0 0.8016826923076923 0.6334134615384616 0.037259615384615384 0.09134615384615384
0 0.8389423076923077 0.6334134615384616 0.038461538461538464 0.09495192307692307
0 0.8822115384615384 0.6322115384615384 0.038461538461538464 0.0985576923076923
0 0.8509615384615384 0.4651442307692308 0.037259615384615384 0.08653846153846154
0 0.84375 0.39903846153846156 0.037259615384615384 0.06490384615384616
0 0.8064903846153846 0.39663461538461536 0.03365384615384615 0.06490384615384616
0 0.8125 0.4579326923076923 0.036057692307692304 0.0829326923076923
0 0.8221153846153846 0.3389423076923077 0.052884615384615384 0.04567307692307692
0 0.7536057692307693 0.31971153846153844 0.054086538461538464 0.04447115384615385
0 0.7716346153846154 0.39302884615384615 0.03485576923076923 0.07451923076923077
0 0.7800480769230769 0.46634615384615385 0.03485576923076923 0.0733173076923077
0 0.7439903846153846 0.4639423076923077 0.03245192307692308 0.07692307692307693
0 0.7403846153846154 0.39903846153846156 0.03365384615384615 0.06850961538461539
0 0.7055288461538461 0.39663461538461536 0.027644230769230768 0.06610576923076923
0 0.7067307692307693 0.4579326923076923 0.03125 0.08173076923076923
0 0.6754807692307693 0.40024038461538464 0.020432692307692308 0.06850961538461539
0 0.6754807692307693 0.45913461538461536 0.027644230769230768 0.07091346153846154
0 0.6430288461538461 0.4579326923076923 0.025240384615384616 0.08052884615384616
0 0.6442307692307693 0.3918269230769231 0.02403846153846154 0.05889423076923077
0 0.6129807692307693 0.3918269230769231 0.030048076923076924 0.06370192307692307
0 0.6129807692307693 0.45913461538461536 0.026442307692307692 0.07211538461538461
0 0.5841346153846154 0.3942307692307692 0.026442307692307692 0.07091346153846154
0 0.5841346153846154 0.46274038461538464 0.027644230769230768 0.07091346153846154
0 0.5528846153846154 0.4579326923076923 0.025240384615384616 0.0733173076923077
0 0.5552884615384616 0.39663461538461536 0.025240384615384616 0.056490384615384616
0 0.5240384615384616 0.39663461538461536 0.030048076923076924 0.06129807692307692
0 0.5180288461538461 0.46274038461538464 0.027644230769230768 0.07692307692307693
0 0.4879807692307692 0.46274038461538464 0.027644230769230768 0.078125
0 0.49399038461538464 0.39302884615384615 0.027644230769230768 0.07091346153846154
0 0.4675480769230769 0.39903846153846156 0.027644230769230768 0.06610576923076923
0 0.45913461538461536 0.4639423076923077 0.03245192307692308 0.06610576923076923
0 0.42908653846153844 0.46274038461538464 0.03245192307692308 0.07451923076923077
0 0.4362980769230769 0.40024038461538464 0.030048076923076924 0.07091346153846154
0 0.4074519230769231 0.4014423076923077 0.028846153846153848 0.0625
0 0.39903846153846156 0.4675480769230769 0.03245192307692308 0.07451923076923077
0 0.3713942307692308 0.4651442307692308 0.03485576923076923 0.07932692307692307
0 0.37740384615384615 0.40384615384615385 0.03125 0.05889423076923077
0 0.35096153846153844 0.40024038461538464 0.027644230769230768 0.05889423076923077
0 0.3389423076923077 0.4675480769230769 0.03365384615384615 0.078125
0 0.30528846153846156 0.40024038461538464 0.03125 0.051682692307692304
0 0.28846153846153844 0.4651442307692308 0.03365384615384615 0.078125
0 0.27524038461538464 0.4026442307692308 0.03365384615384615 0.052884615384615384
0 0.2608173076923077 0.46634615384615385 0.03485576923076923 0.07211538461538461
0 0.2512019230769231 0.4026442307692308 0.03365384615384615 0.056490384615384616
0 0.23317307692307693 0.46274038461538464 0.03485576923076923 0.06971153846153846
0 0.21875 0.4074519230769231 0.03365384615384615 0.05889423076923077
0 0.19110576923076922 0.4014423076923077 0.03245192307692308 0.054086538461538464
0 0.16346153846153846 0.40384615384615385 0.03485576923076923 0.06129807692307692
0 0.13942307692307693 0.4014423076923077 0.030048076923076924 0.06129807692307692
0 0.11538461538461539 0.4050480769230769 0.03485576923076923 0.055288461538461536
0 0.09014423076923077 0.46153846153846156 0.03365384615384615 0.06370192307692307
0 0.11658653846153846 0.4651442307692308 0.040865384615384616 0.06610576923076923
0 0.1502403846153846 0.4639423076923077 0.03485576923076923 0.056490384615384616
0 0.1778846153846154 0.46153846153846156 0.03485576923076923 0.06850961538461539
0 0.20432692307692307 0.46274038461538464 0.03245192307692308 0.0625
0 0.06610576923076923 0.45913461538461536 0.040865384615384616 0.06971153846153846
0 0.0889423076923077 0.40024038461538464 0.03125 0.054086538461538464
0 0.06370192307692307 0.39903846153846156 0.042067307692307696 0.06129807692307692
0 0.038461538461538464 0.4026442307692308 0.037259615384615384 0.055288461538461536
0 0.015625 0.40384615384615385 0.03125 0.06370192307692307
0 0.018028846153846152 0.4639423076923077 0.03485576923076923 0.07091346153846154
0 0.8161057692307693 0.2764423076923077 0.028846153846153848 0.056490384615384616
0 0.7860576923076923 0.27403846153846156 0.025240384615384616 0.06850961538461539
0 0.7596153846153846 0.2764423076923077 0.027644230769230768 0.056490384615384616
0 0.7307692307692307 0.2764423076923077 0.025240384615384616 0.06370192307692307
0 0.8112980769230769 0.22596153846153846 0.025240384615384616 0.05889423076923077
0 0.78125 0.22355769230769232 0.028846153846153848 0.04807692307692308
0 0.7524038461538461 0.22355769230769232 0.027644230769230768 0.05048076923076923
0 0.7211538461538461 0.2247596153846154 0.020432692307692308 0.05889423076923077
0 0.6971153846153846 0.2776442307692308 0.030048076923076924 0.0625
0 0.6947115384615384 0.22596153846153846 0.025240384615384616 0.055288461538461536
0 0.6694711538461539 0.22355769230769232 0.02403846153846154 0.06009615384615385
0 0.6694711538461539 0.2800480769230769 0.019230769230769232 0.052884615384615384
0 0.6430288461538461 0.2283653846153846 0.027644230769230768 0.042067307692307696
0 0.6418269230769231 0.27884615384615385 0.030048076923076924 0.0625
0 0.6153846153846154 0.23197115384615385 0.021634615384615384 0.046875
0 0.6141826923076923 0.2776442307692308 0.02283653846153846 0.06370192307692307
0 0.5889423076923077 0.22596153846153846 0.025240384615384616 0.054086538461538464
0 0.5889423076923077 0.2800480769230769 0.025240384615384616 0.06370192307692307
0 0.5649038461538461 0.22956730769230768 0.028846153846153848 0.054086538461538464
0 0.5588942307692307 0.28365384615384615 0.02403846153846154 0.06009615384615385
0 0.5348557692307693 0.2283653846153846 0.025240384615384616 0.0625
0 0.53125 0.2848557692307692 0.025240384615384616 0.056490384615384616
0 0.5048076923076923 0.28365384615384615 0.025240384615384616 0.06850961538461539
0 0.5084134615384616 0.22956730769230768 0.025240384615384616 0.04567307692307692
0 0.4831730769230769 0.2283653846153846 0.02283653846153846 0.051682692307692304
0 0.47596153846153844 0.2824519230769231 0.025240384615384616 0.05889423076923077
0 0.46153846153846156 0.234375 0.021634615384615384 0.052884615384615384
0 0.4519230769230769 0.28846153846153844 0.028846153846153848 0.052884615384615384
0 0.42788461538461536 0.28365384615384615 0.027644230769230768 0.06009615384615385
0 0.4338942307692308 0.23918269230769232 0.025240384615384616 0.04447115384615385
0 0.4098557692307692 0.23798076923076922 0.028846153846153848 0.05048076923076923
0 0.38341346153846156 0.234375 0.025240384615384616 0.04447115384615385
0 0.39903846153846156 0.28846153846153844 0.021634615384615384 0.06129807692307692
0 0.37259615384615385 0.2860576923076923 0.025240384615384616 0.05889423076923077
0 0.3473557692307692 0.2403846153846154 0.027644230769230768 0.04447115384615385
0 0.33653846153846156 0.29086538461538464 0.030048076923076924 0.06129807692307692
0 0.32091346153846156 0.2403846153846154 0.028846153846153848 0.04567307692307692
0 0.3088942307692308 0.2920673076923077 0.027644230769230768 0.06370192307692307
0 0.2956730769230769 0.23798076923076922 0.030048076923076924 0.054086538461538464
0 0.2704326923076923 0.2403846153846154 0.030048076923076924 0.052884615384615384
0 0.2824519230769231 0.28846153846153844 0.03245192307692308 0.054086538461538464
0 0.25841346153846156 0.2920673076923077 0.030048076923076924 0.05048076923076923
0 0.24879807692307693 0.23798076923076922 0.025240384615384616 0.040865384615384616
0 0.234375 0.2848557692307692 0.03245192307692308 0.06610576923076923
0 0.22235576923076922 0.23798076923076922 0.030048076923076924 0.04807692307692308
0 0.2091346153846154 0.28725961538461536 0.030048076923076924 0.0625
0 0.20072115384615385 0.23557692307692307 0.03125 0.052884615384615384
0 0.1778846153846154 0.2403846153846154 0.028846153846153848 0.04807692307692308
0 0.18389423076923078 0.29086538461538464 0.03245192307692308 0.05889423076923077
0 0.16105769230769232 0.2920673076923077 0.030048076923076924 0.05889423076923077
0 0.15504807692307693 0.2403846153846154 0.03125 0.037259615384615384
0 0.12980769230769232 0.24278846153846154 0.030048076923076924 0.04326923076923077
0 0.11298076923076923 0.2439903846153846 0.028846153846153848 0.04447115384615385
0 0.0889423076923077 0.24759615384615385 0.030048076923076924 0.042067307692307696
0 0.06370192307692307 0.2439903846153846 0.03245192307692308 0.042067307692307696
0 0.040865384615384616 0.24759615384615385 0.03245192307692308 0.046875
0 0.019230769230769232 0.296875 0.03485576923076923 0.055288461538461536
0 0.040865384615384616 0.3016826923076923 0.037259615384615384 0.055288461538461536
0 0.06850961538461539 0.29447115384615385 0.037259615384615384 0.054086538461538464
0 0.09134615384615384 0.2932692307692308 0.03365384615384615 0.051682692307692304
0 0.11298076923076923 0.2956730769230769 0.03125 0.052884615384615384
0 0.13822115384615385 0.29086538461538464 0.03365384615384615 0.05889423076923077
0 0.796875 0.1346153846153846 0.021634615384615384 0.055288461538461536
0 0.7848557692307693 0.08653846153846154 0.026442307692307692 0.056490384615384616
0 0.7620192307692307 0.09134615384615384 0.02283653846153846 0.04807692307692308
0 0.7716346153846154 0.14182692307692307 0.019230769230769232 0.055288461538461536
0 0.7355769230769231 0.09495192307692307 0.02403846153846154 0.04807692307692308
0 0.7403846153846154 0.13942307692307693 0.02403846153846154 0.05048076923076923
0 0.8293269230769231 0.07451923076923077 0.02283653846153846 0.046875
0 0.8377403846153846 0.021634615384615384 0.026442307692307692 0.04326923076923077
0 0.5528846153846154 0.07451923076923077 0.040865384615384616 0.037259615384615384
0 0.7115384615384616 0.09134615384615384 0.02403846153846154 0.04326923076923077
0 0.7151442307692307 0.13581730769230768 0.021634615384615384 0.046875
0 0.6862980769230769 0.09134615384615384 0.02403846153846154 0.04567307692307692
0 0.6899038461538461 0.13942307692307693 0.02283653846153846 0.052884615384615384
0 0.6622596153846154 0.0985576923076923 0.020432692307692308 0.04447115384615385
0 0.6658653846153846 0.13701923076923078 0.021634615384615384 0.05048076923076923
0 0.6394230769230769 0.0985576923076923 0.021634615384615384 0.040865384615384616
0 0.6394230769230769 0.14182692307692307 0.021634615384615384 0.04567307692307692
0 0.6165865384615384 0.10096153846153846 0.02403846153846154 0.04447115384615385
0 0.6153846153846154 0.14423076923076922 0.02283653846153846 0.042067307692307696
0 0.59375 0.09975961538461539 0.021634615384615384 0.036057692307692304
0 0.5925480769230769 0.140625 0.02283653846153846 0.046875
0 0.5709134615384616 0.1045673076923077 0.018028846153846152 0.040865384615384616
0 0.5673076923076923 0.14543269230769232 0.019230769230769232 0.04807692307692308
0 0.5480769230769231 0.1045673076923077 0.018028846153846152 0.03485576923076923
0 0.5432692307692307 0.14423076923076922 0.021634615384615384 0.051682692307692304
0 0.5252403846153846 0.1045673076923077 0.019230769230769232 0.037259615384615384
0 0.5192307692307693 0.14423076923076922 0.02403846153846154 0.04807692307692308
0 0.49759615384615385 0.14423076923076922 0.021634615384615384 0.052884615384615384
0 0.5012019230769231 0.10576923076923077 0.02403846153846154 0.03245192307692308
0 0.47596153846153844 0.10817307692307693 0.02283653846153846 0.03245192307692308
0 0.47475961538461536 0.14423076923076922 0.026442307692307692 0.06009615384615385
0 0.4543269230769231 0.11057692307692307 0.02403846153846154 0.046875
0 0.4519230769230769 0.1466346153846154 0.02283653846153846 0.051682692307692304
0 0.4266826923076923 0.15264423076923078 0.025240384615384616 0.046875
0 0.43509615384615385 0.11057692307692307 0.020432692307692308 0.04567307692307692
0 0.41346153846153844 0.11057692307692307 0.021634615384615384 0.040865384615384616
0 0.4026442307692308 0.15504807692307693 0.026442307692307692 0.05048076923076923
0 0.3786057692307692 0.109375 0.02403846153846154 0.03245192307692308
0 0.3701923076923077 0.14903846153846154 0.027644230769230768 0.054086538461538464
0 0.3557692307692308 0.11298076923076923 0.025240384615384616 0.03245192307692308
0 0.3473557692307692 0.15264423076923078 0.026442307692307692 0.054086538461538464
0 0.33533653846153844 0.11658653846153846 0.025240384615384616 0.03245192307692308
0 0.32211538461538464 0.15745192307692307 0.027644230769230768 0.052884615384615384
0 0.3112980769230769 0.11057692307692307 0.027644230769230768 0.037259615384615384
0 0.29927884615384615 0.15504807692307693 0.030048076923076924 0.052884615384615384
0 0.28846153846153844 0.11658653846153846 0.025240384615384616 0.03485576923076923
0 0.2776442307692308 0.15264423076923078 0.027644230769230768 0.04807692307692308
0 0.2692307692307692 0.1141826923076923 0.02403846153846154 0.038461538461538464
0 0.25600961538461536 0.15384615384615385 0.027644230769230768 0.055288461538461536
0 0.234375 0.15384615384615385 0.025240384615384616 0.05048076923076923
0 0.24879807692307693 0.11658653846153846 0.026442307692307692 0.028846153846153848
0 0.2283653846153846 0.11658653846153846 0.02403846153846154 0.03365384615384615
0 0.2127403846153846 0.15384615384615385 0.02403846153846154 0.04326923076923077
0 0.2091346153846154 0.11899038461538461 0.027644230769230768 0.037259615384615384
0 0.18629807692307693 0.12379807692307693 0.026442307692307692 0.036057692307692304
0 0.16947115384615385 0.12139423076923077 0.02403846153846154 0.040865384615384616
0 0.1466346153846154 0.12259615384615384 0.030048076923076924 0.03485576923076923
0 0.125 0.12620192307692307 0.027644230769230768 0.03245192307692308
0 0.10817307692307693 0.12620192307692307 0.02403846153846154 0.04447115384615385
0 0.08653846153846154 0.16346153846153846 0.03125 0.052884615384615384
0 0.10817307692307693 0.16346153846153846 0.028846153846153848 0.04567307692307692
0 0.12860576923076922 0.1622596153846154 0.026442307692307692 0.046875
0 0.1502403846153846 0.15985576923076922 0.028846153846153848 0.04567307692307692
0 0.171875 0.15865384615384615 0.026442307692307692 0.04807692307692308
0 0.18990384615384615 0.15985576923076922 0.025240384615384616 0.04807692307692308
0 0.015625 0.17548076923076922 0.027644230769230768 0.027644230769230768
0 0.02283653846153846 0.15745192307692307 0.03485576923076923 0.027644230769230768
0 0.030048076923076924 0.13701923076923078 0.03485576923076923 0.028846153846153848
0 0.037259615384615384 0.12259615384615384 0.037259615384615384 0.03245192307692308
0 0.046875 0.109375 0.037259615384615384 0.026442307692307692
0 0.05889423076923077 0.09254807692307693 0.03485576923076923 0.027644230769230768
0 0.06610576923076923 0.078125 0.03125 0.020432692307692308
0 0.07451923076923077 0.06490384615384616 0.03245192307692308 0.027644230769230768
0 0.08413461538461539 0.04807692307692308 0.03245192307692308 0.030048076923076924
0 0.09254807692307693 0.03485576923076923 0.03125 0.028846153846153848
0 0.09975961538461539 0.020432692307692308 0.027644230769230768 0.026442307692307692
0 0.10576923076923077 0.009615384615384616 0.028846153846153848 0.018028846153846152
0 0.14182692307692307 0.0625 0.025240384615384616 0.038461538461538464
0 0.16105769230769232 0.06129807692307692 0.021634615384615384 0.04326923076923077
0 0.18028846153846154 0.052884615384615384 0.026442307692307692 0.05048076923076923
0 0.1971153846153846 0.052884615384615384 0.026442307692307692 0.040865384615384616
0 0.21514423076923078 0.056490384615384616 0.027644230769230768 0.042067307692307696
0 0.23798076923076922 0.05048076923076923 0.025240384615384616 0.03365384615384615
0 0.25600961538461536 0.051682692307692304 0.025240384615384616 0.036057692307692304
0 0.27403846153846156 0.04807692307692308 0.027644230769230768 0.04447115384615385
0 0.2956730769230769 0.05048076923076923 0.02283653846153846 0.040865384615384616
0 0.3112980769230769 0.04807692307692308 0.021634615384615384 0.04326923076923077
0 0.33413461538461536 0.04807692307692308 0.02403846153846154 0.04807692307692308
0 0.35336538461538464 0.04567307692307692 0.021634615384615384 0.042067307692307696
0 0.375 0.04567307692307692 0.021634615384615384 0.03365384615384615
0 0.3942307692307692 0.04807692307692308 0.02283653846153846 0.04447115384615385
0 0.42427884615384615 0.046875 0.02283653846153846 0.04447115384615385
0 0.44591346153846156 0.042067307692307696 0.021634615384615384 0.04567307692307692
0 0.4699519230769231 0.04326923076923077 0.021634615384615384 0.040865384615384616
0 0.49038461538461536 0.037259615384615384 0.020432692307692308 0.04807692307692308
0 0.5096153846153846 0.036057692307692304 0.019230769230769232 0.04567307692307692
0 0.53125 0.037259615384615384 0.021634615384615384 0.040865384615384616
0 0.5540865384615384 0.03365384615384615 0.019230769230769232 0.04447115384615385
0 0.5721153846153846 0.036057692307692304 0.015625 0.038461538461538464
0 0.59375 0.03365384615384615 0.021634615384615384 0.037259615384615384
0 0.6153846153846154 0.027644230769230768 0.019230769230769232 0.04326923076923077
0 0.6394230769230769 0.028846153846153848 0.019230769230769232 0.04326923076923077
0 0.6622596153846154 0.027644230769230768 0.019230769230769232 0.042067307692307696
0 0.6850961538461539 0.027644230769230768 0.018028846153846152 0.038461538461538464
0 0.7055288461538461 0.025240384615384616 0.018028846153846152 0.04326923076923077
0 0.7283653846153846 0.021634615384615384 0.021634615384615384 0.04326923076923077
0 0.7524038461538461 0.02403846153846154 0.02283653846153846 0.04326923076923077
0 0.7728365384615384 0.025240384615384616 0.021634615384615384 0.042067307692307696
0 0.796875 0.02403846153846154 0.021634615384615384 0.04326923076923077
0 0.15504807692307693 0.028846153846153848 0.02403846153846154 0.027644230769230768
0 0.17307692307692307 0.025240384615384616 0.019230769230769232 0.025240384615384616
0 0.19110576923076922 0.027644230769230768 0.025240384615384616 0.028846153846153848
0 0.21153846153846154 0.021634615384615384 0.025240384615384616 0.028846153846153848
0 0.2283653846153846 0.021634615384615384 0.021634615384615384 0.025240384615384616
0 0.24759615384615385 0.019230769230769232 0.02403846153846154 0.025240384615384616
0 0.2668269230769231 0.016826923076923076 0.021634615384615384 0.028846153846153848
0 0.2860576923076923 0.016826923076923076 0.021634615384615384 0.027644230769230768
0 0.30649038461538464 0.014423076923076924 0.021634615384615384 0.025240384615384616
0 0.3233173076923077 0.016826923076923076 0.02403846153846154 0.027644230769230768
0 0.3425480769230769 0.013221153846153846 0.021634615384615384 0.026442307692307692
0 0.36177884615384615 0.013221153846153846 0.026442307692307692 0.026442307692307692
0 0.38221153846153844 0.015625 0.019230769230769232 0.025240384615384616
0 0.4014423076923077 0.014423076923076924 0.021634615384615384 0.025240384615384616
0 0.8641826923076923 0.018028846153846152 0.021634615384615384 0.036057692307692304
0 0.43149038461538464 0.014423076923076924 0.020432692307692308 0.027644230769230768
0 0.4519230769230769 0.014423076923076924 0.018028846153846152 0.027644230769230768
0 0.4723557692307692 0.013221153846153846 0.016826923076923076 0.026442307692307692
0 0.010817307692307692 0.19110576923076922 0.021634615384615384 0.026442307692307692