0 0.23557692307692307 0.28725961538461536 0.036057692307692304 0.0625
0 0.25961538461538464 0.29086538461538464 0.03485576923076923 0.06610576923076923
0 0.2860576923076923 0.29086538461538464 0.03365384615384615 0.06610576923076923
0 0.3112980769230769 0.28846153846153844 0.036057692307692304 0.06610576923076923
0 0.33653846153846156 0.29086538461538464 0.03365384615384615 0.0625
0 0.3762019230769231 0.28725961538461536 0.03245192307692308 0.06370192307692307
0 0.40384615384615385 0.28725961538461536 0.027644230769230768 0.06009615384615385
0 0.43028846153846156 0.29086538461538464 0.025240384615384616 0.06370192307692307
0 0.4543269230769231 0.28725961538461536 0.026442307692307692 0.06370192307692307
0 0.4807692307692308 0.28846153846153844 0.027644230769230768 0.06129807692307692
0 0.5060096153846154 0.2860576923076923 0.025240384615384616 0.054086538461538464
0 0.5324519230769231 0.2860576923076923 0.026442307692307692 0.056490384615384616
0 0.5612980769230769 0.2824519230769231 0.025240384615384616 0.052884615384615384
0 0.5877403846153846 0.2824519230769231 0.028846153846153848 0.06009615384615385
0 0.6177884615384616 0.2824519230769231 0.025240384615384616 0.06009615384615385
0 0.6442307692307693 0.2800480769230769 0.027644230769230768 0.054086538461538464
0 0.6730769230769231 0.2800480769230769 0.027644230769230768 0.054086538461538464
0 0.7007211538461539 0.2776442307692308 0.027644230769230768 0.051682692307692304
0 0.7307692307692307 0.2800480769230769 0.030048076923076924 0.055288461538461536
0 0.7608173076923077 0.2764423076923077 0.027644230769230768 0.0625
0 0.7872596153846154 0.2764423076923077 0.03125 0.054086538461538464
0 0.8161057692307693 0.27403846153846156 0.036057692307692304 0.0625
0 0.1971153846153846 0.40024038461538464 0.042067307692307696 0.06009615384615385
0 0.22235576923076922 0.39903846153846156 0.040865384615384616 0.0625
0 0.24879807692307693 0.4014423076923077 0.038461538461538464 0.06370192307692307
0 0.28125 0.4014423076923077 0.039663461538461536 0.05889423076923077
0 0.3125 0.4026442307692308 0.037259615384615384 0.06129807692307692
0 0.34975961538461536 0.4014423076923077 0.03485576923076923 0.056490384615384616
0 0.375 0.4014423076923077 0.03485576923076923 0.06129807692307692
0 0.4098557692307692 0.3954326923076923 0.03365384615384615 0.05889423076923077
0 0.4362980769230769 0.39663461538461536 0.03365384615384615 0.056490384615384616
0 0.4651442307692308 0.3954326923076923 0.03485576923076923 0.0625
0 0.4951923076923077 0.3954326923076923 0.03245192307692308 0.06129807692307692
0 0.5216346153846154 0.3954326923076923 0.03125 0.06009615384615385
0 0.5528846153846154 0.3942307692307692 0.030048076923076924 0.06850961538461539
0 0.5841346153846154 0.3954326923076923 0.030048076923076924 0.06009615384615385
0 0.6129807692307693 0.39302884615384615 0.03485576923076923 0.06370192307692307
0 0.6466346153846154 0.3894230769230769 0.030048076923076924 0.07211538461538461
0 0.6790865384615384 0.39302884615384615 0.03125 0.0733173076923077
0 0.7091346153846154 0.3894230769230769 0.036057692307692304 0.0733173076923077
0 0.7403846153846154 0.3918269230769231 0.03245192307692308 0.06971153846153846
0 0.7740384615384616 0.3918269230769231 0.037259615384615384 0.07451923076923077
0 0.8064903846153846 0.390625 0.03365384615384615 0.07091346153846154
0 0.8389423076923077 0.3918269230769231 0.037259615384615384 0.06610576923076923
0 0.17548076923076922 0.46153846153846156 0.037259615384615384 0.07932692307692307
0 0.20432692307692307 0.4639423076923077 0.04447115384615385 0.08052884615384616
0 0.23197115384615385 0.45913461538461536 0.039663461538461536 0.0829326923076923
0 0.25961538461538464 0.46634615384615385 0.040865384615384616 0.07932692307692307
0 0.29086538461538464 0.4651442307692308 0.037259615384615384 0.08052884615384616
0 0.33533653846153844 0.4675480769230769 0.030048076923076924 0.08413461538461539
0 0.36778846153846156 0.46634615384615385 0.042067307692307696 0.0829326923076923
0 0.3942307692307692 0.4675480769230769 0.037259615384615384 0.078125
0 0.42788461538461536 0.4639423076923077 0.037259615384615384 0.0829326923076923
0 0.4567307692307692 0.4675480769230769 0.030048076923076924 0.07451923076923077
0 0.49038461538461536 0.4675480769230769 0.03245192307692308 0.07451923076923077
0 0.5192307692307693 0.4675480769230769 0.03245192307692308 0.07091346153846154
0 0.5528846153846154 0.4651442307692308 0.026442307692307692 0.07091346153846154
0 0.5817307692307693 0.46634615384615385 0.03245192307692308 0.07091346153846154
0 0.6129807692307693 0.46634615384615385 0.028846153846153848 0.07211538461538461
0 0.6466346153846154 0.4639423076923077 0.03125 0.07211538461538461
0 0.6802884615384616 0.46634615384615385 0.03125 0.07091346153846154
0 0.7115384615384616 0.4651442307692308 0.036057692307692304 0.06610576923076923
0 0.7463942307692307 0.4651442307692308 0.03245192307692308 0.0733173076923077
0 0.7788461538461539 0.46274038461538464 0.038461538461538464 0.0733173076923077
0 0.8112980769230769 0.4651442307692308 0.03485576923076923 0.06850961538461539
0 0.8485576923076923 0.45913461538461536 0.042067307692307696 0.07451923076923077
0 0.12139423076923077 0.6153846153846154 0.04567307692307692 0.0829326923076923
0 0.15144230769230768 0.6177884615384616 0.04567307692307692 0.078125
0 0.18629807692307693 0.6177884615384616 0.04447115384615385 0.07932692307692307
0 0.21875 0.6165865384615384 0.040865384615384616 0.078125
0 0.2512019230769231 0.6225961538461539 0.042067307692307696 0.07451923076923077
0 0.30288461538461536 0.6177884615384616 0.038461538461538464 0.07091346153846154
0 0.33653846153846156 0.6165865384615384 0.040865384615384616 0.078125
0 0.37259615384615385 0.6189903846153846 0.04807692307692308 0.08413461538461539
0 0.4050480769230769 0.6189903846153846 0.040865384615384616 0.07932692307692307
0 0.4387019230769231 0.6237980769230769 0.040865384615384616 0.08052884615384616
0 0.47115384615384615 0.6225961538461539 0.036057692307692304 0.08052884615384616
0 0.5060096153846154 0.6237980769230769 0.037259615384615384 0.08774038461538461
0 0.5408653846153846 0.6213942307692307 0.037259615384615384 0.078125
0 0.5793269230769231 0.6225961538461539 0.036057692307692304 0.08653846153846154
0 0.6141826923076923 0.6189903846153846 0.036057692307692304 0.08173076923076923
0 0.6514423076923077 0.625 0.037259615384615384 0.08173076923076923
0 0.6887019230769231 0.6274038461538461 0.040865384615384616 0.0829326923076923
0 0.7259615384615384 0.625 0.042067307692307696 0.08173076923076923
0 0.7644230769230769 0.625 0.040865384615384616 0.0889423076923077
0 0.8004807692307693 0.6274038461538461 0.04447115384615385 0.09134615384615384
0 0.8365384615384616 0.6237980769230769 0.040865384615384616 0.0889423076923077
0 0.875 0.6213942307692307 0.04807692307692308 0.08774038461538461
0 0.05889423076923077 0.7331730769230769 0.052884615384615384 0.07451923076923077
0 0.13701923076923078 0.7391826923076923 0.055288461538461536 0.08653846153846154
0 0.17668269230769232 0.7391826923076923 0.05889423076923077 0.0889423076923077
0 0.25721153846153844 0.7355769230769231 0.052884615384615384 0.08774038461538461
0 0.3004807692307692 0.734375 0.052884615384615384 0.07932692307692307
0 0.5096153846153846 0.7475961538461539 0.04567307692307692 0.08774038461538461
0 0.09134615384615384 0.6213942307692307 0.04567307692307692 0.07932692307692307
0 0.06129807692307692 0.6165865384615384 0.04447115384615385 0.09735576923076923
0 0.028846153846153848 0.6165865384615384 0.04326923076923077 0.08173076923076923
0 0.014423076923076924 0.609375 0.027644230769230768 0.07932692307692307
0 0.15985576923076922 0.9459134615384616 0.040865384615384616 0.08774038461538461
0 0.11538461538461539 0.9338942307692307 0.04447115384615385 0.10336538461538461
0 0.24879807692307693 0.9483173076923077 0.040865384615384616 0.09254807692307693
0 0.5408653846153846 0.9543269230769231 0.030048076923076924 0.08774038461538461
0 0.6490384615384616 0.9579326923076923 0.03485576923076923 0.08052884615384616
0 0.7019230769230769 0.9567307692307693 0.03125 0.08173076923076923
0 0.9579326923076923 0.9591346153846154 0.06490384615384616 0.078125
0 0.9314903846153846 0.8533653846153846 0.07932692307692307 0.0733173076923077
0 0.9122596153846154 0.7908653846153846 0.07572115384615384 0.06490384615384616
0 0.9014423076923077 0.7259615384615384 0.0733173076923077 0.06370192307692307
0 0.9855769230769231 0.625 0.027644230769230768 0.09495192307692307
0 0.9759615384615384 0.5360576923076923 0.04567307692307692 0.08413461538461539
0 0.9555288461538461 0.46634615384615385 0.038461538461538464 0.07091346153846154
0 0.9411057692307693 0.4014423076923077 0.03365384615384615 0.06490384615384616
0 0.9278846153846154 0.3425480769230769 0.037259615384615384 0.06490384615384616
0 0.16826923076923078 0.4026442307692308 0.03245192307692308 0.06129807692307692
0 0.14783653846153846 0.4639423076923077 0.03245192307692308 0.06490384615384616
0 0.11899038461538461 0.4639423076923077 0.03485576923076923 0.07091346153846154
0 0.13822115384615385 0.4026442307692308 0.039663461538461536 0.05889423076923077
0 0.11658653846153846 0.4026442307692308 0.03365384615384615 0.06129807692307692
0 0.09014423076923077 0.4026442307692308 0.03245192307692308 0.06009615384615385
0 0.06370192307692307 0.4050480769230769 0.038461538461538464 0.0625
0 0.038461538461538464 0.40384615384615385 0.038461538461538464 0.05889423076923077
0 0.016826923076923076 0.40384615384615385 0.03365384615384615 0.06009615384615385
0 0.013221153846153846 0.4699519230769231 0.025240384615384616 0.07451923076923077
0 0.037259615384615384 0.46274038461538464 0.037259615384615384 0.06610576923076923
0 0.06610576923076923 0.4639423076923077 0.038461538461538464 0.06850961538461539
0 0.09014423076923077 0.4639423076923077 0.03485576923076923 0.06370192307692307
0 0.8112980769230769 0.2247596153846154 0.025240384615384616 0.06129807692307692
0 0.78125 0.22235576923076922 0.02403846153846154 0.055288461538461536
0 0.7536057692307693 0.22235576923076922 0.027644230769230768 0.046875
0 0.7247596153846154 0.22355769230769232 0.02403846153846154 0.054086538461538464
0 0.6971153846153846 0.22956730769230768 0.02403846153846154 0.05048076923076923
0 0.6706730769230769 0.22956730769230768 0.02403846153846154 0.055288461538461536
0 0.6454326923076923 0.22355769230769232 0.021634615384615384 0.056490384615384616
0 0.6213942307692307 0.2247596153846154 0.021634615384615384 0.054086538461538464
0 0.59375 0.2283653846153846 0.021634615384615384 0.055288461538461536
0 0.5649038461538461 0.23197115384615385 0.027644230769230768 0.052884615384615384
0 0.5384615384615384 0.23317307692307693 0.020432692307692308 0.046875
0 0.5120192307692307 0.23076923076923078 0.02403846153846154 0.046875
0 0.4879807692307692 0.2283653846153846 0.021634615384615384 0.052884615384615384
0 0.4579326923076923 0.23317307692307693 0.028846153846153848 0.051682692307692304
0 0.4362980769230769 0.23317307692307693 0.021634615384615384 0.04326923076923077
0 0.4074519230769231 0.23557692307692307 0.028846153846153848 0.04567307692307692
0 0.38461538461538464 0.23557692307692307 0.030048076923076924 0.04567307692307692
0 0.34975961538461536 0.23557692307692307 0.026442307692307692 0.03485576923076923
0 0.32211538461538464 0.23557692307692307 0.025240384615384616 0.04326923076923077
0 0.2980769230769231 0.23918269230769232 0.026442307692307692 0.042067307692307696
0 0.2764423076923077 0.23918269230769232 0.025240384615384616 0.04807692307692308
0 0.25 0.23918269230769232 0.030048076923076924 0.055288461538461536
0 0.22235576923076922 0.2403846153846154 0.030048076923076924 0.046875
0 0.1971153846153846 0.2403846153846154 0.027644230769230768 0.051682692307692304
0 0.1778846153846154 0.24639423076923078 0.025240384615384616 0.046875
0 0.2091346153846154 0.2932692307692308 0.03245192307692308 0.06610576923076923
0 0.1875 0.29447115384615385 0.028846153846153848 0.06009615384615385
0 0.16105769230769232 0.2956730769230769 0.03245192307692308 0.052884615384615384
0 0.15384615384615385 0.24278846153846154 0.03125 0.051682692307692304
0 0.13701923076923078 0.29447115384615385 0.03485576923076923 0.06129807692307692
0 0.13221153846153846 0.24158653846153846 0.027644230769230768 0.051682692307692304
0 0.11177884615384616 0.2956730769230769 0.03365384615384615 0.06490384615384616
0 0.109375 0.24639423076923078 0.03245192307692308 0.04567307692307692
0 0.08413461538461539 0.24879807692307693 0.028846153846153848 0.037259615384615384
0 0.06370192307692307 0.25 0.03125 0.042067307692307696
0 0.042067307692307696 0.2512019230769231 0.028846153846153848 0.040865384615384616
0 0.021634615384615384 0.296875 0.03485576923076923 0.06009615384615385
0 0.04326923076923077 0.2980769230769231 0.030048076923076924 0.056490384615384616
0 0.0625 0.2980769230769231 0.028846153846153848 0.051682692307692304
0 0.08774038461538461 0.2980769230769231 0.03245192307692308 0.05889423076923077
0 0.8377403846153846 0.10576923076923077 0.027644230769230768 0.0625
0 0.7944711538461539 0.13701923076923078 0.02403846153846154 0.051682692307692304
0 0.7884615384615384 0.09254807692307693 0.025240384615384616 0.04447115384615385
0 0.7620192307692307 0.09495192307692307 0.025240384615384616 0.04807692307692308
0 0.7692307692307693 0.13942307692307693 0.026442307692307692 0.051682692307692304
0 0.7427884615384616 0.13221153846153846 0.025240384615384616 0.055288461538461536
0 0.7367788461538461 0.09495192307692307 0.018028846153846152 0.04567307692307692
0 0.7115384615384616 0.09254807692307693 0.02283653846153846 0.038461538461538464
0 0.7175480769230769 0.13701923076923078 0.02403846153846154 0.05889423076923077
0 0.6911057692307693 0.14182692307692307 0.025240384615384616 0.055288461538461536
0 0.6875 0.09495192307692307 0.027644230769230768 0.04326923076923077
0 0.6634615384615384 0.09615384615384616 0.019230769230769232 0.03365384615384615
0 0.6658653846153846 0.13341346153846154 0.02403846153846154 0.06490384615384616
0 0.640625 0.09615384615384616 0.020432692307692308 0.037259615384615384
0 0.640625 0.140625 0.02403846153846154 0.05889423076923077
0 0.6153846153846154 0.09615384615384616 0.021634615384615384 0.04567307692307692
0 0.6177884615384616 0.1466346153846154 0.021634615384615384 0.06129807692307692
0 0.5925480769230769 0.09495192307692307 0.019230769230769232 0.040865384615384616
0 0.5925480769230769 0.14543269230769232 0.021634615384615384 0.056490384615384616
0 0.5697115384615384 0.10336538461538461 0.016826923076923076 0.046875
0 0.5673076923076923 0.1502403846153846 0.019230769230769232 0.06129807692307692
0 0.5480769230769231 0.10096153846153846 0.021634615384615384 0.042067307692307696
0 0.5444711538461539 0.14302884615384615 0.018028846153846152 0.06490384615384616
0 0.5240384615384616 0.10697115384615384 0.018028846153846152 0.04567307692307692
0 0.5228365384615384 0.14543269230769232 0.021634615384615384 0.052884615384615384
0 0.5012019230769231 0.10336538461538461 0.021634615384615384 0.04447115384615385
0 0.5 0.1466346153846154 0.018028846153846152 0.05889423076923077
0 0.47716346153846156 0.10697115384615384 0.019230769230769232 0.05048076923076923
0 0.47596153846153844 0.15504807692307693 0.018028846153846152 0.056490384615384616
0 0.4543269230769231 0.109375 0.021634615384615384 0.03365384615384615
0 0.45072115384615385 0.1466346153846154 0.020432692307692308 0.0625
0 0.4338942307692308 0.109375 0.020432692307692308 0.038461538461538464
0 0.42908653846153844 0.1502403846153846 0.025240384615384616 0.0625
0 0.4098557692307692 0.1141826923076923 0.019230769230769232 0.038461538461538464
0 0.4014423076923077 0.15504807692307693 0.02283653846153846 0.055288461538461536
0 0.38221153846153844 0.11538461538461539 0.02403846153846154 0.04447115384615385
0 0.3701923076923077 0.15264423076923078 0.021634615384615384 0.05889423076923077
0 0.3581730769230769 0.11778846153846154 0.019230769230769232 0.046875
0 0.3485576923076923 0.15745192307692307 0.021634615384615384 0.054086538461538464
0 0.33413461538461536 0.11298076923076923 0.025240384615384616 0.04447115384615385
0 0.3245192307692308 0.15144230769230768 0.02403846153846154 0.054086538461538464
0 0.3112980769230769 0.1141826923076923 0.02403846153846154 0.040865384615384616
0 0.3016826923076923 0.15264423076923078 0.021634615384615384 0.05889423076923077
0 0.29086538461538464 0.11778846153846154 0.02283653846153846 0.038461538461538464
0 0.27163461538461536 0.11298076923076923 0.02283653846153846 0.038461538461538464
0 0.2800480769230769 0.15384615384615385 0.021634615384615384 0.052884615384615384
0 0.25961538461538464 0.15504807692307693 0.02403846153846154 0.04807692307692308
0 0.2512019230769231 0.11298076923076923 0.025240384615384616 0.03365384615384615
0 0.22956730769230768 0.11298076923076923 0.02403846153846154 0.037259615384615384
0 0.2091346153846154 0.11778846153846154 0.026442307692307692 0.03245192307692308
0 0.18870192307692307 0.1141826923076923 0.02403846153846154 0.04326923076923077
0 0.21153846153846154 0.15504807692307693 0.027644230769230768 0.056490384615384616
0 0.1935096153846154 0.15264423076923078 0.02283653846153846 0.056490384615384616
0 0.17307692307692307 0.15745192307692307 0.027644230769230768 0.05889423076923077
0 0.15264423076923078 0.16105769230769232 0.02403846153846154 0.052884615384615384
0 0.1310096153846154 0.1658653846153846 0.027644230769230768 0.046875
0 0.10817307692307693 0.1622596153846154 0.025240384615384616 0.05048076923076923
0 0.08653846153846154 0.1658653846153846 0.030048076923076924 0.054086538461538464
0 0.1045673076923077 0.12740384615384615 0.027644230769230768 0.03485576923076923
0 0.12860576923076922 0.12620192307692307 0.025240384615384616 0.03485576923076923
0 0.1466346153846154 0.12379807692307693 0.028846153846153848 0.03485576923076923
0 0.16947115384615385 0.12259615384615384 0.025240384615384616 0.03365384615384615
0 0.1658653846153846 0.0889423076923077 0.037259615384615384 0.03365384615384615
0 0.014423076923076924 0.1814903846153846 0.027644230769230768 0.03365384615384615
0 0.018028846153846152 0.15985576923076922 0.030048076923076924 0.03485576923076923
0 0.030048076923076924 0.14182692307692307 0.03365384615384615 0.03485576923076923
0 0.038461538461538464 0.12379807692307693 0.03485576923076923 0.03365384615384615
0 0.04927884615384615 0.10697115384615384 0.03245192307692308 0.028846153846153848
0 0.05889423076923077 0.09254807692307693 0.03245192307692308 0.030048076923076924
0 0.06610576923076923 0.078125 0.030048076923076924 0.03245192307692308
0 0.07692307692307693 0.0625 0.03245192307692308 0.036057692307692304
0 0.08653846153846154 0.046875 0.026442307692307692 0.03365384615384615
0 0.09495192307692307 0.03485576923076923 0.028846153846153848 0.026442307692307692
0 0.10216346153846154 0.019230769230769232 0.026442307692307692 0.027644230769230768
0 0.109375 0.01201923076923077 0.025240384615384616 0.02403846153846154
0 0.14182692307692307 0.06490384615384616 0.025240384615384616 0.04447115384615385
0 0.1622596153846154 0.06009615384615385 0.019230769230769232 0.03365384615384615
0 0.18028846153846154 0.056490384615384616 0.02283653846153846 0.042067307692307696
0 0.1971153846153846 0.056490384615384616 0.02403846153846154 0.037259615384615384
0 0.21514423076923078 0.056490384615384616 0.021634615384615384 0.04447115384615385
0 0.23557692307692307 0.052884615384615384 0.02283653846153846 0.038461538461538464
0 0.2548076923076923 0.051682692307692304 0.02283653846153846 0.042067307692307696
0 0.27403846153846156 0.046875 0.026442307692307692 0.04326923076923077
0 0.2956730769230769 0.046875 0.019230769230769232 0.04447115384615385
0 0.3161057692307692 0.04567307692307692 0.021634615384615384 0.04807692307692308
0 0.33653846153846156 0.04807692307692308 0.021634615384615384 0.04807692307692308
0 0.3545673076923077 0.04807692307692308 0.02283653846153846 0.05048076923076923
0 0.3737980769230769 0.051682692307692304 0.025240384615384616 0.054086538461538464
0 0.3954326923076923 0.04567307692307692 0.02403846153846154 0.04807692307692308
0 0.42788461538461536 0.05048076923076923 0.020432692307692308 0.05048076923076923
0 0.44711538461538464 0.04447115384615385 0.021634615384615384 0.04807692307692308
0 0.4699519230769231 0.042067307692307696 0.020432692307692308 0.04807692307692308
0 0.49278846153846156 0.038461538461538464 0.020432692307692308 0.04567307692307692
0 0.5120192307692307 0.038461538461538464 0.019230769230769232 0.04447115384615385
0 0.5336538461538461 0.038461538461538464 0.016826923076923076 0.055288461538461536
0 0.5516826923076923 0.03485576923076923 0.019230769230769232 0.051682692307692304
0 0.5733173076923077 0.03365384615384615 0.021634615384615384 0.051682692307692304
0 0.5961538461538461 0.028846153846153848 0.019230769230769232 0.054086538461538464
0 0.6177884615384616 0.027644230769230768 0.021634615384615384 0.054086538461538464
0 0.6394230769230769 0.03245192307692308 0.02283653846153846 0.055288461538461536
0 0.6622596153846154 0.030048076923076924 0.016826923076923076 0.055288461538461536
0 0.6826923076923077 0.030048076923076924 0.021634615384615384 0.04447115384615385
0 0.7067307692307693 0.03245192307692308 0.018028846153846152 0.04447115384615385
0 0.7283653846153846 0.026442307692307692 0.019230769230769232 0.04447115384615385
0 0.7512019230769231 0.025240384615384616 0.016826923076923076 0.040865384615384616
0 0.7740384615384616 0.021634615384615384 0.02403846153846154 0.04326923076923077
0 0.8004807692307693 0.02403846153846154 0.021634615384615384 0.046875
0 0.8197115384615384 0.018028846153846152 0.019230769230769232 0.036057692307692304
0 0.8413461538461539 0.020432692307692308 0.02283653846153846 0.040865384615384616
0 0.8617788461538461 0.2091346153846154 0.027644230769230768 0.07091346153846154
0 0.15384615384615385 0.02403846153846154 0.021634615384615384 0.028846153846153848
0 0.17548076923076922 0.027644230769230768 0.026442307692307692 0.03485576923076923
0 0.18990384615384615 0.025240384615384616 0.021634615384615384 0.03485576923076923
0 0.2091346153846154 0.025240384615384616 0.026442307692307692 0.030048076923076924
0 0.22596153846153846 0.025240384615384616 0.019230769230769232 0.03245192307692308
0 0.24759615384615385 0.019230769230769232 0.02403846153846154 0.036057692307692304
0 0.2644230769230769 0.019230769230769232 0.021634615384615384 0.027644230769230768
0 0.2848557692307692 0.01201923076923077 0.016826923076923076 0.02403846153846154
0 0.5949519230769231 0.734375 0.03485576923076923 0.10697115384615384
0 0.6862980769230769 0.7379807692307693 0.037259615384615384 0.09014423076923077
0 0.7307692307692307 0.7331730769230769 0.03365384615384615 0.10817307692307693
0 0.8269230769230769 0.7427884615384616 0.04447115384615385 0.11057692307692307
0 0.30528846153846156 0.010817307692307692 0.019230769230769232 0.021634615384615384
0 0.32572115384615385 0.009615384615384616 0.019230769230769232 0.019230769230769232
0 0.34615384615384615 0.010817307692307692 0.015625 0.021634615384615384
0 0.36538461538461536 0.01201923076923077 0.020432692307692308 0.02403846153846154
0 0.38341346153846156 0.010817307692307692 0.020432692307692308 0.021634615384615384
0 0.4026442307692308 0.013221153846153846 0.021634615384615384 0.026442307692307692
0 0.43028846153846156 0.014423076923076924 0.02283653846153846 0.028846153846153848
0 0.453125 0.009615384615384616 0.020432692307692308 0.019230769230769232
0 0.47475961538461536 0.009615384615384616 0.014423076923076924 0.019230769230769232
0 0.4963942307692308 0.009615384615384616 0.016826923076923076 0.019230769230769232
0 0.5192307692307693 0.009615384615384616 0.016826923076923076 0.019230769230769232
0 0.007211538461538462 0.19831730769230768 0.014423076923076924 0.025240384615384616