0 0.2548076923076923 0.9338942307692307 0.046875 0.11057692307692307
0 0.20673076923076922 0.9266826923076923 0.04807692307692308 0.11538461538461539
0 0.15625 0.9350961538461539 0.04447115384615385 0.09014423076923077
0 0.07451923076923077 0.9278846153846154 0.051682692307692304 0.09495192307692307
0 0.6995192307692307 0.9555288461538461 0.03485576923076923 0.08653846153846154
0 0.5480769230769231 0.953125 0.03485576923076923 0.09134615384615384
0 0.4987980769230769 0.9543269230769231 0.036057692307692304 0.0889423076923077
0 0.9519230769230769 0.9651442307692307 0.052884615384615384 0.06610576923076923
0 0.9158653846153846 0.7956730769230769 0.07932692307692307 0.06490384615384616
0 0.9002403846153846 0.7331730769230769 0.07211538461538461 0.06971153846153846
0 0.9675480769230769 0.5360576923076923 0.040865384615384616 0.08413461538461539
0 0.9182692307692307 0.33413461538461536 0.04326923076923077 0.07932692307692307
0 0.8173076923076923 0.27403846153846156 0.036057692307692304 0.078125
0 0.8377403846153846 0.40024038461538464 0.03125 0.06370192307692307
0 0.8137019230769231 0.45913461538461536 0.030048076923076924 0.07932692307692307
0 0.7800480769230769 0.4567307692307692 0.03365384615384615 0.08653846153846154
0 0.8365384615384616 0.6286057692307693 0.040865384615384616 0.09735576923076923
0 0.8786057692307693 0.6334134615384616 0.038461538461538464 0.08653846153846154
0 0.796875 0.6310096153846154 0.038461538461538464 0.09495192307692307
0 0.7596153846153846 0.6274038461538461 0.036057692307692304 0.10576923076923077
0 0.7271634615384616 0.625 0.036057692307692304 0.09495192307692307
0 0.7283653846153846 0.7283653846153846 0.03485576923076923 0.1045673076923077
0 0.6177884615384616 0.6153846153846154 0.030048076923076924 0.1045673076923077
0 0.5949519230769231 0.7259615384615384 0.036057692307692304 0.10576923076923077
0 0.5096153846153846 0.7235576923076923 0.03485576923076923 0.10576923076923077
0 0.5072115384615384 0.6237980769230769 0.03245192307692308 0.09254807692307693
0 0.4411057692307692 0.6225961538461539 0.037259615384615384 0.09254807692307693
0 0.4050480769230769 0.6225961538461539 0.03365384615384615 0.0889423076923077
0 0.36899038461538464 0.625 0.036057692307692304 0.08052884615384616
0 0.4230769230769231 0.7307692307692307 0.036057692307692304 0.08653846153846154
0 0.3004807692307692 0.7247596153846154 0.038461538461538464 0.08774038461538461
0 0.25961538461538464 0.7259615384615384 0.04567307692307692 0.10576923076923077
0 0.2536057692307692 0.6177884615384616 0.038461538461538464 0.08413461538461539
0 0.21995192307692307 0.6153846153846154 0.04326923076923077 0.08413461538461539
0 0.15745192307692307 0.6141826923076923 0.04326923076923077 0.09495192307692307
0 0.09735576923076923 0.6105769230769231 0.04807692307692308 0.10336538461538461
0 0.14182692307692307 0.7211538461538461 0.051682692307692304 0.10096153846153846
0 0.06490384615384616 0.6069711538461539 0.04927884615384615 0.08774038461538461
0 0.03245192307692308 0.6069711538461539 0.04447115384615385 0.08173076923076923
0 0.013221153846153846 0.6081730769230769 0.025240384615384616 0.07932692307692307
0 0.7415865384615384 0.3918269230769231 0.025240384615384616 0.0625
0 0.7475961538461539 0.45913461538461536 0.03125 0.07932692307692307
0 0.7127403846153846 0.4675480769230769 0.03245192307692308 0.08774038461538461
0 0.6778846153846154 0.45913461538461536 0.026442307692307692 0.07091346153846154
0 0.6754807692307693 0.39302884615384615 0.028846153846153848 0.07451923076923077
0 0.7079326923076923 0.3918269230769231 0.030048076923076924 0.07451923076923077
0 0.6454326923076923 0.45913461538461536 0.02403846153846154 0.06850961538461539
0 0.6153846153846154 0.4519230769230769 0.028846153846153848 0.08653846153846154
0 0.5528846153846154 0.4579326923076923 0.025240384615384616 0.07211538461538461
0 0.5252403846153846 0.3954326923076923 0.027644230769230768 0.07451923076923077
0 0.49038461538461536 0.4567307692307692 0.027644230769230768 0.07451923076923077
0 0.45913461538461536 0.4579326923076923 0.027644230769230768 0.0733173076923077
0 0.4387019230769231 0.3954326923076923 0.028846153846153848 0.06370192307692307
0 0.42908653846153844 0.4567307692307692 0.027644230769230768 0.07211538461538461
0 0.4074519230769231 0.3954326923076923 0.028846153846153848 0.078125
0 0.3786057692307692 0.39302884615384615 0.03245192307692308 0.06971153846153846
0 0.36778846153846156 0.45913461538461536 0.030048076923076924 0.07211538461538461
0 0.31009615384615385 0.39302884615384615 0.040865384615384616 0.07211538461538461
0 0.29086538461538464 0.45913461538461536 0.03245192307692308 0.07692307692307693
0 0.24879807692307693 0.39302884615384615 0.03245192307692308 0.06490384615384616
0 0.234375 0.45913461538461536 0.03125 0.07451923076923077
0 0.20673076923076922 0.4579326923076923 0.03485576923076923 0.0733173076923077
0 0.19951923076923078 0.40024038461538464 0.038461538461538464 0.078125
0 0.17067307692307693 0.3954326923076923 0.03485576923076923 0.0625
0 0.1502403846153846 0.46274038461538464 0.038461538461538464 0.07451923076923077
0 0.12379807692307693 0.45913461538461536 0.036057692307692304 0.0733173076923077
0 0.09495192307692307 0.46153846153846156 0.036057692307692304 0.07451923076923077
0 0.06971153846153846 0.45913461538461536 0.03485576923076923 0.07451923076923077
0 0.042067307692307696 0.4567307692307692 0.036057692307692304 0.0733173076923077
0 0.018028846153846152 0.46274038461538464 0.03485576923076923 0.06850961538461539
0 0.11899038461538461 0.40024038461538464 0.03485576923076923 0.05889423076923077
0 0.0673076923076923 0.39663461538461536 0.03485576923076923 0.04807692307692308
0 0.042067307692307696 0.3942307692307692 0.04447115384615385 0.06370192307692307
0 0.7776442307692307 0.2283653846153846 0.030048076923076924 0.05048076923076923
0 0.7307692307692307 0.27524038461538464 0.027644230769230768 0.0625
0 0.6995192307692307 0.2764423076923077 0.030048076923076924 0.06370192307692307
0 0.671875 0.27403846153846156 0.02403846153846154 0.06610576923076923
0 0.6153846153846154 0.2764423076923077 0.025240384615384616 0.06610576923076923
0 0.5877403846153846 0.2764423076923077 0.02283653846153846 0.06490384615384616
0 0.5324519230769231 0.27884615384615385 0.025240384615384616 0.06490384615384616
0 0.4807692307692308 0.2848557692307692 0.027644230769230768 0.06850961538461539
0 0.46153846153846156 0.23197115384615385 0.025240384615384616 0.056490384615384616
0 0.453125 0.2860576923076923 0.026442307692307692 0.06009615384615385
0 0.4098557692307692 0.23798076923076922 0.025240384615384616 0.04807692307692308
0 0.3737980769230769 0.28725961538461536 0.027644230769230768 0.06610576923076923
0 0.34975961538461536 0.2403846153846154 0.028846153846153848 0.054086538461538464
0 0.36899038461538464 0.15264423076923078 0.026442307692307692 0.05889423076923077
0 0.5685096153846154 0.1466346153846154 0.021634615384615384 0.052884615384615384
0 0.6622596153846154 0.025240384615384616 0.018028846153846152 0.046875
0 0.6153846153846154 0.028846153846153848 0.02403846153846154 0.04807692307692308
0 0.5012019230769231 0.10576923076923077 0.02403846153846154 0.051682692307692304
0 0.4567307692307692 0.11658653846153846 0.02403846153846154 0.04447115384615385
0 0.28725961538461536 0.2848557692307692 0.030048076923076924 0.06009615384615385
0 0.31490384615384615 0.1141826923076923 0.027644230769230768 0.04447115384615385
0 0.23557692307692307 0.29086538461538464 0.037259615384615384 0.06490384615384616
0 0.16346153846153846 0.28846153846153844 0.037259615384615384 0.06129807692307692
0 0.13942307692307693 0.2932692307692308 0.03245192307692308 0.06370192307692307
0 0.11658653846153846 0.2932692307692308 0.03245192307692308 0.05889423076923077
0 0.09254807692307693 0.29447115384615385 0.03125 0.051682692307692304
0 0.09254807692307693 0.24759615384615385 0.03485576923076923 0.04807692307692308
0 0.06490384615384616 0.25 0.03245192307692308 0.046875
0 0.040865384615384616 0.24759615384615385 0.03485576923076923 0.04567307692307692
0 0.02403846153846154 0.29086538461538464 0.03485576923076923 0.05889423076923077
0 0.04567307692307692 0.29447115384615385 0.027644230769230768 0.056490384615384616
0 0.06610576923076923 0.2932692307692308 0.037259615384615384 0.051682692307692304
0 0.23798076923076922 0.15144230769230768 0.030048076923076924 0.04567307692307692
0 0.24759615384615385 0.1141826923076923 0.028846153846153848 0.036057692307692304
0 0.27283653846153844 0.12139423076923077 0.026442307692307692 0.040865384615384616
0 0.41225961538461536 0.11538461538461539 0.02283653846153846 0.038461538461538464
0 0.49038461538461536 0.037259615384615384 0.021634615384615384 0.040865384615384616
0 0.5504807692307693 0.030048076923076924 0.021634615384615384 0.052884615384615384
0 0.5721153846153846 0.030048076923076924 0.021634615384615384 0.05048076923076923
0 0.40625 0.016826923076923076 0.02403846153846154 0.03365384615384615
0 0.43149038461538464 0.016826923076923076 0.021634615384615384 0.03365384615384615
0 0.4735576923076923 0.015625 0.02283653846153846 0.030048076923076924
0 0.3858173076923077 0.016826923076923076 0.021634615384615384 0.03365384615384615
0 0.3629807692307692 0.018028846153846152 0.02403846153846154 0.036057692307692304
0 0.3425480769230769 0.018028846153846152 0.026442307692307692 0.036057692307692304
0 0.3245192307692308 0.014423076923076924 0.021634615384615384 0.028846153846153848
0 0.31490384615384615 0.046875 0.02403846153846154 0.042067307692307696
0 0.2932692307692308 0.046875 0.025240384615384616 0.04326923076923077
0 0.2776442307692308 0.04447115384615385 0.025240384615384616 0.04447115384615385
0 0.265625 0.019230769230769232 0.025240384615384616 0.038461538461538464
0 0.24759615384615385 0.015625 0.021634615384615384 0.030048076923076924
0 0.25600961538461536 0.051682692307692304 0.02283653846153846 0.037259615384615384
0 0.23918269230769232 0.05048076923076923 0.021634615384615384 0.03485576923076923
0 0.21995192307692307 0.052884615384615384 0.025240384615384616 0.042067307692307696
0 0.2127403846153846 0.026442307692307692 0.02403846153846154 0.030048076923076924
0 0.19110576923076922 0.026442307692307692 0.021634615384615384 0.027644230769230768
0 0.17067307692307693 0.028846153846153848 0.021634615384615384 0.03245192307692308
0 0.15384615384615385 0.028846153846153848 0.021634615384615384 0.025240384615384616
0 0.14182692307692307 0.0625 0.025240384615384616 0.038461538461538464
0 0.16346153846153846 0.06009615384615385 0.028846153846153848 0.03485576923076923
0 0.18028846153846154 0.056490384615384616 0.025240384615384616 0.03245192307692308
0 0.19831730769230768 0.05889423076923077 0.021634615384615384 0.03485576923076923
0 0.19110576923076922 0.11899038461538461 0.026442307692307692 0.038461538461538464
0 0.14903846153846154 0.12259615384615384 0.03485576923076923 0.038461538461538464
0 0.1310096153846154 0.16346153846153846 0.028846153846153848 0.05048076923076923
0 0.10817307692307693 0.1622596153846154 0.03245192307692308 0.05048076923076923
0 0.10697115384615384 0.12620192307692307 0.027644230769230768 0.04567307692307692
0 0.019230769230769232 0.15865384615384615 0.038461538461538464 0.036057692307692304
0 0.036057692307692304 0.12620192307692307 0.037259615384615384 0.036057692307692304
0 0.04807692307692308 0.10697115384615384 0.036057692307692304 0.026442307692307692
0 0.05889423076923077 0.09014423076923077 0.03485576923076923 0.030048076923076924
0 0.07211538461538461 0.07451923076923077 0.03125 0.028846153846153848
0 0.09014423076923077 0.036057692307692304 0.04326923076923077 0.028846153846153848
0 0.1045673076923077 0.020432692307692308 0.030048076923076924 0.02403846153846154
0 0.109375 0.010817307692307692 0.027644230769230768 0.021634615384615384
0 0.010817307692307692 0.1935096153846154 0.021634615384615384 0.03365384615384615
0 0.7259615384615384 0.009615384615384616 0.020432692307692308 0.019230769230769232