0 0.25961538461538464 0.29086538461538464 0.03485576923076923 0.06610576923076923
0 0.2860576923076923 0.29086538461538464 0.03365384615384615 0.06610576923076923
0 0.3112980769230769 0.28846153846153844 0.036057692307692304 0.06610576923076923
0 0.33653846153846156 0.29086538461538464 0.03365384615384615 0.0625
0 0.3762019230769231 0.28725961538461536 0.03245192307692308 0.06370192307692307
0 0.40384615384615385 0.28725961538461536 0.027644230769230768 0.06009615384615385
0 0.43028846153846156 0.29086538461538464 0.025240384615384616 0.06370192307692307
0 0.4543269230769231 0.28725961538461536 0.026442307692307692 0.06370192307692307
0 0.4807692307692308 0.28846153846153844 0.027644230769230768 0.06129807692307692
0 0.5060096153846154 0.2860576923076923 0.025240384615384616 0.054086538461538464
0 0.5324519230769231 0.2860576923076923 0.026442307692307692 0.056490384615384616
0 0.5612980769230769 0.2824519230769231 0.025240384615384616 0.052884615384615384
0 0.5877403846153846 0.2824519230769231 0.028846153846153848 0.06009615384615385
0 0.6177884615384616 0.2824519230769231 0.025240384615384616 0.06009615384615385
0 0.6730769230769231 0.2800480769230769 0.027644230769230768 0.054086538461538464
0 0.7007211538461539 0.2776442307692308 0.027644230769230768 0.051682692307692304
0 0.7307692307692307 0.2800480769230769 0.030048076923076924 0.055288461538461536
0 0.7608173076923077 0.2764423076923077 0.027644230769230768 0.0625
0 0.7872596153846154 0.2764423076923077 0.03125 0.054086538461538464
0 0.8161057692307693 0.27403846153846156 0.036057692307692304 0.0625
0 0.22235576923076922 0.39903846153846156 0.040865384615384616 0.0625
0 0.24879807692307693 0.4014423076923077 0.038461538461538464 0.06370192307692307
0 0.28125 0.4014423076923077 0.039663461538461536 0.05889423076923077
0 0.3125 0.4026442307692308 0.037259615384615384 0.06129807692307692
0 0.34975961538461536 0.4014423076923077 0.03485576923076923 0.056490384615384616
0 0.375 0.4014423076923077 0.03485576923076923 0.06129807692307692
0 0.4098557692307692 0.3954326923076923 0.03365384615384615 0.05889423076923077
0 0.4362980769230769 0.39663461538461536 0.03365384615384615 0.056490384615384616
0 0.4651442307692308 0.3954326923076923 0.03485576923076923 0.0625
0 0.4951923076923077 0.3954326923076923 0.03245192307692308 0.06129807692307692
0 0.5216346153846154 0.3954326923076923 0.03125 0.06009615384615385
0 0.5528846153846154 0.3942307692307692 0.030048076923076924 0.06850961538461539
0 0.6129807692307693 0.39302884615384615 0.03485576923076923 0.06370192307692307
0 0.6466346153846154 0.3894230769230769 0.030048076923076924 0.07211538461538461
0 0.6790865384615384 0.39302884615384615 0.03125 0.0733173076923077
0 0.7091346153846154 0.3894230769230769 0.036057692307692304 0.0733173076923077
0 0.7403846153846154 0.3918269230769231 0.03245192307692308 0.06971153846153846
0 0.7740384615384616 0.3918269230769231 0.037259615384615384 0.07451923076923077
0 0.8064903846153846 0.390625 0.03365384615384615 0.07091346153846154
0 0.8389423076923077 0.3918269230769231 0.037259615384615384 0.06610576923076923
0 0.17548076923076922 0.46153846153846156 0.037259615384615384 0.07932692307692307
0 0.20432692307692307 0.4639423076923077 0.04447115384615385 0.08052884615384616
0 0.23197115384615385 0.45913461538461536 0.039663461538461536 0.0829326923076923
0 0.25961538461538464 0.46634615384615385 0.040865384615384616 0.07932692307692307
0 0.29086538461538464 0.4651442307692308 0.037259615384615384 0.08052884615384616
0 0.33533653846153844 0.4675480769230769 0.030048076923076924 0.08413461538461539
0 0.36778846153846156 0.46634615384615385 0.042067307692307696 0.0829326923076923
0 0.3942307692307692 0.4675480769230769 0.037259615384615384 0.078125
0 0.42788461538461536 0.4639423076923077 0.037259615384615384 0.0829326923076923
0 0.4567307692307692 0.4675480769230769 0.030048076923076924 0.07451923076923077
0 0.5192307692307693 0.4675480769230769 0.03245192307692308 0.07091346153846154
0 0.5528846153846154 0.4651442307692308 0.026442307692307692 0.07091346153846154
0 0.5817307692307693 0.46634615384615385 0.03245192307692308 0.07091346153846154
0 0.6129807692307693 0.46634615384615385 0.028846153846153848 0.07211538461538461
0 0.6466346153846154 0.4639423076923077 0.03125 0.07211538461538461
0 0.7115384615384616 0.4651442307692308 0.036057692307692304 0.06610576923076923
0 0.7463942307692307 0.4651442307692308 0.03245192307692308 0.0733173076923077
0 0.7788461538461539 0.46274038461538464 0.038461538461538464 0.0733173076923077
0 0.8112980769230769 0.4651442307692308 0.03485576923076923 0.06850961538461539
0 0.8485576923076923 0.45913461538461536 0.042067307692307696 0.07451923076923077
0 0.12139423076923077 0.6153846153846154 0.04567307692307692 0.0829326923076923
0 0.15144230769230768 0.6177884615384616 0.04567307692307692 0.078125
0 0.21875 0.6165865384615384 0.040865384615384616 0.078125
0 0.2512019230769231 0.6225961538461539 0.042067307692307696 0.07451923076923077
0 0.30288461538461536 0.6177884615384616 0.038461538461538464 0.07091346153846154
0 0.33653846153846156 0.6165865384615384 0.040865384615384616 0.078125
0 0.37259615384615385 0.6189903846153846 0.04807692307692308 0.08413461538461539
0 0.4050480769230769 0.6189903846153846 0.040865384615384616 0.07932692307692307
0 0.4387019230769231 0.6237980769230769 0.040865384615384616 0.08052884615384616
0 0.47115384615384615 0.6225961538461539 0.036057692307692304 0.08052884615384616
0 0.5060096153846154 0.6237980769230769 0.037259615384615384 0.08774038461538461
0 0.5408653846153846 0.6213942307692307 0.037259615384615384 0.078125
0 0.5793269230769231 0.6225961538461539 0.036057692307692304 0.08653846153846154
0 0.6141826923076923 0.6189903846153846 0.036057692307692304 0.08173076923076923
0 0.6514423076923077 0.625 0.037259615384615384 0.08173076923076923
0 0.6887019230769231 0.6274038461538461 0.040865384615384616 0.0829326923076923
0 0.7644230769230769 0.625 0.040865384615384616 0.0889423076923077
0 0.8365384615384616 0.6237980769230769 0.040865384615384616 0.0889423076923077
0 0.875 0.6213942307692307 0.04807692307692308 0.08774038461538461
0 0.05889423076923077 0.7331730769230769 0.052884615384615384 0.07451923076923077
0 0.09495192307692307 0.7355769230769231 0.055288461538461536 0.08413461538461539
0 0.13701923076923078 0.7391826923076923 0.055288461538461536 0.08653846153846154
0 0.21875 0.7355769230769231 0.054086538461538464 0.09254807692307693
0 0.25721153846153844 0.7355769230769231 0.052884615384615384 0.08774038461538461
0 0.3004807692307692 0.734375 0.052884615384615384 0.07932692307692307
0 0.42908653846153844 0.7403846153846154 0.04927884615384615 0.08173076923076923
0 0.4699519230769231 0.7439903846153846 0.040865384615384616 0.08653846153846154
0 0.5096153846153846 0.7475961538461539 0.04567307692307692 0.08774038461538461
0 0.09134615384615384 0.6141826923076923 0.040865384615384616 0.07451923076923077
0 0.05889423076923077 0.6165865384615384 0.046875 0.09254807692307693
0 0.030048076923076924 0.6177884615384616 0.04326923076923077 0.08173076923076923
0 0.013221153846153846 0.6105769230769231 0.026442307692307692 0.08173076923076923
0 0.25 0.9483173076923077 0.05048076923076923 0.09975961538461539
0 0.3016826923076923 0.9471153846153846 0.040865384615384616 0.10336538461538461
0 0.39903846153846156 0.9519230769230769 0.04326923076923077 0.09495192307692307
0 0.4483173076923077 0.9447115384615384 0.03485576923076923 0.10817307692307693
0 0.9002403846153846 0.7247596153846154 0.06850961538461539 0.06850961538461539
0 0.9194711538461539 0.796875 0.08653846153846154 0.056490384615384616
0 0.9254807692307693 0.8641826923076923 0.06971153846153846 0.07211538461538461
0 0.9603365384615384 0.9627403846153846 0.06610576923076923 0.07211538461538461
0 0.7487980769230769 0.9411057692307693 0.039663461538461536 0.11298076923076923
0 0.7223557692307693 0.7235576923076923 0.03485576923076923 0.10336538461538461
0 0.5925480769230769 0.7307692307692307 0.036057692307692304 0.09975961538461539
0 0.9855769230769231 0.6394230769230769 0.027644230769230768 0.08653846153846154
0 0.9759615384615384 0.5540865384615384 0.042067307692307696 0.08052884615384616
0 0.9519230769230769 0.46634615384615385 0.04807692307692308 0.0733173076923077
0 0.9350961538461539 0.3954326923076923 0.040865384615384616 0.0733173076923077
0 0.11658653846153846 0.4699519230769231 0.038461538461538464 0.06971153846153846
0 0.09014423076923077 0.46634615384615385 0.03485576923076923 0.06610576923076923
0 0.06610576923076923 0.4579326923076923 0.040865384615384616 0.07932692307692307
0 0.038461538461538464 0.4651442307692308 0.037259615384615384 0.06850961538461539
0 0.016826923076923076 0.46274038461538464 0.03365384615384615 0.07451923076923077
0 0.16947115384615385 0.4026442307692308 0.036057692307692304 0.0625
0 0.14182692307692307 0.4026442307692308 0.03485576923076923 0.06610576923076923
0 0.11538461538461539 0.40384615384615385 0.03245192307692308 0.06009615384615385
0 0.0889423076923077 0.39663461538461536 0.03125 0.055288461538461536
0 0.0625 0.40024038461538464 0.039663461538461536 0.06370192307692307
0 0.03485576923076923 0.4026442307692308 0.038461538461538464 0.054086538461538464
0 0.015625 0.4014423076923077 0.030048076923076924 0.06129807692307692
0 0.8112980769230769 0.22355769230769232 0.026442307692307692 0.04567307692307692
0 0.7512019230769231 0.22355769230769232 0.021634615384615384 0.04326923076923077
0 0.7211538461538461 0.22596153846153846 0.02403846153846154 0.046875
0 0.6947115384615384 0.2247596153846154 0.025240384615384616 0.052884615384615384
0 0.6442307692307693 0.23197115384615385 0.021634615384615384 0.052884615384615384
0 0.6177884615384616 0.22596153846153846 0.021634615384615384 0.051682692307692304
0 0.5889423076923077 0.2247596153846154 0.025240384615384616 0.056490384615384616
0 0.5637019230769231 0.23317307692307693 0.02403846153846154 0.052884615384615384
0 0.5084134615384616 0.23557692307692307 0.020432692307692308 0.046875
0 0.46153846153846156 0.23798076923076922 0.021634615384615384 0.05889423076923077
0 0.43509615384615385 0.23557692307692307 0.025240384615384616 0.04326923076923077
0 0.34375 0.23918269230769232 0.027644230769230768 0.040865384615384616
0 0.27163461538461536 0.23918269230769232 0.027644230769230768 0.055288461538461536
0 0.24759615384615385 0.23918269230769232 0.025240384615384616 0.04567307692307692
0 0.22596153846153846 0.23798076923076922 0.027644230769230768 0.056490384615384616
0 0.21153846153846154 0.29086538461538464 0.026442307692307692 0.06129807692307692
0 0.18629807692307693 0.28725961538461536 0.030048076923076924 0.06370192307692307
0 0.18028846153846154 0.2403846153846154 0.03245192307692308 0.04567307692307692
0 0.15504807692307693 0.2403846153846154 0.025240384615384616 0.04447115384615385
0 0.13221153846153846 0.2439903846153846 0.030048076923076924 0.04326923076923077
0 0.11057692307692307 0.2439903846153846 0.026442307692307692 0.04567307692307692
0 0.08653846153846154 0.2439903846153846 0.025240384615384616 0.04807692307692308
0 0.06370192307692307 0.24278846153846154 0.030048076923076924 0.04567307692307692
0 0.019230769230769232 0.2956730769230769 0.038461538461538464 0.0625
0 0.040865384615384616 0.2956730769230769 0.03485576923076923 0.06129807692307692
0 0.06850961538461539 0.2932692307692308 0.03245192307692308 0.055288461538461536
0 0.09375 0.2932692307692308 0.027644230769230768 0.056490384615384616
0 0.1141826923076923 0.2920673076923077 0.036057692307692304 0.054086538461538464
0 0.13701923076923078 0.28725961538461536 0.03485576923076923 0.06129807692307692
0 0.1622596153846154 0.28725961538461536 0.030048076923076924 0.051682692307692304
0 0.7680288461538461 0.1346153846153846 0.019230769230769232 0.054086538461538464
0 0.7403846153846154 0.13581730769230768 0.021634615384615384 0.051682692307692304
0 0.7139423076923077 0.1346153846153846 0.019230769230769232 0.055288461538461536
0 0.6887019230769231 0.13701923076923078 0.019230769230769232 0.052884615384615384
0 0.6634615384615384 0.13581730769230768 0.019230769230769232 0.056490384615384616
0 0.6382211538461539 0.13701923076923078 0.019230769230769232 0.06009615384615385
0 0.6165865384615384 0.140625 0.021634615384615384 0.05889423076923077
0 0.5901442307692307 0.14182692307692307 0.018028846153846152 0.04807692307692308
0 0.5432692307692307 0.14543269230769232 0.021634615384615384 0.04807692307692308
0 0.4987980769230769 0.14903846153846154 0.025240384615384616 0.05048076923076923
0 0.40384615384615385 0.15745192307692307 0.025240384615384616 0.046875
0 0.3713942307692308 0.15144230769230768 0.028846153846153848 0.052884615384615384
0 0.34615384615384615 0.15384615384615385 0.025240384615384616 0.04567307692307692
0 0.30288461538461536 0.15384615384615385 0.028846153846153848 0.052884615384615384
0 0.27884615384615385 0.15264423076923078 0.02403846153846154 0.04807692307692308
0 0.25721153846153844 0.15384615384615385 0.025240384615384616 0.051682692307692304
0 0.23557692307692307 0.15384615384615385 0.028846153846153848 0.051682692307692304
0 0.19471153846153846 0.15745192307692307 0.028846153846153848 0.05048076923076923
0 0.15264423076923078 0.16346153846153846 0.03245192307692308 0.038461538461538464
0 0.11057692307692307 0.1622596153846154 0.03125 0.052884615384615384
0 0.08653846153846154 0.1622596153846154 0.028846153846153848 0.05048076923076923
0 0.7860576923076923 0.0889423076923077 0.025240384615384616 0.052884615384615384
0 0.7608173076923077 0.09495192307692307 0.025240384615384616 0.04447115384615385
0 0.7115384615384616 0.09495192307692307 0.02283653846153846 0.042067307692307696
0 0.6862980769230769 0.09254807692307693 0.021634615384615384 0.040865384615384616
0 0.59375 0.10096153846153846 0.02403846153846154 0.04447115384615385
0 0.5697115384615384 0.1045673076923077 0.021634615384615384 0.055288461538461536
0 0.5252403846153846 0.11057692307692307 0.021634615384615384 0.04447115384615385
0 0.5012019230769231 0.10697115384615384 0.021634615384615384 0.042067307692307696
0 0.47716346153846156 0.11298076923076923 0.021634615384615384 0.04567307692307692
0 0.4567307692307692 0.109375 0.02403846153846154 0.051682692307692304
0 0.4338942307692308 0.11298076923076923 0.021634615384615384 0.052884615384615384
0 0.41225961538461536 0.11057692307692307 0.02403846153846154 0.04807692307692308
0 0.38100961538461536 0.11298076923076923 0.027644230769230768 0.038461538461538464
0 0.3581730769230769 0.11538461538461539 0.02403846153846154 0.04447115384615385
0 0.29086538461538464 0.11778846153846154 0.021634615384615384 0.040865384615384616
0 0.27163461538461536 0.11538461538461539 0.02403846153846154 0.042067307692307696
0 0.25 0.11538461538461539 0.021634615384615384 0.036057692307692304
0 0.16826923076923078 0.12259615384615384 0.02403846153846154 0.04807692307692308
0 0.1466346153846154 0.12379807692307693 0.027644230769230768 0.04807692307692308
0 0.11057692307692307 0.12860576923076922 0.030048076923076924 0.030048076923076924
0 0.030048076923076924 0.14302884615384615 0.037259615384615384 0.03485576923076923
0 0.039663461538461536 0.12139423076923077 0.038461538461538464 0.028846153846153848
0 0.052884615384615384 0.10817307692307693 0.03245192307692308 0.03365384615384615
0 0.06009615384615385 0.09134615384615384 0.03245192307692308 0.027644230769230768
0 0.06610576923076923 0.07932692307692307 0.030048076923076924 0.030048076923076924
0 0.07572115384615384 0.0625 0.03125 0.027644230769230768
0 0.09735576923076923 0.02403846153846154 0.03245192307692308 0.03485576923076923
0 0.8185096153846154 0.021634615384615384 0.025240384615384616 0.04326923076923077
0 0.7740384615384616 0.025240384615384616 0.02283653846153846 0.04326923076923077
0 0.7512019230769231 0.026442307692307692 0.021634615384615384 0.046875
0 0.7055288461538461 0.026442307692307692 0.02283653846153846 0.04807692307692308
0 0.6598557692307693 0.027644230769230768 0.02403846153846154 0.04807692307692308
0 0.5540865384615384 0.036057692307692304 0.018028846153846152 0.04447115384615385
0 0.5120192307692307 0.037259615384615384 0.021634615384615384 0.04567307692307692
0 0.4879807692307692 0.038461538461538464 0.021634615384615384 0.052884615384615384
0 0.4483173076923077 0.04326923076923077 0.020432692307692308 0.038461538461538464
0 0.42427884615384615 0.046875 0.021634615384615384 0.04567307692307692
0 0.40024038461538464 0.018028846153846152 0.021634615384615384 0.036057692307692304
0 0.47475961538461536 0.014423076923076924 0.019230769230769232 0.027644230769230768
0 0.515625 0.008413461538461538 0.016826923076923076 0.016826923076923076
0 0.5973557692307693 0.013221153846153846 0.021634615384615384 0.026442307692307692
0 0.38100961538461536 0.018028846153846152 0.021634615384615384 0.036057692307692304
0 0.3737980769230769 0.04567307692307692 0.02403846153846154 0.036057692307692304
0 0.3557692307692308 0.04447115384615385 0.021634615384615384 0.04447115384615385
0 0.3425480769230769 0.014423076923076924 0.021634615384615384 0.027644230769230768
0 0.32211538461538464 0.018028846153846152 0.02403846153846154 0.030048076923076924
0 0.30649038461538464 0.018028846153846152 0.026442307692307692 0.036057692307692304
0 0.2848557692307692 0.015625 0.021634615384615384 0.030048076923076924
0 0.265625 0.019230769230769232 0.019230769230769232 0.038461538461538464
0 0.2439903846153846 0.02403846153846154 0.02403846153846154 0.03485576923076923
0 0.2283653846153846 0.025240384615384616 0.021634615384615384 0.021634615384615384
0 0.27403846153846156 0.04807692307692308 0.02403846153846154 0.040865384615384616
0 0.2956730769230769 0.05048076923076923 0.021634615384615384 0.03365384615384615
0 0.3137019230769231 0.05048076923076923 0.02283653846153846 0.040865384615384616
0 0.33413461538461536 0.04807692307692308 0.020432692307692308 0.04807692307692308
0 0.21754807692307693 0.051682692307692304 0.02403846153846154 0.04447115384615385
0 0.19471153846153846 0.05889423076923077 0.027644230769230768 0.04326923076923077
0 0.1778846153846154 0.052884615384615384 0.028846153846153848 0.04807692307692308
0 0.15985576923076922 0.0625 0.021634615384615384 0.037259615384615384
0 0.15504807692307693 0.03365384615384615 0.02403846153846154 0.036057692307692304
0 0.13942307692307693 0.06370192307692307 0.019230769230769232 0.037259615384615384
0 0.15985576923076922 0.9447115384615384 0.051682692307692304 0.09615384615384616
0 0.5432692307692307 0.9435096153846154 0.027644230769230768 0.09254807692307693
0 0.7019230769230769 0.9387019230769231 0.03365384615384615 0.09254807692307693
0 0.010817307692307692 0.1935096153846154 0.021634615384615384 0.03125