0 0.2512019230769231 0.9459134615384616 0.04326923076923077 0.0985576923076923
0 0.21153846153846154 0.921875 0.03485576923076923 0.10817307692307693
0 0.15745192307692307 0.9399038461538461 0.046875 0.08413461538461539
0 0.109375 0.9254807692307693 0.04567307692307692 0.08653846153846154
0 0.3954326923076923 0.9555288461538461 0.04567307692307692 0.08653846153846154
0 0.5913461538461539 0.9459134615384616 0.03365384615384615 0.0985576923076923
0 0.5384615384615384 0.9483173076923077 0.028846153846153848 0.0985576923076923
0 0.7019230769230769 0.9567307692307693 0.030048076923076924 0.08173076923076923
0 0.9254807692307693 0.8449519230769231 0.0733173076923077 0.06850961538461539
0 0.953125 0.9555288461538461 0.054086538461538464 0.08413461538461539
0 0.9098557692307693 0.7848557692307693 0.07692307692307693 0.06129807692307692
0 0.9002403846153846 0.7259615384615384 0.06850961538461539 0.056490384615384616
0 0.828125 0.7463942307692307 0.040865384615384616 0.11538461538461539
0 0.7259615384615384 0.734375 0.027644230769230768 0.09134615384615384
0 0.5096153846153846 0.7307692307692307 0.030048076923076924 0.11899038461538461
0 0.43028846153846156 0.75 0.037259615384615384 0.0985576923076923
0 0.2980769230769231 0.7307692307692307 0.039663461538461536 0.09975961538461539
0 0.25721153846153844 0.7319711538461539 0.04326923076923077 0.11899038461538461
0 0.21514423076923078 0.7307692307692307 0.038461538461538464 0.109375
0 0.1778846153846154 0.7235576923076923 0.038461538461538464 0.10576923076923077
0 0.13942307692307693 0.7247596153846154 0.04567307692307692 0.10817307692307693
0 0.8810096153846154 0.6394230769230769 0.042067307692307696 0.09975961538461539
0 0.9747596153846154 0.5456730769230769 0.037259615384615384 0.0829326923076923
0 0.9855769230769231 0.6274038461538461 0.026442307692307692 0.08653846153846154
0 0.9555288461538461 0.4735576923076923 0.037259615384615384 0.07451923076923077
0 0.9399038461538461 0.4026442307692308 0.039663461538461536 0.07932692307692307
0 0.9314903846153846 0.3449519230769231 0.040865384615384616 0.06370192307692307
0 0.8473557692307693 0.4651442307692308 0.03125 0.09014423076923077
0 0.8401442307692307 0.3954326923076923 0.03125 0.06850961538461539
0 0.8076923076923077 0.3942307692307692 0.030048076923076924 0.06850961538461539
0 0.8137019230769231 0.46634615384615385 0.03245192307692308 0.06129807692307692
0 0.7824519230769231 0.4639423076923077 0.03245192307692308 0.06971153846153846
0 0.7752403846153846 0.39302884615384615 0.030048076923076924 0.07211538461538461
0 0.7427884615384616 0.390625 0.030048076923076924 0.06850961538461539
0 0.7548076923076923 0.4651442307692308 0.027644230769230768 0.08173076923076923
0 0.7115384615384616 0.4651442307692308 0.030048076923076924 0.0733173076923077
0 0.7091346153846154 0.3870192307692308 0.025240384615384616 0.06850961538461539
0 0.6754807692307693 0.39663461538461536 0.028846153846153848 0.0625
0 0.6778846153846154 0.46153846153846156 0.028846153846153848 0.07692307692307693
0 0.6466346153846154 0.3918269230769231 0.026442307692307692 0.06850961538461539
0 0.6442307692307693 0.46634615384615385 0.027644230769230768 0.09014423076923077
0 0.6153846153846154 0.3942307692307692 0.021634615384615384 0.05889423076923077
0 0.6129807692307693 0.4639423076923077 0.02403846153846154 0.078125
0 0.5841346153846154 0.39302884615384615 0.021634615384615384 0.06129807692307692
0 0.5865384615384616 0.4639423076923077 0.02403846153846154 0.0829326923076923
0 0.5552884615384616 0.3954326923076923 0.025240384615384616 0.06971153846153846
0 0.5516826923076923 0.46634615384615385 0.02403846153846154 0.0733173076923077
0 0.5252403846153846 0.3954326923076923 0.02403846153846154 0.07211538461538461
0 0.5180288461538461 0.46634615384615385 0.025240384615384616 0.08413461538461539
0 0.5 0.39663461538461536 0.026442307692307692 0.07091346153846154
0 0.49038461538461536 0.46634615384615385 0.02403846153846154 0.06610576923076923
0 0.4675480769230769 0.4026442307692308 0.028846153846153848 0.06490384615384616
0 0.45913461538461536 0.4675480769230769 0.027644230769230768 0.0733173076923077
0 0.4362980769230769 0.4026442307692308 0.025240384615384616 0.05889423076923077
0 0.42788461538461536 0.4675480769230769 0.028846153846153848 0.06850961538461539
0 0.39903846153846156 0.46634615384615385 0.03485576923076923 0.08653846153846154
0 0.4074519230769231 0.39903846153846156 0.02403846153846154 0.05048076923076923
0 0.3762019230769231 0.39302884615384615 0.03365384615384615 0.06971153846153846
0 0.35096153846153844 0.4014423076923077 0.030048076923076924 0.05889423076923077
0 0.3389423076923077 0.4639423076923077 0.03125 0.08413461538461539
0 0.36778846153846156 0.46634615384615385 0.037259615384615384 0.08173076923076923
0 0.3088942307692308 0.4014423076923077 0.027644230769230768 0.06610576923076923
0 0.2932692307692308 0.46274038461538464 0.03485576923076923 0.06850961538461539
0 0.28125 0.3954326923076923 0.03485576923076923 0.06610576923076923
0 0.2536057692307692 0.39903846153846156 0.03245192307692308 0.05889423076923077
0 0.2620192307692308 0.46634615384615385 0.036057692307692304 0.07692307692307693
0 0.23197115384615385 0.46634615384615385 0.03365384615384615 0.0733173076923077
0 0.22235576923076922 0.4014423076923077 0.03245192307692308 0.06129807692307692
0 0.1935096153846154 0.4026442307692308 0.03365384615384615 0.05889423076923077
0 0.20552884615384615 0.4675480769230769 0.036057692307692304 0.07451923076923077
0 0.17548076923076922 0.4639423076923077 0.03485576923076923 0.07211538461538461
0 0.14903846153846154 0.46634615384615385 0.037259615384615384 0.06850961538461539
0 0.11778846153846154 0.46634615384615385 0.04447115384615385 0.07451923076923077
0 0.09254807692307693 0.4639423076923077 0.038461538461538464 0.06971153846153846
0 0.06610576923076923 0.46153846153846156 0.037259615384615384 0.06610576923076923
0 0.038461538461538464 0.46274038461538464 0.037259615384615384 0.07451923076923077
0 0.016826923076923076 0.4651442307692308 0.03365384615384615 0.07091346153846154
0 0.16826923076923078 0.4014423076923077 0.03485576923076923 0.06129807692307692
0 0.14182692307692307 0.39663461538461536 0.03125 0.06129807692307692
0 0.1141826923076923 0.39903846153846156 0.03245192307692308 0.05889423076923077
0 0.0889423076923077 0.39663461538461536 0.030048076923076924 0.051682692307692304
0 0.06610576923076923 0.40024038461538464 0.03245192307692308 0.051682692307692304
0 0.038461538461538464 0.39663461538461536 0.040865384615384616 0.054086538461538464
0 0.014423076923076924 0.40024038461538464 0.028846153846153848 0.051682692307692304
0 0.8161057692307693 0.2776442307692308 0.030048076923076924 0.06129807692307692
0 0.8088942307692307 0.22115384615384615 0.027644230769230768 0.056490384615384616
0 0.7800480769230769 0.22956730769230768 0.025240384615384616 0.05048076923076923
0 0.7860576923076923 0.2800480769230769 0.025240384615384616 0.06129807692307692
0 0.7524038461538461 0.22235576923076922 0.025240384615384616 0.054086538461538464
0 0.7560096153846154 0.27884615384615385 0.027644230769230768 0.07091346153846154
0 0.7223557692307693 0.2247596153846154 0.025240384615384616 0.052884615384615384
0 0.7271634615384616 0.28365384615384615 0.025240384615384616 0.06850961538461539
0 0.6959134615384616 0.22235576923076922 0.02403846153846154 0.051682692307692304
0 0.7019230769230769 0.2848557692307692 0.027644230769230768 0.078125
0 0.6682692307692307 0.22355769230769232 0.02283653846153846 0.05048076923076923
0 0.671875 0.2800480769230769 0.02403846153846154 0.07451923076923077
0 0.6418269230769231 0.22355769230769232 0.020432692307692308 0.052884615384615384
0 0.6430288461538461 0.2800480769230769 0.02283653846153846 0.06129807692307692
0 0.6153846153846154 0.22355769230769232 0.021634615384615384 0.04567307692307692
0 0.6141826923076923 0.2800480769230769 0.02283653846153846 0.06850961538461539
0 0.5877403846153846 0.2283653846153846 0.019230769230769232 0.051682692307692304
0 0.5865384615384616 0.2848557692307692 0.021634615384615384 0.06009615384615385
0 0.5637019230769231 0.23317307692307693 0.021634615384615384 0.052884615384615384
0 0.5637019230769231 0.28846153846153844 0.020432692307692308 0.055288461538461536
0 0.5384615384615384 0.22355769230769232 0.021634615384615384 0.06009615384615385
0 0.5372596153846154 0.2800480769230769 0.02403846153846154 0.0625
0 0.5096153846153846 0.23317307692307693 0.02403846153846154 0.051682692307692304
0 0.5072115384615384 0.2848557692307692 0.02283653846153846 0.0625
0 0.4855769230769231 0.23317307692307693 0.021634615384615384 0.051682692307692304
0 0.48197115384615385 0.28365384615384615 0.025240384615384616 0.06370192307692307
0 0.45913461538461536 0.23317307692307693 0.027644230769230768 0.05048076923076923
0 0.45552884615384615 0.2932692307692308 0.026442307692307692 0.06850961538461539
0 0.4375 0.234375 0.025240384615384616 0.055288461538461536
0 0.43028846153846156 0.2932692307692308 0.02403846153846154 0.055288461538461536
0 0.41225961538461536 0.23918269230769232 0.021634615384615384 0.046875
0 0.40024038461538464 0.29447115384615385 0.02403846153846154 0.06370192307692307
0 0.38461538461538464 0.23798076923076922 0.02403846153846154 0.04807692307692308
0 0.375 0.29447115384615385 0.026442307692307692 0.06971153846153846
0 0.34975961538461536 0.23918269230769232 0.025240384615384616 0.04567307692307692
0 0.33774038461538464 0.29086538461538464 0.027644230769230768 0.052884615384615384
0 0.3112980769230769 0.29086538461538464 0.028846153846153848 0.0625
0 0.32211538461538464 0.23918269230769232 0.025240384615384616 0.04807692307692308
0 0.2980769230769231 0.23557692307692307 0.02403846153846154 0.046875
0 0.27524038461538464 0.24158653846153846 0.027644230769230768 0.04567307692307692
0 0.25240384615384615 0.23918269230769232 0.026442307692307692 0.04447115384615385
0 0.22596153846153846 0.2403846153846154 0.026442307692307692 0.04326923076923077
0 0.20192307692307693 0.23918269230769232 0.028846153846153848 0.04567307692307692
0 0.18028846153846154 0.24278846153846154 0.027644230769230768 0.055288461538461536
0 0.15264423076923078 0.2439903846153846 0.025240384615384616 0.05048076923076923
0 0.13341346153846154 0.24278846153846154 0.03245192307692308 0.046875
0 0.11177884615384616 0.24759615384615385 0.030048076923076924 0.05048076923076923
0 0.09014423076923077 0.24759615384615385 0.030048076923076924 0.05048076923076923
0 0.06610576923076923 0.24759615384615385 0.030048076923076924 0.04567307692307692
0 0.04326923076923077 0.2512019230769231 0.03125 0.04326923076923077
0 0.020432692307692308 0.3004807692307692 0.036057692307692304 0.05889423076923077
0 0.04326923076923077 0.2980769230769231 0.038461538461538464 0.0625
0 0.06850961538461539 0.296875 0.03245192307692308 0.051682692307692304
0 0.06610576923076923 0.3473557692307692 0.04326923076923077 0.03365384615384615
0 0.09254807692307693 0.2932692307692308 0.027644230769230768 0.054086538461538464
0 0.11298076923076923 0.2932692307692308 0.027644230769230768 0.056490384615384616
0 0.13701923076923078 0.296875 0.03365384615384615 0.06370192307692307
0 0.15985576923076922 0.2956730769230769 0.03125 0.06009615384615385
0 0.18629807692307693 0.29447115384615385 0.03245192307692308 0.06850961538461539
0 0.2091346153846154 0.2956730769230769 0.027644230769230768 0.06370192307692307
0 0.234375 0.2920673076923077 0.026442307692307692 0.06850961538461539
0 0.25961538461538464 0.2956730769230769 0.03125 0.06129807692307692
0 0.2848557692307692 0.29447115384615385 0.030048076923076924 0.06370192307692307
0 0.7956730769230769 0.1346153846153846 0.021634615384615384 0.05889423076923077
0 0.7824519230769231 0.09134615384615384 0.02283653846153846 0.052884615384615384
0 0.7596153846153846 0.09615384615384616 0.027644230769230768 0.05889423076923077
0 0.7680288461538461 0.14423076923076922 0.02283653846153846 0.052884615384615384
0 0.7355769230769231 0.09615384615384616 0.025240384615384616 0.040865384615384616
0 0.7415865384615384 0.14302884615384615 0.02403846153846154 0.055288461538461536
0 0.7163461538461539 0.13942307692307693 0.02403846153846154 0.05889423076923077
0 0.7115384615384616 0.09495192307692307 0.021634615384615384 0.040865384615384616
0 0.6875 0.09615384615384616 0.02403846153846154 0.04447115384615385
0 0.6887019230769231 0.14182692307692307 0.027644230769230768 0.054086538461538464
0 0.6634615384615384 0.09615384615384616 0.02403846153846154 0.04807692307692308
0 0.6646634615384616 0.14423076923076922 0.020432692307692308 0.052884615384615384
0 0.6394230769230769 0.09735576923076923 0.018028846153846152 0.051682692307692304
0 0.640625 0.14302884615384615 0.021634615384615384 0.051682692307692304
0 0.6165865384615384 0.10336538461538461 0.021634615384615384 0.04447115384615385
0 0.6165865384615384 0.1466346153846154 0.021634615384615384 0.051682692307692304
0 0.5949519230769231 0.10336538461538461 0.021634615384615384 0.03365384615384615
0 0.5925480769230769 0.14543269230769232 0.021634615384615384 0.06370192307692307
0 0.5697115384615384 0.0985576923076923 0.021634615384615384 0.04807692307692308
0 0.5685096153846154 0.14903846153846154 0.02283653846153846 0.05048076923076923
0 0.5456730769230769 0.10576923076923077 0.02403846153846154 0.052884615384615384
0 0.5444711538461539 0.14543269230769232 0.018028846153846152 0.06009615384615385
0 0.5240384615384616 0.10096153846153846 0.021634615384615384 0.04567307692307692
0 0.5216346153846154 0.15264423076923078 0.020432692307692308 0.05889423076923077
0 0.5048076923076923 0.10576923076923077 0.019230769230769232 0.03245192307692308
0 0.4987980769230769 0.14903846153846154 0.020432692307692308 0.056490384615384616
0 0.47836538461538464 0.11057692307692307 0.021634615384615384 0.038461538461538464
0 0.4735576923076923 0.15144230769230768 0.02283653846153846 0.05048076923076923
0 0.4567307692307692 0.11298076923076923 0.02403846153846154 0.042067307692307696
0 0.4495192307692308 0.15504807692307693 0.02403846153846154 0.046875
0 0.4266826923076923 0.1502403846153846 0.028846153846153848 0.055288461538461536
0 0.43149038461538464 0.11057692307692307 0.016826923076923076 0.03365384615384615
0 0.4098557692307692 0.11057692307692307 0.02283653846153846 0.03485576923076923
0 0.4050480769230769 0.15504807692307693 0.021634615384615384 0.04447115384615385
0 0.3713942307692308 0.15264423076923078 0.027644230769230768 0.051682692307692304
0 0.3786057692307692 0.11658653846153846 0.019230769230769232 0.03365384615384615
0 0.3581730769230769 0.1141826923076923 0.02283653846153846 0.038461538461538464
0 0.3473557692307692 0.15264423076923078 0.025240384615384616 0.04807692307692308
0 0.33413461538461536 0.11658653846153846 0.02283653846153846 0.036057692307692304
0 0.31971153846153844 0.15384615384615385 0.02283653846153846 0.051682692307692304
0 0.3112980769230769 0.11298076923076923 0.021634615384615384 0.026442307692307692
0 0.29086538461538464 0.11658653846153846 0.019230769230769232 0.030048076923076924
0 0.3016826923076923 0.15264423076923078 0.02403846153846154 0.05048076923076923
0 0.27884615384615385 0.15384615384615385 0.02403846153846154 0.05048076923076923
0 0.2692307692307692 0.11778846153846154 0.021634615384615384 0.042067307692307696
0 0.25600961538461536 0.16105769230769232 0.025240384615384616 0.05048076923076923
0 0.23557692307692307 0.15985576923076922 0.026442307692307692 0.05048076923076923
0 0.24879807692307693 0.11778846153846154 0.02403846153846154 0.037259615384615384
0 0.23076923076923078 0.1141826923076923 0.025240384615384616 0.037259615384615384
0 0.20673076923076922 0.11538461538461539 0.030048076923076924 0.037259615384615384
0 0.18629807692307693 0.12259615384615384 0.026442307692307692 0.036057692307692304
0 0.16706730769230768 0.12259615384615384 0.02403846153846154 0.028846153846153848
0 0.14423076923076922 0.12139423076923077 0.02283653846153846 0.040865384615384616
0 0.12620192307692307 0.12740384615384615 0.025240384615384616 0.03245192307692308
0 0.10576923076923077 0.13221153846153846 0.027644230769230768 0.03485576923076923
0 0.08653846153846154 0.16346153846153846 0.025240384615384616 0.04326923076923077
0 0.11057692307692307 0.16826923076923078 0.027644230769230768 0.04326923076923077
0 0.12980769230769232 0.16826923076923078 0.025240384615384616 0.04567307692307692
0 0.15264423076923078 0.15985576923076922 0.026442307692307692 0.04807692307692308
0 0.171875 0.15865384615384615 0.021634615384615384 0.04326923076923077
0 0.18990384615384615 0.1622596153846154 0.025240384615384616 0.054086538461538464
0 0.21153846153846154 0.15745192307692307 0.02403846153846154 0.05048076923076923
0 0.08653846153846154 0.203125 0.038461538461538464 0.03245192307692308
0 0.8413461538461539 0.019230769230769232 0.02403846153846154 0.037259615384615384
0 0.8197115384615384 0.025240384615384616 0.019230769230769232 0.046875
0 0.7956730769230769 0.021634615384615384 0.021634615384615384 0.04326923076923077
0 0.7728365384615384 0.02403846153846154 0.014423076923076924 0.046875
0 0.7512019230769231 0.025240384615384616 0.018028846153846152 0.05048076923076923
0 0.7283653846153846 0.02403846153846154 0.019230769230769232 0.046875
0 0.7067307692307693 0.026442307692307692 0.02403846153846154 0.052884615384615384
0 0.6838942307692307 0.025240384615384616 0.021634615384615384 0.05048076923076923
0 0.6634615384615384 0.030048076923076924 0.02403846153846154 0.06009615384615385
0 0.6394230769230769 0.030048076923076924 0.019230769230769232 0.052884615384615384
0 0.6189903846153846 0.027644230769230768 0.015625 0.055288461538461536
0 0.5961538461538461 0.03365384615384615 0.018028846153846152 0.04326923076923077
0 0.5721153846153846 0.03485576923076923 0.014423076923076924 0.051682692307692304
0 0.5540865384615384 0.036057692307692304 0.016826923076923076 0.040865384615384616
0 0.5324519230769231 0.040865384615384616 0.018028846153846152 0.05048076923076923
0 0.5108173076923077 0.04326923076923077 0.015625 0.046875
0 0.49038461538461536 0.038461538461538464 0.019230769230769232 0.04807692307692308
0 0.46875 0.040865384615384616 0.019230769230769232 0.055288461538461536
0 0.4483173076923077 0.042067307692307696 0.020432692307692308 0.052884615384615384
0 0.4266826923076923 0.04326923076923077 0.02283653846153846 0.04567307692307692
0 0.39903846153846156 0.04567307692307692 0.020432692307692308 0.04807692307692308
0 0.3762019230769231 0.046875 0.021634615384615384 0.04567307692307692
0 0.3545673076923077 0.04807692307692308 0.019230769230769232 0.04326923076923077
0 0.33653846153846156 0.052884615384615384 0.020432692307692308 0.040865384615384616
0 0.31490384615384615 0.054086538461538464 0.02283653846153846 0.036057692307692304
0 0.29447115384615385 0.051682692307692304 0.019230769230769232 0.04326923076923077
0 0.27524038461538464 0.04807692307692308 0.021634615384615384 0.038461538461538464
0 0.25600961538461536 0.054086538461538464 0.02283653846153846 0.036057692307692304
0 0.23557692307692307 0.056490384615384616 0.02403846153846154 0.046875
0 0.21634615384615385 0.056490384615384616 0.021634615384615384 0.04807692307692308
0 0.19951923076923078 0.05889423076923077 0.025240384615384616 0.038461538461538464
0 0.18028846153846154 0.06009615384615385 0.021634615384615384 0.04326923076923077
0 0.16105769230769232 0.06370192307692307 0.02403846153846154 0.04447115384615385
0 0.140625 0.06490384615384616 0.026442307692307692 0.04447115384615385
0 0.15504807692307693 0.027644230769230768 0.021634615384615384 0.028846153846153848
0 0.17307692307692307 0.028846153846153848 0.019230769230769232 0.028846153846153848
0 0.19110576923076922 0.027644230769230768 0.019230769230769232 0.025240384615384616
0 0.2091346153846154 0.027644230769230768 0.02283653846153846 0.028846153846153848
0 0.22596153846153846 0.027644230769230768 0.019230769230769232 0.028846153846153848
0 0.24879807692307693 0.021634615384615384 0.018028846153846152 0.030048076923076924
0 0.013221153846153846 0.17908653846153846 0.025240384615384616 0.037259615384615384
0 0.019230769230769232 0.1622596153846154 0.037259615384615384 0.030048076923076924
0 0.028846153846153848 0.14302884615384615 0.037259615384615384 0.03485576923076923
0 0.038461538461538464 0.12620192307692307 0.030048076923076924 0.038461538461538464
0 0.05048076923076923 0.11298076923076923 0.038461538461538464 0.030048076923076924
0 0.056490384615384616 0.09134615384615384 0.03485576923076923 0.026442307692307692
0 0.06850961538461539 0.08052884615384616 0.03365384615384615 0.030048076923076924
0 0.078125 0.06490384615384616 0.03485576923076923 0.030048076923076924
0 0.08653846153846154 0.04807692307692308 0.030048076923076924 0.026442307692307692
0 0.09375 0.036057692307692304 0.030048076923076924 0.019230769230769232
0 0.10096153846153846 0.020432692307692308 0.03245192307692308 0.020432692307692308
0 0.10817307692307693 0.009615384615384616 0.030048076923076924 0.018028846153846152
0 0.8413461538461539 0.6394230769230769 0.037259615384615384 0.09615384615384616
0 0.8004807692307693 0.6358173076923077 0.038461538461538464 0.10096153846153846
0 0.7620192307692307 0.6346153846153846 0.037259615384615384 0.10817307692307693
0 0.7247596153846154 0.6334134615384616 0.03245192307692308 0.09254807692307693
0 0.6887019230769231 0.6310096153846154 0.030048076923076924 0.0985576923076923
0 0.6502403846153846 0.6286057692307693 0.03485576923076923 0.09735576923076923
0 0.6129807692307693 0.6262019230769231 0.026442307692307692 0.09615384615384616
0 0.578125 0.6274038461538461 0.025240384615384616 0.08653846153846154
0 0.5444711538461539 0.625 0.030048076923076924 0.09014423076923077
0 0.5096153846153846 0.6237980769230769 0.025240384615384616 0.08653846153846154
0 0.47836538461538464 0.6262019230769231 0.027644230769230768 0.10096153846153846
0 0.4411057692307692 0.6237980769230769 0.03245192307692308 0.08774038461538461
0 0.4074519230769231 0.625 0.03245192307692308 0.08653846153846154
0 0.3713942307692308 0.625 0.03485576923076923 0.08173076923076923
0 0.33774038461538464 0.6274038461538461 0.036057692307692304 0.0889423076923077
0 0.30408653846153844 0.6237980769230769 0.037259615384615384 0.0889423076923077
0 0.25600961538461536 0.6213942307692307 0.036057692307692304 0.08413461538461539
0 0.22115384615384615 0.6237980769230769 0.037259615384615384 0.08052884615384616
0 0.18990384615384615 0.6177884615384616 0.03485576923076923 0.08653846153846154
0 0.15865384615384615 0.6189903846153846 0.039663461538461536 0.07932692307692307
0 0.12620192307692307 0.6213942307692307 0.038461538461538464 0.08413461538461539
0 0.09495192307692307 0.6177884615384616 0.039663461538461536 0.08413461538461539
0 0.06610576923076923 0.6153846153846154 0.040865384615384616 0.09134615384615384
0 0.037259615384615384 0.6165865384615384 0.042067307692307696 0.078125
0 0.013221153846153846 0.6177884615384616 0.026442307692307692 0.08173076923076923
0 0.26802884615384615 0.014423076923076924 0.020432692307692308 0.028846153846153848
0 0.2860576923076923 0.013221153846153846 0.016826923076923076 0.026442307692307692
0 0.30408653846153844 0.018028846153846152 0.016826923076923076 0.036057692307692304
0 0.3245192307692308 0.015625 0.020432692307692308 0.030048076923076924
0 0.3425480769230769 0.015625 0.019230769230769232 0.030048076923076924
0 0.3605769230769231 0.013221153846153846 0.016826923076923076 0.026442307692307692
0 0.38100961538461536 0.009615384615384616 0.015625 0.019230769230769232
0 0.4050480769230769 0.009615384615384616 0.02283653846153846 0.019230769230769232