0 0.23557692307692307 0.28725961538461536 0.036057692307692304 0.0625
0 0.3112980769230769 0.28846153846153844 0.036057692307692304 0.06610576923076923
0 0.3762019230769231 0.28725961538461536 0.03245192307692308 0.06370192307692307
0 0.40384615384615385 0.28725961538461536 0.027644230769230768 0.06009615384615385
0 0.43028846153846156 0.29086538461538464 0.025240384615384616 0.06370192307692307
0 0.4543269230769231 0.28725961538461536 0.026442307692307692 0.06370192307692307
0 0.4807692307692308 0.28846153846153844 0.027644230769230768 0.06129807692307692
0 0.5060096153846154 0.2860576923076923 0.025240384615384616 0.054086538461538464
0 0.5877403846153846 0.2824519230769231 0.028846153846153848 0.06009615384615385
0 0.6177884615384616 0.2824519230769231 0.025240384615384616 0.06009615384615385
0 0.6442307692307693 0.2800480769230769 0.027644230769230768 0.054086538461538464
0 0.6730769230769231 0.2800480769230769 0.027644230769230768 0.054086538461538464
0 0.7007211538461539 0.2776442307692308 0.027644230769230768 0.051682692307692304
0 0.7307692307692307 0.2800480769230769 0.030048076923076924 0.055288461538461536
0 0.7608173076923077 0.2764423076923077 0.027644230769230768 0.0625
0 0.7872596153846154 0.2764423076923077 0.03125 0.054086538461538464
0 0.8161057692307693 0.27403846153846156 0.036057692307692304 0.0625
0 0.1971153846153846 0.40024038461538464 0.042067307692307696 0.06009615384615385
0 0.24879807692307693 0.4014423076923077 0.038461538461538464 0.06370192307692307
0 0.28125 0.4014423076923077 0.039663461538461536 0.05889423076923077
0 0.3125 0.4026442307692308 0.037259615384615384 0.06129807692307692
0 0.34975961538461536 0.4014423076923077 0.03485576923076923 0.056490384615384616
0 0.375 0.4014423076923077 0.03485576923076923 0.06129807692307692
0 0.4098557692307692 0.3954326923076923 0.03365384615384615 0.05889423076923077
0 0.4651442307692308 0.3954326923076923 0.03485576923076923 0.0625
0 0.4951923076923077 0.3954326923076923 0.03245192307692308 0.06129807692307692
0 0.5528846153846154 0.3942307692307692 0.030048076923076924 0.06850961538461539
0 0.5841346153846154 0.3954326923076923 0.030048076923076924 0.06009615384615385
0 0.6129807692307693 0.39302884615384615 0.03485576923076923 0.06370192307692307
0 0.6790865384615384 0.39302884615384615 0.03125 0.0733173076923077
0 0.7091346153846154 0.3894230769230769 0.036057692307692304 0.0733173076923077
0 0.7740384615384616 0.3918269230769231 0.037259615384615384 0.07451923076923077
0 0.20432692307692307 0.4639423076923077 0.04447115384615385 0.08052884615384616
0 0.23197115384615385 0.45913461538461536 0.039663461538461536 0.0829326923076923
0 0.25961538461538464 0.46634615384615385 0.040865384615384616 0.07932692307692307
0 0.29086538461538464 0.4651442307692308 0.037259615384615384 0.08052884615384616
0 0.33533653846153844 0.4675480769230769 0.030048076923076924 0.08413461538461539
0 0.36778846153846156 0.46634615384615385 0.042067307692307696 0.0829326923076923
0 0.3942307692307692 0.4675480769230769 0.037259615384615384 0.078125
0 0.42788461538461536 0.4639423076923077 0.037259615384615384 0.0829326923076923
0 0.4567307692307692 0.4675480769230769 0.030048076923076924 0.07451923076923077
0 0.49038461538461536 0.4675480769230769 0.03245192307692308 0.07451923076923077
0 0.5192307692307693 0.4675480769230769 0.03245192307692308 0.07091346153846154
0 0.5528846153846154 0.4651442307692308 0.026442307692307692 0.07091346153846154
0 0.5817307692307693 0.46634615384615385 0.03245192307692308 0.07091346153846154
0 0.6129807692307693 0.46634615384615385 0.028846153846153848 0.07211538461538461
0 0.6466346153846154 0.4639423076923077 0.03125 0.07211538461538461
0 0.6802884615384616 0.46634615384615385 0.03125 0.07091346153846154
0 0.7115384615384616 0.4651442307692308 0.036057692307692304 0.06610576923076923
0 0.7463942307692307 0.4651442307692308 0.03245192307692308 0.0733173076923077
0 0.7788461538461539 0.46274038461538464 0.038461538461538464 0.0733173076923077
0 0.8112980769230769 0.4651442307692308 0.03485576923076923 0.06850961538461539
0 0.8485576923076923 0.45913461538461536 0.042067307692307696 0.07451923076923077
0 0.12139423076923077 0.6153846153846154 0.04567307692307692 0.0829326923076923
0 0.15144230769230768 0.6177884615384616 0.04567307692307692 0.078125
0 0.2512019230769231 0.6225961538461539 0.042067307692307696 0.07451923076923077
0 0.30288461538461536 0.6177884615384616 0.038461538461538464 0.07091346153846154
0 0.33653846153846156 0.6165865384615384 0.040865384615384616 0.078125
0 0.37259615384615385 0.6189903846153846 0.04807692307692308 0.08413461538461539
0 0.4050480769230769 0.6189903846153846 0.040865384615384616 0.07932692307692307
0 0.4387019230769231 0.6237980769230769 0.040865384615384616 0.08052884615384616
0 0.47115384615384615 0.6225961538461539 0.036057692307692304 0.08052884615384616
0 0.5060096153846154 0.6237980769230769 0.037259615384615384 0.08774038461538461
0 0.5408653846153846 0.6213942307692307 0.037259615384615384 0.078125
0 0.5793269230769231 0.6225961538461539 0.036057692307692304 0.08653846153846154
0 0.6514423076923077 0.625 0.037259615384615384 0.08173076923076923
0 0.6887019230769231 0.6274038461538461 0.040865384615384616 0.0829326923076923
0 0.7259615384615384 0.625 0.042067307692307696 0.08173076923076923
0 0.7644230769230769 0.625 0.040865384615384616 0.0889423076923077
0 0.8004807692307693 0.6274038461538461 0.04447115384615385 0.09134615384615384
0 0.8365384615384616 0.6237980769230769 0.040865384615384616 0.0889423076923077
0 0.875 0.6213942307692307 0.04807692307692308 0.08774038461538461
0 0.13701923076923078 0.7391826923076923 0.055288461538461536 0.08653846153846154
0 0.17668269230769232 0.7391826923076923 0.05889423076923077 0.0889423076923077
0 0.25721153846153844 0.7355769230769231 0.052884615384615384 0.08774038461538461
0 0.3004807692307692 0.734375 0.052884615384615384 0.07932692307692307
0 0.4699519230769231 0.7439903846153846 0.040865384615384616 0.08653846153846154
0 0.5096153846153846 0.7475961538461539 0.04567307692307692 0.08774038461538461
0 0.75 0.9471153846153846 0.04447115384615385 0.10096153846153846
0 0.9266826923076923 0.859375 0.07932692307692307 0.078125
0 0.9026442307692307 0.7319711538461539 0.08052884615384616 0.06610576923076923
0 0.9831730769230769 0.6057692307692307 0.03245192307692308 0.0985576923076923
0 0.9519230769230769 0.4579326923076923 0.039663461538461536 0.08052884615384616
0 0.9314903846153846 0.39302884615384615 0.039663461538461536 0.06971153846153846
0 0.9086538461538461 0.2860576923076923 0.03245192307692308 0.06009615384615385
0 0.8966346153846154 0.23918269230769232 0.030048076923076924 0.04807692307692308
0 0.8293269230769231 0.7391826923076923 0.042067307692307696 0.10697115384615384
0 0.7836538461538461 0.7379807692307693 0.042067307692307696 0.09975961538461539
0 0.7283653846153846 0.7319711538461539 0.037259615384615384 0.1045673076923077
0 0.6466346153846154 0.9519230769230769 0.039663461538461536 0.09254807692307693
0 0.6394230769230769 0.734375 0.03245192307692308 0.1045673076923077
0 0.5925480769230769 0.7319711538461539 0.03485576923076923 0.10336538461538461
0 0.5 0.9543269230769231 0.040865384615384616 0.08774038461538461
0 0.44711538461538464 0.9519230769230769 0.038461538461538464 0.09495192307692307
0 0.39903846153846156 0.9519230769230769 0.04326923076923077 0.09495192307692307
0 0.25240384615384615 0.9459134615384616 0.04927884615384615 0.09495192307692307
0 0.21153846153846154 0.9278846153846154 0.054086538461538464 0.109375
0 0.16105769230769232 0.9375 0.04447115384615385 0.08774038461538461
0 0.11177884615384616 0.9338942307692307 0.046875 0.09254807692307693
0 0.06850961538461539 0.9314903846153846 0.04927884615384615 0.09975961538461539
0 0.026442307692307692 0.7235576923076923 0.05048076923076923 0.10096153846153846
0 0.06850961538461539 0.6105769230769231 0.05048076923076923 0.0985576923076923
0 0.03365384615384615 0.6129807692307693 0.05048076923076923 0.08653846153846154
0 0.016826923076923076 0.5985576923076923 0.03245192307692308 0.08774038461538461
0 0.14903846153846154 0.46274038461538464 0.039663461538461536 0.0733173076923077
0 0.14182692307692307 0.4014423076923077 0.037259615384615384 0.06370192307692307
0 0.11778846153846154 0.4074519230769231 0.037259615384615384 0.06129807692307692
0 0.09014423076923077 0.40024038461538464 0.039663461538461536 0.06009615384615385
0 0.06610576923076923 0.40024038461538464 0.037259615384615384 0.06370192307692307
0 0.019230769230769232 0.40384615384615385 0.038461538461538464 0.0625
0 0.018028846153846152 0.45913461538461536 0.036057692307692304 0.06971153846153846
0 0.04326923076923077 0.45913461538461536 0.038461538461538464 0.0625
0 0.06850961538461539 0.45913461538461536 0.040865384615384616 0.07091346153846154
0 0.2127403846153846 0.28725961538461536 0.03245192307692308 0.06490384615384616
0 0.09375 0.2932692307692308 0.037259615384615384 0.0625
0 0.0673076923076923 0.29447115384615385 0.03485576923076923 0.05889423076923077
0 0.04326923076923077 0.29447115384615385 0.03125 0.05889423076923077
0 0.019230769230769232 0.30288461538461536 0.027644230769230768 0.052884615384615384
0 0.06971153846153846 0.2439903846153846 0.03485576923076923 0.04567307692307692
0 0.13221153846153846 0.24639423076923078 0.03245192307692308 0.046875
0 0.15504807692307693 0.2403846153846154 0.036057692307692304 0.052884615384615384
0 0.17908653846153846 0.24158653846153846 0.027644230769230768 0.046875
0 0.19951923076923078 0.23918269230769232 0.03365384615384615 0.052884615384615384
0 0.22355769230769232 0.23557692307692307 0.03245192307692308 0.042067307692307696
0 0.2512019230769231 0.23317307692307693 0.028846153846153848 0.052884615384615384
0 0.29927884615384615 0.2403846153846154 0.03125 0.046875
0 0.32211538461538464 0.234375 0.030048076923076924 0.051682692307692304
0 0.34975961538461536 0.2403846153846154 0.026442307692307692 0.051682692307692304
0 0.4074519230769231 0.23918269230769232 0.028846153846153848 0.055288461538461536
0 0.43509615384615385 0.23317307692307693 0.025240384615384616 0.04807692307692308
0 0.46153846153846156 0.23197115384615385 0.027644230769230768 0.04807692307692308
0 0.4891826923076923 0.23076923076923078 0.027644230769230768 0.056490384615384616
0 0.5132211538461539 0.22956730769230768 0.02283653846153846 0.054086538461538464
0 0.5925480769230769 0.23197115384615385 0.02403846153846154 0.04807692307692308
0 0.6682692307692307 0.23076923076923078 0.02283653846153846 0.046875
0 0.7247596153846154 0.22956730769230768 0.02403846153846154 0.052884615384615384
0 0.8088942307692307 0.22235576923076922 0.02403846153846154 0.051682692307692304
0 0.765625 0.1346153846153846 0.021634615384615384 0.055288461538461536
0 0.7860576923076923 0.09014423076923077 0.02403846153846154 0.052884615384615384
0 0.7415865384615384 0.13221153846153846 0.02403846153846154 0.056490384615384616
0 0.7115384615384616 0.09615384615384616 0.021634615384615384 0.042067307692307696
0 0.7175480769230769 0.1346153846153846 0.019230769230769232 0.05048076923076923
0 0.6911057692307693 0.13701923076923078 0.021634615384615384 0.054086538461538464
0 0.6646634615384616 0.13942307692307693 0.018028846153846152 0.051682692307692304
0 0.6394230769230769 0.09495192307692307 0.021634615384615384 0.03245192307692308
0 0.6418269230769231 0.13701923076923078 0.021634615384615384 0.055288461538461536
0 0.6165865384615384 0.09615384615384616 0.02403846153846154 0.04447115384615385
0 0.6165865384615384 0.14182692307692307 0.021634615384615384 0.052884615384615384
0 0.59375 0.140625 0.018028846153846152 0.04807692307692308
0 0.5697115384615384 0.14302884615384615 0.02283653846153846 0.05048076923076923
0 0.5216346153846154 0.14302884615384615 0.027644230769230768 0.052884615384615384
0 0.47475961538461536 0.14903846153846154 0.02403846153846154 0.04567307692307692
0 0.4519230769230769 0.14543269230769232 0.021634615384615384 0.05889423076923077
0 0.4362980769230769 0.11298076923076923 0.027644230769230768 0.052884615384615384
0 0.41346153846153844 0.11298076923076923 0.025240384615384616 0.030048076923076924
0 0.4050480769230769 0.14903846153846154 0.025240384615384616 0.04807692307692308
0 0.32572115384615385 0.1502403846153846 0.025240384615384616 0.04807692307692308
0 0.33774038461538464 0.11298076923076923 0.02403846153846154 0.038461538461538464
0 0.2824519230769231 0.1502403846153846 0.030048076923076924 0.051682692307692304
0 0.2512019230769231 0.1141826923076923 0.03245192307692308 0.04807692307692308
0 0.2283653846153846 0.12139423076923077 0.027644230769230768 0.036057692307692304
0 0.23798076923076922 0.15264423076923078 0.030048076923076924 0.04567307692307692
0 0.21394230769230768 0.15745192307692307 0.026442307692307692 0.042067307692307696
0 0.17427884615384615 0.15504807692307693 0.030048076923076924 0.04567307692307692
0 0.15144230769230768 0.15865384615384615 0.030048076923076924 0.055288461538461536
0 0.1310096153846154 0.16346153846153846 0.025240384615384616 0.046875
0 0.1502403846153846 0.12620192307692307 0.030048076923076924 0.04447115384615385
0 0.09014423076923077 0.1658653846153846 0.03245192307692308 0.04807692307692308
0 0.14182692307692307 0.0625 0.027644230769230768 0.03485576923076923
0 0.17548076923076922 0.026442307692307692 0.02403846153846154 0.03485576923076923
0 0.19471153846153846 0.026442307692307692 0.025240384615384616 0.030048076923076924
0 0.1814903846153846 0.056490384615384616 0.02403846153846154 0.036057692307692304
0 0.19951923076923078 0.055288461538461536 0.026442307692307692 0.03245192307692308
0 0.21995192307692307 0.052884615384615384 0.025240384615384616 0.03485576923076923
0 0.23076923076923078 0.020432692307692308 0.021634615384615384 0.025240384615384616
0 0.23798076923076922 0.04807692307692308 0.025240384615384616 0.03485576923076923
0 0.2932692307692308 0.05048076923076923 0.02403846153846154 0.042067307692307696
0 0.3329326923076923 0.046875 0.02283653846153846 0.040865384615384616
0 0.35336538461538464 0.046875 0.02283653846153846 0.042067307692307696
0 0.4050480769230769 0.014423076923076924 0.02283653846153846 0.027644230769230768
0 0.39903846153846156 0.04447115384615385 0.020432692307692308 0.037259615384615384
0 0.4699519230769231 0.037259615384615384 0.021634615384615384 0.042067307692307696
0 0.4951923076923077 0.013221153846153846 0.021634615384615384 0.026442307692307692
0 0.5120192307692307 0.042067307692307696 0.020432692307692308 0.036057692307692304
0 0.5372596153846154 0.013221153846153846 0.021634615384615384 0.026442307692307692
0 0.6177884615384616 0.027644230769230768 0.019230769230769232 0.04326923076923077
0 0.6418269230769231 0.028846153846153848 0.019230769230769232 0.046875
0 0.7067307692307693 0.027644230769230768 0.016826923076923076 0.038461538461538464
0 0.7247596153846154 0.027644230769230768 0.02283653846153846 0.040865384615384616
0 0.7512019230769231 0.025240384615384616 0.020432692307692308 0.042067307692307696
0 0.7944711538461539 0.02403846153846154 0.025240384615384616 0.03485576923076923
0 0.013221153846153846 0.17548076923076922 0.026442307692307692 0.040865384615384616
0 0.02283653846153846 0.15865384615384615 0.037259615384615384 0.030048076923076924
0 0.03125 0.140625 0.03365384615384615 0.03245192307692308
0 0.05048076923076923 0.11057692307692307 0.042067307692307696 0.027644230769230768
0 0.05889423076923077 0.09134615384615384 0.03485576923076923 0.027644230769230768
0 0.07211538461538461 0.07692307692307693 0.027644230769230768 0.02403846153846154
0 0.07572115384615384 0.0625 0.038461538461538464 0.021634615384615384
0 0.08653846153846154 0.04567307692307692 0.036057692307692304 0.025240384615384616
0 0.11057692307692307 0.01201923076923077 0.03245192307692308 0.02403846153846154
0 0.009615384615384616 0.1971153846153846 0.019230769230769232 0.027644230769230768