0 0.23557692307692307 0.28725961538461536 0.036057692307692304 0.0625
0 0.23197115384615385 0.45913461538461536 0.039663461538461536 0.0829326923076923
0 0.33533653846153844 0.4675480769230769 0.030048076923076924 0.08413461538461539
0 0.6129807692307693 0.46634615384615385 0.028846153846153848 0.07211538461538461
0 0.7115384615384616 0.4651442307692308 0.036057692307692304 0.06610576923076923
0 0.4050480769230769 0.6189903846153846 0.040865384615384616 0.07932692307692307
0 0.8365384615384616 0.6237980769230769 0.040865384615384616 0.0889423076923077
0 0.7512019230769231 0.22956730769230768 0.030048076923076924 0.056490384615384616
0 0.7259615384615384 0.026442307692307692 0.021634615384615384 0.04326923076923077
0 0.5108173076923077 0.03245192307692308 0.02403846153846154 0.056490384615384616
0 0.4891826923076923 0.04447115384615385 0.021634615384615384 0.037259615384615384
0 0.4254807692307692 0.046875 0.019230769230769232 0.042067307692307696
0 0.41346153846153844 0.109375 0.02283653846153846 0.052884615384615384
0 0.3557692307692308 0.051682692307692304 0.020432692307692308 0.04447115384615385
0 0.40024038461538464 0.018028846153846152 0.03125 0.036057692307692304
0 0.2860576923076923 0.018028846153846152 0.02403846153846154 0.036057692307692304
0 0.24519230769230768 0.11899038461538461 0.030048076923076924 0.042067307692307696
0 0.11057692307692307 0.24879807692307693 0.036057692307692304 0.052884615384615384
0 0.06370192307692307 0.30288461538461536 0.038461538461538464 0.06129807692307692
0 0.019230769230769232 0.2956730769230769 0.038461538461538464 0.06610576923076923
0 0.057692307692307696 0.4026442307692308 0.037259615384615384 0.06610576923076923
0 0.11778846153846154 0.46274038461538464 0.04326923076923077 0.07932692307692307
0 0.08774038461538461 0.1658653846153846 0.026442307692307692 0.04447115384615385
0 0.1045673076923077 0.13221153846153846 0.025240384615384616 0.04447115384615385
0 0.12620192307692307 0.1310096153846154 0.027644230769230768 0.052884615384615384
0 0.1971153846153846 0.056490384615384616 0.025240384615384616 0.038461538461538464
0 0.21153846153846154 0.026442307692307692 0.025240384615384616 0.038461538461538464
0 0.15504807692307693 0.030048076923076924 0.028846153846153848 0.037259615384615384
0 0.14302884615384615 0.06490384615384616 0.03125 0.036057692307692304
0 0.09735576923076923 0.02403846153846154 0.036057692307692304 0.030048076923076924
0 0.07451923076923077 0.06370192307692307 0.038461538461538464 0.030048076923076924
0 0.04807692307692308 0.109375 0.038461538461538464 0.030048076923076924