0 0.703125 0.9555288461538461 0.028846153846153848 0.08653846153846154
0 0.5456730769230769 0.9543269230769231 0.037259615384615384 0.0889423076923077
0 0.49759615384615385 0.9567307692307693 0.037259615384615384 0.0829326923076923
0 0.44711538461538464 0.9495192307692307 0.037259615384615384 0.09735576923076923
0 0.3942307692307692 0.9567307692307693 0.039663461538461536 0.0829326923076923
0 0.2536057692307692 0.9447115384615384 0.04807692307692308 0.10576923076923077
0 0.21153846153846154 0.9254807692307693 0.051682692307692304 0.11057692307692307
0 0.15985576923076922 0.9350961538461539 0.04807692307692308 0.0889423076923077
0 0.11298076923076923 0.9314903846153846 0.040865384615384616 0.09495192307692307
0 0.07091346153846154 0.9387019230769231 0.055288461538461536 0.08653846153846154
0 0.3004807692307692 0.7307692307692307 0.037259615384615384 0.08173076923076923
0 0.25841346153846156 0.7307692307692307 0.046875 0.109375
0 0.1778846153846154 0.7199519230769231 0.04447115384615385 0.10096153846153846
0 0.13822115384615385 0.7223557692307693 0.04567307692307692 0.09615384615384616
0 0.027644230769230768 0.7223557692307693 0.052884615384615384 0.10096153846153846
0 0.4651442307692308 0.734375 0.03485576923076923 0.09254807692307693
0 0.5072115384615384 0.7331730769230769 0.03245192307692308 0.10096153846153846
0 0.5925480769230769 0.7307692307692307 0.030048076923076924 0.09975961538461539
0 0.7283653846153846 0.7307692307692307 0.03485576923076923 0.09975961538461539
0 0.7776442307692307 0.734375 0.038461538461538464 0.0985576923076923
0 0.8269230769230769 0.7403846153846154 0.040865384615384616 0.09975961538461539
0 0.8990384615384616 0.734375 0.07692307692307693 0.0625
0 0.9170673076923077 0.796875 0.08173076923076923 0.052884615384615384
0 0.9278846153846154 0.8533653846153846 0.07932692307692307 0.06370192307692307
0 0.9507211538461539 0.9375 0.0733173076923077 0.08653846153846154
0 0.9831730769230769 0.609375 0.03245192307692308 0.09495192307692307
0 0.953125 0.4567307692307692 0.038461538461538464 0.07932692307692307
0 0.9278846153846154 0.3545673076923077 0.036057692307692304 0.0625
0 0.8197115384615384 0.27884615384615385 0.037259615384615384 0.06009615384615385
0 0.8497596153846154 0.4699519230769231 0.037259615384615384 0.07451923076923077
0 0.8112980769230769 0.45913461538461536 0.03485576923076923 0.06129807692307692
0 0.7764423076923077 0.46153846153846156 0.037259615384615384 0.08413461538461539
0 0.7415865384615384 0.45913461538461536 0.030048076923076924 0.07211538461538461
0 0.7091346153846154 0.39663461538461536 0.03125 0.06850961538461539
0 0.7127403846153846 0.4651442307692308 0.030048076923076924 0.06610576923076923
0 0.6790865384615384 0.3942307692307692 0.027644230769230768 0.06971153846153846
0 0.6802884615384616 0.46153846153846156 0.030048076923076924 0.06971153846153846
0 0.6478365384615384 0.46274038461538464 0.025240384615384616 0.07211538461538461
0 0.6165865384615384 0.45913461538461536 0.020432692307692308 0.07211538461538461
0 0.6177884615384616 0.39903846153846156 0.026442307692307692 0.04807692307692308
0 0.5865384615384616 0.39663461538461536 0.026442307692307692 0.06370192307692307
0 0.5841346153846154 0.4567307692307692 0.02283653846153846 0.07451923076923077
0 0.5564903846153846 0.39302884615384615 0.026442307692307692 0.054086538461538464
0 0.5516826923076923 0.45913461538461536 0.025240384615384616 0.06850961538461539
0 0.5192307692307693 0.45913461538461536 0.027644230769230768 0.06490384615384616
0 0.5240384615384616 0.3942307692307692 0.027644230769230768 0.06850961538461539
0 0.48677884615384615 0.45913461538461536 0.028846153846153848 0.07451923076923077
0 0.46153846153846156 0.40024038461538464 0.027644230769230768 0.056490384615384616
0 0.4567307692307692 0.45913461538461536 0.030048076923076924 0.07692307692307693
0 0.4362980769230769 0.3918269230769231 0.030048076923076924 0.06850961538461539
0 0.42908653846153844 0.45913461538461536 0.030048076923076924 0.07091346153846154
0 0.39903846153846156 0.45913461538461536 0.03245192307692308 0.08052884615384616
0 0.38221153846153844 0.39903846153846156 0.03125 0.0625
0 0.36778846153846156 0.46153846153846156 0.028846153846153848 0.07211538461538461
0 0.33653846153846156 0.45552884615384615 0.030048076923076924 0.0733173076923077
0 0.3112980769230769 0.40384615384615385 0.03485576923076923 0.06610576923076923
0 0.2956730769230769 0.45913461538461536 0.038461538461538464 0.07091346153846154
0 0.27884615384615385 0.3954326923076923 0.03365384615384615 0.06610576923076923
0 0.2644230769230769 0.4579326923076923 0.03245192307692308 0.07091346153846154
0 0.234375 0.4639423076923077 0.040865384615384616 0.07211538461538461
0 0.20072115384615385 0.4699519230769231 0.03125 0.055288461538461536
0 0.17548076923076922 0.46274038461538464 0.03485576923076923 0.06971153846153846
0 0.1466346153846154 0.46153846153846156 0.037259615384615384 0.07211538461538461
0 0.11899038461538461 0.45913461538461536 0.03245192307692308 0.0625
0 0.09495192307692307 0.4579326923076923 0.037259615384615384 0.06850961538461539
0 0.06610576923076923 0.46153846153846156 0.040865384615384616 0.0733173076923077
0 0.040865384615384616 0.45913461538461536 0.037259615384615384 0.06490384615384616
0 0.018028846153846152 0.4579326923076923 0.036057692307692304 0.0625
0 0.22235576923076922 0.39903846153846156 0.03485576923076923 0.06490384615384616
0 0.19471153846153846 0.3942307692307692 0.036057692307692304 0.05889423076923077
0 0.14423076923076922 0.4026442307692308 0.036057692307692304 0.0625
0 0.11658653846153846 0.39903846153846156 0.039663461538461536 0.051682692307692304
0 0.0889423076923077 0.4014423076923077 0.03485576923076923 0.055288461538461536
0 0.06490384615384616 0.4014423076923077 0.039663461538461536 0.055288461538461536
0 0.039663461538461536 0.4050480769230769 0.042067307692307696 0.055288461538461536
0 0.019230769230769232 0.3954326923076923 0.038461538461538464 0.06009615384615385
0 0.8786057692307693 0.6358173076923077 0.04447115384615385 0.08052884615384616
0 0.8401442307692307 0.6274038461538461 0.040865384615384616 0.09014423076923077
0 0.8004807692307693 0.6310096153846154 0.037259615384615384 0.10336538461538461
0 0.7620192307692307 0.6322115384615384 0.036057692307692304 0.09615384615384616
0 0.7283653846153846 0.6274038461538461 0.03485576923076923 0.09254807692307693
0 0.6887019230769231 0.6310096153846154 0.03245192307692308 0.09254807692307693
0 0.6526442307692307 0.6262019230769231 0.03125 0.09014423076923077
0 0.6153846153846154 0.6225961538461539 0.030048076923076924 0.09495192307692307
0 0.5769230769230769 0.625 0.027644230769230768 0.08173076923076923
0 0.5420673076923077 0.6262019230769231 0.03125 0.0889423076923077
0 0.5048076923076923 0.6225961538461539 0.030048076923076924 0.09495192307692307
0 0.4699519230769231 0.6262019230769231 0.030048076923076924 0.09014423076923077
0 0.4387019230769231 0.6213942307692307 0.027644230769230768 0.08774038461538461
0 0.4050480769230769 0.6189903846153846 0.03485576923076923 0.08413461538461539
0 0.37259615384615385 0.6177884615384616 0.037259615384615384 0.09735576923076923
0 0.33413461538461536 0.625 0.037259615384615384 0.08052884615384616
0 0.3004807692307692 0.6189903846153846 0.037259615384615384 0.08653846153846154
0 0.2548076923076923 0.6189903846153846 0.037259615384615384 0.08653846153846154
0 0.21754807692307693 0.6213942307692307 0.037259615384615384 0.08173076923076923
0 0.18629807692307693 0.6165865384615384 0.046875 0.08173076923076923
0 0.15264423076923078 0.6165865384615384 0.03485576923076923 0.0889423076923077
0 0.12139423076923077 0.6153846153846154 0.03365384615384615 0.08653846153846154
0 0.09254807692307693 0.6141826923076923 0.04447115384615385 0.08413461538461539
0 0.06610576923076923 0.6129807692307693 0.040865384615384616 0.09014423076923077
0 0.03365384615384615 0.609375 0.037259615384615384 0.078125
0 0.010817307692307692 0.6081730769230769 0.021634615384615384 0.08413461538461539
0 0.7884615384615384 0.2776442307692308 0.02403846153846154 0.0733173076923077
0 0.7572115384615384 0.27403846153846156 0.028846153846153848 0.06850961538461539
0 0.7271634615384616 0.2776442307692308 0.026442307692307692 0.05048076923076923
0 0.5973557692307693 0.3112980769230769 0.027644230769230768 0.055288461538461536
0 0.5901442307692307 0.23076923076923078 0.021634615384615384 0.054086538461538464
0 0.5612980769230769 0.2800480769230769 0.027644230769230768 0.0625
0 0.5072115384615384 0.2824519230769231 0.027644230769230768 0.06370192307692307
0 0.4891826923076923 0.22596153846153846 0.025240384615384616 0.056490384615384616
0 0.43028846153846156 0.2860576923076923 0.027644230769230768 0.05889423076923077
0 0.4026442307692308 0.2920673076923077 0.03125 0.06370192307692307
0 0.38461538461538464 0.23918269230769232 0.030048076923076924 0.05048076923076923
0 0.33774038461538464 0.2848557692307692 0.028846153846153848 0.06370192307692307
0 0.3088942307692308 0.2920673076923077 0.03125 0.06129807692307692
0 0.2824519230769231 0.2920673076923077 0.030048076923076924 0.05889423076923077
0 0.25961538461538464 0.29086538461538464 0.036057692307692304 0.05889423076923077
0 0.1814903846153846 0.29447115384615385 0.03245192307692308 0.06009615384615385
0 0.15745192307692307 0.29447115384615385 0.03485576923076923 0.0625
0 0.1778846153846154 0.24158653846153846 0.03245192307692308 0.04447115384615385
0 0.1346153846153846 0.2920673076923077 0.027644230769230768 0.056490384615384616
0 0.11057692307692307 0.29447115384615385 0.037259615384615384 0.0625
0 0.09014423076923077 0.29086538461538464 0.03245192307692308 0.0625
0 0.06850961538461539 0.2980769230769231 0.03485576923076923 0.04807692307692308
0 0.04326923076923077 0.2956730769230769 0.030048076923076924 0.04447115384615385
0 0.021634615384615384 0.2956730769230769 0.03245192307692308 0.04567307692307692
0 0.04326923076923077 0.24639423076923078 0.037259615384615384 0.04567307692307692
0 0.06610576923076923 0.2512019230769231 0.03245192307692308 0.046875
0 0.7668269230769231 0.13341346153846154 0.028846153846153848 0.054086538461538464
0 0.7175480769230769 0.13221153846153846 0.02403846153846154 0.056490384615384616
0 0.7512019230769231 0.02283653846153846 0.026442307692307692 0.04567307692307692
0 0.7079326923076923 0.026442307692307692 0.02283653846153846 0.037259615384615384
0 0.5072115384615384 0.03485576923076923 0.019230769230769232 0.04567307692307692
0 0.35336538461538464 0.05048076923076923 0.027644230769230768 0.046875
0 0.41225961538461536 0.11538461538461539 0.025240384615384616 0.040865384615384616
0 0.40384615384615385 0.15745192307692307 0.026442307692307692 0.04447115384615385
0 0.38221153846153844 0.11298076923076923 0.021634615384615384 0.037259615384615384
0 0.3737980769230769 0.1502403846153846 0.030048076923076924 0.046875
0 0.5348557692307693 0.014423076923076924 0.02283653846153846 0.027644230769230768
0 0.7247596153846154 0.007211538461538462 0.019230769230769232 0.014423076923076924
0 0.29086538461538464 0.11899038461538461 0.030048076923076924 0.037259615384615384
0 0.2283653846153846 0.11899038461538461 0.027644230769230768 0.040865384615384616
0 0.20673076923076922 0.12259615384615384 0.02283653846153846 0.042067307692307696
0 0.17427884615384615 0.15504807692307693 0.026442307692307692 0.04807692307692308
0 0.16826923076923078 0.12620192307692307 0.027644230769230768 0.038461538461538464
0 0.14783653846153846 0.12379807692307693 0.02403846153846154 0.04567307692307692
0 0.12620192307692307 0.12860576923076922 0.027644230769230768 0.04567307692307692
0 0.10576923076923077 0.13221153846153846 0.027644230769230768 0.04567307692307692
0 0.08653846153846154 0.16346153846153846 0.02403846153846154 0.04447115384615385
0 0.10817307692307693 0.1658653846153846 0.025240384615384616 0.037259615384615384
0 0.1346153846153846 0.16105769230769232 0.027644230769230768 0.046875
0 0.2980769230769231 0.05048076923076923 0.025240384615384616 0.04447115384615385
0 0.27403846153846156 0.04807692307692308 0.018028846153846152 0.042067307692307696
0 0.25600961538461536 0.052884615384615384 0.02283653846153846 0.040865384615384616
0 0.23557692307692307 0.052884615384615384 0.025240384615384616 0.04807692307692308
0 0.19831730769230768 0.054086538461538464 0.025240384615384616 0.04567307692307692
0 0.18028846153846154 0.05889423076923077 0.020432692307692308 0.03365384615384615
0 0.16105769230769232 0.06129807692307692 0.02403846153846154 0.046875
0 0.14182692307692307 0.06370192307692307 0.025240384615384616 0.040865384615384616
0 0.15625 0.03365384615384615 0.02403846153846154 0.03245192307692308
0 0.17668269230769232 0.026442307692307692 0.021634615384615384 0.03245192307692308
0 0.19110576923076922 0.025240384615384616 0.020432692307692308 0.030048076923076924
0 0.21153846153846154 0.025240384615384616 0.02403846153846154 0.03245192307692308
0 0.24639423076923078 0.020432692307692308 0.021634615384615384 0.025240384615384616
0 0.2668269230769231 0.019230769230769232 0.021634615384615384 0.030048076923076924
0 0.2848557692307692 0.018028846153846152 0.021634615384615384 0.030048076923076924
0 0.30649038461538464 0.016826923076923076 0.02403846153846154 0.030048076923076924
0 0.10817307692307693 0.009615384615384616 0.030048076923076924 0.019230769230769232
0 0.0985576923076923 0.018028846153846152 0.03365384615384615 0.026442307692307692
0 0.09134615384615384 0.037259615384615384 0.03485576923076923 0.021634615384615384
0 0.07211538461538461 0.06129807692307692 0.04447115384615385 0.040865384615384616
0 0.04807692307692308 0.109375 0.036057692307692304 0.03245192307692308
0 0.020432692307692308 0.15384615384615385 0.037259615384615384 0.03245192307692308
0 0.015625 0.171875 0.03125 0.036057692307692304
0 0.6165865384615384 0.140625 0.021634615384615384 0.052884615384615384
0 0.6418269230769231 0.13701923076923078 0.02283653846153846 0.054086538461538464
0 0.6177884615384616 0.09735576923076923 0.020432692307692308 0.042067307692307696
0 0.9110576923076923 0.2920673076923077 0.037259615384615384 0.06009615384615385
0 0.8870192307692307 0.18870192307692307 0.03245192307692308 0.06009615384615385