0 0.14423076923076922 0.5360576923076923 0.030048076923076924 0.07932692307692307
0 0.15384615384615385 0.6165865384615384 0.04567307692307692 0.09615384615384616
0 0.22235576923076922 0.6213942307692307 0.04326923076923077 0.08653846153846154
0 0.25600961538461536 0.6225961538461539 0.042067307692307696 0.0829326923076923
0 0.30288461538461536 0.6213942307692307 0.038461538461538464 0.0829326923076923
0 0.33413461538461536 0.6225961538461539 0.037259615384615384 0.08173076923076923
0 0.36899038461538464 0.6225961538461539 0.037259615384615384 0.08413461538461539
0 0.40384615384615385 0.6237980769230769 0.03245192307692308 0.08413461538461539
0 0.4362980769230769 0.6237980769230769 0.03485576923076923 0.08774038461538461
0 0.47596153846153844 0.6213942307692307 0.030048076923076924 0.0889423076923077
0 0.5408653846153846 0.625 0.027644230769230768 0.0985576923076923
0 0.5769230769230769 0.625 0.027644230769230768 0.09254807692307693
0 0.6153846153846154 0.6237980769230769 0.027644230769230768 0.09975961538461539
0 0.6502403846153846 0.6274038461538461 0.027644230769230768 0.09735576923076923
0 0.6862980769230769 0.6286057692307693 0.030048076923076924 0.0889423076923077
0 0.7223557692307693 0.6310096153846154 0.027644230769230768 0.08173076923076923
0 0.765625 0.6310096153846154 0.026442307692307692 0.09134615384615384
0 0.8040865384615384 0.6358173076923077 0.030048076923076924 0.0829326923076923
0 0.8401442307692307 0.6310096153846154 0.038461538461538464 0.0889423076923077
0 0.8798076923076923 0.6358173076923077 0.04326923076923077 0.09134615384615384
0 0.8293269230769231 0.5456730769230769 0.05889423076923077 0.052884615384615384
0 0.9122596153846154 0.7884615384615384 0.078125 0.06850961538461539
0 0.9182692307692307 0.8533653846153846 0.07932692307692307 0.07091346153846154
0 0.7788461538461539 0.7355769230769231 0.04326923076923077 0.1045673076923077
0 0.7247596153846154 0.7319711538461539 0.036057692307692304 0.10336538461538461
0 0.7475961538461539 0.9399038461538461 0.039663461538461536 0.10336538461538461
0 0.5949519230769231 0.7307692307692307 0.03365384615384615 0.09495192307692307
0 0.5060096153846154 0.7355769230769231 0.03245192307692308 0.09735576923076923
0 0.43028846153846156 0.7295673076923077 0.030048076923076924 0.0889423076923077
0 0.5504807692307693 0.9447115384615384 0.037259615384615384 0.08413461538461539
0 0.4495192307692308 0.9411057692307693 0.03485576923076923 0.0889423076923077
0 0.3088942307692308 0.9375 0.03485576923076923 0.09254807692307693
0 0.2536057692307692 0.9362980769230769 0.040865384615384616 0.09495192307692307
0 0.11778846153846154 0.9338942307692307 0.046875 0.10096153846153846
0 0.13822115384615385 0.7235576923076923 0.04927884615384615 0.10336538461538461
0 0.18028846153846154 0.7223557692307693 0.046875 0.0985576923076923
0 0.06610576923076923 0.6153846153846154 0.04326923076923077 0.0829326923076923
0 0.03485576923076923 0.6141826923076923 0.040865384615384616 0.08653846153846154
0 0.014423076923076924 0.6045673076923077 0.027644230769230768 0.078125
0 0.8185096153846154 0.4675480769230769 0.038461538461538464 0.0829326923076923
0 0.8533653846153846 0.4639423076923077 0.030048076923076924 0.08052884615384616
0 0.9819711538461539 0.5949519230769231 0.030048076923076924 0.09134615384615384
0 0.9435096153846154 0.42908653846153844 0.038461538461538464 0.07091346153846154
0 0.9122596153846154 0.3112980769230769 0.038461538461538464 0.06370192307692307
0 0.8161057692307693 0.2764423076923077 0.03365384615384615 0.06490384615384616
0 0.8365384615384616 0.3942307692307692 0.03245192307692308 0.06610576923076923
0 0.8052884615384616 0.3942307692307692 0.03485576923076923 0.06610576923076923
0 0.7379807692307693 0.390625 0.027644230769230768 0.06850961538461539
0 0.7800480769230769 0.46153846153846156 0.03485576923076923 0.0733173076923077
0 0.7463942307692307 0.46153846153846156 0.030048076923076924 0.08052884615384616
0 0.7115384615384616 0.46153846153846156 0.030048076923076924 0.0733173076923077
0 0.7091346153846154 0.3954326923076923 0.026442307692307692 0.07211538461538461
0 0.6778846153846154 0.3954326923076923 0.026442307692307692 0.052884615384615384
0 0.6778846153846154 0.4567307692307692 0.025240384615384616 0.07692307692307693
0 0.6454326923076923 0.4579326923076923 0.027644230769230768 0.06490384615384616
0 0.6442307692307693 0.39302884615384615 0.025240384615384616 0.06850961538461539
0 0.6129807692307693 0.3954326923076923 0.025240384615384616 0.06009615384615385
0 0.6165865384615384 0.46153846153846156 0.025240384615384616 0.07692307692307693
0 0.5841346153846154 0.46274038461538464 0.026442307692307692 0.08052884615384616
0 0.5540865384615384 0.3918269230769231 0.025240384615384616 0.06971153846153846
0 0.5504807692307693 0.45913461538461536 0.02403846153846154 0.06850961538461539
0 0.46153846153846156 0.46153846153846156 0.027644230769230768 0.06850961538461539
0 0.4387019230769231 0.40024038461538464 0.025240384615384616 0.05889423076923077
0 0.4266826923076923 0.46274038461538464 0.03245192307692308 0.07211538461538461
0 0.39663461538461536 0.46274038461538464 0.03125 0.07451923076923077
0 0.36778846153846156 0.4639423076923077 0.036057692307692304 0.08052884615384616
0 0.35096153846153844 0.40384615384615385 0.03485576923076923 0.06610576923076923
0 0.2932692307692308 0.4675480769230769 0.036057692307692304 0.07692307692307693
0 0.30649038461538464 0.4026442307692308 0.030048076923076924 0.06610576923076923
0 0.2620192307692308 0.4651442307692308 0.037259615384615384 0.0733173076923077
0 0.17908653846153846 0.4639423076923077 0.036057692307692304 0.07692307692307693
0 0.09254807692307693 0.4639423076923077 0.04326923076923077 0.078125
0 0.040865384615384616 0.4651442307692308 0.040865384615384616 0.078125
0 0.2776442307692308 0.40384615384615385 0.030048076923076924 0.052884615384615384
0 0.2512019230769231 0.4050480769230769 0.03245192307692308 0.06370192307692307
0 0.22235576923076922 0.40384615384615385 0.03245192307692308 0.06971153846153846
0 0.1935096153846154 0.4014423076923077 0.036057692307692304 0.0625
0 0.1658653846153846 0.4074519230769231 0.03485576923076923 0.07091346153846154
0 0.11899038461538461 0.4014423076923077 0.038461538461538464 0.05889423076923077
0 0.0889423076923077 0.40865384615384615 0.027644230769230768 0.055288461538461536
0 0.7560096153846154 0.27884615384615385 0.026442307692307692 0.06850961538461539
0 0.8112980769230769 0.22596153846153846 0.02283653846153846 0.054086538461538464
0 0.7872596153846154 0.09495192307692307 0.021634615384615384 0.06009615384615385
0 0.7524038461538461 0.2247596153846154 0.02403846153846154 0.0625
0 0.7223557692307693 0.2283653846153846 0.02283653846153846 0.06370192307692307
0 0.6995192307692307 0.2776442307692308 0.025240384615384616 0.0733173076923077
0 0.6682692307692307 0.22596153846153846 0.021634615384615384 0.055288461538461536
0 0.6418269230769231 0.27884615384615385 0.02283653846153846 0.07211538461538461
0 0.6189903846153846 0.23076923076923078 0.021634615384615384 0.054086538461538464
0 0.6153846153846154 0.2776442307692308 0.02403846153846154 0.06850961538461539
0 0.5865384615384616 0.27884615384615385 0.027644230769230768 0.0625
0 0.5588942307692307 0.27884615384615385 0.026442307692307692 0.078125
0 0.5324519230769231 0.2848557692307692 0.02283653846153846 0.06129807692307692
0 0.5348557692307693 0.23076923076923078 0.02283653846153846 0.06009615384615385
0 0.5096153846153846 0.23557692307692307 0.02283653846153846 0.06129807692307692
0 0.4855769230769231 0.23317307692307693 0.021634615384615384 0.06490384615384616
0 0.47836538461538464 0.28725961538461536 0.02403846153846154 0.06850961538461539
0 0.46153846153846156 0.24158653846153846 0.02283653846153846 0.055288461538461536
0 0.43509615384615385 0.23918269230769232 0.030048076923076924 0.0625
0 0.4098557692307692 0.24158653846153846 0.027644230769230768 0.054086538461538464
0 0.3762019230769231 0.2920673076923077 0.027644230769230768 0.05889423076923077
0 0.33413461538461536 0.28846153846153844 0.03485576923076923 0.06490384615384616
0 0.31009615384615385 0.29086538461538464 0.03125 0.06850961538461539
0 0.28365384615384615 0.29086538461538464 0.03125 0.06850961538461539
0 0.25721153846153844 0.2932692307692308 0.03245192307692308 0.06370192307692307
0 0.234375 0.29447115384615385 0.028846153846153848 0.056490384615384616
0 0.20793269230769232 0.2920673076923077 0.030048076923076924 0.06370192307692307
0 0.09014423076923077 0.3004807692307692 0.038461538461538464 0.052884615384615384
0 0.06971153846153846 0.2956730769230769 0.027644230769230768 0.052884615384615384
0 0.04447115384615385 0.2980769230769231 0.03485576923076923 0.0625
0 0.021634615384615384 0.2956730769230769 0.03245192307692308 0.055288461538461536
0 0.1778846153846154 0.23918269230769232 0.030048076923076924 0.056490384615384616
0 0.19951923076923078 0.24278846153846154 0.02403846153846154 0.056490384615384616
0 0.2247596153846154 0.23918269230769232 0.026442307692307692 0.054086538461538464
0 0.24879807692307693 0.23798076923076922 0.02403846153846154 0.06129807692307692
0 0.08774038461538461 0.16826923076923078 0.030048076923076924 0.056490384615384616
0 0.10817307692307693 0.1658653846153846 0.021634615384615384 0.046875
0 0.1310096153846154 0.16346153846153846 0.03245192307692308 0.055288461538461536
0 0.21514423076923078 0.16105769230769232 0.03245192307692308 0.05048076923076923
0 0.25721153846153844 0.15745192307692307 0.021634615384615384 0.055288461538461536
0 0.2764423076923077 0.15504807692307693 0.02283653846153846 0.054086538461538464
0 0.3016826923076923 0.15144230769230768 0.028846153846153848 0.04567307692307692
0 0.3449519230769231 0.15504807692307693 0.02403846153846154 0.055288461538461536
0 0.36899038461538464 0.15264423076923078 0.02403846153846154 0.05889423076923077
0 0.4963942307692308 0.14903846153846154 0.02403846153846154 0.056490384615384616
0 0.5444711538461539 0.14302884615384615 0.02403846153846154 0.054086538461538464
0 0.5685096153846154 0.14423076923076922 0.020432692307692308 0.051682692307692304
0 0.5901442307692307 0.14182692307692307 0.021634615384615384 0.055288461538461536
0 0.6177884615384616 0.14182692307692307 0.019230769230769232 0.06850961538461539
0 0.6658653846153846 0.140625 0.02283653846153846 0.06129807692307692
0 0.7415865384615384 0.13942307692307693 0.02403846153846154 0.046875
0 0.6622596153846154 0.09975961538461539 0.021634615384615384 0.046875
0 0.6370192307692307 0.10336538461538461 0.02283653846153846 0.051682692307692304
0 0.5925480769230769 0.10096153846153846 0.021634615384615384 0.05048076923076923
0 0.4375 0.11658653846153846 0.025240384615384616 0.04807692307692308
0 0.4098557692307692 0.11538461538461539 0.02403846153846154 0.040865384615384616
0 0.35216346153846156 0.11538461538461539 0.02403846153846154 0.036057692307692304
0 0.3329326923076923 0.12139423076923077 0.026442307692307692 0.04807692307692308
0 0.2920673076923077 0.11778846153846154 0.02283653846153846 0.04567307692307692
0 0.20673076923076922 0.12379807692307693 0.03245192307692308 0.04447115384615385
0 0.15144230769230768 0.12379807692307693 0.025240384615384616 0.040865384615384616
0 0.12860576923076922 0.1310096153846154 0.026442307692307692 0.040865384615384616
0 0.10697115384615384 0.13221153846153846 0.030048076923076924 0.04326923076923077
0 0.015625 0.17548076923076922 0.026442307692307692 0.03485576923076923
0 0.021634615384615384 0.15264423076923078 0.030048076923076924 0.027644230769230768
0 0.03125 0.13942307692307693 0.03485576923076923 0.028846153846153848
0 0.039663461538461536 0.12379807692307693 0.036057692307692304 0.026442307692307692
0 0.05048076923076923 0.1045673076923077 0.038461538461538464 0.027644230769230768
0 0.0625 0.0889423076923077 0.02283653846153846 0.027644230769230768
0 0.07692307692307693 0.06009615384615385 0.037259615384615384 0.028846153846153848
0 0.10817307692307693 0.014423076923076924 0.03245192307692308 0.025240384615384616
0 0.1622596153846154 0.0625 0.025240384615384616 0.04447115384615385
0 0.19831730769230768 0.05889423076923077 0.026442307692307692 0.042067307692307696
0 0.21754807692307693 0.056490384615384616 0.02403846153846154 0.04447115384615385
0 0.1935096153846154 0.027644230769230768 0.025240384615384616 0.046875
0 0.21153846153846154 0.026442307692307692 0.025240384615384616 0.038461538461538464
0 0.3233173076923077 0.020432692307692308 0.025240384615384616 0.040865384615384616
0 0.33413461538461536 0.055288461538461536 0.02403846153846154 0.04447115384615385
0 0.3605769230769231 0.018028846153846152 0.021634615384615384 0.03485576923076923
0 0.38100961538461536 0.019230769230769232 0.019230769230769232 0.036057692307692304
0 0.44711538461538464 0.04567307692307692 0.019230769230769232 0.046875
0 0.47115384615384615 0.016826923076923076 0.021634615384615384 0.03365384615384615
0 0.5084134615384616 0.046875 0.021634615384615384 0.04326923076923077
0 0.5757211538461539 0.036057692307692304 0.020432692307692308 0.052884615384615384
0 0.6189903846153846 0.037259615384615384 0.019230769230769232 0.046875
0 0.6394230769230769 0.028846153846153848 0.019230769230769232 0.051682692307692304
0 0.6814903846153846 0.03245192307692308 0.02403846153846154 0.051682692307692304
0 0.8161057692307693 0.027644230769230768 0.02403846153846154 0.046875
0 0.5144230769230769 0.01201923076923077 0.02403846153846154 0.02403846153846154
0 0.9891826923076923 0.7151442307692307 0.020432692307692308 0.07692307692307693
0 0.1141826923076923 0.24759615384615385 0.03485576923076923 0.04567307692307692
0 0.09014423076923077 0.24759615384615385 0.030048076923076924 0.04447115384615385