0 0.5072115384615384 0.296875 0.04807692307692308 0.0829326923076923
0 0.5336538461538461 0.25961538461538464 0.052884615384615384 0.09254807692307693
0 0.5745192307692307 0.25 0.057692307692307696 0.0985576923076923
0 0.49038461538461536 0.33774038461538464 0.054086538461538464 0.0985576923076923
0 0.5552884615384616 0.375 0.056490384615384616 0.09254807692307693
0 0.31850961538461536 0.2692307692307692 0.057692307692307696 0.10096153846153846
0 0.5132211538461539 0.45913461538461536 0.055288461538461536 0.09134615384615384
0 0.5372596153846154 0.421875 0.055288461538461536 0.09134615384615384
0 0.44471153846153844 0.4206730769230769 0.05048076923076923 0.09134615384615384
0 0.46274038461538464 0.3713942307692308 0.054086538461538464 0.09495192307692307
0 0.27163461538461536 0.20192307692307693 0.04927884615384615 0.09014423076923077
0 0.20673076923076922 0.4807692307692308 0.052884615384615384 0.09735576923076923
0 0.49158653846153844 0.49759615384615385 0.054086538461538464 0.09254807692307693
0 0.47115384615384615 0.5336538461538461 0.04567307692307692 0.08413461538461539
0 0.5841346153846154 0.33774038461538464 0.04567307692307692 0.08052884615384616
0 0.4170673076923077 0.4519230769230769 0.052884615384615384 0.09615384615384616
0 0.3737980769230769 0.5408653846153846 0.052884615384615384 0.09495192307692307
0 0.39663461538461536 0.49158653846153844 0.05889423076923077 0.09975961538461539
0 0.44350961538461536 0.5733173076923077 0.054086538461538464 0.09495192307692307
0 0.4230769230769231 0.6177884615384616 0.056490384615384616 0.09254807692307693
0 0.6165865384615384 0.6286057692307693 0.052884615384615384 0.09014423076923077
0 0.19471153846153846 0.04326923076923077 0.051682692307692304 0.08052884615384616
0 0.4098557692307692 0.12139423076923077 0.05048076923076923 0.09495192307692307
0 0.28966346153846156 0.15985576923076922 0.051682692307692304 0.09615384615384616
0 0.22355769230769232 0.27524038461538464 0.052884615384615384 0.09495192307692307
0 0.15384615384615385 0.3918269230769231 0.05048076923076923 0.0829326923076923
0 0.27163461538461536 0.3545673076923077 0.05048076923076923 0.09014423076923077
0 0.11298076923076923 0.4831730769230769 0.055288461538461536 0.09975961538461539
0 0.13822115384615385 0.5997596153846154 0.0625 0.09975961538461539
0 0.09375 0.5204326923076923 0.052884615384615384 0.09134615384615384
0 0.33052884615384615 0.6213942307692307 0.05048076923076923 0.09014423076923077
0 0.35216346153846156 0.5805288461538461 0.055288461538461536 0.10096153846153846
0 0.39903846153846156 0.6586538461538461 0.055288461538461536 0.0985576923076923
0 0.38100961538461536 0.6971153846153846 0.054086538461538464 0.09134615384615384
0 0.5925480769230769 0.6730769230769231 0.052884615384615384 0.09254807692307693
0 0.5661057692307693 0.7079326923076923 0.04927884615384615 0.09615384615384616
0 0.5456730769230769 0.7536057692307693 0.054086538461538464 0.09735576923076923
0 0.5216346153846154 0.7908653846153846 0.04927884615384615 0.0889423076923077
0 0.5072115384615384 0.8365384615384616 0.046875 0.0829326923076923
0 0.359375 0.7403846153846154 0.055288461538461536 0.09254807692307693
0 0.3401442307692308 0.07932692307692307 0.055288461538461536 0.09495192307692307
0 0.140625 0.12139423076923077 0.052884615384615384 0.08653846153846154
0 0.09735576923076923 0.19591346153846154 0.05048076923076923 0.09134615384615384
0 0.6850961538461539 0.5084134615384616 0.054086538461538464 0.09495192307692307
0 0.7175480769230769 0.5769230769230769 0.051682692307692304 0.09254807692307693
0 0.7391826923076923 0.6141826923076923 0.040865384615384616 0.08413461538461539
0 0.7596153846153846 0.6586538461538461 0.04567307692307692 0.08653846153846154
0 0.7764423076923077 0.7019230769230769 0.04567307692307692 0.09014423076923077
0 0.6574519230769231 0.5384615384615384 0.052884615384615384 0.09495192307692307
0 0.6394230769230769 0.5889423076923077 0.04927884615384615 0.0889423076923077
0 0.3425480769230769 0.7860576923076923 0.056490384615384616 0.09975961538461539
0 0.3161057692307692 0.8317307692307693 0.055288461538461536 0.08413461538461539
0 0.30649038461538464 0.6550480769230769 0.051682692307692304 0.09254807692307693
0 0.28725961538461536 0.6995192307692307 0.04927884615384615 0.08653846153846154
0 0.2644230769230769 0.7415865384615384 0.052884615384615384 0.09254807692307693
0 0.2932692307692308 0.8665865384615384 0.04807692307692308 0.08653846153846154
0 0.4807692307692308 0.875 0.04567307692307692 0.08173076923076923
0 0.46153846153846156 0.9134615384615384 0.056490384615384616 0.10096153846153846
0 0.4387019230769231 0.9519230769230769 0.055288461538461536 0.09254807692307693
0 0.4110576923076923 0.9735576923076923 0.04567307692307692 0.04807692307692308
0 0.3786057692307692 0.9903846153846154 0.025240384615384616 0.015625
0 0.13341346153846154 0.4387019230769231 0.055288461538461536 0.09975961538461539
0 0.1622596153846154 0.5649038461538461 0.055288461538461536 0.10096153846153846
0 0.18389423076923078 0.5204326923076923 0.052884615384615384 0.0985576923076923
0 0.2283653846153846 0.44471153846153844 0.054086538461538464 0.0985576923076923
0 0.2512019230769231 0.40024038461538464 0.051682692307692304 0.09014423076923077
0 0.1814903846153846 0.3641826923076923 0.052884615384615384 0.09735576923076923
0 0.38461538461538464 0.15985576923076922 0.04807692307692308 0.08413461538461539
0 0.3629807692307692 0.1971153846153846 0.05048076923076923 0.0889423076923077
0 0.36177884615384615 0.04447115384615385 0.04807692307692308 0.08774038461538461
0 0.3161057692307692 0.12139423076923077 0.052884615384615384 0.0889423076923077
0 0.42908653846153844 0.078125 0.052884615384615384 0.09134615384615384
0 0.4266826923076923 0.02403846153846154 0.04807692307692308 0.04807692307692308
0 0.38221153846153844 0.02283653846153846 0.052884615384615384 0.04567307692307692
0 0.49038461538461536 0.03485576923076923 0.04807692307692308 0.06971153846153846
0 0.3389423076923077 0.23918269230769232 0.055288461538461536 0.09735576923076923
0 0.2932692307692308 0.3125 0.051682692307692304 0.09134615384615384
0 0.2439903846153846 0.23197115384615385 0.04567307692307692 0.09014423076923077
0 0.20552884615384615 0.31971153846153844 0.046875 0.08413461538461539
0 0.040865384615384616 0.2956730769230769 0.06370192307692307 0.09975961538461539
0 0.010817307692307692 0.3737980769230769 0.021634615384615384 0.0625
0 0.41346153846153844 0.265625 0.052884615384615384 0.09014423076923077
0 0.11057692307692307 0.6346153846153846 0.055288461538461536 0.09254807692307693
0 0.06490384615384616 0.5528846153846154 0.055288461538461536 0.09254807692307693
0 0.04567307692307692 0.6009615384615384 0.055288461538461536 0.0889423076923077
0 0.09495192307692307 0.6850961538461539 0.056490384615384616 0.0985576923076923
0 0.12139423076923077 0.7776442307692307 0.057692307692307696 0.0985576923076923
0 0.12379807692307693 0.8557692307692307 0.05889423076923077 0.0985576923076923
0 0.07211538461538461 0.7223557692307693 0.05048076923076923 0.08653846153846154
0 0.025240384615384616 0.6418269230769231 0.05048076923076923 0.09254807692307693
0 0.014423076923076924 0.6959134615384616 0.028846153846153848 0.08413461538461539
0 0.04807692307692308 0.765625 0.057692307692307696 0.0985576923076923
0 0.025240384615384616 0.8100961538461539 0.05048076923076923 0.09615384615384616
0 0.013221153846153846 0.8533653846153846 0.026442307692307692 0.08413461538461539
0 0.09375 0.9855769230769231 0.028846153846153848 0.02403846153846154
0 0.12259615384615384 0.9627403846153846 0.056490384615384616 0.07211538461538461
0 0.15144230769230768 0.9375 0.051682692307692304 0.0985576923076923
0 0.17548076923076922 0.9002403846153846 0.056490384615384616 0.10096153846153846
0 0.19110576923076922 0.8533653846153846 0.05048076923076923 0.08774038461538461
0 0.1935096153846154 0.9879807692307693 0.030048076923076924 0.021634615384615384
0 0.22596153846153846 0.9699519230769231 0.05889423076923077 0.056490384615384616
0 0.25240384615384615 0.9495192307692307 0.055288461538461536 0.09134615384615384
0 0.27163461538461536 0.9074519230769231 0.056490384615384616 0.10697115384615384
0 0.21995192307692307 0.8185096153846154 0.051682692307692304 0.10096153846153846
0 0.24158653846153846 0.7788461538461539 0.052884615384615384 0.09615384615384616
0 0.5925480769230769 0.03125 0.052884615384615384 0.0625
0 0.6262019230769231 0.018028846153846152 0.037259615384615384 0.036057692307692304
0 0.6490384615384616 0.11538461538461539 0.051682692307692304 0.09254807692307693
0 0.6706730769230769 0.08653846153846154 0.046875 0.07932692307692307
0 0.6875 0.04326923076923077 0.052884615384615384 0.08653846153846154
0 0.7115384615384616 0.026442307692307692 0.04326923076923077 0.052884615384615384
0 0.7139423076923077 0.16706730769230768 0.04807692307692308 0.09134615384615384
0 0.90625 0.021634615384615384 0.04807692307692308 0.04326923076923077
0 0.9675480769230769 0.04326923076923077 0.046875 0.08413461538461539
0 0.9807692307692307 0.02283653846153846 0.03365384615384615 0.04567307692307692
0 0.9471153846153846 0.07932692307692307 0.046875 0.078125
0 0.9302884615384616 0.11899038461538461 0.052884615384615384 0.08413461538461539
0 0.9098557692307693 0.14543269230769232 0.04447115384615385 0.0733173076923077
0 0.8846153846153846 0.04447115384615385 0.057692307692307696 0.0889423076923077
0 0.8677884615384616 0.07692307692307693 0.05889423076923077 0.09134615384615384
0 0.8473557692307693 0.11057692307692307 0.056490384615384616 0.08653846153846154
0 0.8966346153846154 0.1875 0.056490384615384616 0.09134615384615384
0 0.9939903846153846 0.3233173076923077 0.010817307692307692 0.051682692307692304
0 0.9831730769230769 0.37259615384615385 0.03125 0.09014423076923077
0 0.828125 0.14423076923076922 0.056490384615384616 0.08774038461538461
0 0.8762019230769231 0.22956730769230768 0.04567307692307692 0.08173076923076923
0 0.8581730769230769 0.2668269230769231 0.054086538461538464 0.09615384615384616
0 0.8088942307692307 0.1875 0.052884615384615384 0.0889423076923077
0 0.7860576923076923 0.21634615384615385 0.052884615384615384 0.09014423076923077
0 0.7668269230769231 0.2536057692307692 0.054086538461538464 0.09014423076923077
0 0.75 0.30408653846153844 0.055288461538461536 0.09134615384615384
0 0.8401442307692307 0.30408653846153844 0.051682692307692304 0.08774038461538461
0 0.8173076923076923 0.3401442307692308 0.052884615384615384 0.08653846153846154
0 0.796875 0.38461538461538464 0.054086538461538464 0.0889423076923077
0 0.9735576923076923 0.4098557692307692 0.051682692307692304 0.0829326923076923
0 0.9519230769230769 0.44591346153846156 0.04927884615384615 0.09134615384615384
0 0.9411057692307693 0.4963942307692308 0.05048076923076923 0.08653846153846154
0 0.9242788461538461 0.5336538461538461 0.05889423076923077 0.0985576923076923
0 0.9038461538461539 0.5697115384615384 0.051682692307692304 0.08653846153846154
0 0.8834134615384616 0.6033653846153846 0.04807692307692308 0.0889423076923077
0 0.8629807692307693 0.6418269230769231 0.046875 0.0889423076923077
0 0.8401442307692307 0.6802884615384616 0.04927884615384615 0.0889423076923077