0 0.4326923076923077 0.6225961538461539 0.051682692307692304 0.05048076923076923
0 0.4338942307692308 0.5721153846153846 0.057692307692307696 0.05048076923076923
0 0.5745192307692307 0.6237980769230769 0.05889423076923077 0.046875
0 0.7776442307692307 0.6754807692307693 0.05889423076923077 0.04807692307692308
0 0.78125 0.7307692307692307 0.06610576923076923 0.051682692307692304
0 0.7824519230769231 0.9026442307692307 0.06129807692307692 0.04807692307692308
0 0.7836538461538461 0.8473557692307693 0.0625 0.052884615384615384
0 0.7824519230769231 0.7860576923076923 0.05889423076923077 0.04807692307692308
0 0.6502403846153846 0.5612980769230769 0.05889423076923077 0.052884615384615384
0 0.36899038461538464 0.6237980769230769 0.0625 0.05048076923076923
0 0.36778846153846156 0.5649038461538461 0.056490384615384616 0.051682692307692304
0 0.43149038461538464 0.4519230769230769 0.055288461538461536 0.055288461538461536
0 0.4338942307692308 0.3942307692307692 0.06370192307692307 0.055288461538461536
0 0.36778846153846156 0.39663461538461536 0.05889423076923077 0.04807692307692308
0 0.4266826923076923 0.34134615384615385 0.05889423076923077 0.05048076923076923
0 0.36177884615384615 0.3449519230769231 0.057692307692307696 0.054086538461538464
0 0.5745192307692307 0.5036057692307693 0.056490384615384616 0.054086538461538464
0 0.6466346153846154 0.5024038461538461 0.06009615384615385 0.051682692307692304
0 0.6442307692307693 0.44711538461538464 0.06129807692307692 0.051682692307692304
0 0.5733173076923077 0.4483173076923077 0.06490384615384616 0.04807692307692308
0 0.5697115384615384 0.3954326923076923 0.052884615384615384 0.052884615384615384
0 0.5721153846153846 0.33413461538461536 0.06370192307692307 0.051682692307692304
0 0.6430288461538461 0.33413461538461536 0.0625 0.054086538461538464
0 0.6478365384615384 0.390625 0.05889423076923077 0.04807692307692308
0 0.5733173076923077 0.2800480769230769 0.05889423076923077 0.05048076923076923
0 0.6442307692307693 0.2800480769230769 0.056490384615384616 0.05048076923076923
0 0.5745192307692307 0.22596153846153846 0.05889423076923077 0.05048076923076923
0 0.5745192307692307 0.17307692307692307 0.055288461538461536 0.05048076923076923
0 0.36778846153846156 0.2860576923076923 0.056490384615384616 0.055288461538461536
0 0.43149038461538464 0.2848557692307692 0.06490384615384616 0.054086538461538464
0 0.4338942307692308 0.23076923076923078 0.057692307692307696 0.052884615384615384
0 0.36778846153846156 0.23197115384615385 0.06129807692307692 0.055288461538461536
0 0.4326923076923077 0.17548076923076922 0.05889423076923077 0.054086538461538464
0 0.36658653846153844 0.1778846153846154 0.06009615384615385 0.052884615384615384
0 0.3629807692307692 0.12740384615384615 0.055288461538461536 0.055288461538461536
0 0.7740384615384616 0.4543269230769231 0.06370192307692307 0.055288461538461536
0 0.7752403846153846 0.5096153846153846 0.05889423076923077 0.05048076923076923
0 0.7800480769230769 0.5600961538461539 0.05889423076923077 0.04567307692307692
0 0.7788461538461539 0.6165865384615384 0.05889423076923077 0.052884615384615384
0 0.43149038461538464 0.5120192307692307 0.06370192307692307 0.05048076923076923
0 0.36538461538461536 0.5108173076923077 0.06490384615384616 0.046875
0 0.5709134615384616 0.5649038461538461 0.05889423076923077 0.05048076923076923
0 0.6502403846153846 0.6165865384615384 0.05889423076923077 0.052884615384615384
0 0.7788461538461539 0.39302884615384615 0.05889423076923077 0.04807692307692308
0 0.7788461538461539 0.3401442307692308 0.055288461538461536 0.05048076923076923
0 0.7740384615384616 0.2848557692307692 0.06129807692307692 0.055288461538461536
0 0.7752403846153846 0.23076923076923078 0.06129807692307692 0.04807692307692308
0 0.7740384615384616 0.17307692307692307 0.06370192307692307 0.054086538461538464
0 0.7692307692307693 0.12259615384615384 0.06370192307692307 0.052884615384615384
0 0.7668269230769231 0.06971153846153846 0.05048076923076923 0.052884615384615384
0 0.7680288461538461 0.020432692307692308 0.04927884615384615 0.040865384615384616
0 0.6466346153846154 0.22235576923076922 0.055288461538461536 0.046875
0 0.6454326923076923 0.16706730769230768 0.06129807692307692 0.04807692307692308
0 0.6382211538461539 0.11658653846153846 0.056490384615384616 0.04807692307692308
0 0.5697115384615384 0.11778846153846154 0.057692307692307696 0.05048076923076923
0 0.36538461538461536 0.453125 0.06129807692307692 0.04807692307692308
0 0.43149038461538464 0.11658653846153846 0.05889423076923077 0.052884615384615384
0 0.43509615384615385 0.06490384615384616 0.06009615384615385 0.05048076923076923
0 0.3713942307692308 0.07091346153846154 0.05889423076923077 0.052884615384615384
0 0.3713942307692308 0.021634615384615384 0.05048076923076923 0.04326923076923077
0 0.43509615384615385 0.019230769230769232 0.055288461538461536 0.038461538461538464
0 0.5709134615384616 0.06610576923076923 0.055288461538461536 0.04807692307692308
0 0.6370192307692307 0.0625 0.05889423076923077 0.052884615384615384
0 0.6334134615384616 0.020432692307692308 0.056490384615384616 0.040865384615384616
0 0.5709134615384616 0.021634615384615384 0.056490384615384616 0.04326923076923077
0 0.5769230769230769 0.6778846153846154 0.06370192307692307 0.051682692307692304
0 0.6454326923076923 0.6790865384615384 0.06009615384615385 0.04447115384615385
0 0.6466346153846154 0.7379807692307693 0.06129807692307692 0.05048076923076923
0 0.5793269230769231 0.7391826923076923 0.055288461538461536 0.04807692307692308
0 0.5793269230769231 0.796875 0.06129807692307692 0.04807692307692308
0 0.6442307692307693 0.7908653846153846 0.06009615384615385 0.04807692307692308
0 0.6478365384615384 0.8497596153846154 0.06370192307692307 0.046875
0 0.5805288461538461 0.8485576923076923 0.06490384615384616 0.052884615384615384
0 0.5817307692307693 0.9086538461538461 0.06370192307692307 0.05048076923076923
0 0.6478365384615384 0.9038461538461539 0.055288461538461536 0.046875
0 0.6490384615384616 0.9615384615384616 0.06610576923076923 0.055288461538461536
0 0.5793269230769231 0.9627403846153846 0.06370192307692307 0.046875
0 0.7800480769230769 0.9519230769230769 0.06129807692307692 0.04807692307692308
0 0.36778846153846156 0.6875 0.06009615384615385 0.054086538461538464
0 0.4362980769230769 0.6814903846153846 0.06009615384615385 0.054086538461538464
0 0.4362980769230769 0.7391826923076923 0.06009615384615385 0.04567307692307692
0 0.36538461538461536 0.7415865384615384 0.056490384615384616 0.04807692307692308
0 0.4362980769230769 0.796875 0.0625 0.046875
0 0.4375 0.8533653846153846 0.06610576923076923 0.054086538461538464
0 0.3629807692307692 0.8581730769230769 0.05889423076923077 0.054086538461538464
0 0.3629807692307692 0.7980769230769231 0.06129807692307692 0.054086538461538464
0 0.4326923076923077 0.9110576923076923 0.06129807692307692 0.05048076923076923
0 0.4338942307692308 0.9699519230769231 0.06370192307692307 0.054086538461538464
0 0.3629807692307692 0.9711538461538461 0.0625 0.055288461538461536
0 0.3605769230769231 0.9134615384615384 0.052884615384615384 0.04807692307692308
0 0.21875 0.9110576923076923 0.06490384615384616 0.055288461538461536
0 0.22235576923076922 0.9699519230769231 0.0673076923076923 0.051682692307692304
0 0.24879807692307693 0.8088942307692307 0.030048076923076924 0.11298076923076923
0 0.24639423076923078 0.6838942307692307 0.03125 0.10697115384615384
0 0.2439903846153846 0.5588942307692307 0.03245192307692308 0.11658653846153846
0 0.24879807692307693 0.4375 0.030048076923076924 0.10336538461538461
0 0.24879807692307693 0.3125 0.027644230769230768 0.09615384615384616
0 0.24639423076923078 0.1971153846153846 0.030048076923076924 0.1141826923076923
0 0.2512019230769231 0.06370192307692307 0.030048076923076924 0.1045673076923077