0 0.47596153846153844 0.18389423076923078 0.042067307692307696 0.16346153846153846
0 0.6262019230769231 0.6598557692307693 0.040865384615384616 0.171875
0 0.5709134615384616 0.6706730769230769 0.042067307692307696 0.17067307692307693
0 0.5204326923076923 0.6622596153846154 0.042067307692307696 0.1658653846153846
0 0.4675480769230769 0.6658653846153846 0.039663461538461536 0.1502403846153846
0 0.4206730769230769 0.6730769230769231 0.04567307692307692 0.1778846153846154
0 0.7283653846153846 0.6778846153846154 0.04447115384615385 0.17548076923076922
0 0.6778846153846154 0.671875 0.04567307692307692 0.17307692307692307
0 0.7824519230769231 0.9591346153846154 0.04326923076923077 0.078125
0 0.3173076923076923 0.6754807692307693 0.04567307692307692 0.17908653846153846
0 0.265625 0.6730769230769231 0.04567307692307692 0.17067307692307693
0 0.21875 0.6274038461538461 0.04447115384615385 0.16706730769230768
0 0.16947115384615385 0.6334134615384616 0.04567307692307692 0.16826923076923078
0 0.12379807692307693 0.6237980769230769 0.04807692307692308 0.16346153846153846
0 0.030048076923076924 0.6213942307692307 0.04807692307692308 0.15745192307692307
0 0.8293269230769231 0.19110576923076922 0.05048076923076923 0.17548076923076922
0 0.7752403846153846 0.15985576923076922 0.04567307692307692 0.1622596153846154
0 0.7271634615384616 0.1971153846153846 0.040865384615384616 0.1502403846153846
0 0.6778846153846154 0.1935096153846154 0.04326923076923077 0.16947115384615385
0 0.6298076923076923 0.171875 0.04447115384615385 0.18870192307692307
0 0.5793269230769231 0.1814903846153846 0.040865384615384616 0.16826923076923078
0 0.5252403846153846 0.1935096153846154 0.040865384615384616 0.1658653846153846
0 0.43149038461538464 0.17908653846153846 0.042067307692307696 0.15264423076923078
0 0.38221153846153844 0.171875 0.04326923076923077 0.16947115384615385
0 0.33533653846153844 0.16105769230769232 0.040865384615384616 0.15745192307692307
0 0.28725961538461536 0.13581730769230768 0.046875 0.17668269230769232
0 0.234375 0.16947115384615385 0.04567307692307692 0.17668269230769232
0 0.18509615384615385 0.1622596153846154 0.04567307692307692 0.17548076923076922
0 0.13942307692307693 0.15144230769230768 0.04567307692307692 0.171875
0 0.009615384615384616 0.14423076923076922 0.019230769230769232 0.14302884615384615