0 0.8641826923076923 0.19951923076923078 0.04807692307692308 0.04567307692307692
0 0.8088942307692307 0.19591346153846154 0.046875 0.046875
0 0.3557692307692308 0.16826923076923078 0.056490384615384616 0.04567307692307692
0 0.7752403846153846 0.40024038461538464 0.02403846153846154 0.0985576923076923
0 0.7055288461538461 0.40384615384615385 0.027644230769230768 0.10096153846153846
0 0.6742788461538461 0.39663461538461536 0.02403846153846154 0.09014423076923077
0 0.6502403846153846 0.39302884615384615 0.021634615384615384 0.09495192307692307
0 0.6237980769230769 0.3894230769230769 0.025240384615384616 0.09134615384615384
0 0.5685096153846154 0.3858173076923077 0.02403846153846154 0.0889423076923077
0 0.5432692307692307 0.3870192307692308 0.021634615384615384 0.09254807692307693
0 0.515625 0.3858173076923077 0.02403846153846154 0.0985576923076923
0 0.4891826923076923 0.3918269230769231 0.025240384615384616 0.09495192307692307
0 0.46153846153846156 0.38461538461538464 0.02403846153846154 0.09615384615384616
0 0.4338942307692308 0.3918269230769231 0.02283653846153846 0.09735576923076923
0 0.40625 0.38461538461538464 0.025240384615384616 0.09254807692307693
0 0.375 0.37740384615384615 0.02283653846153846 0.08413461538461539
0 0.3485576923076923 0.3858173076923077 0.02403846153846154 0.0985576923076923
0 0.3161057692307692 0.3918269230769231 0.025240384615384616 0.09014423076923077
0 0.3581730769230769 0.5877403846153846 0.027644230769230768 0.08052884615384616
0 0.38461538461538464 0.5973557692307693 0.030048076923076924 0.09254807692307693
0 0.4098557692307692 0.5865384615384616 0.028846153846153848 0.08173076923076923
0 0.5228365384615384 0.5913461538461539 0.03125 0.0889423076923077
0 0.5504807692307693 0.5913461538461539 0.030048076923076924 0.09014423076923077
0 0.5745192307692307 0.5901442307692307 0.03125 0.0889423076923077
0 0.6045673076923077 0.5949519230769231 0.030048076923076924 0.08774038461538461
0 0.7355769230769231 0.5961538461538461 0.03245192307692308 0.08653846153846154
0 0.42427884615384615 0.16706730769230768 0.052884615384615384 0.04326923076923077
0 0.4855769230769231 0.17067307692307693 0.04807692307692308 0.04447115384615385
0 0.5793269230769231 0.17908653846153846 0.04927884615384615 0.04326923076923077
0 0.23317307692307693 0.17307692307692307 0.054086538461538464 0.042067307692307696
0 0.18389423076923078 0.171875 0.05048076923076923 0.04447115384615385
0 0.8028846153846154 0.4110576923076923 0.025240384615384616 0.09254807692307693
0 0.7487980769230769 0.39903846153846156 0.02283653846153846 0.08052884615384616
0 0.7247596153846154 0.40024038461538464 0.021634615384615384 0.09134615384615384
0 0.8257211538461539 0.39903846153846156 0.019230769230769232 0.08413461538461539
0 0.8485576923076923 0.40024038461538464 0.02283653846153846 0.08413461538461539
0 0.8737980769230769 0.4014423076923077 0.02283653846153846 0.052884615384615384
0 0.8990384615384616 0.4026442307692308 0.025240384615384616 0.08173076923076923
0 0.9230769230769231 0.4098557692307692 0.02403846153846154 0.08052884615384616
0 0.9471153846153846 0.40384615384615385 0.02403846153846154 0.08774038461538461
0 0.9723557692307693 0.4098557692307692 0.025240384615384616 0.08653846153846154
0 0.9098557692307693 0.6057692307692307 0.03245192307692308 0.08173076923076923
0 0.9338942307692307 0.6009615384615384 0.03485576923076923 0.0889423076923077
0 0.8112980769230769 0.6033653846153846 0.027644230769230768 0.08653846153846154
0 0.7836538461538461 0.5973557692307693 0.03365384615384615 0.09134615384615384
0 0.9338942307692307 0.7716346153846154 0.040865384615384616 0.08774038461538461
0 0.9615384615384616 0.7716346153846154 0.040865384615384616 0.08774038461538461
0 0.8737980769230769 0.7716346153846154 0.03485576923076923 0.08052884615384616
0 0.8533653846153846 0.765625 0.040865384615384616 0.09134615384615384
0 0.7043269230769231 0.7752403846153846 0.036057692307692304 0.08774038461538461
0 0.6430288461538461 0.7680288461538461 0.037259615384615384 0.09014423076923077
0 0.6129807692307693 0.7692307692307693 0.03485576923076923 0.0829326923076923
0 0.4266826923076923 0.7776442307692307 0.03485576923076923 0.09014423076923077
0 0.45913461538461536 0.7764423076923077 0.03125 0.0889423076923077
0 0.5240384615384616 0.7704326923076923 0.037259615384615384 0.1045673076923077
0 0.4879807692307692 0.7776442307692307 0.03125 0.0889423076923077
0 0.36778846153846156 0.7752403846153846 0.03485576923076923 0.09014423076923077
0 0.33774038461538464 0.765625 0.030048076923076924 0.09975961538461539
0 0.3076923076923077 0.7740384615384616 0.03125 0.08774038461538461
0 0.28125 0.765625 0.03125 0.09014423076923077
0 0.25600961538461536 0.7512019230769231 0.03245192307692308 0.08653846153846154
0 0.3173076923076923 0.49038461538461536 0.026442307692307692 0.09975961538461539
0 0.5949519230769231 0.4014423076923077 0.021634615384615384 0.09615384615384616
0 0.9855769230769231 0.2091346153846154 0.027644230769230768 0.046875
0 0.9915865384615384 0.41586538461538464 0.015625 0.06971153846153846
0 0.9831730769230769 0.6105769230769231 0.03125 0.0829326923076923
0 0.9855769230769231 0.7608173076923077 0.025240384615384616 0.08413461538461539