0 0.5504807692307693 0.7487980769230769 0.040865384615384616 0.1778846153846154
0 0.5036057692307693 0.7475961538461539 0.040865384615384616 0.17307692307692307
0 0.4567307692307692 0.7391826923076923 0.042067307692307696 0.16706730769230768
0 0.6538461538461539 0.7487980769230769 0.038461538461538464 0.1622596153846154
0 0.4014423076923077 0.7259615384615384 0.04447115384615385 0.15865384615384615
0 0.4675480769230769 0.234375 0.039663461538461536 0.14903846153846154
0 0.4182692307692308 0.25 0.046875 0.1778846153846154
0 0.6021634615384616 0.75 0.042067307692307696 0.18509615384615385
0 0.7079326923076923 0.2668269230769231 0.042067307692307696 0.16706730769230768
0 0.7067307692307693 0.7620192307692307 0.04326923076923077 0.17548076923076922
0 0.7536057692307693 0.7427884615384616 0.042067307692307696 0.14423076923076922
0 0.5637019230769231 0.24759615384615385 0.04326923076923077 0.15144230769230768
0 0.6574519230769231 0.2512019230769231 0.042067307692307696 0.16947115384615385
0 0.7584134615384616 0.2704326923076923 0.04447115384615385 0.15745192307692307
0 0.8052884615384616 0.26802884615384615 0.04326923076923077 0.1466346153846154
0 0.9435096153846154 0.28365384615384615 0.04927884615384615 0.16826923076923078
0 0.9831730769230769 0.296875 0.03245192307692308 0.17548076923076922
0 0.9783653846153846 0.7536057692307693 0.040865384615384616 0.17307692307692307
0 0.9387019230769231 0.7439903846153846 0.04807692307692308 0.16706730769230768
0 0.8473557692307693 0.7415865384615384 0.04447115384615385 0.16105769230769232
0 0.8004807692307693 0.7512019230769231 0.042067307692307696 0.1814903846153846
0 0.35336538461538464 0.7223557692307693 0.040865384615384616 0.16706730769230768
0 0.31971153846153844 0.24278846153846154 0.042067307692307696 0.16826923076923078
0 0.2692307692307692 0.25721153846153844 0.04807692307692308 0.16947115384615385
0 0.21995192307692307 0.23557692307692307 0.046875 0.16105769230769232
0 0.17668269230769232 0.21394230769230768 0.04447115384615385 0.1622596153846154
0 0.12860576923076922 0.1971153846153846 0.05048076923076923 0.17307692307692307
0 0.08173076923076923 0.21514423076923078 0.046875 0.1622596153846154
0 0.030048076923076924 0.22355769230769232 0.052884615384615384 0.1778846153846154
0 0.30649038461538464 0.7091346153846154 0.04447115384615385 0.1658653846153846
0 0.25721153846153844 0.7067307692307693 0.042067307692307696 0.16826923076923078
0 0.20673076923076922 0.7019230769230769 0.04927884615384615 0.1778846153846154
0 0.15985576923076922 0.7079326923076923 0.04326923076923077 0.15504807692307693
0 0.11298076923076923 0.703125 0.04927884615384615 0.171875
0 0.06009615384615385 0.7139423076923077 0.052884615384615384 0.171875
0 0.020432692307692308 0.7115384615384616 0.040865384615384616 0.17307692307692307