0 0.4206730769230769 0.3942307692307692 0.09134615384615384 0.06850961538461539
0 0.4230769230769231 0.4723557692307692 0.09014423076923077 0.06490384615384616
0 0.4230769230769231 0.5432692307692307 0.08413461538461539 0.06850961538461539
0 0.4182692307692308 0.6177884615384616 0.09495192307692307 0.07692307692307693
0 0.8689903846153846 0.24879807692307693 0.08173076923076923 0.0625
0 0.8677884615384616 0.32211538461538464 0.08052884615384616 0.06129807692307692
0 0.7007211538461539 0.16105769230769232 0.08533653846153846 0.0733173076923077
0 0.6057692307692307 0.15985576923076922 0.08413461538461539 0.06610576923076923
0 0.6165865384615384 0.39302884615384615 0.07932692307692307 0.06850961538461539
0 0.6105769230769231 0.31490384615384615 0.08173076923076923 0.07091346153846154
0 0.6081730769230769 0.234375 0.0889423076923077 0.07211538461538461
0 0.703125 0.2439903846153846 0.08052884615384616 0.06850961538461539
0 0.7007211538461539 0.3137019230769231 0.08413461538461539 0.06490384615384616
0 0.7043269230769231 0.38461538461538464 0.06971153846153846 0.06490384615384616
0 0.4254807692307692 0.15985576923076922 0.0889423076923077 0.07451923076923077
0 0.4230769230769231 0.23557692307692307 0.09254807692307693 0.06490384615384616
0 0.41225961538461536 0.6935096153846154 0.09495192307692307 0.06610576923076923
0 0.7091346153846154 0.4579326923076923 0.08413461538461539 0.0625
0 0.6995192307692307 0.5360576923076923 0.08413461538461539 0.06850961538461539
0 0.41346153846153844 0.3233173076923077 0.08653846153846154 0.06490384615384616
0 0.328125 0.1622596153846154 0.09495192307692307 0.07091346153846154
0 0.3293269230769231 0.2403846153846154 0.0889423076923077 0.06610576923076923
0 0.3269230769230769 0.3245192307692308 0.08413461538461539 0.06370192307692307
0 0.4206730769230769 0.7716346153846154 0.09254807692307693 0.07211538461538461
0 0.421875 0.8473557692307693 0.08653846153846154 0.06850961538461539
0 0.3942307692307692 0.9314903846153846 0.0889423076923077 0.07692307692307693
0 0.32091346153846156 0.7752403846153846 0.09495192307692307 0.078125
0 0.3269230769230769 0.8545673076923077 0.08774038461538461 0.06490384615384616
0 0.14423076923076922 0.171875 0.09375 0.06971153846153846
0 0.040865384615384616 0.17668269230769232 0.08173076923076923 0.07451923076923077
0 0.140625 0.25841346153846156 0.09254807692307693 0.06610576923076923
0 0.039663461538461536 0.2644230769230769 0.07932692307692307 0.07211538461538461
0 0.140625 0.33774038461538464 0.09375 0.07211538461538461
0 0.1346153846153846 0.5012019230769231 0.09735576923076923 0.07091346153846154
0 0.03485576923076923 0.4987980769230769 0.06971153846153846 0.07211538461538461
0 0.1310096153846154 0.5769230769230769 0.09735576923076923 0.06490384615384616
0 0.038461538461538464 0.6586538461538461 0.07692307692307693 0.07451923076923077
0 0.14302884615384615 0.7403846153846154 0.09254807692307693 0.0733173076923077
0 0.13701923076923078 0.8269230769230769 0.09254807692307693 0.07211538461538461
0 0.03365384615384615 0.8269230769230769 0.0673076923076923 0.07091346153846154
0 0.1346153846153846 0.9014423076923077 0.08413461538461539 0.06971153846153846
0 0.6045673076923077 0.6189903846153846 0.0985576923076923 0.06610576923076923
0 0.7055288461538461 0.6129807692307693 0.06971153846153846 0.06370192307692307
0 0.7007211538461539 0.6875 0.08052884615384616 0.06490384615384616
0 0.6105769230769231 0.6971153846153846 0.09254807692307693 0.07211538461538461
0 0.7043269230769231 0.7620192307692307 0.09495192307692307 0.0733173076923077
0 0.6057692307692307 0.7752403846153846 0.09254807692307693 0.06971153846153846
0 0.7043269230769231 0.8449519230769231 0.09014423076923077 0.07451923076923077
0 0.7007211538461539 0.921875 0.08774038461538461 0.0733173076923077
0 0.6141826923076923 0.9266826923076923 0.08413461538461539 0.07451923076923077
0 0.8701923076923077 0.171875 0.08653846153846154 0.07211538461538461
0 0.8641826923076923 0.390625 0.08173076923076923 0.06850961538461539
0 0.875 0.4639423076923077 0.08653846153846154 0.0625
0 0.8822115384615384 0.5348557692307693 0.07451923076923077 0.06490384615384616
0 0.8786057692307693 0.6081730769230769 0.08413461538461539 0.06490384615384616
0 0.8713942307692307 0.6802884615384616 0.08774038461538461 0.06971153846153846
0 0.8822115384615384 0.7536057692307693 0.09735576923076923 0.06610576923076923
0 0.8846153846153846 0.828125 0.09014423076923077 0.06971153846153846
0 0.8894230769230769 0.8990384615384616 0.07091346153846154 0.06610576923076923
0 0.9867788461538461 0.13341346153846154 0.025240384615384616 0.09014423076923077
0 0.9867788461538461 0.4098557692307692 0.025240384615384616 0.08653846153846154
0 0.9879807692307693 0.49759615384615385 0.02283653846153846 0.09615384615384616
0 0.9903846153846154 0.5865384615384616 0.016826923076923076 0.06490384615384616