0 0.6322115384615384 0.5889423076923077 0.06129807692307692 0.051682692307692304
0 0.6274038461538461 0.5348557692307693 0.06009615384615385 0.054086538461538464
0 0.5649038461538461 0.5360576923076923 0.054086538461538464 0.051682692307692304
0 0.5649038461538461 0.4795673076923077 0.06129807692307692 0.052884615384615384
0 0.7668269230769231 0.9711538461538461 0.051682692307692304 0.052884615384615384
0 0.7632211538461539 0.8629807692307693 0.052884615384615384 0.05048076923076923
0 0.7668269230769231 0.8100961538461539 0.06009615384615385 0.05048076923076923
0 0.7668269230769231 0.6370192307692307 0.056490384615384616 0.051682692307692304
0 0.765625 0.5793269230769231 0.054086538461538464 0.046875
0 0.7584134615384616 0.5192307692307693 0.06129807692307692 0.04807692307692308
0 0.7668269230769231 0.4639423076923077 0.06129807692307692 0.051682692307692304
0 0.8425480769230769 0.47115384615384615 0.030048076923076924 0.0889423076923077
0 0.8725961538461539 0.4735576923076923 0.030048076923076924 0.09014423076923077
0 0.9014423076923077 0.48197115384615385 0.027644230769230768 0.0985576923076923
0 0.8125 0.4699519230769231 0.026442307692307692 0.10096153846153846
0 0.6322115384615384 0.4723557692307692 0.05048076923076923 0.04567307692307692
0 0.5901442307692307 0.4206730769230769 0.06370192307692307 0.04567307692307692
0 0.3918269230769231 0.4230769230769231 0.06370192307692307 0.04567307692307692
0 0.41466346153846156 0.48197115384615385 0.06009615384615385 0.05048076923076923
0 0.34975961538461536 0.4855769230769231 0.057692307692307696 0.05048076923076923
0 0.7692307692307693 0.9158653846153846 0.04807692307692308 0.051682692307692304
0 0.7608173076923077 0.7536057692307693 0.05889423076923077 0.04567307692307692
0 0.7668269230769231 0.6995192307692307 0.06129807692307692 0.051682692307692304
0 0.5637019230769231 0.5901442307692307 0.06129807692307692 0.04807692307692308
0 0.6310096153846154 0.6454326923076923 0.06009615384615385 0.05048076923076923
0 0.5600961538461539 0.6454326923076923 0.06009615384615385 0.04807692307692308
0 0.6298076923076923 0.7019230769230769 0.06129807692307692 0.046875
0 0.4206730769230769 0.5372596153846154 0.057692307692307696 0.05048076923076923
0 0.35336538461538464 0.5420673076923077 0.054086538461538464 0.04807692307692308
0 0.4182692307692308 0.5973557692307693 0.06009615384615385 0.04807692307692308
0 0.35216346153846156 0.5973557692307693 0.0625 0.054086538461538464
0 0.4182692307692308 0.6550480769230769 0.056490384615384616 0.046875
0 0.4182692307692308 0.7115384615384616 0.06129807692307692 0.05048076923076923
0 0.35096153846153844 0.6574519230769231 0.05889423076923077 0.04807692307692308
0 0.35096153846153844 0.7151442307692307 0.06129807692307692 0.046875
0 0.5661057692307693 0.7043269230769231 0.06009615384615385 0.051682692307692304
0 0.5600961538461539 0.7620192307692307 0.05889423076923077 0.051682692307692304
0 0.6298076923076923 0.7560096153846154 0.052884615384615384 0.04567307692307692
0 0.6262019230769231 0.8125 0.06129807692307692 0.05048076923076923
0 0.5625 0.8161057692307693 0.06490384615384616 0.051682692307692304
0 0.6310096153846154 0.8713942307692307 0.0625 0.052884615384615384
0 0.5637019230769231 0.8762019230769231 0.06009615384615385 0.05048076923076923
0 0.5661057692307693 0.9314903846153846 0.06129807692307692 0.051682692307692304
0 0.6286057692307693 0.9290865384615384 0.056490384615384616 0.046875
0 0.6310096153846154 0.9747596153846154 0.06129807692307692 0.04567307692307692
0 0.5637019230769231 0.9819711538461539 0.06009615384615385 0.03245192307692308
0 0.41586538461538464 0.7620192307692307 0.06370192307692307 0.05048076923076923
0 0.3557692307692308 0.7692307692307693 0.055288461538461536 0.046875
0 0.41586538461538464 0.8233173076923077 0.057692307692307696 0.046875
0 0.3485576923076923 0.8245192307692307 0.054086538461538464 0.04807692307692308
0 0.4170673076923077 0.8786057692307693 0.056490384615384616 0.04807692307692308
0 0.35096153846153844 0.8834134615384616 0.06129807692307692 0.051682692307692304
0 0.4230769230769231 0.9362980769230769 0.056490384615384616 0.04567307692307692
0 0.42427884615384615 0.9831730769230769 0.05889423076923077 0.030048076923076924
0 0.3557692307692308 0.9362980769230769 0.054086538461538464 0.051682692307692304
0 0.3581730769230769 0.984375 0.0625 0.026442307692307692
0 0.23317307692307693 0.9651442307692307 0.030048076923076924 0.06610576923076923
0 0.23076923076923078 0.8737980769230769 0.028846153846153848 0.0985576923076923
0 0.234375 0.75 0.028846153846153848 0.10697115384615384
0 0.4074519230769231 0.34975961538461536 0.06129807692307692 0.06129807692307692
0 0.9399038461538461 0.38461538461538464 0.05889423076923077 0.051682692307692304
0 0.9411057692307693 0.3317307692307692 0.056490384615384616 0.046875
0 0.9387019230769231 0.27884615384615385 0.057692307692307696 0.051682692307692304
0 0.9399038461538461 0.22596153846153846 0.06129807692307692 0.04447115384615385
0 0.9411057692307693 0.17307692307692307 0.06971153846153846 0.051682692307692304
0 0.9375 0.12379807692307693 0.06129807692307692 0.04567307692307692
0 0.9266826923076923 0.07091346153846154 0.05889423076923077 0.052884615384615384
0 0.9278846153846154 0.021634615384615384 0.06129807692307692 0.04326923076923077
0 0.7860576923076923 0.02283653846153846 0.057692307692307696 0.04567307692307692
0 0.7884615384615384 0.06850961538461539 0.05889423076923077 0.046875
0 0.7908653846153846 0.11899038461538461 0.057692307692307696 0.046875
0 0.7896634615384616 0.17548076923076922 0.05889423076923077 0.052884615384615384
0 0.7932692307692307 0.23317307692307693 0.06009615384615385 0.05048076923076923
0 0.7307692307692307 0.23317307692307693 0.06009615384615385 0.05048076923076923
0 0.7211538461538461 0.17548076923076922 0.06009615384615385 0.055288461538461536
0 0.7199519230769231 0.12139423076923077 0.06009615384615385 0.04807692307692308
0 0.7235576923076923 0.07091346153846154 0.06129807692307692 0.046875
0 0.7199519230769231 0.020432692307692308 0.06370192307692307 0.040865384615384616
0 0.5853365384615384 0.22596153846153846 0.06129807692307692 0.054086538461538464
0 0.5889423076923077 0.17548076923076922 0.05048076923076923 0.055288461538461536
0 0.5817307692307693 0.12139423076923077 0.057692307692307696 0.04807692307692308
0 0.5793269230769231 0.06850961538461539 0.05889423076923077 0.05048076923076923
0 0.5793269230769231 0.021634615384615384 0.0625 0.04326923076923077
0 0.5096153846153846 0.021634615384615384 0.06129807692307692 0.04326923076923077
0 0.5084134615384616 0.07211538461538461 0.06370192307692307 0.05048076923076923
0 0.5168269230769231 0.11899038461538461 0.05889423076923077 0.046875
0 0.5096153846153846 0.17067307692307693 0.06370192307692307 0.054086538461538464
0 0.5048076923076923 0.2247596153846154 0.06129807692307692 0.054086538461538464
0 0.36778846153846156 0.17668269230769232 0.06129807692307692 0.05048076923076923
0 0.3581730769230769 0.12379807692307693 0.06129807692307692 0.05889423076923077
0 0.36658653846153844 0.06850961538461539 0.056490384615384616 0.05048076923076923
0 0.4387019230769231 0.021634615384615384 0.027644230769230768 0.04326923076923077
0 0.36538461538461536 0.02283653846153846 0.055288461538461536 0.04567307692307692
0 0.28846153846153844 0.026442307692307692 0.057692307692307696 0.052884615384615384
0 0.29086538461538464 0.07692307692307693 0.06009615384615385 0.04807692307692308
0 0.29086538461538464 0.12740384615384615 0.06129807692307692 0.046875
0 0.2980769230769231 0.18389423076923078 0.06009615384615385 0.052884615384615384
0 0.296875 0.24158653846153846 0.06129807692307692 0.04807692307692308
0 0.1622596153846154 0.040865384615384616 0.030048076923076924 0.08173076923076923