0 0.53125 0.4026442307692308 0.028846153846153848 0.11298076923076923
0 0.5012019230769231 0.39903846153846156 0.028846153846153848 0.1045673076923077
0 0.43509615384615385 0.3954326923076923 0.027644230769230768 0.10336538461538461
0 0.39903846153846156 0.28846153846153844 0.026442307692307692 0.10697115384615384
0 0.36899038461538464 0.2848557692307692 0.028846153846153848 0.10817307692307693
0 0.30649038461538464 0.4170673076923077 0.030048076923076924 0.10697115384615384
0 0.5612980769230769 0.3942307692307692 0.028846153846153848 0.10336538461538461
0 0.5276442307692307 0.27163461538461536 0.027644230769230768 0.10576923076923077
0 0.49759615384615385 0.2776442307692308 0.028846153846153848 0.1141826923076923
0 0.46634615384615385 0.27403846153846156 0.027644230769230768 0.0985576923076923
0 0.43509615384615385 0.2668269230769231 0.027644230769230768 0.1141826923076923
0 0.27524038461538464 0.41225961538461536 0.026442307692307692 0.09495192307692307
0 0.27163461538461536 0.27884615384615385 0.027644230769230768 0.10576923076923077
0 0.30288461538461536 0.27884615384615385 0.027644230769230768 0.09014423076923077
0 0.33653846153846156 0.2848557692307692 0.028846153846153848 0.11057692307692307
0 0.33774038461538464 0.4182692307692308 0.028846153846153848 0.11778846153846154
0 0.3713942307692308 0.40384615384615385 0.025240384615384616 0.09134615384615384
0 0.4050480769230769 0.40384615384615385 0.027644230769230768 0.11298076923076923
0 0.46875 0.4014423076923077 0.026442307692307692 0.10817307692307693
0 0.5925480769230769 0.3858173076923077 0.026442307692307692 0.0889423076923077
0 0.625 0.3870192307692308 0.030048076923076924 0.1045673076923077
0 0.6550480769230769 0.39302884615384615 0.026442307692307692 0.09735576923076923
0 0.5588942307692307 0.2536057692307692 0.025240384615384616 0.10096153846153846
0 0.5913461538461539 0.2512019230769231 0.025240384615384616 0.1045673076923077
0 0.6213942307692307 0.25240384615384615 0.027644230769230768 0.11298076923076923
0 0.6526442307692307 0.2536057692307692 0.028846153846153848 0.10697115384615384
0 0.2403846153846154 0.28365384615384615 0.027644230769230768 0.10576923076923077
0 0.24519230769230768 0.4170673076923077 0.026442307692307692 0.10817307692307693
0 0.21153846153846154 0.41947115384615385 0.027644230769230768 0.109375
0 0.21033653846153846 0.2860576923076923 0.028846153846153848 0.10096153846153846
0 0.17908653846153846 0.29447115384615385 0.030048076923076924 0.1045673076923077
0 0.1814903846153846 0.4206730769230769 0.030048076923076924 0.10817307692307693
0 0.1466346153846154 0.2980769230769231 0.03125 0.10697115384615384
0 0.1502403846153846 0.43149038461538464 0.03125 0.10817307692307693
0 0.11899038461538461 0.43149038461538464 0.030048076923076924 0.10096153846153846
0 0.11658653846153846 0.2980769230769231 0.030048076923076924 0.10096153846153846
0 0.08533653846153846 0.2956730769230769 0.03365384615384615 0.10817307692307693
0 0.051682692307692304 0.296875 0.03365384615384615 0.10096153846153846
0 0.019230769230769232 0.31009615384615385 0.03125 0.0889423076923077
0 0.0889423076923077 0.42788461538461536 0.027644230769230768 0.10697115384615384
0 0.055288461538461536 0.43149038461538464 0.030048076923076924 0.10576923076923077
0 0.021634615384615384 0.43509615384615385 0.03365384615384615 0.11057692307692307
0 0.002403846153846154 0.44591346153846156 0.004807692307692308 0.10096153846153846
0 0.04807692307692308 0.04807692307692308 0.038461538461538464 0.09615384615384616
0 0.08173076923076923 0.04807692307692308 0.03485576923076923 0.09615384615384616
0 0.1141826923076923 0.037259615384615384 0.030048076923076924 0.07451923076923077
0 0.1466346153846154 0.04447115384615385 0.03365384615384615 0.0889423076923077
0 0.17908653846153846 0.042067307692307696 0.028846153846153848 0.0829326923076923
0 0.21153846153846154 0.042067307692307696 0.03125 0.08413461538461539
0 0.2439903846153846 0.04447115384615385 0.03125 0.0889423076923077
0 0.27524038461538464 0.03245192307692308 0.027644230769230768 0.06370192307692307
0 0.30528846153846156 0.030048076923076924 0.028846153846153848 0.06009615384615385
0 0.33533653846153844 0.03245192307692308 0.027644230769230768 0.06370192307692307
0 0.3701923076923077 0.026442307692307692 0.03365384615384615 0.052884615384615384
0 0.39903846153846156 0.027644230769230768 0.028846153846153848 0.054086538461538464
0 0.43149038461538464 0.027644230769230768 0.026442307692307692 0.055288461538461536
0 0.46274038461538464 0.03125 0.030048076923076924 0.0625
0 0.4951923076923077 0.037259615384615384 0.027644230769230768 0.07451923076923077
0 0.5252403846153846 0.040865384615384616 0.027644230769230768 0.08173076923076923
0 0.5576923076923077 0.036057692307692304 0.025240384615384616 0.07211538461538461
0 0.5889423076923077 0.036057692307692304 0.027644230769230768 0.07211538461538461
0 0.6189903846153846 0.038461538461538464 0.028846153846153848 0.07692307692307693
0 0.6502403846153846 0.036057692307692304 0.030048076923076924 0.07211538461538461
0 0.7740384615384616 0.039663461538461536 0.03365384615384615 0.07932692307692307
0 0.8040865384615384 0.03125 0.028846153846153848 0.0625
0 0.8341346153846154 0.03485576923076923 0.028846153846153848 0.06971153846153846
0 0.8653846153846154 0.03125 0.030048076923076924 0.0625
0 0.8942307692307693 0.027644230769230768 0.027644230769230768 0.055288461538461536
0 0.9230769230769231 0.03125 0.028846153846153848 0.0625
0 0.953125 0.02403846153846154 0.03125 0.04807692307692308
0 0.9807692307692307 0.026442307692307692 0.028846153846153848 0.052884615384615384
0 0.9951923076923077 0.027644230769230768 0.007211538461538462 0.055288461538461536
0 0.7848557692307693 0.26802884615384615 0.030048076923076924 0.10096153846153846
0 0.8137019230769231 0.2644230769230769 0.026442307692307692 0.0985576923076923
0 0.8413461538461539 0.2644230769230769 0.026442307692307692 0.09495192307692307
0 0.8701923076923077 0.265625 0.028846153846153848 0.1045673076923077
0 0.8978365384615384 0.2704326923076923 0.027644230769230768 0.10336538461538461
0 0.9266826923076923 0.2620192307692308 0.027644230769230768 0.10096153846153846
0 0.9543269230769231 0.25841346153846156 0.027644230769230768 0.09975961538461539
0 0.984375 0.2536057692307692 0.030048076923076924 0.09615384615384616
0 0.9855769230769231 0.3713942307692308 0.027644230769230768 0.09735576923076923
0 0.9591346153846154 0.3737980769230769 0.036057692307692304 0.0985576923076923
0 0.9302884615384616 0.3858173076923077 0.030048076923076924 0.09975961538461539
0 0.9026442307692307 0.39302884615384615 0.030048076923076924 0.09495192307692307
0 0.8725961538461539 0.3894230769230769 0.030048076923076924 0.09254807692307693
0 0.84375 0.38461538461538464 0.030048076923076924 0.09615384615384616
0 0.8161057692307693 0.4014423076923077 0.027644230769230768 0.09495192307692307
0 0.7848557692307693 0.3918269230769231 0.03245192307692308 0.10697115384615384
0 0.9831730769230769 0.6213942307692307 0.03125 0.10697115384615384
0 0.984375 0.7415865384615384 0.028846153846153848 0.09975961538461539
0 0.9555288461538461 0.6237980769230769 0.028846153846153848 0.0985576923076923
0 0.9567307692307693 0.7475961538461539 0.030048076923076924 0.1045673076923077
0 0.9266826923076923 0.6225961538461539 0.030048076923076924 0.0985576923076923
0 0.9302884615384616 0.75 0.030048076923076924 0.09975961538461539
0 0.9002403846153846 0.6346153846153846 0.030048076923076924 0.10096153846153846
0 0.8713942307692307 0.6370192307692307 0.03365384615384615 0.1045673076923077
0 0.9014423076923077 0.7572115384615384 0.030048076923076924 0.09615384615384616
0 0.84375 0.6358173076923077 0.027644230769230768 0.09495192307692307
0 0.8737980769230769 0.7596153846153846 0.03125 0.1045673076923077
0 0.8449519230769231 0.75 0.027644230769230768 0.09975961538461539
0 0.8161057692307693 0.6454326923076923 0.030048076923076924 0.10576923076923077
0 0.8173076923076923 0.7584134615384616 0.030048076923076924 0.10697115384615384
0 0.7872596153846154 0.6418269230769231 0.028846153846153848 0.09495192307692307
0 0.7872596153846154 0.7596153846153846 0.03245192307692308 0.11057692307692307
0 0.6622596153846154 0.6586538461538461 0.025240384615384616 0.10336538461538461
0 0.6622596153846154 0.7824519230769231 0.02403846153846154 0.09495192307692307
0 0.9879807692307693 0.9735576923076923 0.021634615384615384 0.04807692307692308
0 0.9651442307692307 0.9735576923076923 0.03245192307692308 0.04807692307692308
0 0.9338942307692307 0.9711538461538461 0.03245192307692308 0.054086538461538464
0 0.9050480769230769 0.9795673076923077 0.028846153846153848 0.038461538461538464
0 0.8786057692307693 0.9807692307692307 0.030048076923076924 0.036057692307692304
0 0.8497596153846154 0.9759615384615384 0.030048076923076924 0.04326923076923077
0 0.8197115384615384 0.9807692307692307 0.027644230769230768 0.036057692307692304
0 0.7920673076923077 0.984375 0.026442307692307692 0.026442307692307692
0 0.7644230769230769 0.984375 0.026442307692307692 0.027644230769230768
0 0.7355769230769231 0.9903846153846154 0.02403846153846154 0.015625
0 0.6286057692307693 0.6610576923076923 0.025240384615384616 0.11298076923076923
0 0.6322115384615384 0.7788461538461539 0.027644230769230768 0.10096153846153846
0 0.5997596153846154 0.6694711538461539 0.027644230769230768 0.11057692307692307
0 0.5997596153846154 0.7920673076923077 0.026442307692307692 0.10576923076923077
0 0.5661057692307693 0.6682692307692307 0.02403846153846154 0.09975961538461539
0 0.5685096153846154 0.7788461538461539 0.026442307692307692 0.10576923076923077
0 0.5384615384615384 0.6550480769230769 0.027644230769230768 0.10817307692307693
0 0.5384615384615384 0.7908653846153846 0.025240384615384616 0.10576923076923077
0 0.5096153846153846 0.7932692307692307 0.027644230769230768 0.10697115384615384
0 0.5024038461538461 0.6658653846153846 0.028846153846153848 0.109375
0 0.4699519230769231 0.6670673076923077 0.028846153846153848 0.1045673076923077
0 0.4362980769230769 0.6778846153846154 0.02403846153846154 0.09254807692307693
0 0.4074519230769231 0.6766826923076923 0.025240384615384616 0.11298076923076923
0 0.4110576923076923 0.7980769230769231 0.028846153846153848 0.10336538461538461
0 0.44350961538461536 0.7980769230769231 0.027644230769230768 0.09975961538461539
0 0.47596153846153844 0.8016826923076923 0.027644230769230768 0.11057692307692307
0 0.3786057692307692 0.6766826923076923 0.030048076923076924 0.10697115384615384
0 0.3798076923076923 0.7944711538461539 0.027644230769230768 0.0889423076923077
0 0.3449519230769231 0.6778846153846154 0.027644230769230768 0.10817307692307693
0 0.3485576923076923 0.8064903846153846 0.030048076923076924 0.1045673076923077
0 0.3137019230769231 0.6754807692307693 0.028846153846153848 0.09134615384615384
0 0.3161057692307692 0.8040865384615384 0.028846153846153848 0.10336538461538461
0 0.25 0.6862980769230769 0.030048076923076924 0.109375
0 0.2860576923076923 0.8016826923076923 0.027644230769230768 0.10697115384615384
0 0.25240384615384615 0.8052884615384616 0.030048076923076924 0.10697115384615384
0 0.21754807692307693 0.6850961538461539 0.03245192307692308 0.11298076923076923
0 0.22115384615384615 0.8125 0.03125 0.11057692307692307
0 0.18629807692307693 0.6887019230769231 0.028846153846153848 0.10096153846153846
0 0.19110576923076922 0.8088942307692307 0.026442307692307692 0.10336538461538461
0 0.15264423076923078 0.6887019230769231 0.03125 0.11298076923076923
0 0.15985576923076922 0.8197115384615384 0.03245192307692308 0.10697115384615384
0 0.125 0.6911057692307693 0.026442307692307692 0.10576923076923077
0 0.12860576923076922 0.8209134615384616 0.03125 0.0985576923076923
0 0.09134615384615384 0.6899038461538461 0.03365384615384615 0.109375
0 0.09495192307692307 0.8161057692307693 0.03125 0.09615384615384616
0 0.06370192307692307 0.8269230769230769 0.03125 0.11298076923076923
0 0.05889423076923077 0.7067307692307693 0.030048076923076924 0.11057692307692307
0 0.028846153846153848 0.7091346153846154 0.030048076923076924 0.11057692307692307
0 0.007211538461538462 0.7091346153846154 0.014423076923076924 0.1141826923076923
0 0.03245192307692308 0.8197115384615384 0.03125 0.09014423076923077
0 0.009615384615384616 0.8329326923076923 0.019230769230769232 0.11778846153846154
0 0.2848557692307692 0.6778846153846154 0.027644230769230768 0.10697115384615384