0 0.6814903846153846 0.06129807692307692 0.06370192307692307 0.04567307692307692
0 0.6850961538461539 0.11658653846153846 0.06610576923076923 0.052884615384615384
0 0.6862980769230769 0.17307692307692307 0.06129807692307692 0.052884615384615384
0 0.6959134615384616 0.22956730769230768 0.06009615384615385 0.052884615384615384
0 0.6971153846153846 0.3401442307692308 0.06129807692307692 0.04567307692307692
0 0.6971153846153846 0.3954326923076923 0.057692307692307696 0.052884615384615384
0 0.6947115384615384 0.4579326923076923 0.06370192307692307 0.054086538461538464
0 0.5276442307692307 0.18389423076923078 0.05889423076923077 0.055288461538461536
0 0.3401442307692308 0.1875 0.0625 0.055288461538461536
0 0.3245192307692308 0.25240384615384615 0.05889423076923077 0.051682692307692304
0 0.3269230769230769 0.3161057692307692 0.07211538461538461 0.06370192307692307
0 0.21995192307692307 0.5204326923076923 0.06009615384615385 0.09975961538461539
0 0.3173076923076923 0.4735576923076923 0.07451923076923077 0.0625
0 0.3245192307692308 0.5733173076923077 0.06971153846153846 0.06129807692307692
0 0.3233173076923077 0.625 0.06850961538461539 0.054086538461538464
0 0.3233173076923077 0.6862980769230769 0.06971153846153846 0.06009615384615385
0 0.7103365384615384 0.6586538461538461 0.03125 0.11658653846153846
0 0.6754807692307693 0.6899038461538461 0.027644230769230768 0.10336538461538461
0 0.6442307692307693 0.7055288461538461 0.03245192307692308 0.11658653846153846
0 0.6129807692307693 0.7127403846153846 0.03245192307692308 0.11057692307692307
0 0.5805288461538461 0.7067307692307693 0.028846153846153848 0.11538461538461539
0 0.5456730769230769 0.7211538461538461 0.027644230769230768 0.11057692307692307
0 0.5168269230769231 0.7235576923076923 0.027644230769230768 0.09615384615384616
0 0.48197115384615385 0.7223557692307693 0.030048076923076924 0.11538461538461539
0 0.4495192307692308 0.7307692307692307 0.030048076923076924 0.10697115384615384
0 0.5252403846153846 0.24639423076923078 0.0625 0.052884615384615384
0 0.33774038461538464 0.12379807692307693 0.051682692307692304 0.051682692307692304
0 0.5769230769230769 0.1971153846153846 0.030048076923076924 0.109375
0 0.6923076923076923 0.28725961538461536 0.06009615384615385 0.054086538461538464
0 0.5240384615384616 0.1141826923076923 0.06850961538461539 0.06129807692307692
0 0.34375 0.07451923076923077 0.06370192307692307 0.051682692307692304
0 0.5300480769230769 0.2980769230769231 0.07692307692307693 0.06490384615384616
0 0.5721153846153846 0.07692307692307693 0.027644230769230768 0.109375
0 0.41586538461538464 0.75 0.030048076923076924 0.11298076923076923
0 0.33774038461538464 0.021634615384615384 0.06610576923076923 0.04326923076923077
0 0.5192307692307693 0.06610576923076923 0.046875 0.05048076923076923
0 0.5192307692307693 0.018028846153846152 0.05048076923076923 0.036057692307692304
0 0.6790865384615384 0.018028846153846152 0.06490384615384616 0.036057692307692304