0 0.6274038461538461 0.4579326923076923 0.025240384615384616 0.10096153846153846
0 0.5685096153846154 0.46153846153846156 0.025240384615384616 0.10817307692307693
0 0.5985576923076923 0.46274038461538464 0.02283653846153846 0.10697115384615384
0 0.5372596153846154 0.4735576923076923 0.026442307692307692 0.10817307692307693
0 0.5060096153846154 0.4735576923076923 0.027644230769230768 0.109375
0 0.6057692307692307 0.20673076923076922 0.025240384615384616 0.09254807692307693
0 0.6286057692307693 0.6971153846153846 0.025240384615384616 0.10697115384615384
0 0.5661057692307693 0.7211538461538461 0.025240384615384616 0.10096153846153846
0 0.5973557692307693 0.7139423076923077 0.030048076923076924 0.10576923076923077
0 0.6574519230769231 0.7199519230769231 0.026442307692307692 0.1045673076923077
0 0.5348557692307693 0.7223557692307693 0.026442307692307692 0.10817307692307693
0 0.5060096153846154 0.7379807692307693 0.02403846153846154 0.09735576923076923
0 0.47475961538461536 0.7319711538461539 0.027644230769230768 0.1045673076923077
0 0.44711538461538464 0.7223557692307693 0.028846153846153848 0.10096153846153846
0 0.41225961538461536 0.7331730769230769 0.026442307692307692 0.1045673076923077
0 0.38100961538461536 0.7415865384615384 0.025240384615384616 0.109375
0 0.34975961538461536 0.7295673076923077 0.025240384615384616 0.10817307692307693
0 0.31850961538461536 0.7295673076923077 0.030048076923076924 0.11298076923076923
0 0.47596153846153844 0.45552884615384615 0.025240384615384616 0.09975961538461539
0 0.44471153846153844 0.4543269230769231 0.027644230769230768 0.11057692307692307
0 0.6574519230769231 0.4567307692307692 0.028846153846153848 0.10096153846153846
0 0.6875 0.453125 0.027644230769230768 0.11298076923076923
0 0.7163461538461539 0.4543269230769231 0.027644230769230768 0.10817307692307693
0 0.7463942307692307 0.4639423076923077 0.030048076923076924 0.10096153846153846
0 0.7752403846153846 0.45552884615384615 0.025240384615384616 0.10576923076923077
0 0.8052884615384616 0.46274038461538464 0.028846153846153848 0.1045673076923077
0 0.8317307692307693 0.4483173076923077 0.027644230769230768 0.09615384615384616
0 0.859375 0.4387019230769231 0.030048076923076924 0.09134615384615384
0 0.8858173076923077 0.4567307692307692 0.026442307692307692 0.10576923076923077
0 0.9134615384615384 0.45913461538461536 0.030048076923076924 0.09735576923076923
0 0.9435096153846154 0.4519230769230769 0.030048076923076924 0.10697115384615384
0 0.9963942307692307 0.23197115384615385 0.006009615384615385 0.09254807692307693
0 0.9783653846153846 0.22235576923076922 0.025240384615384616 0.09014423076923077
0 0.9519230769230769 0.21754807692307693 0.027644230769230768 0.10096153846153846
0 0.9230769230769231 0.21634615384615385 0.03125 0.1045673076923077
0 0.8942307692307693 0.21634615384615385 0.027644230769230768 0.10576923076923077
0 0.8677884615384616 0.21514423076923078 0.027644230769230768 0.10336538461538461
0 0.8389423076923077 0.21754807692307693 0.03125 0.09735576923076923
0 0.8100961538461539 0.21394230769230768 0.026442307692307692 0.10576923076923077
0 0.78125 0.2127403846153846 0.027644230769230768 0.109375
0 0.7223557692307693 0.21995192307692307 0.027644230769230768 0.09014423076923077
0 0.6947115384615384 0.22355769230769232 0.026442307692307692 0.10096153846153846
0 0.6682692307692307 0.2247596153846154 0.027644230769230768 0.10817307692307693
0 0.6394230769230769 0.22235576923076922 0.025240384615384616 0.09735576923076923
0 0.5745192307692307 0.203125 0.025240384615384616 0.10096153846153846
0 0.5456730769230769 0.20432692307692307 0.025240384615384616 0.10576923076923077
0 0.5132211538461539 0.203125 0.027644230769230768 0.11658653846153846
0 0.4855769230769231 0.21153846153846154 0.025240384615384616 0.10576923076923077
0 0.453125 0.21514423076923078 0.027644230769230768 0.10336538461538461
0 0.421875 0.20552884615384615 0.027644230769230768 0.1045673076923077
0 0.3641826923076923 0.21995192307692307 0.027644230769230768 0.1045673076923077
0 0.3317307692307692 0.21754807692307693 0.025240384615384616 0.10576923076923077
0 0.2980769230769231 0.2091346153846154 0.025240384615384616 0.09254807692307693
0 0.26802884615384615 0.2091346153846154 0.027644230769230768 0.11778846153846154
0 0.23557692307692307 0.21634615384615385 0.027644230769230768 0.11658653846153846
0 0.20673076923076922 0.21634615384615385 0.025240384615384616 0.10817307692307693
0 0.17908653846153846 0.21995192307692307 0.028846153846153848 0.10576923076923077
0 0.14903846153846154 0.2283653846153846 0.027644230769230768 0.10697115384615384
0 0.11538461538461539 0.23197115384615385 0.03245192307692308 0.1045673076923077
0 0.08533653846153846 0.21514423076923078 0.03365384615384615 0.1045673076923077
0 0.052884615384615384 0.22235576923076922 0.03125 0.10697115384615384
0 0.02283653846153846 0.22115384615384615 0.03245192307692308 0.109375
0 0.002403846153846154 0.21995192307692307 0.004807692307692308 0.10096153846153846
0 0.41346153846153844 0.4651442307692308 0.025240384615384616 0.11057692307692307
0 0.38100961538461536 0.4651442307692308 0.025240384615384616 0.109375
0 0.34975961538461536 0.4699519230769231 0.02403846153846154 0.10336538461538461
0 0.3173076923076923 0.47115384615384615 0.027644230769230768 0.10697115384615384
0 0.19471153846153846 0.49399038461538464 0.03125 0.10817307692307693
0 0.16346153846153846 0.4963942307692308 0.028846153846153848 0.1141826923076923
0 0.13221153846153846 0.4987980769230769 0.027644230769230768 0.09975961538461539
0 0.10336538461538461 0.5012019230769231 0.030048076923076924 0.10336538461538461
0 0.07451923076923077 0.49278846153846156 0.03125 0.10336538461538461
0 0.04567307692307692 0.4891826923076923 0.03245192307692308 0.10817307692307693
0 0.013221153846153846 0.4963942307692308 0.026442307692307692 0.09975961538461539
0 0.1971153846153846 0.7415865384615384 0.027644230769230768 0.1045673076923077
0 0.20192307692307693 0.8713942307692307 0.027644230769230768 0.10817307692307693
0 0.6862980769230769 0.6995192307692307 0.027644230769230768 0.09735576923076923
0 0.7151442307692307 0.6971153846153846 0.027644230769230768 0.10096153846153846
0 0.7487980769230769 0.6983173076923077 0.027644230769230768 0.10336538461538461
0 0.7764423076923077 0.6971153846153846 0.027644230769230768 0.09975961538461539
0 0.8052884615384616 0.6899038461538461 0.025240384615384616 0.10096153846153846
0 0.8317307692307693 0.6862980769230769 0.025240384615384616 0.10096153846153846
0 0.8581730769230769 0.6814903846153846 0.027644230769230768 0.09975961538461539
0 0.8858173076923077 0.6790865384615384 0.027644230769230768 0.0985576923076923
0 0.3317307692307692 0.8329326923076923 0.06370192307692307 0.04567307692307692
0 0.33653846153846156 0.8834134615384616 0.0625 0.04567307692307692
0 0.3389423076923077 0.9387019230769231 0.06129807692307692 0.04567307692307692
0 0.34134615384615385 0.9831730769230769 0.0625 0.028846153846153848
0 0.16826923076923078 0.7536057692307693 0.027644230769230768 0.10336538461538461
0 0.16826923076923078 0.8665865384615384 0.028846153846153848 0.10096153846153846
0 0.13701923076923078 0.7512019230769231 0.030048076923076924 0.10697115384615384
0 0.13942307692307693 0.8725961538461539 0.026442307692307692 0.10697115384615384
0 0.1045673076923077 0.7403846153846154 0.030048076923076924 0.10697115384615384
0 0.10817307692307693 0.8653846153846154 0.027644230769230768 0.09615384615384616
0 0.07572115384615384 0.7524038461538461 0.026442307692307692 0.10697115384615384
0 0.07692307692307693 0.8725961538461539 0.03245192307692308 0.109375
0 0.04447115384615385 0.75 0.03245192307692308 0.10096153846153846
0 0.013221153846153846 0.7524038461538461 0.026442307692307692 0.11298076923076923
0 0.042067307692307696 0.875 0.030048076923076924 0.09615384615384616
0 0.014423076923076924 0.8713942307692307 0.028846153846153848 0.11658653846153846