0 0.4266826923076923 0.5288461538461539 0.03125 0.1310096153846154
0 0.4651442307692308 0.5252403846153846 0.03485576923076923 0.13221153846153846
0 0.5408653846153846 0.5216346153846154 0.03125 0.13341346153846154
0 0.3894230769230769 0.5012019230769231 0.030048076923076924 0.125
0 0.35216346153846156 0.5060096153846154 0.03125 0.125
0 0.31850961538461536 0.5024038461538461 0.03245192307692308 0.12379807692307693
0 0.3641826923076923 0.8485576923076923 0.03245192307692308 0.125
0 0.5036057692307693 0.8689903846153846 0.039663461538461536 0.20552884615384615
0 0.5444711538461539 0.8641826923076923 0.03245192307692308 0.1310096153846154
0 0.5817307692307693 0.8605769230769231 0.03245192307692308 0.13341346153846154
0 0.6189903846153846 0.8497596153846154 0.03125 0.1310096153846154
0 0.040865384615384616 0.8713942307692307 0.037259615384615384 0.12740384615384615
0 0.010817307692307692 0.8557692307692307 0.021634615384615384 0.11778846153846154
0 0.2536057692307692 0.8810096153846154 0.036057692307692304 0.13221153846153846
0 0.18269230769230768 0.8581730769230769 0.03365384615384615 0.14182692307692307
0 0.11298076923076923 0.8581730769230769 0.03485576923076923 0.13221153846153846
0 0.07572115384615384 0.8677884615384616 0.036057692307692304 0.12620192307692307
0 0.5757211538461539 0.5060096153846154 0.030048076923076924 0.109375
0 0.6574519230769231 0.8509615384615384 0.03365384615384615 0.11899038461538461
0 0.6935096153846154 0.828125 0.03485576923076923 0.12740384615384615
0 0.7283653846153846 0.8425480769230769 0.03245192307692308 0.10697115384615384
0 0.7644230769230769 0.8377403846153846 0.03245192307692308 0.125
0 0.8100961538461539 0.8233173076923077 0.03485576923076923 0.11658653846153846
0 0.390625 0.7055288461538461 0.07091346153846154 0.09735576923076923
0 0.24879807692307693 0.5084134615384616 0.03245192307692308 0.11899038461538461
0 0.6129807692307693 0.5012019230769231 0.03245192307692308 0.12379807692307693
0 0.6490384615384616 0.5084134615384616 0.03485576923076923 0.125
0 0.6887019230769231 0.4963942307692308 0.03245192307692308 0.12620192307692307
0 0.7259615384615384 0.49759615384615385 0.036057692307692304 0.12139423076923077
0 0.7632211538461539 0.5012019230769231 0.036057692307692304 0.12740384615384615
0 0.2127403846153846 0.515625 0.03245192307692308 0.1346153846153846
0 0.17668269230769232 0.5120192307692307 0.03245192307692308 0.10697115384615384
0 0.14302884615384615 0.5324519230769231 0.03485576923076923 0.12620192307692307
0 0.10697115384615384 0.5252403846153846 0.03245192307692308 0.11658653846153846
0 0.06850961538461539 0.5276442307692307 0.037259615384615384 0.13341346153846154
0 0.037259615384615384 0.5300480769230769 0.03485576923076923 0.12860576923076922
0 0.009615384615384616 0.5360576923076923 0.019230769230769232 0.125
0 0.040865384615384616 0.18028846153846154 0.04326923076923077 0.10576923076923077
0 0.10817307692307693 0.171875 0.037259615384615384 0.12259615384615384
0 0.14182692307692307 0.1778846153846154 0.03485576923076923 0.11778846153846154
0 0.18028846153846154 0.17307692307692307 0.03365384615384615 0.1141826923076923
0 0.21394230769230768 0.16346153846153846 0.03245192307692308 0.109375
0 0.31971153846153844 0.15865384615384615 0.03245192307692308 0.12860576923076922
0 0.3545673076923077 0.16346153846153846 0.03245192307692308 0.12860576923076922
0 0.390625 0.16706730769230768 0.03125 0.1346153846153846
0 0.43028846153846156 0.13942307692307693 0.03245192307692308 0.12860576923076922
0 0.46634615384615385 0.15264423076923078 0.03125 0.11658653846153846
0 0.5024038461538461 0.15745192307692307 0.030048076923076924 0.12860576923076922
0 0.5348557692307693 0.15985576923076922 0.028846153846153848 0.11658653846153846
0 0.5697115384615384 0.1622596153846154 0.030048076923076924 0.12379807692307693
0 0.6057692307692307 0.1658653846153846 0.030048076923076924 0.12620192307692307
0 0.6442307692307693 0.15264423076923078 0.03245192307692308 0.12379807692307693
0 0.6790865384615384 0.14543269230769232 0.03485576923076923 0.13581730769230768
0 0.7139423076923077 0.15745192307692307 0.03245192307692308 0.125
0 0.7512019230769231 0.15384615384615385 0.03245192307692308 0.11298076923076923
0 0.7848557692307693 0.125 0.037259615384615384 0.12139423076923077