0 0.41947115384615385 0.2091346153846154 0.04326923076923077 0.16105769230769232
0 0.4699519230769231 0.24639423076923078 0.04567307692307692 0.16706730769230768
0 0.5240384615384616 0.24158653846153846 0.04567307692307692 0.17668269230769232
0 0.6237980769230769 0.23557692307692307 0.039663461538461536 0.17548076923076922
0 0.6706730769230769 0.22355769230769232 0.039663461538461536 0.1466346153846154
0 0.7223557692307693 0.21754807692307693 0.046875 0.15745192307692307
0 0.7692307692307693 0.2283653846153846 0.04927884615384615 0.16105769230769232
0 0.8209134615384616 0.21153846153846154 0.04447115384615385 0.15504807692307693
0 0.8713942307692307 0.21995192307692307 0.052884615384615384 0.15504807692307693
0 0.9206730769230769 0.22355769230769232 0.055288461538461536 0.1658653846153846
0 0.9783653846153846 0.6634615384615384 0.040865384615384616 0.16947115384615385
0 0.9254807692307693 0.6754807692307693 0.055288461538461536 0.16947115384615385
0 0.8786057692307693 0.6802884615384616 0.04927884615384615 0.13581730769230768
0 0.8305288461538461 0.6574519230769231 0.04927884615384615 0.17067307692307693
0 0.7824519230769231 0.6911057692307693 0.04567307692307692 0.16105769230769232
0 0.7331730769230769 0.6862980769230769 0.04326923076923077 0.17548076923076922
0 0.6814903846153846 0.7019230769230769 0.04447115384615385 0.1778846153846154
0 0.6286057692307693 0.7079326923076923 0.040865384615384616 0.17548076923076922
0 0.578125 0.7043269230769231 0.04807692307692308 0.27163461538461536
0 0.43028846153846156 0.7163461538461539 0.042067307692307696 0.17307692307692307
0 0.38100961538461536 0.6838942307692307 0.042067307692307696 0.17067307692307693
0 0.2247596153846154 0.7307692307692307 0.04447115384615385 0.18028846153846154
0 0.13221153846153846 0.6983173076923077 0.05048076923076923 0.18629807692307693
0 0.037259615384615384 0.6983173076923077 0.05048076923076923 0.17668269230769232
0 0.006009615384615385 0.7043269230769231 0.010817307692307692 0.15745192307692307
0 0.3713942307692308 0.21754807692307693 0.040865384615384616 0.15865384615384615
0 0.32572115384615385 0.21514423076923078 0.042067307692307696 0.15985576923076922
0 0.23076923076923078 0.22355769230769232 0.039663461538461536 0.15745192307692307
0 0.18269230769230768 0.23557692307692307 0.046875 0.171875
0 0.1346153846153846 0.23317307692307693 0.04807692307692308 0.13581730769230768
0 0.09014423076923077 0.2536057692307692 0.05048076923076923 0.16346153846153846
0 0.038461538461538464 0.24759615384615385 0.04807692307692308 0.14903846153846154
0 0.007211538461538462 0.2512019230769231 0.014423076923076924 0.16826923076923078