0 0.12740384615384615 0.8317307692307693 0.06610576923076923 0.055288461538461536
0 0.12860576923076922 0.7752403846153846 0.06490384615384616 0.052884615384615384
0 0.13221153846153846 0.7211538461538461 0.06129807692307692 0.04807692307692308
0 0.13221153846153846 0.6514423076923077 0.06370192307692307 0.046875
0 0.26802884615384615 0.7944711538461539 0.06490384615384616 0.05048076923076923
0 0.27403846153846156 0.8545673076923077 0.057692307692307696 0.046875
0 0.27283653846153844 0.9110576923076923 0.06129807692307692 0.04807692307692308
0 0.26322115384615385 0.9627403846153846 0.054086538461538464 0.04807692307692308
0 0.12980769230769232 0.984375 0.06129807692307692 0.026442307692307692
0 0.12620192307692307 0.8858173076923077 0.0673076923076923 0.04807692307692308
0 0.12620192307692307 0.9435096153846154 0.06610576923076923 0.055288461538461536