0 0.6346153846153846 0.375 0.030048076923076924 0.11057692307692307
0 0.6033653846153846 0.3137019230769231 0.027644230769230768 0.11298076923076923
0 0.6045673076923077 0.43509615384615385 0.030048076923076924 0.109375
0 0.5709134615384616 0.44350961538461536 0.027644230769230768 0.10817307692307693
0 0.5709134615384616 0.32091346153846156 0.025240384615384616 0.10336538461538461
0 0.5384615384615384 0.3161057692307692 0.03125 0.11658653846153846
0 0.5372596153846154 0.4375 0.027644230769230768 0.1045673076923077
0 0.5036057692307693 0.3137019230769231 0.027644230769230768 0.1141826923076923
0 0.5048076923076923 0.4375 0.026442307692307692 0.10576923076923077
0 0.4699519230769231 0.3125 0.02403846153846154 0.109375
0 0.47115384615384615 0.4362980769230769 0.027644230769230768 0.11057692307692307
0 0.43990384615384615 0.31850961538461536 0.025240384615384616 0.1045673076923077
0 0.4411057692307692 0.42908653846153844 0.027644230769230768 0.11658653846153846
0 0.4074519230769231 0.30528846153846156 0.030048076923076924 0.10096153846153846
0 0.4050480769230769 0.42788461538461536 0.027644230769230768 0.10697115384615384
0 0.3737980769230769 0.3088942307692308 0.030048076923076924 0.1141826923076923
0 0.3737980769230769 0.42908653846153844 0.028846153846153848 0.10817307692307693
0 0.3425480769230769 0.31850961538461536 0.027644230769230768 0.10096153846153846
0 0.3425480769230769 0.4375 0.030048076923076924 0.1045673076923077
0 0.3088942307692308 0.31971153846153844 0.03125 0.11057692307692307
0 0.30649038461538464 0.4362980769230769 0.027644230769230768 0.11298076923076923
0 0.2776442307692308 0.30288461538461536 0.026442307692307692 0.0985576923076923
0 0.24639423076923078 0.3112980769230769 0.03125 0.109375
0 0.2764423076923077 0.43028846153846156 0.028846153846153848 0.11538461538461539
0 0.24639423076923078 0.4338942307692308 0.030048076923076924 0.11298076923076923
0 0.27524038461538464 0.5528846153846154 0.05889423076923077 0.046875
0 0.21394230769230768 0.31490384615384615 0.03245192307692308 0.109375
0 0.21394230769230768 0.4362980769230769 0.030048076923076924 0.1045673076923077
0 0.18629807692307693 0.3161057692307692 0.027644230769230768 0.10336538461538461
0 0.18389423076923078 0.43149038461538464 0.030048076923076924 0.11658653846153846
0 0.15504807692307693 0.30408653846153844 0.03245192307692308 0.10697115384615384
0 0.15264423076923078 0.421875 0.028846153846153848 0.109375
0 0.11899038461538461 0.43509615384615385 0.03365384615384615 0.1141826923076923
0 0.125 0.31490384615384615 0.030048076923076924 0.10576923076923077
0 0.09375 0.31490384615384615 0.030048076923076924 0.11057692307692307
0 0.0625 0.3161057692307692 0.03245192307692308 0.1141826923076923
0 0.03245192307692308 0.3161057692307692 0.03245192307692308 0.0985576923076923
0 0.009615384615384616 0.31971153846153844 0.019230769230769232 0.1201923076923077
0 0.45552884615384615 0.10096153846153846 0.057692307692307696 0.054086538461538464
0 0.38461538461538464 0.09254807692307693 0.055288461538461536 0.055288461538461536
0 0.32211538461538464 0.09615384615384616 0.056490384615384616 0.056490384615384616
0 0.09254807692307693 0.43028846153846156 0.03125 0.09975961538461539
0 0.06129807692307692 0.43028846153846156 0.03245192307692308 0.109375
0 0.028846153846153848 0.43028846153846156 0.030048076923076924 0.10096153846153846
0 0.008413461538461538 0.43149038461538464 0.016826923076923076 0.0985576923076923
0 0.24639423076923078 0.09735576923076923 0.06610576923076923 0.054086538461538464
0 0.17908653846153846 0.1045673076923077 0.056490384615384616 0.046875
0 0.11177884615384616 0.11298076923076923 0.057692307692307696 0.052884615384615384
0 0.04567307692307692 0.10336538461538461 0.06490384615384616 0.056490384615384616
0 0.002403846153846154 0.1045673076923077 0.004807692307692308 0.04447115384615385
0 0.020432692307692308 0.6754807692307693 0.039663461538461536 0.11057692307692307
0 0.056490384615384616 0.6814903846153846 0.03485576923076923 0.1045673076923077
0 0.08653846153846154 0.6862980769230769 0.03245192307692308 0.11778846153846154
0 0.11778846153846154 0.6778846153846154 0.030048076923076924 0.09615384615384616
0 0.1502403846153846 0.6862980769230769 0.03125 0.109375
0 0.1814903846153846 0.6875 0.027644230769230768 0.10697115384615384
0 0.21153846153846154 0.6971153846153846 0.028846153846153848 0.1141826923076923
0 0.2439903846153846 0.6947115384615384 0.030048076923076924 0.0985576923076923
0 0.27403846153846156 0.6911057692307693 0.028846153846153848 0.11057692307692307
0 0.30528846153846156 0.6959134615384616 0.030048076923076924 0.10576923076923077
0 0.33653846153846156 0.6971153846153846 0.030048076923076924 0.11298076923076923
0 0.36899038461538464 0.7019230769230769 0.028846153846153848 0.1141826923076923
0 0.40384615384615385 0.6971153846153846 0.030048076923076924 0.11899038461538461
0 0.4362980769230769 0.6947115384615384 0.025240384615384616 0.109375
0 0.4699519230769231 0.7067307692307693 0.027644230769230768 0.109375
0 0.5048076923076923 0.6983173076923077 0.028846153846153848 0.1141826923076923
0 0.5372596153846154 0.7067307692307693 0.028846153846153848 0.11658653846153846
0 0.5685096153846154 0.7067307692307693 0.030048076923076924 0.0985576923076923
0 0.6021634615384616 0.7115384615384616 0.027644230769230768 0.1141826923076923
0 0.6346153846153846 0.7596153846153846 0.027644230769230768 0.11899038461538461
0 0.6033653846153846 0.8341346153846154 0.027644230769230768 0.0985576923076923
0 0.5673076923076923 0.8233173076923077 0.027644230769230768 0.1141826923076923
0 0.5348557692307693 0.8329326923076923 0.030048076923076924 0.11298076923076923
0 0.5012019230769231 0.828125 0.030048076923076924 0.11057692307692307
0 0.4699519230769231 0.8245192307692307 0.027644230769230768 0.11057692307692307
0 0.4375 0.8233173076923077 0.028846153846153848 0.09615384615384616
0 0.40384615384615385 0.8185096153846154 0.030048076923076924 0.1141826923076923
0 0.3701923076923077 0.8197115384615384 0.030048076923076924 0.11778846153846154
0 0.27524038461538464 0.8197115384615384 0.03125 0.11057692307692307
0 0.2439903846153846 0.8293269230769231 0.027644230769230768 0.11658653846153846
0 0.2091346153846154 0.8293269230769231 0.03245192307692308 0.10336538461538461
0 0.18028846153846154 0.8209134615384616 0.030048076923076924 0.10697115384615384
0 0.14903846153846154 0.8137019230769231 0.03125 0.12259615384615384
0 0.11778846153846154 0.8221153846153846 0.028846153846153848 0.109375
0 0.08533653846153846 0.8149038461538461 0.03485576923076923 0.1141826923076923
0 0.052884615384615384 0.8125 0.03365384615384615 0.11538461538461539
0 0.018028846153846152 0.8197115384615384 0.036057692307692304 0.11298076923076923
0 0.7632211538461539 0.09254807692307693 0.06129807692307692 0.06610576923076923
0 0.9951923076923077 0.10096153846153846 0.007211538461538462 0.051682692307692304
0 0.7463942307692307 0.22115384615384615 0.027644230769230768 0.10697115384615384
0 0.7776442307692307 0.22235576923076922 0.030048076923076924 0.10697115384615384
0 0.8100961538461539 0.21153846153846154 0.028846153846153848 0.11538461538461539
0 0.8401442307692307 0.21153846153846154 0.030048076923076924 0.11298076923076923
0 0.8713942307692307 0.20552884615384615 0.028846153846153848 0.0985576923076923
0 0.9038461538461539 0.21754807692307693 0.03485576923076923 0.10697115384615384
0 0.9362980769230769 0.21514423076923078 0.030048076923076924 0.10817307692307693
0 0.9675480769230769 0.21514423076923078 0.030048076923076924 0.1045673076923077
0 0.9903846153846154 0.20673076923076922 0.016826923076923076 0.09735576923076923
0 0.9903846153846154 0.3449519230769231 0.016826923076923076 0.11778846153846154
0 0.9675480769230769 0.34134615384615385 0.036057692307692304 0.11057692307692307
0 0.9362980769230769 0.3449519230769231 0.027644230769230768 0.10697115384615384
0 0.9074519230769231 0.3449519230769231 0.03125 0.09615384615384616
0 0.875 0.34615384615384615 0.03125 0.09495192307692307
0 0.8449519230769231 0.34975961538461536 0.030048076923076924 0.1045673076923077
0 0.8112980769230769 0.3317307692307692 0.03245192307692308 0.1141826923076923
0 0.7800480769230769 0.34975961538461536 0.028846153846153848 0.1141826923076923
0 0.9915865384615384 0.6009615384615384 0.014423076923076924 0.11538461538461539
0 0.9927884615384616 0.7379807692307693 0.013221153846153846 0.10576923076923077
0 0.9230769230769231 0.8605769230769231 0.05889423076923077 0.08653846153846154
0 0.9915865384615384 0.9735576923076923 0.015625 0.04807692307692308
0 0.9723557692307693 0.9831730769230769 0.03245192307692308 0.030048076923076924
0 0.9387019230769231 0.9795673076923077 0.03485576923076923 0.037259615384615384
0 0.9074519230769231 0.9795673076923077 0.03245192307692308 0.037259615384615384
0 0.8737980769230769 0.9783653846153846 0.03245192307692308 0.040865384615384616
0 0.8413461538461539 0.9819711538461539 0.028846153846153848 0.03365384615384615
0 0.8112980769230769 0.9783653846153846 0.030048076923076924 0.040865384615384616
0 0.7752403846153846 0.9783653846153846 0.03125 0.040865384615384616
0 0.7427884615384616 0.9855769230769231 0.030048076923076924 0.025240384615384616
0 0.9699519230769231 0.734375 0.03125 0.10697115384615384
0 0.96875 0.6009615384615384 0.03365384615384615 0.10336538461538461
0 0.9362980769230769 0.6129807692307693 0.03365384615384615 0.09014423076923077
0 0.90625 0.6153846153846154 0.03485576923076923 0.10697115384615384
0 0.8762019230769231 0.6165865384615384 0.03125 0.11298076923076923
0 0.8425480769230769 0.6165865384615384 0.03125 0.11899038461538461
0 0.8425480769230769 0.7439903846153846 0.028846153846153848 0.11057692307692307
0 0.8137019230769231 0.625 0.025240384615384616 0.10817307692307693
0 0.8112980769230769 0.75 0.030048076923076924 0.109375
0 0.7800480769230769 0.7620192307692307 0.030048076923076924 0.0889423076923077
0 0.7487980769230769 0.7524038461538461 0.030048076923076924 0.11057692307692307
0 0.7848557692307693 0.6141826923076923 0.030048076923076924 0.11899038461538461
0 0.7536057692307693 0.6033653846153846 0.03245192307692308 0.12139423076923077
0 0.90625 0.7463942307692307 0.030048076923076924 0.11298076923076923
0 0.9387019230769231 0.7379807692307693 0.03245192307692308 0.11538461538461539