0 0.5829326923076923 0.23798076923076922 0.027644230769230768 0.1141826923076923
0 0.5805288461538461 0.36778846153846156 0.027644230769230768 0.11538461538461539
0 0.5745192307692307 0.5528846153846154 0.03125 0.1045673076923077
0 0.5697115384615384 0.6887019230769231 0.026442307692307692 0.09254807692307693
0 0.5721153846153846 0.796875 0.027644230769230768 0.10817307692307693
0 0.4206730769230769 0.5588942307692307 0.06129807692307692 0.04807692307692308
0 0.43028846153846156 0.6225961538461539 0.056490384615384616 0.052884615384615384
0 0.43149038461538464 0.6778846153846154 0.06009615384615385 0.046875
0 0.4230769230769231 0.7331730769230769 0.05889423076923077 0.051682692307692304
0 0.4182692307692308 0.7872596153846154 0.054086538461538464 0.051682692307692304
0 0.41225961538461536 0.8425480769230769 0.06129807692307692 0.054086538461538464
0 0.4182692307692308 0.8990384615384616 0.051682692307692304 0.05048076923076923
0 0.4266826923076923 0.9543269230769231 0.04807692307692308 0.04567307692307692
0 0.3557692307692308 0.48197115384615385 0.05889423076923077 0.054086538461538464
0 0.3004807692307692 0.6105769230769231 0.06129807692307692 0.06971153846153846
0 0.2980769230769231 0.6754807692307693 0.056490384615384616 0.052884615384615384
0 0.2620192307692308 0.7391826923076923 0.06490384615384616 0.052884615384615384
0 0.28846153846153844 0.7932692307692307 0.06009615384615385 0.06490384615384616
0 0.2848557692307692 0.9543269230769231 0.056490384615384616 0.06971153846153846
0 0.16706730769230768 0.8966346153846154 0.06370192307692307 0.0733173076923077
0 0.1658653846153846 0.9591346153846154 0.057692307692307696 0.07091346153846154
0 0.16346153846153846 0.8305288461538461 0.06370192307692307 0.078125
0 0.16706730769230768 0.7680288461538461 0.06370192307692307 0.078125
0 0.16826923076923078 0.7043269230769231 0.056490384615384616 0.06971153846153846
0 0.16466346153846154 0.640625 0.06610576923076923 0.06850961538461539
0 0.16947115384615385 0.5793269230769231 0.05889423076923077 0.07932692307692307
0 0.16826923076923078 0.5108173076923077 0.06370192307692307 0.07932692307692307
0 0.1778846153846154 0.4543269230769231 0.057692307692307696 0.07451923076923077
0 0.1814903846153846 0.3858173076923077 0.06370192307692307 0.0733173076923077
0 0.17908653846153846 0.3293269230769231 0.05889423076923077 0.06971153846153846
0 0.2644230769230769 0.2800480769230769 0.06370192307692307 0.05889423076923077