0 0.6911057692307693 0.7524038461538461 0.037259615384615384 0.15144230769230768
0 0.6514423076923077 0.7620192307692307 0.036057692307692304 0.14182692307692307
0 0.7019230769230769 0.4206730769230769 0.08173076923076923 0.06370192307692307
0 0.5673076923076923 0.7692307692307693 0.038461538461538464 0.14302884615384615
0 0.609375 0.7620192307692307 0.03245192307692308 0.15144230769230768
0 0.5228365384615384 0.7644230769230769 0.03485576923076923 0.15264423076923078
0 0.4795673076923077 0.7752403846153846 0.03485576923076923 0.15384615384615385
0 0.4338942307692308 0.765625 0.037259615384615384 0.14543269230769232
0 0.3870192307692308 0.7560096153846154 0.03485576923076923 0.1346153846153846
0 0.3449519230769231 0.7704326923076923 0.039663461538461536 0.1466346153846154
0 0.2932692307692308 0.7800480769230769 0.040865384615384616 0.13701923076923078
0 0.5552884615384616 0.4110576923076923 0.07692307692307693 0.06610576923076923
0 0.4567307692307692 0.4098557692307692 0.08413461538461539 0.06490384615384616
0 0.3473557692307692 0.4170673076923077 0.09014423076923077 0.06490384615384616
0 0.15264423076923078 0.42788461538461536 0.08653846153846154 0.0625
0 0.7307692307692307 0.7752403846153846 0.03485576923076923 0.13701923076923078
0 0.7728365384615384 0.7560096153846154 0.040865384615384616 0.14543269230769232
0 0.8137019230769231 0.7536057692307693 0.038461538461538464 0.1346153846153846
0 0.8509615384615384 0.7584134615384616 0.03485576923076923 0.13581730769230768
0 0.9014423076923077 0.7776442307692307 0.056490384615384616 0.171875
0 0.9338942307692307 0.7572115384615384 0.037259615384615384 0.14423076923076922
0 0.9699519230769231 0.7524038461538461 0.04326923076923077 0.12259615384615384
0 0.9915865384615384 0.7463942307692307 0.01201923076923077 0.13701923076923078
0 0.2956730769230769 0.9314903846153846 0.038461538461538464 0.13341346153846154
0 0.07091346153846154 0.4266826923076923 0.08533653846153846 0.06009615384615385