0 0.14903846153846154 0.33413461538461536 0.030048076923076924 0.10697115384615384
0 0.11899038461538461 0.33052884615384615 0.03245192307692308 0.1045673076923077
0 0.09014423076923077 0.328125 0.03125 0.0985576923076923
0 0.05889423076923077 0.328125 0.03245192307692308 0.1045673076923077
0 0.028846153846153848 0.3329326923076923 0.03245192307692308 0.09735576923076923
0 0.008413461538461538 0.33774038461538464 0.016826923076923076 0.10336538461538461
0 0.14423076923076922 0.46153846153846156 0.03125 0.10697115384615384
0 0.11538461538461539 0.4699519230769231 0.027644230769230768 0.10336538461538461
0 0.08533653846153846 0.4675480769230769 0.03125 0.10336538461538461
0 0.055288461538461536 0.4651442307692308 0.028846153846153848 0.10817307692307693
0 0.020432692307692308 0.47115384615384615 0.040865384615384616 0.10697115384615384
0 0.17307692307692307 0.21514423076923078 0.06370192307692307 0.046875
0 0.27403846153846156 0.3317307692307692 0.026442307692307692 0.109375
0 0.2692307692307692 0.46153846153846156 0.026442307692307692 0.109375
0 0.30288461538461536 0.44711538461538464 0.026442307692307692 0.10336538461538461
0 0.3329326923076923 0.45913461538461536 0.027644230769230768 0.109375
0 0.36538461538461536 0.45552884615384615 0.028846153846153848 0.10817307692307693
0 0.39663461538461536 0.44591346153846156 0.025240384615384616 0.10697115384615384
0 0.30408653846153844 0.31850961538461536 0.03125 0.10697115384615384
0 0.33533653846153844 0.31850961538461536 0.030048076923076924 0.109375
0 0.36899038461538464 0.32091346153846156 0.02403846153846154 0.11057692307692307
0 0.39783653846153844 0.32211538461538464 0.027644230769230768 0.10817307692307693
0 0.43149038461538464 0.31971153846153844 0.028846153846153848 0.10096153846153846
0 0.46274038461538464 0.3161057692307692 0.025240384615384616 0.1045673076923077
0 0.4951923076923077 0.328125 0.027644230769230768 0.1141826923076923
0 0.5264423076923077 0.328125 0.025240384615384616 0.09495192307692307
0 0.5588942307692307 0.3317307692307692 0.027644230769230768 0.11298076923076923
0 0.5913461538461539 0.328125 0.027644230769230768 0.09975961538461539
0 0.6502403846153846 0.36658653846153844 0.056490384615384616 0.042067307692307696
0 0.7151442307692307 0.3629807692307692 0.05889423076923077 0.04567307692307692
0 0.6790865384615384 0.19591346153846154 0.056490384615384616 0.05048076923076923
0 0.6153846153846154 0.09975961538461539 0.056490384615384616 0.051682692307692304
0 0.9711538461538461 0.23918269230769232 0.036057692307692304 0.10576923076923077
0 0.9939903846153846 0.22355769230769232 0.009615384615384616 0.09254807692307693
0 0.5456730769230769 0.10576923076923077 0.06129807692307692 0.051682692307692304
0 0.47836538461538464 0.10336538461538461 0.057692307692307696 0.04567307692307692
0 0.39903846153846156 0.10576923076923077 0.0625 0.052884615384615384
0 0.3245192307692308 0.10697115384615384 0.06009615384615385 0.052884615384615384
0 0.25721153846153844 0.1141826923076923 0.06009615384615385 0.04807692307692308
0 0.06971153846153846 0.11899038461538461 0.06490384615384616 0.052884615384615384
0 0.018028846153846152 0.11778846153846154 0.036057692307692304 0.052884615384615384
0 0.42788461538461536 0.45552884615384615 0.028846153846153848 0.10697115384615384
0 0.46153846153846156 0.44591346153846156 0.02403846153846154 0.09975961538461539
0 0.49278846153846156 0.44711538461538464 0.027644230769230768 0.10817307692307693
0 0.5252403846153846 0.4495192307692308 0.027644230769230768 0.10697115384615384
0 0.5564903846153846 0.4579326923076923 0.027644230769230768 0.10817307692307693
0 0.5901442307692307 0.4543269230769231 0.030048076923076924 0.10576923076923077
0 0.6213942307692307 0.47115384615384615 0.027644230769230768 0.10576923076923077
0 0.6538461538461539 0.4543269230769231 0.027644230769230768 0.10697115384615384
0 0.6862980769230769 0.4579326923076923 0.027644230769230768 0.10576923076923077
0 0.7151442307692307 0.46153846153846156 0.028846153846153848 0.0985576923076923
0 0.7463942307692307 0.46634615384615385 0.025240384615384616 0.10576923076923077
0 0.7776442307692307 0.45913461538461536 0.028846153846153848 0.10336538461538461
0 0.8088942307692307 0.4519230769230769 0.027644230769230768 0.0985576923076923
0 0.8389423076923077 0.4567307692307692 0.028846153846153848 0.10336538461538461
0 0.8677884615384616 0.4543269230769231 0.028846153846153848 0.109375
0 0.8990384615384616 0.4579326923076923 0.03125 0.109375
0 0.9290865384615384 0.46153846153846156 0.028846153846153848 0.10576923076923077
0 0.9615384615384616 0.4723557692307692 0.03245192307692308 0.09134615384615384
0 0.9867788461538461 0.4675480769230769 0.02403846153846154 0.109375
0 0.9879807692307693 0.7151442307692307 0.021634615384615384 0.09975961538461539
0 0.9651442307692307 0.7235576923076923 0.03245192307692308 0.10817307692307693
0 0.9314903846153846 0.7163461538461539 0.03245192307692308 0.10576923076923077
0 0.9903846153846154 0.8473557692307693 0.016826923076923076 0.11899038461538461
0 0.9663461538461539 0.8425480769230769 0.03125 0.11057692307692307
0 0.9338942307692307 0.8377403846153846 0.03365384615384615 0.1141826923076923
0 0.9014423076923077 0.8425480769230769 0.030048076923076924 0.10096153846153846
0 0.8689903846153846 0.8509615384615384 0.030048076923076924 0.09975961538461539
0 0.8401442307692307 0.8473557692307693 0.030048076923076924 0.10096153846153846
0 0.8990384615384616 0.7115384615384616 0.03125 0.09735576923076923
0 0.8713942307692307 0.7151442307692307 0.030048076923076924 0.10697115384615384
0 0.8401442307692307 0.7175480769230769 0.030048076923076924 0.10697115384615384
0 0.8088942307692307 0.7223557692307693 0.03125 0.09975961538461539
0 0.7740384615384616 0.7307692307692307 0.028846153846153848 0.10096153846153846
0 0.7463942307692307 0.7223557692307693 0.027644230769230768 0.11538461538461539
0 0.7151442307692307 0.7307692307692307 0.027644230769230768 0.09254807692307693
0 0.6826923076923077 0.7151442307692307 0.027644230769230768 0.10096153846153846
0 0.6526442307692307 0.7283653846153846 0.030048076923076924 0.1141826923076923
0 0.6189903846153846 0.7331730769230769 0.03245192307692308 0.12259615384615384
0 0.5877403846153846 0.7247596153846154 0.025240384615384616 0.10576923076923077
0 0.5564903846153846 0.7223557692307693 0.027644230769230768 0.1141826923076923
0 0.5240384615384616 0.7295673076923077 0.027644230769230768 0.11057692307692307
0 0.49399038461538464 0.7199519230769231 0.026442307692307692 0.10697115384615384
0 0.45913461538461536 0.7247596153846154 0.026442307692307692 0.109375
0 0.4266826923076923 0.7259615384615384 0.025240384615384616 0.109375
0 0.3942307692307692 0.7319711538461539 0.027644230769230768 0.11298076923076923
0 0.36177884615384615 0.7283653846153846 0.028846153846153848 0.11057692307692307
0 0.3317307692307692 0.7235576923076923 0.027644230769230768 0.10576923076923077
0 0.3004807692307692 0.7211538461538461 0.027644230769230768 0.11057692307692307
0 0.2692307692307692 0.7235576923076923 0.030048076923076924 0.11298076923076923
0 0.7764423076923077 0.8569711538461539 0.030048076923076924 0.10576923076923077
0 0.7463942307692307 0.8569711538461539 0.030048076923076924 0.10336538461538461
0 0.7151442307692307 0.8557692307692307 0.028846153846153848 0.10336538461538461
0 0.6838942307692307 0.8533653846153846 0.03125 0.11298076923076923
0 0.6502403846153846 0.8461538461538461 0.028846153846153848 0.11298076923076923
0 0.6189903846153846 0.8533653846153846 0.026442307692307692 0.09735576923076923
0 0.5877403846153846 0.8509615384615384 0.027644230769230768 0.109375
0 0.5552884615384616 0.8449519230769231 0.027644230769230768 0.11057692307692307
0 0.5240384615384616 0.8497596153846154 0.027644230769230768 0.10817307692307693
0 0.49399038461538464 0.8485576923076923 0.030048076923076924 0.109375
0 0.45913461538461536 0.8509615384615384 0.027644230769230768 0.11057692307692307
0 0.42427884615384615 0.859375 0.028846153846153848 0.11298076923076923
0 0.39663461538461536 0.8641826923076923 0.025240384615384616 0.1045673076923077
0 0.3629807692307692 0.859375 0.025240384615384616 0.10336538461538461
0 0.3317307692307692 0.8485576923076923 0.026442307692307692 0.10096153846153846
0 0.3016826923076923 0.8665865384615384 0.026442307692307692 0.09975961538461539
0 0.2668269230769231 0.8545673076923077 0.030048076923076924 0.109375
0 0.13701923076923078 0.7043269230769231 0.030048076923076924 0.10576923076923077
0 0.10576923076923077 0.703125 0.03245192307692308 0.11298076923076923
0 0.07692307692307693 0.6983173076923077 0.030048076923076924 0.10697115384615384
0 0.04567307692307692 0.7019230769230769 0.03245192307692308 0.1045673076923077
0 0.015625 0.7211538461538461 0.03125 0.11538461538461539
0 0.13341346153846154 0.8449519230769231 0.030048076923076924 0.09615384615384616
0 0.10336538461538461 0.8341346153846154 0.030048076923076924 0.1045673076923077
0 0.07211538461538461 0.8305288461538461 0.030048076923076924 0.09254807692307693
0 0.040865384615384616 0.8377403846153846 0.03125 0.09615384615384616
0 0.013221153846153846 0.8461538461538461 0.025240384615384616 0.11298076923076923