0 0.5588942307692307 0.8413461538461539 0.03365384615384615 0.140625
0 0.5168269230769231 0.8185096153846154 0.037259615384615384 0.15144230769230768
0 0.47716346153846156 0.828125 0.036057692307692304 0.14182692307692307
0 0.43509615384615385 0.828125 0.038461538461538464 0.15144230769230768
0 0.3954326923076923 0.8365384615384616 0.042067307692307696 0.14543269230769232
0 0.6033653846153846 0.8185096153846154 0.038461538461538464 0.14543269230769232
0 0.6490384615384616 0.8197115384615384 0.03365384615384615 0.13581730769230768
0 0.6862980769230769 0.8221153846153846 0.03485576923076923 0.13701923076923078
0 0.734375 0.8425480769230769 0.04447115384615385 0.18028846153846154
0 0.5276442307692307 0.4855769230769231 0.08173076923076923 0.06370192307692307
0 0.38100961538461536 0.484375 0.07692307692307693 0.06129807692307692
0 0.28725961538461536 0.4879807692307692 0.08413461538461539 0.06009615384615385
0 0.1814903846153846 0.4963942307692308 0.09014423076923077 0.06129807692307692
0 0.8088942307692307 0.8112980769230769 0.03485576923076923 0.1310096153846154
0 0.8449519230769231 0.8052884615384616 0.03485576923076923 0.15264423076923078
0 0.8894230769230769 0.8197115384615384 0.038461538461538464 0.14182692307692307
0 0.9278846153846154 0.7920673076923077 0.03485576923076923 0.1310096153846154
0 0.9651442307692307 0.7920673076923077 0.03485576923076923 0.13341346153846154
0 0.8978365384615384 0.47836538461538464 0.07211538461538461 0.06610576923076923
0 0.12860576923076922 0.8485576923076923 0.046875 0.14302884615384615
0 0.7692307692307693 0.8161057692307693 0.03245192307692308 0.14423076923076922
0 0.17548076923076922 0.8377403846153846 0.037259615384615384 0.14903846153846154
0 0.21634615384615385 0.8221153846153846 0.037259615384615384 0.13341346153846154
0 0.2620192307692308 0.8293269230769231 0.037259615384615384 0.14423076923076922
0 0.3076923076923077 0.8401442307692307 0.036057692307692304 0.15144230769230768
0 0.34975961538461536 0.828125 0.03485576923076923 0.15264423076923078
0 0.015625 0.5012019230769231 0.03125 0.06850961538461539
0 0.12620192307692307 0.9639423076923077 0.04447115384615385 0.06971153846153846
0 0.9915865384615384 0.7944711538461539 0.014423076923076924 0.0829326923076923
0 0.9723557692307693 0.48197115384615385 0.054086538461538464 0.06850961538461539