0 0.6814903846153846 0.06009615384615385 0.030048076923076924 0.10817307692307693
0 0.6838942307692307 0.2091346153846154 0.028846153846153848 0.12379807692307693
0 0.6814903846153846 0.36538461538461536 0.03125 0.11899038461538461
0 0.6790865384615384 0.5024038461538461 0.030048076923076924 0.11538461538461539
0 0.671875 0.6622596153846154 0.025240384615384616 0.11658653846153846
0 0.8473557692307693 0.6009615384615384 0.05889423076923077 0.052884615384615384
0 0.5384615384615384 0.09254807692307693 0.05048076923076923 0.051682692307692304
0 0.5360576923076923 0.2620192307692308 0.06129807692307692 0.056490384615384616
0 0.53125 0.43149038461538464 0.05889423076923077 0.05048076923076923
0 0.5348557692307693 0.4879807692307692 0.056490384615384616 0.046875
0 0.5348557692307693 0.5444711538461539 0.05889423076923077 0.054086538461538464
0 0.5348557692307693 0.6033653846153846 0.06009615384615385 0.046875
0 0.5324519230769231 0.6586538461538461 0.06129807692307692 0.052884615384615384
0 0.5324519230769231 0.7163461538461539 0.06129807692307692 0.04807692307692308
0 0.5276442307692307 0.7716346153846154 0.0625 0.052884615384615384
0 0.5276442307692307 0.8317307692307693 0.06129807692307692 0.054086538461538464
0 0.5264423076923077 0.8846153846153846 0.06009615384615385 0.04807692307692308
0 0.5240384615384616 0.9447115384615384 0.06129807692307692 0.051682692307692304
0 0.5252403846153846 0.9831730769230769 0.06610576923076923 0.028846153846153848
0 0.39302884615384615 0.5685096153846154 0.057692307692307696 0.0733173076923077
0 0.3894230769230769 0.8605769230769231 0.057692307692307696 0.06971153846153846
0 0.3894230769230769 0.9194711538461539 0.06009615384615385 0.07091346153846154
0 0.3870192307692308 0.9711538461538461 0.056490384615384616 0.055288461538461536
0 0.39783653846153844 0.16346153846153846 0.06370192307692307 0.078125
0 0.39903846153846156 0.046875 0.06370192307692307 0.0733173076923077
0 0.2764423076923077 0.040865384615384616 0.0673076923076923 0.07091346153846154
0 0.2776442307692308 0.10697115384615384 0.06009615384615385 0.078125
0 0.27403846153846156 0.1814903846153846 0.0625 0.06971153846153846
0 0.27403846153846156 0.24158653846153846 0.06490384615384616 0.07451923076923077
0 0.27283653846153844 0.3125 0.06129807692307692 0.08413461538461539
0 0.26802884615384615 0.3713942307692308 0.06610576923076923 0.08774038461538461
0 0.265625 0.43509615384615385 0.06490384615384616 0.0829326923076923
0 0.2692307692307692 0.5024038461538461 0.06490384615384616 0.08413461538461539
0 0.2692307692307692 0.5769230769230769 0.056490384615384616 0.06850961538461539
0 0.2644230769230769 0.6394230769230769 0.055288461538461536 0.07211538461538461
0 0.2608173076923077 0.7019230769230769 0.056490384615384616 0.06370192307692307
0 0.2644230769230769 0.7692307692307693 0.055288461538461536 0.07692307692307693
0 0.2644230769230769 0.8341346153846154 0.06129807692307692 0.07091346153846154
0 0.2620192307692308 0.8966346153846154 0.055288461538461536 0.07211538461538461
0 0.2608173076923077 0.9639423076923077 0.06009615384615385 0.06971153846153846