0 0.6322115384615384 0.9519230769230769 0.0829326923076923 0.09254807692307693
0 0.6322115384615384 0.8870192307692307 0.052884615384615384 0.08653846153846154
0 0.6165865384615384 0.7872596153846154 0.06971153846153846 0.10096153846153846
0 0.5925480769230769 0.6887019230769231 0.08173076923076923 0.10697115384615384
0 0.578125 0.5865384615384616 0.08173076923076923 0.11899038461538461
0 0.5841346153846154 0.5 0.07211538461538461 0.09975961538461539
0 0.5793269230769231 0.4110576923076923 0.08413461538461539 0.11658653846153846
0 0.5769230769230769 0.3293269230769231 0.06850961538461539 0.10096153846153846
0 0.46153846153846156 0.9639423076923077 0.07932692307692307 0.06490384615384616
0 0.44711538461538464 0.8245192307692307 0.07932692307692307 0.06610576923076923
0 0.44350961538461536 0.6790865384615384 0.08413461538461539 0.06610576923076923
0 0.4387019230769231 0.6105769230769231 0.0889423076923077 0.06490384615384616
0 0.4326923076923077 0.5288461538461539 0.08653846153846154 0.07091346153846154
0 0.42908653846153844 0.45913461538461536 0.08774038461538461 0.06370192307692307
0 0.4326923076923077 0.3870192307692308 0.08413461538461539 0.07091346153846154
0 0.42788461538461536 0.3137019230769231 0.08413461538461539 0.06490384615384616
0 0.421875 0.23918269230769232 0.07932692307692307 0.06490384615384616
0 0.2692307692307692 0.9182692307692307 0.08774038461538461 0.0829326923076923
0 0.1814903846153846 0.9278846153846154 0.0889423076923077 0.07211538461538461
0 0.21995192307692307 0.9783653846153846 0.07932692307692307 0.040865384615384616
0 0.027644230769230768 0.9435096153846154 0.055288461538461536 0.07451923076923077
0 0.02283653846153846 0.7283653846153846 0.04447115384615385 0.07211538461538461
0 0.1778846153846154 0.7800480769230769 0.08533653846153846 0.07692307692307693
0 0.2644230769230769 0.7764423076923077 0.08774038461538461 0.0625
0 0.25841346153846156 0.6971153846153846 0.08052884615384616 0.07451923076923077
0 0.16947115384615385 0.7115384615384616 0.08052884615384616 0.07451923076923077
0 0.1658653846153846 0.6418269230769231 0.08052884615384616 0.06009615384615385
0 0.2536057692307692 0.6286057692307693 0.06971153846153846 0.056490384615384616
0 0.24639423076923078 0.5588942307692307 0.09014423076923077 0.078125
0 0.24879807692307693 0.4807692307692308 0.07451923076923077 0.07091346153846154
0 0.16466346153846154 0.4891826923076923 0.08413461538461539 0.06129807692307692
0 0.15745192307692307 0.5661057692307693 0.08173076923076923 0.06850961538461539
0 0.24278846153846154 0.4182692307692308 0.06971153846153846 0.054086538461538464
0 0.24278846153846154 0.34615384615384615 0.09254807692307693 0.06490384615384616
0 0.24639423076923078 0.2668269230769231 0.09254807692307693 0.06971153846153846
0 0.15264423076923078 0.2764423076923077 0.08413461538461539 0.07692307692307693
0 0.12980769230769232 0.15865384615384615 0.10096153846153846 0.07451923076923077
0 0.15264423076923078 0.3581730769230769 0.08774038461538461 0.08173076923076923
0 0.16466346153846154 0.421875 0.08533653846153846 0.06610576923076923
0 0.019230769230769232 0.4483173076923077 0.038461538461538464 0.06370192307692307
0 0.02283653846153846 0.6550480769230769 0.04447115384615385 0.06370192307692307
0 0.020432692307692308 0.5889423076923077 0.039663461538461536 0.06129807692307692
0 0.019230769230769232 0.36778846153846156 0.037259615384615384 0.0733173076923077
0 0.019230769230769232 0.2932692307692308 0.038461538461538464 0.0673076923076923