0 0.6730769230769231 0.5288461538461539 0.03365384615384615 0.0889423076923077
0 0.6442307692307693 0.5600961538461539 0.038461538461538464 0.09975961538461539
0 0.6129807692307693 0.5733173076923077 0.038461538461538464 0.11658653846153846
0 0.5793269230769231 0.5685096153846154 0.040865384615384616 0.1045673076923077
0 0.5504807692307693 0.5841346153846154 0.040865384615384616 0.1045673076923077
0 0.5216346153846154 0.6057692307692307 0.03365384615384615 0.09254807692307693
0 0.4855769230769231 0.6069711538461539 0.03485576923076923 0.09254807692307693
0 0.46033653846153844 0.6286057692307693 0.03485576923076923 0.109375
0 0.42788461538461536 0.6418269230769231 0.038461538461538464 0.09134615384615384
0 0.39903846153846156 0.6790865384615384 0.039663461538461536 0.1045673076923077
0 0.36899038461538464 0.6971153846153846 0.037259615384615384 0.1045673076923077
0 0.33653846153846156 0.7043269230769231 0.039663461538461536 0.10697115384615384
0 0.3016826923076923 0.7199519230769231 0.036057692307692304 0.10336538461538461
0 0.27163461538461536 0.7379807692307693 0.039663461538461536 0.1141826923076923
0 0.23798076923076922 0.7536057692307693 0.039663461538461536 0.11057692307692307
0 0.20432692307692307 0.7740384615384616 0.040865384615384616 0.1141826923076923
0 0.17307692307692307 0.8004807692307693 0.04567307692307692 0.11298076923076923
0 0.13942307692307693 0.8185096153846154 0.042067307692307696 0.11057692307692307
0 0.10817307692307693 0.8449519230769231 0.037259615384615384 0.09615384615384616
0 0.06971153846153846 0.8533653846153846 0.05048076923076923 0.11899038461538461
0 0.03485576923076923 0.8653846153846154 0.04567307692307692 0.11658653846153846
0 0.009615384615384616 0.8822115384615384 0.019230769230769232 0.11538461538461539
0 0.6682692307692307 0.8605769230769231 0.04326923076923077 0.1141826923076923
0 0.6322115384615384 0.8665865384615384 0.040865384615384616 0.10817307692307693
0 0.6033653846153846 0.8846153846153846 0.038461538461538464 0.11057692307692307
0 0.5721153846153846 0.9002403846153846 0.037259615384615384 0.109375
0 0.5432692307692307 0.9230769230769231 0.039663461538461536 0.10817307692307693
0 0.5168269230769231 0.9447115384615384 0.038461538461538464 0.10697115384615384
0 0.4831730769230769 0.9555288461538461 0.037259615384615384 0.08413461538461539
0 0.4519230769230769 0.9591346153846154 0.03245192307692308 0.078125
0 0.41466346153846156 0.9663461538461539 0.03245192307692308 0.06370192307692307
0 0.5997596153846154 0.9699519230769231 0.052884615384615384 0.056490384615384616
0 0.6598557692307693 0.9435096153846154 0.051682692307692304 0.06009615384615385