0 0.5096153846153846 0.10096153846153846 0.08774038461538461 0.0829326923076923
0 0.6177884615384616 0.28365384615384615 0.04326923076923077 0.1622596153846154
0 0.6610576923076923 0.3112980769230769 0.040865384615384616 0.1622596153846154
0 0.7019230769230769 0.31490384615384615 0.039663461538461536 0.15745192307692307
0 0.8846153846153846 0.04447115384615385 0.046875 0.0889423076923077
0 0.84375 0.03485576923076923 0.04326923076923077 0.06971153846153846
0 0.8028846153846154 0.02403846153846154 0.042067307692307696 0.04807692307692308
0 0.6418269230769231 0.75 0.07932692307692307 0.12139423076923077
0 0.6189903846153846 0.8185096153846154 0.0829326923076923 0.11778846153846154
0 0.5961538461538461 0.8737980769230769 0.07572115384615384 0.11298076923076923
0 0.5721153846153846 0.9362980769230769 0.08413461538461539 0.11658653846153846
0 0.5456730769230769 0.9651442307692307 0.07692307692307693 0.06610576923076923
0 0.9855769230769231 0.8677884615384616 0.026442307692307692 0.10336538461538461
0 0.9543269230769231 0.9495192307692307 0.07451923076923077 0.09735576923076923
0 0.9206730769230769 0.9254807692307693 0.07211538461538461 0.11778846153846154
0 0.7596153846153846 0.016826923076923076 0.038461538461538464 0.03365384615384615
0 0.7199519230769231 0.014423076923076924 0.036057692307692304 0.027644230769230768
0 0.6778846153846154 0.010817307692307692 0.036057692307692304 0.021634615384615384
0 0.6310096153846154 0.009615384615384616 0.03245192307692308 0.019230769230769232