0 0.6706730769230769 0.5300480769230769 0.04326923076923077 0.15504807692307693
0 0.3473557692307692 0.4675480769230769 0.042067307692307696 0.15745192307692307
0 0.6274038461538461 0.5180288461538461 0.04326923076923077 0.15985576923076922
0 0.6153846153846154 0.6983173076923077 0.046875 0.16346153846153846
0 0.5697115384615384 0.6862980769230769 0.04447115384615385 0.1502403846153846
0 0.5252403846153846 0.6778846153846154 0.039663461538461536 0.13341346153846154
0 0.38461538461538464 0.6538461538461539 0.040865384615384616 0.14302884615384615
0 0.30528846153846156 0.45552884615384615 0.04567307692307692 0.17067307692307693
0 0.65625 0.7319711538461539 0.04326923076923077 0.12139423076923077
0 0.7043269230769231 0.7199519230769231 0.04567307692307692 0.1502403846153846
0 0.7487980769230769 0.7211538461538461 0.04326923076923077 0.125
0 0.5769230769230769 0.5084134615384616 0.04326923076923077 0.1466346153846154
0 0.5348557692307693 0.5144230769230769 0.040865384615384616 0.15144230769230768
0 0.4879807692307692 0.5 0.04567307692307692 0.15504807692307693
0 0.43990384615384615 0.4855769230769231 0.04326923076923077 0.16105769230769232
0 0.3942307692307692 0.47475961538461536 0.04326923076923077 0.15384615384615385
0 0.9411057692307693 0.21995192307692307 0.04567307692307692 0.125
0 0.9002403846153846 0.21634615384615385 0.04807692307692308 0.15745192307692307
0 0.8605769230769231 0.19831730769230768 0.039663461538461536 0.12860576923076922
0 0.8185096153846154 0.1875 0.042067307692307696 0.12620192307692307
0 0.7355769230769231 0.17548076923076922 0.04326923076923077 0.1466346153846154
0 0.6911057692307693 0.15504807692307693 0.040865384615384616 0.15384615384615385
0 0.28966346153846156 0.6165865384615384 0.039663461538461536 0.15144230769230768
0 0.2608173076923077 0.7908653846153846 0.07932692307692307 0.13942307692307693
0 0.47836538461538464 0.6670673076923077 0.040865384615384616 0.1502403846153846
0 0.4338942307692308 0.6574519230769231 0.039663461538461536 0.15264423076923078
0 0.3389423076923077 0.6526442307692307 0.039663461538461536 0.1466346153846154
0 0.7151442307692307 0.5348557692307693 0.042067307692307696 0.15985576923076922
0 0.7560096153846154 0.5444711538461539 0.038461538461538464 0.16105769230769232
0 0.8004807692307693 0.5637019230769231 0.04447115384615385 0.14543269230769232
0 0.8401442307692307 0.5625 0.04447115384615385 0.14423076923076922
0 0.8834134615384616 0.578125 0.04326923076923077 0.15144230769230768
0 0.9278846153846154 0.5552884615384616 0.04326923076923077 0.15144230769230768
0 0.9158653846153846 0.765625 0.04927884615384615 0.15264423076923078
0 0.8737980769230769 0.7463942307692307 0.04927884615384615 0.1622596153846154
0 0.8329326923076923 0.734375 0.052884615384615384 0.15745192307692307
0 0.7920673076923077 0.7211538461538461 0.04326923076923077 0.140625
0 0.6490384615384616 0.1502403846153846 0.039663461538461536 0.14903846153846154
0 0.6033653846153846 0.140625 0.040865384615384616 0.1622596153846154