0 0.9879807692307693 0.38341346153846156 0.021634615384615384 0.12740384615384615
0 0.9603365384615384 0.37740384615384615 0.040865384615384616 0.12740384615384615
0 0.921875 0.39663461538461536 0.038461538461538464 0.125
0 0.8822115384615384 0.37259615384615385 0.036057692307692304 0.13341346153846154
0 0.8473557692307693 0.3786057692307692 0.03365384615384615 0.12860576923076922
0 0.8100961538461539 0.3737980769230769 0.03365384615384615 0.13942307692307693
0 0.7740384615384616 0.37740384615384615 0.039663461538461536 0.13581730769230768
0 0.734375 0.36658653846153844 0.03485576923076923 0.140625
0 0.6959134615384616 0.375 0.03365384615384615 0.1466346153846154
0 0.6526442307692307 0.3629807692307692 0.036057692307692304 0.1346153846153846
0 0.609375 0.35096153846153844 0.03125 0.12139423076923077
0 0.5673076923076923 0.3629807692307692 0.03485576923076923 0.14302884615384615
0 0.5180288461538461 0.3713942307692308 0.03245192307692308 0.1310096153846154
0 0.5192307692307693 0.5240384615384616 0.036057692307692304 0.15504807692307693
0 0.5793269230769231 0.6694711538461539 0.038461538461538464 0.11899038461538461
0 0.6213942307692307 0.6814903846153846 0.04326923076923077 0.13942307692307693
0 0.6598557692307693 0.6694711538461539 0.04326923076923077 0.125
0 0.8173076923076923 0.6730769230769231 0.046875 0.13221153846153846
0 0.8545673076923077 0.6766826923076923 0.04326923076923077 0.1310096153846154
0 0.8870192307692307 0.6694711538461539 0.04447115384615385 0.1310096153846154
0 0.9338942307692307 0.6766826923076923 0.04567307692307692 0.12860576923076922
0 0.8978365384615384 0.06610576923076923 0.07451923076923077 0.06850961538461539
0 0.765625 0.05048076923076923 0.06610576923076923 0.07451923076923077
0 0.6778846153846154 0.037259615384615384 0.07451923076923077 0.06370192307692307
0 0.5769230769230769 0.03485576923076923 0.08052884615384616 0.06850961538461539
0 0.38822115384615385 0.030048076923076924 0.08052884615384616 0.06009615384615385
0 0.31009615384615385 0.027644230769230768 0.07572115384615384 0.054086538461538464
0 0.4170673076923077 0.9206730769230769 0.04807692307692308 0.12740384615384615
0 0.4567307692307692 0.9362980769230769 0.04447115384615385 0.12259615384615384
0 0.5 0.9435096153846154 0.04447115384615385 0.109375
0 0.5456730769230769 0.9338942307692307 0.04807692307692308 0.12860576923076922
0 0.5877403846153846 0.9447115384615384 0.04807692307692308 0.10817307692307693
0 0.6754807692307693 0.9447115384615384 0.04807692307692308 0.10817307692307693
0 0.7223557692307693 0.9399038461538461 0.04567307692307692 0.11658653846153846
0 0.7620192307692307 0.9411057692307693 0.05048076923076923 0.11298076923076923
0 0.8112980769230769 0.9302884615384616 0.06129807692307692 0.1346153846153846
0 0.9783653846153846 0.9338942307692307 0.040865384615384616 0.1310096153846154
0 0.9435096153846154 0.9362980769230769 0.05889423076923077 0.125