0 0.8701923076923077 0.24879807692307693 0.07211538461538461 0.0625
0 0.7379807692307693 0.23076923076923078 0.06610576923076923 0.06610576923076923
0 0.6478365384615384 0.2247596153846154 0.0733173076923077 0.06490384615384616
0 0.5444711538461539 0.2247596153846154 0.07932692307692307 0.07091346153846154
0 0.35336538461538464 0.2247596153846154 0.07692307692307693 0.0625
0 0.2764423076923077 0.22355769230769232 0.07451923076923077 0.06370192307692307
0 0.4879807692307692 0.5721153846153846 0.03245192307692308 0.13221153846153846
0 0.4891826923076923 0.7235576923076923 0.03485576923076923 0.14423076923076922
0 0.5360576923076923 0.5661057692307693 0.03365384615384615 0.14423076923076922
0 0.5793269230769231 0.5516826923076923 0.03245192307692308 0.12740384615384615
0 0.6237980769230769 0.5612980769230769 0.036057692307692304 0.1346153846153846
0 0.6670673076923077 0.5721153846153846 0.03245192307692308 0.14302884615384615
0 0.7067307692307693 0.5588942307692307 0.03245192307692308 0.14543269230769232
0 0.7463942307692307 0.5697115384615384 0.037259615384615384 0.1346153846153846
0 0.7824519230769231 0.5649038461538461 0.03245192307692308 0.14182692307692307
0 0.8209134615384616 0.5625 0.03365384615384615 0.13221153846153846
0 0.8557692307692307 0.5588942307692307 0.03485576923076923 0.13701923076923078
0 0.8942307692307693 0.578125 0.036057692307692304 0.1346153846153846
0 0.9338942307692307 0.5625 0.040865384615384616 0.13341346153846154
0 0.9711538461538461 0.5637019230769231 0.037259615384615384 0.12740384615384615
0 0.9927884615384616 0.5721153846153846 0.01201923076923077 0.12740384615384615
0 0.5528846153846154 0.8665865384615384 0.038461538461538464 0.11658653846153846
0 0.5913461538461539 0.8810096153846154 0.04447115384615385 0.13221153846153846
0 0.6298076923076923 0.8641826923076923 0.042067307692307696 0.12379807692307693
0 0.7896634615384616 0.859375 0.04326923076923077 0.12860576923076922
0 0.828125 0.859375 0.042067307692307696 0.125
0 0.8629807692307693 0.8557692307692307 0.04326923076923077 0.125
0 0.9074519230769231 0.8629807692307693 0.04807692307692308 0.12379807692307693