0 0.3870192307692308 0.7211538461538461 0.07451923076923077 0.06610576923076923
0 0.38221153846153844 0.6526442307692307 0.0889423076923077 0.0733173076923077
0 0.28725961538461536 0.6622596153846154 0.08774038461538461 0.078125
0 0.10336538461538461 0.7692307692307693 0.09975961538461539 0.078125
0 0.11057692307692307 0.8473557692307693 0.08413461538461539 0.07091346153846154
0 0.109375 0.9170673076923077 0.08774038461538461 0.06850961538461539
0 0.5588942307692307 0.7115384615384616 0.09014423076923077 0.06850961538461539
0 0.5745192307692307 0.7860576923076923 0.09014423076923077 0.0733173076923077
0 0.5829326923076923 0.8653846153846154 0.08052884615384616 0.07091346153846154
0 0.5829326923076923 0.9387019230769231 0.09014423076923077 0.06971153846153846
0 0.7379807692307693 0.9206730769230769 0.07451923076923077 0.11899038461538461
0 0.7283653846153846 0.8221153846153846 0.08173076923076923 0.1346153846153846
0 0.7259615384615384 0.7319711538461539 0.08653846153846154 0.12379807692307693
0 0.7331730769230769 0.6502403846153846 0.06610576923076923 0.11057692307692307
0 0.7307692307692307 0.5600961538461539 0.0733173076923077 0.11298076923076923
0 0.7175480769230769 0.43990384615384615 0.08173076923076923 0.1466346153846154
0 0.09254807692307693 0.6875 0.0889423076923077 0.078125
0 0.02403846153846154 0.6971153846153846 0.04567307692307692 0.06490384615384616
0 0.09375 0.6009615384615384 0.10096153846153846 0.07692307692307693
0 0.02283653846153846 0.609375 0.04326923076923077 0.06971153846153846
0 0.02403846153846154 0.5276442307692307 0.046875 0.0829326923076923
0 0.27884615384615385 0.49399038461538464 0.09014423076923077 0.0733173076923077
0 0.3786057692307692 0.48197115384615385 0.09014423076923077 0.07692307692307693
0 0.38221153846153844 0.5697115384615384 0.09014423076923077 0.07692307692307693
0 0.2824519230769231 0.5733173076923077 0.09014423076923077 0.06610576923076923
0 0.5709134615384616 0.6262019230769231 0.08653846153846154 0.06971153846153846
0 0.5661057692307693 0.546875 0.08774038461538461 0.06490384615384616
0 0.5637019230769231 0.4675480769230769 0.09134615384615384 0.07692307692307693
0 0.09014423076923077 0.5192307692307693 0.0985576923076923 0.07211538461538461
0 0.3918269230769231 0.8052884615384616 0.09014423076923077 0.07451923076923077
0 0.3870192307692308 0.8834134615384616 0.09495192307692307 0.07692307692307693
0 0.3942307692307692 0.9627403846153846 0.0733173076923077 0.07211538461538461
0 0.28846153846153844 0.9639423076923077 0.10336538461538461 0.06850961538461539
0 0.1045673076923077 0.9747596153846154 0.10216346153846154 0.046875
0 0.29447115384615385 0.7487980769230769 0.0829326923076923 0.078125
0 0.6430288461538461 0.06370192307692307 0.08653846153846154 0.07451923076923077
0 0.5456730769230769 0.056490384615384616 0.08774038461538461 0.07932692307692307
0 0.7211538461538461 0.051682692307692304 0.07211538461538461 0.10336538461538461
0 0.3581730769230769 0.08774038461538461 0.09254807692307693 0.08173076923076923
0 0.2668269230769231 0.09735576923076923 0.09254807692307693 0.078125
0 0.26802884615384615 0.030048076923076924 0.09014423076923077 0.06009615384615385
0 0.36177884615384615 0.02283653846153846 0.07451923076923077 0.04567307692307692
0 0.09014423076923077 0.036057692307692304 0.1045673076923077 0.07211538461538461
0 0.019230769230769232 0.039663461538461536 0.038461538461538464 0.07932692307692307
0 0.09134615384615384 0.12139423076923077 0.09014423076923077 0.08653846153846154
0 0.020432692307692308 0.1310096153846154 0.039663461538461536 0.078125