0 0.6201923076923077 0.1778846153846154 0.030048076923076924 0.12620192307692307
0 0.6189903846153846 0.31490384615384615 0.028846153846153848 0.11778846153846154
0 0.6129807692307693 0.5 0.03485576923076923 0.1141826923076923
0 0.6057692307692307 0.6454326923076923 0.028846153846153848 0.0889423076923077
0 0.6105769230769231 0.7572115384615384 0.03125 0.11538461538461539
0 0.453125 0.5072115384615384 0.06129807692307692 0.055288461538461536
0 0.46274038461538464 0.5721153846153846 0.0625 0.055288461538461536
0 0.4639423076923077 0.6322115384615384 0.06490384615384616 0.04447115384615385
0 0.4543269230769231 0.6875 0.06490384615384616 0.052884615384615384
0 0.4495192307692308 0.7463942307692307 0.057692307692307696 0.051682692307692304
0 0.44350961538461536 0.8052884615384616 0.0625 0.052884615384615384
0 0.4495192307692308 0.8641826923076923 0.056490384615384616 0.05048076923076923
0 0.46153846153846156 0.9194711538461539 0.04927884615384615 0.04807692307692308
0 0.4543269230769231 0.9735576923076923 0.057692307692307696 0.04807692307692308
0 0.38461538461538464 0.4266826923076923 0.06129807692307692 0.05048076923076923
0 0.3269230769230769 0.5588942307692307 0.06370192307692307 0.06971153846153846
0 0.3245192307692308 0.625 0.055288461538461536 0.056490384615384616
0 0.3161057692307692 0.6862980769230769 0.06610576923076923 0.07211538461538461
0 0.31490384615384615 0.75 0.06129807692307692 0.0625
0 0.3112980769230769 0.9158653846153846 0.055288461538461536 0.06610576923076923
0 0.3137019230769231 0.9723557692307693 0.06370192307692307 0.052884615384615384
0 0.18629807692307693 0.8605769230769231 0.06610576923076923 0.07692307692307693
0 0.1814903846153846 0.9266826923076923 0.06370192307692307 0.06971153846153846
0 0.17427884615384615 0.9723557692307693 0.0673076923076923 0.051682692307692304
0 0.18269230769230768 0.7920673076923077 0.06971153846153846 0.078125
0 0.19110576923076922 0.7247596153846154 0.06850961538461539 0.07932692307692307
0 0.19110576923076922 0.6610576923076923 0.05889423076923077 0.06370192307692307
0 0.18629807692307693 0.5913461538461539 0.06610576923076923 0.07932692307692307
0 0.1935096153846154 0.5276442307692307 0.0625 0.0889423076923077
0 0.18990384615384615 0.4543269230769231 0.06610576923076923 0.07692307692307693
0 0.19951923076923078 0.3942307692307692 0.05889423076923077 0.07692307692307693
0 0.20673076923076922 0.3293269230769231 0.06490384615384616 0.07932692307692307
0 0.203125 0.2644230769230769 0.05889423076923077 0.0733173076923077
0 0.2932692307692308 0.21634615384615385 0.06490384615384616 0.06009615384615385