0 0.4423076923076923 0.5949519230769231 0.06490384615384616 0.054086538461538464
0 0.5817307692307693 0.7043269230769231 0.052884615384615384 0.051682692307692304
0 0.6586538461538461 0.7584134615384616 0.0625 0.052884615384615384
0 0.6574519230769231 0.8137019230769231 0.06129807692307692 0.051682692307692304
0 0.5853365384615384 0.6466346153846154 0.06370192307692307 0.051682692307692304
0 0.3762019230769231 0.5925480769230769 0.05889423076923077 0.04807692307692308
0 0.3762019230769231 0.5408653846153846 0.06129807692307692 0.055288461538461536
0 0.25600961538461536 0.8677884615384616 0.03245192307692308 0.11658653846153846
0 0.25961538461538464 0.7487980769230769 0.03125 0.10336538461538461
0 0.6598557692307693 0.6995192307692307 0.057692307692307696 0.05048076923076923
0 0.375 0.48197115384615385 0.06129807692307692 0.05048076923076923
0 0.44350961538461536 0.47836538461538464 0.06129807692307692 0.046875
0 0.44471153846153844 0.5360576923076923 0.06129807692307692 0.046875
0 0.3701923076923077 0.42788461538461536 0.055288461538461536 0.05048076923076923
0 0.44471153846153844 0.36778846153846156 0.06129807692307692 0.052884615384615384
0 0.3798076923076923 0.37259615384615385 0.06009615384615385 0.051682692307692304
0 0.25721153846153844 0.6189903846153846 0.030048076923076924 0.0985576923076923
0 0.25600961538461536 0.5 0.03125 0.11899038461538461
0 0.25721153846153844 0.3605769230769231 0.028846153846153848 0.1045673076923077
0 0.25600961538461536 0.25961538461538464 0.027644230769230768 0.09975961538461539
0 0.4423076923076923 0.421875 0.06370192307692307 0.051682692307692304
0 0.5865384615384616 0.5865384615384616 0.05889423076923077 0.04807692307692308
0 0.6574519230769231 0.5841346153846154 0.056490384615384616 0.04807692307692308
0 0.6550480769230769 0.6430288461538461 0.0673076923076923 0.046875
0 0.5865384615384616 0.7608173076923077 0.0673076923076923 0.05048076923076923
0 0.4362980769230769 0.6526442307692307 0.05889423076923077 0.05048076923076923
0 0.3713942307692308 0.6538461538461539 0.0625 0.046875
0 0.3762019230769231 0.7115384615384616 0.06009615384615385 0.051682692307692304
0 0.44350961538461536 0.7079326923076923 0.06129807692307692 0.046875
0 0.5865384615384616 0.8161057692307693 0.05889423076923077 0.051682692307692304
0 0.6622596153846154 0.8713942307692307 0.05889423076923077 0.052884615384615384
0 0.6598557692307693 0.9254807692307693 0.05889423076923077 0.051682692307692304
0 0.6574519230769231 0.9783653846153846 0.05889423076923077 0.040865384615384616
0 0.5829326923076923 0.8774038461538461 0.06370192307692307 0.051682692307692304
0 0.5853365384615384 0.9350961538461539 0.05889423076923077 0.04567307692307692
0 0.5865384615384616 0.9807692307692307 0.06850961538461539 0.03485576923076923
0 0.25841346153846156 0.9699519230769231 0.030048076923076924 0.056490384615384616
0 0.38100961538461536 0.9855769230769231 0.06009615384615385 0.025240384615384616
0 0.4519230769230769 0.9831730769230769 0.0673076923076923 0.030048076923076924
0 0.44471153846153844 0.9350961538461539 0.052884615384615384 0.05048076923076923
0 0.38100961538461536 0.9387019230769231 0.06370192307692307 0.06009615384615385
0 0.44591346153846156 0.8810096153846154 0.06129807692307692 0.04567307692307692
0 0.3798076923076923 0.8810096153846154 0.057692307692307696 0.05048076923076923
0 0.3786057692307692 0.8245192307692307 0.06370192307692307 0.05048076923076923
0 0.44350961538461536 0.8233173076923077 0.0625 0.05048076923076923
0 0.4423076923076923 0.7644230769230769 0.056490384615384616 0.04326923076923077
0 0.3762019230769231 0.765625 0.06370192307692307 0.04807692307692308
0 0.2620192307692308 0.13341346153846154 0.027644230769230768 0.11298076923076923
0 0.3786057692307692 0.3112980769230769 0.051682692307692304 0.04807692307692308
0 0.44350961538461536 0.3112980769230769 0.05889423076923077 0.05048076923076923
0 0.5889423076923077 0.5300480769230769 0.06129807692307692 0.046875
0 0.6610576923076923 0.5288461538461539 0.056490384615384616 0.042067307692307696
0 0.7896634615384616 0.9735576923076923 0.06129807692307692 0.04807692307692308
0 0.7908653846153846 0.9194711538461539 0.0625 0.056490384615384616
0 0.7932692307692307 0.8629807692307693 0.05889423076923077 0.05048076923076923
0 0.6598557692307693 0.47115384615384615 0.0625 0.05048076923076923
0 0.7884615384615384 0.8100961538461539 0.06370192307692307 0.052884615384615384
0 0.7872596153846154 0.7536057692307693 0.06370192307692307 0.051682692307692304
0 0.7920673076923077 0.6947115384615384 0.0625 0.052884615384615384
0 0.7920673076923077 0.6418269230769231 0.056490384615384616 0.04447115384615385
0 0.7884615384615384 0.5829326923076923 0.06370192307692307 0.052884615384615384
0 0.7896634615384616 0.5300480769230769 0.06370192307692307 0.04447115384615385
0 0.7896634615384616 0.4735576923076923 0.06490384615384616 0.05048076923076923
0 0.5877403846153846 0.47475961538461536 0.056490384615384616 0.051682692307692304
0 0.7872596153846154 0.4170673076923077 0.06370192307692307 0.05048076923076923
0 0.6538461538461539 0.41586538461538464 0.06129807692307692 0.051682692307692304
0 0.5841346153846154 0.41947115384615385 0.05889423076923077 0.04807692307692308
0 0.5865384615384616 0.36538461538461536 0.056490384615384616 0.046875
0 0.6514423076923077 0.3581730769230769 0.05889423076923077 0.05048076923076923
0 0.7824519230769231 0.3641826923076923 0.05048076923076923 0.05048076923076923
0 0.7848557692307693 0.3088942307692308 0.05048076923076923 0.04807692307692308
0 0.7788461538461539 0.25600961538461536 0.056490384615384616 0.051682692307692304
0 0.7800480769230769 0.203125 0.05889423076923077 0.054086538461538464
0 0.7740384615384616 0.15144230769230768 0.056490384615384616 0.05048076923076923
0 0.7800480769230769 0.0985576923076923 0.06129807692307692 0.052884615384615384
0 0.6490384615384616 0.3088942307692308 0.057692307692307696 0.05048076923076923
0 0.5853365384615384 0.30649038461538464 0.06129807692307692 0.04807692307692308
0 0.3737980769230769 0.25961538461538464 0.06009615384615385 0.051682692307692304
0 0.43990384615384615 0.2512019230769231 0.057692307692307696 0.051682692307692304
0 0.5853365384615384 0.2536057692307692 0.06009615384615385 0.054086538461538464
0 0.6490384615384616 0.2512019230769231 0.05889423076923077 0.052884615384615384
0 0.6454326923076923 0.19471153846153846 0.057692307692307696 0.056490384615384616
0 0.5817307692307693 0.19591346153846154 0.0625 0.055288461538461536
0 0.4387019230769231 0.19831730769230768 0.06009615384615385 0.04807692307692308
0 0.37259615384615385 0.20432692307692307 0.057692307692307696 0.051682692307692304
0 0.38100961538461536 0.1502403846153846 0.055288461538461536 0.046875
0 0.43990384615384615 0.14302884615384615 0.06370192307692307 0.054086538461538464
0 0.5805288461538461 0.14543269230769232 0.06009615384615385 0.046875
0 0.6466346153846154 0.14182692307692307 0.04927884615384615 0.05048076923076923
0 0.6466346153846154 0.09014423076923077 0.05889423076923077 0.04807692307692308
0 0.6466346153846154 0.040865384615384616 0.05889423076923077 0.04807692307692308
0 0.5865384615384616 0.09134615384615384 0.057692307692307696 0.051682692307692304
0 0.44350961538461536 0.09134615384615384 0.05889423076923077 0.04807692307692308
0 0.37740384615384615 0.09615384615384616 0.057692307692307696 0.055288461538461536
0 0.3798076923076923 0.04567307692307692 0.05889423076923077 0.051682692307692304
0 0.44350961538461536 0.042067307692307696 0.055288461538461536 0.05048076923076923
0 0.44471153846153844 0.008413461538461538 0.052884615384615384 0.016826923076923076
0 0.38100961538461536 0.009615384615384616 0.06009615384615385 0.018028846153846152
0 0.5805288461538461 0.037259615384615384 0.056490384615384616 0.051682692307692304
0 0.5841346153846154 0.007211538461538462 0.056490384615384616 0.014423076923076924
0 0.6466346153846154 0.008413461538461538 0.0625 0.016826923076923076
0 0.7776442307692307 0.04326923076923077 0.054086538461538464 0.054086538461538464
0 0.7776442307692307 0.008413461538461538 0.055288461538461536 0.016826923076923076