0 0.6514423076923077 0.25240384615384615 0.027644230769230768 0.11778846153846154
0 0.6201923076923077 0.2512019230769231 0.030048076923076924 0.1141826923076923
0 0.5841346153846154 0.2644230769230769 0.027644230769230768 0.11057692307692307
0 0.6850961538461539 0.390625 0.028846153846153848 0.11538461538461539
0 0.6526442307692307 0.3762019230769231 0.03125 0.12139423076923077
0 0.6213942307692307 0.37740384615384615 0.030048076923076924 0.11538461538461539
0 0.5841346153846154 0.38100961538461536 0.027644230769230768 0.11057692307692307
0 0.6838942307692307 0.2620192307692308 0.027644230769230768 0.11298076923076923
0 0.7151442307692307 0.25 0.027644230769230768 0.1141826923076923
0 0.7475961538461539 0.2512019230769231 0.028846153846153848 0.11057692307692307
0 0.7800480769230769 0.25841346153846156 0.027644230769230768 0.10576923076923077
0 0.43990384615384615 0.027644230769230768 0.030048076923076924 0.055288461538461536
0 0.49399038461538464 0.03125 0.026442307692307692 0.0625
0 0.5420673076923077 0.027644230769230768 0.026442307692307692 0.055288461538461536
0 0.5889423076923077 0.02403846153846154 0.028846153846153848 0.046875
0 0.6346153846153846 0.03125 0.027644230769230768 0.0625
0 0.6862980769230769 0.030048076923076924 0.03125 0.06009615384615385
0 0.7319711538461539 0.025240384615384616 0.025240384615384616 0.05048076923076923
0 0.8209134615384616 0.036057692307692304 0.030048076923076924 0.07211538461538461
0 0.8689903846153846 0.037259615384615384 0.03485576923076923 0.07451923076923077
0 0.9098557692307693 0.039663461538461536 0.038461538461538464 0.07932692307692307
0 0.9423076923076923 0.030048076923076924 0.03125 0.06009615384615385
0 0.9759615384615384 0.03485576923076923 0.03365384615384615 0.06971153846153846
0 0.9927884615384616 0.037259615384615384 0.01201923076923077 0.07451923076923077
0 0.9302884615384616 0.15384615384615385 0.054086538461538464 0.051682692307692304
0 0.9891826923076923 0.2668269230769231 0.019230769230769232 0.11057692307692307
0 0.9651442307692307 0.2704326923076923 0.03365384615384615 0.10697115384615384
0 0.9338942307692307 0.265625 0.03245192307692308 0.10096153846153846
0 0.9026442307692307 0.2644230769230769 0.03125 0.10576923076923077
0 0.8725961538461539 0.2608173076923077 0.03485576923076923 0.109375
0 0.8100961538461539 0.265625 0.03125 0.10817307692307693
0 0.9903846153846154 0.39663461538461536 0.016826923076923076 0.10817307692307693
0 0.9699519230769231 0.3954326923076923 0.037259615384615384 0.10336538461538461
0 0.7175480769230769 0.38341346153846156 0.03125 0.11778846153846154
0 0.7487980769230769 0.3894230769230769 0.028846153846153848 0.109375
0 0.7824519230769231 0.3858173076923077 0.030048076923076924 0.11658653846153846
0 0.8137019230769231 0.3870192307692308 0.028846153846153848 0.10096153846153846
0 0.8449519230769231 0.3870192307692308 0.030048076923076924 0.10817307692307693
0 0.8737980769230769 0.390625 0.028846153846153848 0.09735576923076923
0 0.9074519230769231 0.3894230769230769 0.03125 0.1141826923076923
0 0.9362980769230769 0.3858173076923077 0.030048076923076924 0.109375
0 0.9903846153846154 0.640625 0.016826923076923076 0.10817307692307693
0 0.96875 0.6418269230769231 0.03485576923076923 0.1045673076923077
0 0.9375 0.6466346153846154 0.037259615384615384 0.1141826923076923
0 0.9050480769230769 0.6502403846153846 0.030048076923076924 0.10336538461538461
0 0.9915865384615384 0.7704326923076923 0.014423076923076924 0.10817307692307693
0 0.8737980769230769 0.6490384615384616 0.030048076923076924 0.11057692307692307
0 0.84375 0.6442307692307693 0.03125 0.1141826923076923
0 0.8125 0.6454326923076923 0.03125 0.11057692307692307
0 0.7800480769230769 0.6514423076923077 0.027644230769230768 0.11057692307692307
0 0.9675480769230769 0.7680288461538461 0.03125 0.1045673076923077
0 0.9362980769230769 0.7704326923076923 0.03245192307692308 0.09495192307692307
0 0.7487980769230769 0.6418269230769231 0.030048076923076924 0.12259615384615384
0 0.7163461538461539 0.6442307692307693 0.030048076923076924 0.11658653846153846
0 0.6814903846153846 0.6418269230769231 0.027644230769230768 0.09615384615384616
0 0.6526442307692307 0.6466346153846154 0.028846153846153848 0.11057692307692307
0 0.6177884615384616 0.6370192307692307 0.027644230769230768 0.0985576923076923
0 0.5841346153846154 0.6454326923076923 0.026442307692307692 0.1141826923076923
0 0.9074519230769231 0.7776442307692307 0.03245192307692308 0.10576923076923077
0 0.875 0.7680288461538461 0.030048076923076924 0.11298076923076923
0 0.8425480769230769 0.7704326923076923 0.030048076923076924 0.10697115384615384
0 0.8137019230769231 0.7692307692307693 0.030048076923076924 0.11298076923076923
0 0.7800480769230769 0.7704326923076923 0.030048076923076924 0.10697115384615384
0 0.7487980769230769 0.7752403846153846 0.027644230769230768 0.10336538461538461
0 0.7175480769230769 0.7764423076923077 0.03245192307692308 0.1141826923076923
0 0.6838942307692307 0.7704326923076923 0.030048076923076924 0.11658653846153846
0 0.6538461538461539 0.7644230769230769 0.030048076923076924 0.10576923076923077
0 0.6057692307692307 0.8509615384615384 0.06490384615384616 0.08052884615384616
0 0.44711538461538464 0.8389423076923077 0.06610576923076923 0.05048076923076923
0 0.43028846153846156 0.7512019230769231 0.06850961538461539 0.055288461538461536
0 0.4387019230769231 0.6658653846153846 0.06850961538461539 0.046875
0 0.4362980769230769 0.5841346153846154 0.06971153846153846 0.052884615384615384
0 0.4362980769230769 0.4110576923076923 0.06129807692307692 0.054086538461538464
0 0.43149038461538464 0.25 0.06370192307692307 0.04807692307692308
0 0.4375 0.16706730769230768 0.06490384615384616 0.05889423076923077
0 0.9915865384615384 0.9783653846153846 0.014423076923076924 0.042067307692307696
0 0.9675480769230769 0.9783653846153846 0.03485576923076923 0.042067307692307696
0 0.9362980769230769 0.9759615384615384 0.036057692307692304 0.04326923076923077
0 0.9002403846153846 0.9819711538461539 0.03245192307692308 0.03365384615384615
0 0.8689903846153846 0.9831730769230769 0.030048076923076924 0.028846153846153848
0 0.8389423076923077 0.9807692307692307 0.030048076923076924 0.036057692307692304
0 0.8076923076923077 0.9759615384615384 0.03125 0.04326923076923077
0 0.7740384615384616 0.9759615384615384 0.03125 0.04326923076923077
0 0.7415865384615384 0.9783653846153846 0.026442307692307692 0.042067307692307696
0 0.7115384615384616 0.984375 0.028846153846153848 0.027644230769230768