0 0.3269230769230769 0.2980769230769231 0.03125 0.13221153846153846
0 0.21754807692307693 0.5805288461538461 0.046875 0.13341346153846154
0 0.5661057692307693 0.3004807692307692 0.03245192307692308 0.12259615384615384
0 0.5288461538461539 0.3004807692307692 0.03125 0.13701923076923078
0 0.6045673076923077 0.30288461538461536 0.036057692307692304 0.14423076923076922
0 0.6466346153846154 0.32091346153846156 0.038461538461538464 0.13581730769230768
0 0.6838942307692307 0.3016826923076923 0.03365384615384615 0.125
0 0.7223557692307693 0.30528846153846156 0.03245192307692308 0.12620192307692307
0 0.7608173076923077 0.3088942307692308 0.03125 0.08173076923076923
0 0.7980769230769231 0.3112980769230769 0.03245192307692308 0.12379807692307693
0 0.8341346153846154 0.3233173076923077 0.03365384615384615 0.11538461538461539
0 0.8713942307692307 0.31850961538461536 0.03365384615384615 0.13221153846153846
0 0.9098557692307693 0.328125 0.03245192307692308 0.125
0 0.9459134615384616 0.3401442307692308 0.037259615384615384 0.09735576923076923
0 0.9831730769230769 0.3329326923076923 0.03245192307692308 0.11658653846153846
0 0.4879807692307692 0.3088942307692308 0.03485576923076923 0.14903846153846154
0 0.44471153846153844 0.2956730769230769 0.03245192307692308 0.13341346153846154
0 0.40865384615384615 0.28725961538461536 0.028846153846153848 0.13221153846153846
0 0.36778846153846156 0.2800480769230769 0.03485576923076923 0.1310096153846154
0 0.28846153846153844 0.27884615384615385 0.036057692307692304 0.13581730769230768
0 0.2512019230769231 0.28365384615384615 0.036057692307692304 0.12860576923076922
0 0.2127403846153846 0.28365384615384615 0.038461538461538464 0.13581730769230768
0 0.17548076923076922 0.2848557692307692 0.037259615384615384 0.13341346153846154
0 0.13701923076923078 0.2764423076923077 0.037259615384615384 0.13581730769230768
0 0.09975961538461539 0.2860576923076923 0.038461538461538464 0.1346153846153846
0 0.056490384615384616 0.27403846153846156 0.040865384615384616 0.12740384615384615
0 0.018028846153846152 0.2644230769230769 0.03485576923076923 0.1141826923076923
0 0.6598557692307693 0.018028846153846152 0.07451923076923077 0.036057692307692304
0 0.7463942307692307 0.02283653846153846 0.07451923076923077 0.04567307692307692
0 0.9483173076923077 0.03125 0.07932692307692307 0.0625
0 0.9879807692307693 0.6141826923076923 0.021634615384615384 0.12740384615384615
0 0.9615384615384616 0.625 0.04567307692307692 0.12860576923076922
0 0.9254807692307693 0.6334134615384616 0.04567307692307692 0.11899038461538461
0 0.8497596153846154 0.6165865384615384 0.05048076923076923 0.13221153846153846
0 0.8137019230769231 0.6189903846153846 0.04567307692307692 0.12259615384615384
0 0.6586538461538461 0.609375 0.040865384615384616 0.13221153846153846
0 0.6177884615384616 0.5997596153846154 0.04447115384615385 0.140625
0 0.5372596153846154 0.5973557692307693 0.04447115384615385 0.12860576923076922
0 0.33653846153846156 0.5877403846153846 0.04807692307692308 0.13341346153846154
0 0.28846153846153844 0.578125 0.046875 0.1346153846153846
0 0.25600961538461536 0.5817307692307693 0.04567307692307692 0.13221153846153846
0 0.06129807692307692 0.5661057692307693 0.04326923076923077 0.11899038461538461
0 0.02403846153846154 0.5805288461538461 0.046875 0.12740384615384615
0 0.010817307692307692 0.8305288461538461 0.021634615384615384 0.10336538461538461
0 0.07692307692307693 0.8497596153846154 0.055288461538461536 0.13341346153846154
0 0.125 0.8413461538461539 0.046875 0.12259615384615384
0 0.16466346153846154 0.8509615384615384 0.05048076923076923 0.12740384615384615
0 0.21153846153846154 0.8449519230769231 0.06129807692307692 0.1466346153846154
0 0.3473557692307692 0.8545673076923077 0.05048076923076923 0.12620192307692307
0 0.3918269230769231 0.8569711538461539 0.055288461538461536 0.1346153846153846
0 0.4831730769230769 0.8665865384615384 0.05048076923076923 0.12860576923076922
0 0.7175480769230769 0.8653846153846154 0.06971153846153846 0.14903846153846154
0 0.7560096153846154 0.8713942307692307 0.05048076923076923 0.11658653846153846
0 0.8461538461538461 0.875 0.05889423076923077 0.13341346153846154
0 0.8858173076923077 0.8689903846153846 0.05889423076923077 0.12379807692307693
0 0.9362980769230769 0.8629807692307693 0.06850961538461539 0.1310096153846154
0 0.9699519230769231 0.8858173076923077 0.056490384615384616 0.12860576923076922