0 0.6502403846153846 0.2668269230769231 0.06370192307692307 0.05048076923076923
0 0.6586538461538461 0.328125 0.06009615384615385 0.04807692307692308
0 0.6646634615384616 0.3858173076923077 0.06009615384615385 0.046875
0 0.6646634615384616 0.44591346153846156 0.057692307692307696 0.04567307692307692
0 0.6670673076923077 0.5012019230769231 0.06490384615384616 0.046875
0 0.6622596153846154 0.5540865384615384 0.056490384615384616 0.04326923076923077
0 0.6586538461538461 0.6057692307692307 0.057692307692307696 0.04567307692307692
0 0.6802884615384616 0.6634615384615384 0.05889423076923077 0.05048076923076923
0 0.6586538461538461 0.7175480769230769 0.057692307692307696 0.05048076923076923
0 0.6754807692307693 0.7764423076923077 0.0625 0.04807692307692308
0 0.671875 0.8389423076923077 0.06490384615384616 0.054086538461538464
0 0.6682692307692307 0.8918269230769231 0.052884615384615384 0.05048076923076923
0 0.6646634615384616 0.9411057692307693 0.052884615384615384 0.05048076923076923
0 0.6682692307692307 0.984375 0.06370192307692307 0.027644230769230768
0 0.5516826923076923 0.4110576923076923 0.027644230769230768 0.1045673076923077
0 0.5516826923076923 0.5216346153846154 0.025240384615384616 0.09735576923076923
0 0.5588942307692307 0.6394230769230769 0.030048076923076924 0.11538461538461539
0 0.5600961538461539 0.7644230769230769 0.027644230769230768 0.11899038461538461
0 0.5588942307692307 0.890625 0.027644230769230768 0.11658653846153846
0 0.5612980769230769 0.9735576923076923 0.025240384615384616 0.04807692307692308
0 0.5060096153846154 0.3762019230769231 0.056490384615384616 0.04807692307692308
0 0.5 0.4411057692307692 0.06370192307692307 0.04807692307692308
0 0.5024038461538461 0.49759615384615385 0.05889423076923077 0.046875
0 0.5024038461538461 0.5552884615384616 0.06129807692307692 0.04567307692307692
0 0.5048076923076923 0.6141826923076923 0.06129807692307692 0.055288461538461536
0 0.5096153846153846 0.6694711538461539 0.06129807692307692 0.051682692307692304
0 0.5096153846153846 0.7283653846153846 0.057692307692307696 0.052884615384615384
0 0.5060096153846154 0.7848557692307693 0.057692307692307696 0.046875
0 0.5072115384615384 0.8425480769230769 0.06129807692307692 0.054086538461538464
0 0.5072115384615384 0.9002403846153846 0.06370192307692307 0.054086538461538464
0 0.5108173076923077 0.9579326923076923 0.06610576923076923 0.055288461538461536
0 0.31971153846153844 0.2644230769230769 0.06009615384615385 0.051682692307692304
0 0.3317307692307692 0.328125 0.06129807692307692 0.04807692307692308
0 0.3293269230769231 0.390625 0.0673076923076923 0.051682692307692304
0 0.31850961538461536 0.4483173076923077 0.06370192307692307 0.054086538461538464
0 0.3173076923076923 0.5084134615384616 0.0625 0.051682692307692304
0 0.32211538461538464 0.5649038461538461 0.051682692307692304 0.051682692307692304
0 0.3137019230769231 0.625 0.052884615384615384 0.04567307692307692
0 0.3161057692307692 0.6790865384615384 0.06129807692307692 0.05048076923076923
0 0.3161057692307692 0.7403846153846154 0.051682692307692304 0.05889423076923077
0 0.3269230769230769 0.7980769230769231 0.0625 0.052884615384615384
0 0.33052884615384615 0.8509615384615384 0.06129807692307692 0.04567307692307692
0 0.3233173076923077 0.9098557692307693 0.05889423076923077 0.054086538461538464
0 0.32211538461538464 0.9699519230769231 0.05889423076923077 0.052884615384615384