0 0.6322115384615384 0.9194711538461539 0.06370192307692307 0.07692307692307693
0 0.5817307692307693 0.6911057692307693 0.026442307692307692 0.11057692307692307
0 0.6153846153846154 0.6850961538461539 0.030048076923076924 0.09735576923076923
0 0.6502403846153846 0.6959134615384616 0.027644230769230768 0.11298076923076923
0 0.6814903846153846 0.6911057692307693 0.025240384615384616 0.09615384615384616
0 0.7151442307692307 0.6935096153846154 0.028846153846153848 0.11538461538461539
0 0.7487980769230769 0.6947115384615384 0.030048076923076924 0.12259615384615384
0 0.7776442307692307 0.703125 0.030048076923076924 0.11057692307692307
0 0.8100961538461539 0.6983173076923077 0.030048076923076924 0.11298076923076923
0 0.8425480769230769 0.6971153846153846 0.030048076923076924 0.11298076923076923
0 0.8725961538461539 0.703125 0.030048076923076924 0.11298076923076923
0 0.9038461538461539 0.7043269230769231 0.03245192307692308 0.1045673076923077
0 0.9375 0.703125 0.03245192307692308 0.12259615384615384
0 0.9903846153846154 0.8269230769230769 0.016826923076923076 0.11057692307692307
0 0.9891826923076923 0.6995192307692307 0.016826923076923076 0.11057692307692307
0 0.9675480769230769 0.6983173076923077 0.03365384615384615 0.10576923076923077
0 0.9651442307692307 0.8245192307692307 0.03245192307692308 0.10697115384615384
0 0.9338942307692307 0.8269230769230769 0.03245192307692308 0.09735576923076923
0 0.9050480769230769 0.8317307692307693 0.03125 0.10697115384615384
0 0.8713942307692307 0.8233173076923077 0.03245192307692308 0.11298076923076923
0 0.8401442307692307 0.8245192307692307 0.030048076923076924 0.10817307692307693
0 0.8100961538461539 0.8221153846153846 0.03365384615384615 0.1141826923076923
0 0.7776442307692307 0.8221153846153846 0.030048076923076924 0.10697115384615384
0 0.7451923076923077 0.8269230769230769 0.027644230769230768 0.10336538461538461
0 0.7151442307692307 0.8269230769230769 0.028846153846153848 0.1141826923076923
0 0.6814903846153846 0.8197115384615384 0.027644230769230768 0.11778846153846154
0 0.6526442307692307 0.8112980769230769 0.030048076923076924 0.10576923076923077
0 0.44471153846153844 0.8810096153846154 0.06129807692307692 0.052884615384615384
0 0.43028846153846156 0.7920673076923077 0.06610576923076923 0.054086538461538464
0 0.4362980769230769 0.7091346153846154 0.06971153846153846 0.046875
0 0.4362980769230769 0.6262019230769231 0.06610576923076923 0.05048076923076923
0 0.4387019230769231 0.4543269230769231 0.06129807692307692 0.051682692307692304
0 0.4338942307692308 0.2932692307692308 0.06370192307692307 0.054086538461538464
0 0.4411057692307692 0.20552884615384615 0.06370192307692307 0.05048076923076923
0 0.4387019230769231 0.04927884615384615 0.04567307692307692 0.0985576923076923
0 0.5 0.051682692307692304 0.025240384615384616 0.10336538461538461
0 0.546875 0.05048076923076923 0.027644230769230768 0.10096153846153846
0 0.5949519230769231 0.04567307692307692 0.026442307692307692 0.09134615384615384
0 0.6418269230769231 0.054086538461538464 0.027644230769230768 0.10817307692307693
0 0.6923076923076923 0.054086538461538464 0.027644230769230768 0.10817307692307693
0 0.7367788461538461 0.051682692307692304 0.025240384615384616 0.10336538461538461
0 0.8257211538461539 0.07211538461538461 0.030048076923076924 0.10817307692307693
0 0.8737980769230769 0.07211538461538461 0.03245192307692308 0.11057692307692307
0 0.9146634615384616 0.07692307692307693 0.037259615384615384 0.11658653846153846
0 0.9471153846153846 0.06370192307692307 0.027644230769230768 0.11057692307692307
0 0.9783653846153846 0.06850961538461539 0.03125 0.11298076923076923
0 0.9939903846153846 0.0829326923076923 0.009615384615384616 0.11298076923076923
0 0.9903846153846154 0.3245192307692308 0.018028846153846152 0.10817307692307693
0 0.9903846153846154 0.45552884615384615 0.016826923076923076 0.10576923076923077
0 0.9675480769230769 0.3293269230769231 0.03365384615384615 0.10697115384615384
0 0.9362980769230769 0.32211538461538464 0.03365384615384615 0.09735576923076923
0 0.9050480769230769 0.31850961538461536 0.03125 0.10697115384615384
0 0.875 0.3161057692307692 0.03485576923076923 0.109375
0 0.8125 0.31850961538461536 0.030048076923076924 0.10697115384615384
0 0.7824519230769231 0.3112980769230769 0.030048076923076924 0.10336538461538461
0 0.7512019230769231 0.3016826923076923 0.030048076923076924 0.10576923076923077
0 0.7199519230769231 0.3016826923076923 0.025240384615384616 0.11538461538461539
0 0.6887019230769231 0.3137019230769231 0.027644230769230768 0.11298076923076923
0 0.65625 0.30408653846153844 0.028846153846153848 0.11658653846153846
0 0.6237980769230769 0.3004807692307692 0.027644230769230768 0.11538461538461539
0 0.5877403846153846 0.31009615384615385 0.028846153846153848 0.109375
0 0.9699519230769231 0.45552884615384615 0.036057692307692304 0.10576923076923077
0 0.9375 0.44350961538461536 0.03245192307692308 0.11057692307692307
0 0.90625 0.44471153846153844 0.03125 0.1141826923076923
0 0.8762019230769231 0.44350961538461536 0.030048076923076924 0.0985576923076923
0 0.8449519230769231 0.43990384615384615 0.030048076923076924 0.11298076923076923
0 0.8137019230769231 0.43990384615384615 0.030048076923076924 0.1045673076923077
0 0.7836538461538461 0.4387019230769231 0.028846153846153848 0.11899038461538461
0 0.7512019230769231 0.4411057692307692 0.030048076923076924 0.11298076923076923
0 0.71875 0.43509615384615385 0.027644230769230768 0.11899038461538461
0 0.6862980769230769 0.43990384615384615 0.027644230769230768 0.11658653846153846
0 0.6538461538461539 0.4266826923076923 0.030048076923076924 0.12139423076923077
0 0.6225961538461539 0.4266826923076923 0.028846153846153848 0.11538461538461539
0 0.5865384615384616 0.4266826923076923 0.027644230769230768 0.109375
0 0.9591346153846154 0.2127403846153846 0.056490384615384616 0.04807692307692308