0 0.5252403846153846 0.5901442307692307 0.06009615384615385 0.052884615384615384
0 0.5252403846153846 0.5348557692307693 0.056490384615384616 0.05048076923076923
0 0.5276442307692307 0.47836538461538464 0.057692307692307696 0.04807692307692308
0 0.45913461538461536 0.47475961538461536 0.05889423076923077 0.052884615384615384
0 0.4579326923076923 0.5877403846153846 0.06009615384615385 0.052884615384615384
0 0.4543269230769231 0.6442307692307693 0.055288461538461536 0.051682692307692304
0 0.3137019230769231 0.7536057692307693 0.057692307692307696 0.046875
0 0.30649038461538464 0.6947115384615384 0.055288461538461536 0.05048076923076923
0 0.30528846153846156 0.6358173076923077 0.06129807692307692 0.04807692307692308
0 0.4543269230769231 0.36538461538461536 0.05889423076923077 0.051682692307692304
0 0.46153846153846156 0.4206730769230769 0.057692307692307696 0.046875
0 0.5252403846153846 0.4230769230769231 0.05889423076923077 0.05048076923076923
0 0.5276442307692307 0.36658653846153844 0.05889423076923077 0.051682692307692304
0 0.6766826923076923 0.3786057692307692 0.06129807692307692 0.046875
0 0.45552884615384615 0.703125 0.05889423076923077 0.04326923076923077
0 0.5276442307692307 0.6502403846153846 0.056490384615384616 0.04567307692307692
0 0.4543269230769231 0.7584134615384616 0.056490384615384616 0.046875
0 0.4519230769230769 0.5360576923076923 0.06129807692307692 0.046875
0 0.3125 0.09134615384615384 0.055288461538461536 0.04447115384615385
0 0.3112980769230769 0.14423076923076922 0.056490384615384616 0.052884615384615384
0 0.7379807692307693 0.38100961538461536 0.04927884615384615 0.04447115384615385
0 0.7403846153846154 0.4338942307692308 0.054086538461538464 0.04807692307692308
0 0.6790865384615384 0.4338942307692308 0.057692307692307696 0.04807692307692308
0 0.6802884615384616 0.49158653846153844 0.05889423076923077 0.052884615384615384
0 0.7439903846153846 0.4963942307692308 0.057692307692307696 0.04807692307692308
0 0.75 0.5540865384615384 0.05889423076923077 0.051682692307692304
0 0.75 0.6069711538461539 0.055288461538461536 0.051682692307692304
0 0.6802884615384616 0.546875 0.06370192307692307 0.04807692307692308
0 0.6754807692307693 0.6033653846153846 0.06370192307692307 0.046875
0 0.6706730769230769 0.6538461538461539 0.056490384615384616 0.04807692307692308
0 0.6802884615384616 0.7163461538461539 0.056490384615384616 0.04567307692307692
0 0.7524038461538461 0.7211538461538461 0.056490384615384616 0.04807692307692308
0 0.7548076923076923 0.7764423076923077 0.06009615384615385 0.051682692307692304
0 0.7512019230769231 0.8293269230769231 0.04927884615384615 0.04807692307692308
0 0.6730769230769231 0.8233173076923077 0.051682692307692304 0.04447115384615385
0 0.6682692307692307 0.8822115384615384 0.054086538461538464 0.051682692307692304
0 0.6682692307692307 0.9399038461538461 0.06370192307692307 0.04807692307692308
0 0.7379807692307693 0.9362980769230769 0.052884615384615384 0.046875
0 0.7439903846153846 0.9831730769230769 0.05889423076923077 0.030048076923076924
0 0.6682692307692307 0.9831730769230769 0.054086538461538464 0.028846153846153848
0 0.8798076923076923 0.39663461538461536 0.05889423076923077 0.04807692307692308
0 0.8822115384615384 0.5036057692307693 0.057692307692307696 0.05048076923076923
0 0.8810096153846154 0.5552884615384616 0.057692307692307696 0.046875
0 0.8810096153846154 0.6105769230769231 0.06129807692307692 0.04326923076923077
0 0.8846153846153846 0.6658653846153846 0.06009615384615385 0.04447115384615385
0 0.8918269230769231 0.7163461538461539 0.057692307692307696 0.046875
0 0.8930288461538461 0.7740384615384616 0.0625 0.046875
0 0.8918269230769231 0.828125 0.06370192307692307 0.051682692307692304
0 0.8810096153846154 0.8858173076923077 0.05889423076923077 0.051682692307692304
0 0.8810096153846154 0.9399038461538461 0.06370192307692307 0.05048076923076923
0 0.4519230769230769 0.8137019230769231 0.056490384615384616 0.046875
0 0.5252403846153846 0.8713942307692307 0.055288461538461536 0.05048076923076923
0 0.4519230769230769 0.8665865384615384 0.056490384615384616 0.05048076923076923
0 0.5240384615384616 0.9278846153846154 0.055288461538461536 0.046875
0 0.4543269230769231 0.9266826923076923 0.05889423076923077 0.04807692307692308
0 0.45552884615384615 0.9783653846153846 0.06370192307692307 0.042067307692307696
0 0.5240384615384616 0.9783653846153846 0.06129807692307692 0.040865384615384616
0 0.1622596153846154 0.3870192307692308 0.06129807692307692 0.051682692307692304
0 0.1658653846153846 0.44350961538461536 0.05889423076923077 0.04567307692307692
0 0.1658653846153846 0.5 0.05889423076923077 0.04807692307692308
0 0.15384615384615385 0.5516826923076923 0.06129807692307692 0.051682692307692304
0 0.15745192307692307 0.6081730769230769 0.06129807692307692 0.04807692307692308
0 0.15504807692307693 0.6598557692307693 0.06370192307692307 0.051682692307692304
0 0.15144230769230768 0.7211538461538461 0.06129807692307692 0.05048076923076923
0 0.1502403846153846 0.7788461538461539 0.05889423076923077 0.04326923076923077
0 0.3125 0.8088942307692307 0.05889423076923077 0.04807692307692308
0 0.3137019230769231 0.8641826923076923 0.05889423076923077 0.04807692307692308
0 0.31490384615384615 0.9206730769230769 0.06129807692307692 0.046875
0 0.3112980769230769 0.9735576923076923 0.06129807692307692 0.04807692307692308
0 0.15625 0.9831730769230769 0.06370192307692307 0.028846153846153848
0 0.16826923076923078 0.9362980769230769 0.052884615384615384 0.04567307692307692
0 0.15504807692307693 0.8822115384615384 0.05889423076923077 0.04807692307692308
0 0.6754807692307693 0.7740384615384616 0.06009615384615385 0.046875
0 0.5216346153846154 0.7055288461538461 0.06129807692307692 0.04567307692307692
0 0.5168269230769231 0.7620192307692307 0.057692307692307696 0.04567307692307692
0 0.5204326923076923 0.8161057692307693 0.06129807692307692 0.052884615384615384
0 0.31490384615384615 0.359375 0.06009615384615385 0.054086538461538464
0 0.31490384615384615 0.47115384615384615 0.056490384615384616 0.04567307692307692
0 0.3137019230769231 0.41346153846153844 0.06370192307692307 0.051682692307692304
0 0.3137019230769231 0.5276442307692307 0.056490384615384616 0.04807692307692308
0 0.30528846153846156 0.5805288461538461 0.06009615384615385 0.04807692307692308
0 0.8413461538461539 0.1346153846153846 0.03245192307692308 0.1045673076923077
0 0.8882211538461539 0.4483173076923077 0.06129807692307692 0.04567307692307692
0 0.890625 0.33653846153846156 0.05889423076923077 0.04807692307692308
0 0.8882211538461539 0.2848557692307692 0.055288461538461536 0.04807692307692308
0 0.8894230769230769 0.22355769230769232 0.06490384615384616 0.051682692307692304
0 0.8076923076923077 0.14423076923076922 0.027644230769230768 0.11298076923076923
0 0.7800480769230769 0.15264423076923078 0.028846153846153848 0.10096153846153846
0 0.75 0.15384615384615385 0.026442307692307692 0.10576923076923077
0 0.7223557692307693 0.14182692307692307 0.026442307692307692 0.10336538461538461
0 0.6935096153846154 0.1310096153846154 0.027644230769230768 0.109375
0 0.6622596153846154 0.13221153846153846 0.028846153846153848 0.11538461538461539
0 0.6322115384615384 0.13221153846153846 0.026442307692307692 0.10697115384615384
0 0.6009615384615384 0.12860576923076922 0.027644230769230768 0.109375
0 0.5697115384615384 0.13341346153846154 0.026442307692307692 0.09615384615384616
0 0.5384615384615384 0.13341346153846154 0.027644230769230768 0.1045673076923077
0 0.5096153846153846 0.13581730769230768 0.026442307692307692 0.109375
0 0.4543269230769231 0.09495192307692307 0.05889423076923077 0.051682692307692304
0 0.46153846153846156 0.042067307692307696 0.057692307692307696 0.05048076923076923
0 0.4579326923076923 0.008413461538461538 0.06009615384615385 0.016826923076923076
0 0.45072115384615385 0.1502403846153846 0.06370192307692307 0.052884615384615384
0 0.3088942307692308 0.036057692307692304 0.05889423076923077 0.05048076923076923
0 0.17548076923076922 0.0625 0.06009615384615385 0.051682692307692304
0 0.171875 0.11778846153846154 0.056490384615384616 0.052884615384615384
0 0.1658653846153846 0.17548076923076922 0.052884615384615384 0.04807692307692308
0 0.16105769230769232 0.2283653846153846 0.06971153846153846 0.046875
0 0.16346153846153846 0.27884615384615385 0.0625 0.04807692307692308
0 0.1622596153846154 0.33052884615384615 0.06129807692307692 0.04567307692307692
0 0.8822115384615384 0.9819711538461539 0.055288461538461536 0.03245192307692308