0 0.8341346153846154 0.26802884615384615 0.06129807692307692 0.09134615384615384
0 0.8161057692307693 0.32091346153846156 0.057692307692307696 0.09014423076923077
0 0.8052884615384616 0.36658653846153844 0.054086538461538464 0.09014423076923077
0 0.7860576923076923 0.4098557692307692 0.054086538461538464 0.0889423076923077
0 0.7680288461538461 0.45552884615384615 0.05889423076923077 0.09134615384615384
0 0.7475961538461539 0.4891826923076923 0.052884615384615384 0.08774038461538461
0 0.7259615384615384 0.5216346153846154 0.051682692307692304 0.08774038461538461
0 0.7235576923076923 0.5961538461538461 0.056490384615384616 0.08774038461538461
0 0.6850961538461539 0.609375 0.052884615384615384 0.08774038461538461
0 0.6778846153846154 0.6790865384615384 0.06009615384615385 0.09495192307692307
0 0.65625 0.7223557692307693 0.06009615384615385 0.09134615384615384
0 0.6322115384615384 0.7608173076923077 0.05048076923076923 0.07692307692307693
0 0.6105769230769231 0.8016826923076923 0.052884615384615384 0.08653846153846154
0 0.59375 0.8533653846153846 0.056490384615384616 0.09495192307692307
0 0.5721153846153846 0.8942307692307693 0.055288461538461536 0.08413461538461539
0 0.5552884615384616 0.9411057692307693 0.06129807692307692 0.09615384615384616
0 0.5324519230769231 0.9711538461538461 0.05048076923076923 0.055288461538461536
0 0.6887019230769231 0.1875 0.057692307692307696 0.08653846153846154
0 0.6610576923076923 0.22956730769230768 0.055288461538461536 0.09014423076923077
0 0.6466346153846154 0.2692307692307692 0.052884615384615384 0.08653846153846154
0 0.6237980769230769 0.31009615384615385 0.056490384615384616 0.08774038461538461
0 0.6069711538461539 0.3545673076923077 0.055288461538461536 0.09014423076923077
0 0.5901442307692307 0.40384615384615385 0.056490384615384616 0.0889423076923077
0 0.5697115384615384 0.44471153846153844 0.05048076923076923 0.0829326923076923
0 0.546875 0.484375 0.052884615384615384 0.08653846153846154
0 0.5252403846153846 0.5324519230769231 0.056490384615384616 0.08653846153846154
0 0.5084134615384616 0.578125 0.056490384615384616 0.08653846153846154
0 0.49038461538461536 0.6262019230769231 0.05889423076923077 0.09254807692307693
0 0.4651442307692308 0.6658653846153846 0.056490384615384616 0.09254807692307693
0 0.44471153846153844 0.7091346153846154 0.05889423076923077 0.09495192307692307
0 0.4230769230769231 0.7596153846153846 0.055288461538461536 0.09134615384615384
0 0.4026442307692308 0.8088942307692307 0.0625 0.09615384615384616
0 0.38100961538461536 0.8473557692307693 0.0625 0.10096153846153846
0 0.3581730769230769 0.8930288461538461 0.0625 0.09975961538461539
0 0.33052884615384615 0.9362980769230769 0.056490384615384616 0.09134615384615384
0 0.31009615384615385 0.9711538461538461 0.057692307692307696 0.055288461538461536
0 0.5516826923076923 0.03125 0.055288461538461536 0.0625
0 0.5240384615384616 0.042067307692307696 0.051682692307692304 0.0829326923076923
0 0.5048076923076923 0.08173076923076923 0.052884615384615384 0.08653846153846154
0 0.49038461538461536 0.12379807692307693 0.04807692307692308 0.0829326923076923
0 0.46033653846153844 0.15985576923076922 0.046875 0.07932692307692307
0 0.44471153846153844 0.19951923076923078 0.055288461538461536 0.08052884615384616
0 0.4230769230769231 0.24158653846153846 0.05048076923076923 0.0733173076923077
0 0.41225961538461536 0.2920673076923077 0.054086538461538464 0.08173076923076923
0 0.39302884615384615 0.3389423076923077 0.054086538461538464 0.08413461538461539
0 0.36899038461538464 0.375 0.055288461538461536 0.08653846153846154
0 0.3449519230769231 0.41947115384615385 0.051682692307692304 0.08653846153846154
0 0.3245192307692308 0.46153846153846156 0.056490384615384616 0.09254807692307693
0 0.30288461538461536 0.5072115384615384 0.052884615384615384 0.09615384615384616
0 0.2824519230769231 0.5552884615384616 0.056490384615384616 0.09495192307692307
0 0.2644230769230769 0.6009615384615384 0.06129807692307692 0.09134615384615384
0 0.24278846153846154 0.6466346153846154 0.056490384615384616 0.09254807692307693
0 0.22596153846153846 0.6971153846153846 0.04807692307692308 0.08173076923076923
0 0.1971153846153846 0.7331730769230769 0.06850961538461539 0.09254807692307693
0 0.171875 0.7800480769230769 0.06610576923076923 0.09495192307692307
0 0.1502403846153846 0.8269230769230769 0.06129807692307692 0.08653846153846154
0 0.1310096153846154 0.8810096153846154 0.06610576923076923 0.09615384615384616
0 0.1045673076923077 0.9254807692307693 0.06610576923076923 0.09014423076923077
0 0.08052884615384616 0.9627403846153846 0.06370192307692307 0.07211538461538461
0 0.04447115384615385 0.9795673076923077 0.04927884615384615 0.038461538461538464
0 0.7103365384615384 0.265625 0.046875 0.08774038461538461
0 0.6730769230769231 0.3449519230769231 0.046875 0.08413461538461539
0 0.6382211538461539 0.4387019230769231 0.05048076923076923 0.10096153846153846
0 0.5973557692307693 0.5360576923076923 0.056490384615384616 0.10336538461538461
0 0.5528846153846154 0.6274038461538461 0.04927884615384615 0.09975961538461539
0 0.5144230769230769 0.7115384615384616 0.04326923076923077 0.08413461538461539
0 0.47475961538461536 0.8004807692307693 0.05048076923076923 0.10576923076923077
0 0.4338942307692308 0.8942307692307693 0.051682692307692304 0.10096153846153846
0 0.3942307692307692 0.9675480769230769 0.04567307692307692 0.06129807692307692