0 0.3870192307692308 0.19471153846153846 0.030048076923076924 0.12259615384615384
0 0.38461538461538464 0.3269230769230769 0.026442307692307692 0.11778846153846154
0 0.3762019230769231 0.5120192307692307 0.03125 0.11538461538461539
0 0.36899038461538464 0.6550480769230769 0.026442307692307692 0.09014423076923077
0 0.3713942307692308 0.765625 0.027644230769230768 0.10576923076923077
0 0.21754807692307693 0.5180288461538461 0.06610576923076923 0.052884615384615384
0 0.22596153846153846 0.5841346153846154 0.06370192307692307 0.054086538461538464
0 0.22596153846153846 0.6442307692307693 0.06490384615384616 0.046875
0 0.21514423076923078 0.6983173076923077 0.06370192307692307 0.04807692307692308
0 0.21153846153846154 0.7536057692307693 0.06009615384615385 0.04567307692307692
0 0.20673076923076922 0.8112980769230769 0.0625 0.052884615384615384
0 0.2127403846153846 0.8713942307692307 0.056490384615384616 0.042067307692307696
0 0.22235576923076922 0.9278846153846154 0.05048076923076923 0.04447115384615385
0 0.21634615384615385 0.9759615384615384 0.05889423076923077 0.04326923076923077
0 0.07211538461538461 0.921875 0.05889423076923077 0.06850961538461539
0 0.07211538461538461 0.9723557692307693 0.05889423076923077 0.051682692307692304
0 0.07692307692307693 0.7536057692307693 0.06009615384615385 0.06610576923076923
0 0.038461538461538464 0.7067307692307693 0.06490384615384616 0.0733173076923077
0 0.08774038461538461 0.6334134615384616 0.055288461538461536 0.06370192307692307
0 0.0889423076923077 0.5661057692307693 0.06129807692307692 0.06610576923076923
0 0.14903846153846154 0.4387019230769231 0.06009615384615385 0.052884615384615384
0 0.055288461538461536 0.23076923076923078 0.07091346153846154 0.05889423076923077