0 0.40024038461538464 0.6983173076923077 0.057692307692307696 0.051682692307692304
0 0.40024038461538464 0.7584134615384616 0.06610576923076923 0.051682692307692304
0 0.5444711538461539 0.9375 0.051682692307692304 0.052884615384615384
0 0.7463942307692307 0.8161057692307693 0.056490384615384616 0.05048076923076923
0 0.7560096153846154 0.8737980769230769 0.06370192307692307 0.052884615384615384
0 0.7487980769230769 0.7584134615384616 0.06490384615384616 0.052884615384615384
0 0.7463942307692307 0.6971153846153846 0.057692307692307696 0.054086538461538464
0 0.7512019230769231 0.6394230769230769 0.06370192307692307 0.04807692307692308
0 0.7487980769230769 0.5829326923076923 0.055288461538461536 0.051682692307692304
0 0.7475961538461539 0.5300480769230769 0.056490384615384616 0.05889423076923077
0 0.6141826923076923 0.6430288461538461 0.06129807692307692 0.056490384615384616
0 0.5444711538461539 0.6995192307692307 0.06009615384615385 0.054086538461538464
0 0.5444711538461539 0.6418269230769231 0.06610576923076923 0.051682692307692304
0 0.7427884615384616 0.46634615384615385 0.056490384615384616 0.051682692307692304
0 0.7439903846153846 0.41225961538461536 0.06370192307692307 0.052884615384615384
0 0.5396634615384616 0.4098557692307692 0.06009615384615385 0.054086538461538464
0 0.6105769230769231 0.4098557692307692 0.057692307692307696 0.05048076923076923
0 0.6141826923076923 0.4639423076923077 0.055288461538461536 0.051682692307692304
0 0.5432692307692307 0.4675480769230769 0.06490384615384616 0.056490384615384616
0 0.5456730769230769 0.5252403846153846 0.057692307692307696 0.052884615384615384
0 0.6177884615384616 0.5180288461538461 0.06129807692307692 0.054086538461538464
0 0.6141826923076923 0.5805288461538461 0.06370192307692307 0.055288461538461536
0 0.5456730769230769 0.5829326923076923 0.06129807692307692 0.055288461538461536
0 0.3293269230769231 0.3605769230769231 0.06129807692307692 0.05048076923076923
0 0.40024038461538464 0.35336538461538464 0.06129807692307692 0.052884615384615384
0 0.40384615384615385 0.4098557692307692 0.06129807692307692 0.052884615384615384
0 0.3317307692307692 0.4170673076923077 0.06009615384615385 0.054086538461538464
0 0.39783653846153844 0.46634615384615385 0.0625 0.052884615384615384
0 0.33052884615384615 0.4735576923076923 0.057692307692307696 0.054086538461538464
0 0.39903846153846156 0.5252403846153846 0.06610576923076923 0.052884615384615384
0 0.40024038461538464 0.5865384615384616 0.055288461538461536 0.04807692307692308
0 0.328125 0.5288461538461539 0.06129807692307692 0.04807692307692308
0 0.328125 0.5865384615384616 0.06129807692307692 0.052884615384615384
0 0.39783653846153844 0.6370192307692307 0.06370192307692307 0.054086538461538464
0 0.3293269230769231 0.6442307692307693 0.056490384615384616 0.052884615384615384
0 0.19110576923076922 0.5913461538461539 0.06370192307692307 0.055288461538461536
0 0.19471153846153846 0.6802884615384616 0.06370192307692307 0.04807692307692308
0 0.7427884615384616 0.3557692307692308 0.05889423076923077 0.052884615384615384
0 0.7451923076923077 0.3004807692307692 0.06370192307692307 0.051682692307692304
0 0.7463942307692307 0.24639423076923078 0.05889423076923077 0.054086538461538464
0 0.7439903846153846 0.19110576923076922 0.06129807692307692 0.055288461538461536
0 0.7379807692307693 0.13341346153846154 0.06009615384615385 0.052884615384615384
0 0.7403846153846154 0.08413461538461539 0.06009615384615385 0.05048076923076923
0 0.7427884615384616 0.030048076923076924 0.06129807692307692 0.056490384615384616
0 0.6081730769230769 0.9759615384615384 0.056490384615384616 0.04326923076923077
0 0.18629807692307693 0.8413461538461539 0.057692307692307696 0.04807692307692308
0 0.18870192307692307 0.9206730769230769 0.06370192307692307 0.051682692307692304
0 0.5444711538461539 0.9807692307692307 0.0625 0.03485576923076923
0 0.6129807692307693 0.9266826923076923 0.0625 0.052884615384615384
0 0.6153846153846154 0.8665865384615384 0.0625 0.0625
0 0.5420673076923077 0.8737980769230769 0.06490384615384616 0.054086538461538464
0 0.6790865384615384 0.8112980769230769 0.03245192307692308 0.11057692307692307
0 0.6153846153846154 0.8100961538461539 0.057692307692307696 0.051682692307692304
0 0.5432692307692307 0.8185096153846154 0.06850961538461539 0.054086538461538464
0 0.546875 0.7596153846153846 0.06129807692307692 0.04807692307692308
0 0.6141826923076923 0.7524038461538461 0.057692307692307696 0.054086538461538464
0 0.6129807692307693 0.6947115384615384 0.06370192307692307 0.046875
0 0.3317307692307692 0.7043269230769231 0.0625 0.05048076923076923
0 0.328125 0.7608173076923077 0.056490384615384616 0.05048076923076923
0 0.4026442307692308 0.8137019230769231 0.06009615384615385 0.054086538461538464
0 0.40024038461538464 0.8737980769230769 0.06610576923076923 0.054086538461538464
0 0.4050480769230769 0.9314903846153846 0.06370192307692307 0.05048076923076923
0 0.39903846153846156 0.9795673076923077 0.06850961538461539 0.038461538461538464
0 0.33413461538461536 0.9290865384615384 0.06129807692307692 0.054086538461538464
0 0.3269230769230769 0.8737980769230769 0.06129807692307692 0.05048076923076923
0 0.32572115384615385 0.8185096153846154 0.06129807692307692 0.052884615384615384
0 0.3293269230769231 0.9795673076923077 0.06610576923076923 0.038461538461538464
0 0.1935096153846154 0.9903846153846154 0.06610576923076923 0.016826923076923076
0 0.19230769230769232 0.5192307692307693 0.06610576923076923 0.046875
0 0.18509615384615385 0.4579326923076923 0.06490384615384616 0.051682692307692304
0 0.18629807692307693 0.4026442307692308 0.06009615384615385 0.051682692307692304
0 0.1935096153846154 0.35096153846153844 0.06850961538461539 0.055288461538461536
0 0.1971153846153846 0.2920673076923077 0.06009615384615385 0.05889423076923077
0 0.1935096153846154 0.23557692307692307 0.055288461538461536 0.055288461538461536
0 0.1971153846153846 0.17908653846153846 0.06850961538461539 0.055288461538461536
0 0.3329326923076923 0.3016826923076923 0.05889423076923077 0.052884615384615384
0 0.39663461538461536 0.29447115384615385 0.05889423076923077 0.051682692307692304
0 0.4026442307692308 0.24158653846153846 0.0625 0.055288461538461536
0 0.33413461538461536 0.24639423076923078 0.057692307692307696 0.052884615384615384
0 0.40625 0.18629807692307693 0.055288461538461536 0.051682692307692304
0 0.33533653846153844 0.18870192307692307 0.05048076923076923 0.055288461538461536
0 0.33774038461538464 0.13341346153846154 0.05889423076923077 0.055288461538461536
0 0.4050480769230769 0.1310096153846154 0.0625 0.055288461538461536
0 0.4026442307692308 0.07451923076923077 0.057692307692307696 0.055288461538461536
0 0.33774038461538464 0.027644230769230768 0.04807692307692308 0.055288461538461536
0 0.33653846153846156 0.07932692307692307 0.06129807692307692 0.05048076923076923
0 0.4026442307692308 0.02403846153846154 0.06009615384615385 0.046875
0 0.20432692307692307 0.040865384615384616 0.057692307692307696 0.054086538461538464
0 0.20673076923076922 0.008413461538461538 0.0625 0.016826923076923076
0 0.5408653846153846 0.07692307692307693 0.0625 0.06009615384615385
0 0.5408653846153846 0.35336538461538464 0.06009615384615385 0.052884615384615384
0 0.609375 0.3473557692307692 0.05889423076923077 0.054086538461538464
0 0.6117788461538461 0.29447115384615385 0.05889423076923077 0.05048076923076923
0 0.5360576923076923 0.2956730769230769 0.056490384615384616 0.054086538461538464
0 0.6105769230769231 0.2403846153846154 0.055288461538461536 0.054086538461538464
0 0.5396634615384616 0.2403846153846154 0.051682692307692304 0.052884615384615384
0 0.5456730769230769 0.18389423076923078 0.06129807692307692 0.055288461538461536
0 0.6129807692307693 0.18389423076923078 0.056490384615384616 0.052884615384615384
0 0.6105769230769231 0.12740384615384615 0.06129807692307692 0.054086538461538464
0 0.5408653846153846 0.13221153846153846 0.06129807692307692 0.05048076923076923
0 0.6117788461538461 0.07692307692307693 0.06009615384615385 0.055288461538461536
0 0.609375 0.02403846153846154 0.057692307692307696 0.04807692307692308
0 0.5432692307692307 0.02403846153846154 0.06129807692307692 0.046875