0 0.6550480769230769 0.016826923076923076 0.06490384615384616 0.03365384615384615
0 0.6622596153846154 0.054086538461538464 0.05889423076923077 0.056490384615384616
0 0.6646634615384616 0.10817307692307693 0.055288461538461536 0.056490384615384616
0 0.6658653846153846 0.1658653846153846 0.05889423076923077 0.046875
0 0.6622596153846154 0.21634615384615385 0.05889423076923077 0.04807692307692308
0 0.6610576923076923 0.26802884615384615 0.056490384615384616 0.04807692307692308
0 0.6826923076923077 0.3269230769230769 0.06129807692307692 0.046875
0 0.6610576923076923 0.38100961538461536 0.057692307692307696 0.04326923076923077
0 0.6790865384615384 0.44350961538461536 0.06490384615384616 0.046875
0 0.6754807692307693 0.5024038461538461 0.06610576923076923 0.051682692307692304
0 0.6730769230769231 0.5564903846153846 0.051682692307692304 0.04567307692307692
0 0.671875 0.609375 0.057692307692307696 0.04807692307692308
0 0.6778846153846154 0.6670673076923077 0.05889423076923077 0.054086538461538464
0 0.6766826923076923 0.7211538461538461 0.055288461538461536 0.04567307692307692
0 0.6814903846153846 0.7788461538461539 0.0625 0.04807692307692308
0 0.6862980769230769 0.8341346153846154 0.06490384615384616 0.05048076923076923
0 0.6935096153846154 0.890625 0.06129807692307692 0.046875
0 0.6862980769230769 0.9483173076923077 0.06370192307692307 0.052884615384615384
0 0.6887019230769231 0.9855769230769231 0.06370192307692307 0.02403846153846154
0 0.5516826923076923 0.08173076923076923 0.025240384615384616 0.0985576923076923
0 0.5528846153846154 0.18990384615384615 0.026442307692307692 0.10336538461538461
0 0.5600961538461539 0.3016826923076923 0.03125 0.10817307692307693
0 0.5637019230769231 0.4254807692307692 0.027644230769230768 0.11778846153846154
0 0.5649038461538461 0.5504807692307693 0.028846153846153848 0.10817307692307693
0 0.5685096153846154 0.6538461538461539 0.026442307692307692 0.0889423076923077
0 0.5697115384615384 0.7668269230769231 0.025240384615384616 0.1141826923076923
0 0.5733173076923077 0.8774038461538461 0.027644230769230768 0.10576923076923077
0 0.5769230769230769 0.9675480769230769 0.025240384615384616 0.06009615384615385
0 0.5048076923076923 0.040865384615384616 0.056490384615384616 0.0625
0 0.5 0.109375 0.06129807692307692 0.052884615384615384
0 0.5012019230769231 0.1622596153846154 0.055288461538461536 0.051682692307692304
0 0.5036057692307693 0.21995192307692307 0.06129807692307692 0.04807692307692308
0 0.5072115384615384 0.2764423076923077 0.057692307692307696 0.052884615384615384
0 0.5120192307692307 0.3317307692307692 0.06370192307692307 0.054086538461538464
0 0.5120192307692307 0.3918269230769231 0.055288461538461536 0.04807692307692308
0 0.5096153846153846 0.4495192307692308 0.056490384615384616 0.052884615384615384
0 0.5096153846153846 0.5096153846153846 0.06129807692307692 0.046875
0 0.5132211538461539 0.5612980769230769 0.06129807692307692 0.055288461538461536
0 0.5192307692307693 0.6213942307692307 0.0625 0.051682692307692304
0 0.5132211538461539 0.6838942307692307 0.06009615384615385 0.05048076923076923
0 0.5144230769230769 0.7355769230769231 0.06129807692307692 0.04807692307692308
0 0.5168269230769231 0.7944711538461539 0.0625 0.05889423076923077
0 0.5192307692307693 0.8545673076923077 0.06370192307692307 0.05889423076923077
0 0.5168269230769231 0.9074519230769231 0.06370192307692307 0.051682692307692304
0 0.5168269230769231 0.9639423076923077 0.06370192307692307 0.052884615384615384
0 0.3317307692307692 0.015625 0.05889423076923077 0.030048076923076924
0 0.3317307692307692 0.06370192307692307 0.06850961538461539 0.051682692307692304
0 0.32211538461538464 0.12139423076923077 0.0625 0.052884615384615384
0 0.32091346153846156 0.17668269230769232 0.06129807692307692 0.054086538461538464
0 0.32572115384615385 0.23317307692307693 0.051682692307692304 0.054086538461538464
0 0.31850961538461536 0.2956730769230769 0.052884615384615384 0.04447115384615385
0 0.31971153846153844 0.3473557692307692 0.05889423076923077 0.051682692307692304
0 0.32211538461538464 0.4074519230769231 0.054086538461538464 0.051682692307692304
0 0.3329326923076923 0.46274038461538464 0.06009615384615385 0.052884615384615384
0 0.33653846153846156 0.515625 0.06129807692307692 0.05048076923076923
0 0.3317307692307692 0.5733173076923077 0.06129807692307692 0.05048076923076923
0 0.3293269230769231 0.6346153846153846 0.055288461538461536 0.052884615384615384
0 0.3293269230769231 0.6911057692307693 0.06370192307692307 0.051682692307692304
0 0.3329326923076923 0.7524038461538461 0.06129807692307692 0.05048076923076923
0 0.3329326923076923 0.8064903846153846 0.06490384615384616 0.04567307692307692
0 0.3389423076923077 0.8665865384615384 0.06129807692307692 0.054086538461538464
0 0.3389423076923077 0.9230769230769231 0.06009615384615385 0.051682692307692304
0 0.3449519230769231 0.9747596153846154 0.057692307692307696 0.04567307692307692