0 0.6286057692307693 0.5408653846153846 0.051682692307692304 0.09254807692307693
0 0.6009615384615384 0.5745192307692307 0.04807692307692308 0.09014423076923077
0 0.5252403846153846 0.3449519230769231 0.05048076923076923 0.09014423076923077
0 0.6514423076923077 0.4987980769230769 0.05048076923076923 0.08173076923076923
0 0.6706730769230769 0.46153846153846156 0.05048076923076923 0.08774038461538461
0 0.4735576923076923 0.25841346153846156 0.055288461538461536 0.09495192307692307
0 0.45552884615384615 0.30288461538461536 0.04567307692307692 0.078125
0 0.5060096153846154 0.3858173076923077 0.04927884615384615 0.0889423076923077
0 0.4987980769230769 0.23076923076923078 0.04807692307692308 0.08653846153846154
0 0.5480769230769231 0.31009615384615385 0.05048076923076923 0.09495192307692307
0 0.5841346153846154 0.6177884615384616 0.052884615384615384 0.09254807692307693
0 0.5625 0.6634615384615384 0.051682692307692304 0.08774038461538461
0 0.5829326923076923 0.7800480769230769 0.04807692307692308 0.09134615384615384
0 0.5300480769230769 0.703125 0.052884615384615384 0.0889423076923077
0 0.6081730769230769 0.7403846153846154 0.04807692307692308 0.07932692307692307
0 0.6358173076923077 0.7043269230769231 0.055288461538461536 0.09615384615384616
0 0.6586538461538461 0.6658653846153846 0.051682692307692304 0.09134615384615384
0 0.6790865384615384 0.6286057692307693 0.05048076923076923 0.09014423076923077
0 0.6971153846153846 0.5865384615384616 0.054086538461538464 0.09495192307692307
0 0.71875 0.546875 0.05048076923076923 0.09495192307692307
0 0.7379807692307693 0.5072115384615384 0.05048076923076923 0.09254807692307693
0 0.7560096153846154 0.4579326923076923 0.052884615384615384 0.08653846153846154
0 0.7716346153846154 0.4170673076923077 0.040865384615384616 0.07692307692307693
0 0.7956730769230769 0.38100961538461536 0.055288461538461536 0.09495192307692307
0 0.8125 0.3401442307692308 0.05048076923076923 0.08774038461538461
0 0.8293269230769231 0.2956730769230769 0.046875 0.08173076923076923
0 0.8497596153846154 0.2644230769230769 0.05048076923076923 0.09254807692307693
0 0.8713942307692307 0.23557692307692307 0.052884615384615384 0.08774038461538461
0 0.8870192307692307 0.1935096153846154 0.04447115384615385 0.0889423076923077
0 0.9086538461538461 0.15384615384615385 0.04807692307692308 0.08173076923076923
0 0.9266826923076923 0.12379807692307693 0.040865384615384616 0.07451923076923077
0 0.9435096153846154 0.08653846153846154 0.05048076923076923 0.08653846153846154
0 0.9747596153846154 0.06490384615384616 0.046875 0.09134615384615384
0 0.9819711538461539 0.030048076923076924 0.03365384615384615 0.06009615384615385
0 0.9338942307692307 0.009615384615384616 0.020432692307692308 0.019230769230769232
0 0.9038461538461539 0.02283653846153846 0.052884615384615384 0.04567307692307692
0 0.8822115384615384 0.04567307692307692 0.054086538461538464 0.0829326923076923
0 0.8629807692307693 0.08173076923076923 0.04447115384615385 0.07692307692307693
0 0.8449519230769231 0.12259615384615384 0.054086538461538464 0.09134615384615384
0 0.8197115384615384 0.1466346153846154 0.052884615384615384 0.08774038461538461
0 0.8028846153846154 0.18509615384615385 0.054086538461538464 0.09134615384615384
0 0.7824519230769231 0.22235576923076922 0.04567307692307692 0.08173076923076923
0 0.7632211538461539 0.25841346153846156 0.04326923076923077 0.0733173076923077
0 0.7427884615384616 0.2920673076923077 0.04567307692307692 0.07932692307692307
0 0.7259615384615384 0.33413461538461536 0.051682692307692304 0.08413461538461539
0 0.7019230769230769 0.3713942307692308 0.04927884615384615 0.0829326923076923
0 0.6899038461538461 0.41947115384615385 0.054086538461538464 0.09615384615384616
0 0.5877403846153846 0.2283653846153846 0.04807692307692308 0.08173076923076923
0 0.6105769230769231 0.19471153846153846 0.04807692307692308 0.08173076923076923
0 0.6274038461538461 0.14903846153846154 0.04807692307692308 0.0829326923076923
0 0.6466346153846154 0.10817307692307693 0.052884615384615384 0.09134615384615384
0 0.6706730769230769 0.078125 0.05048076923076923 0.0889423076923077
0 0.6911057692307693 0.04447115384615385 0.055288461538461536 0.0889423076923077
0 0.7151442307692307 0.027644230769230768 0.038461538461538464 0.055288461538461536
0 0.7463942307692307 0.009615384615384616 0.02403846153846154 0.019230769230769232
0 0.9915865384615384 0.3245192307692308 0.014423076923076924 0.055288461538461536
0 0.9819711538461539 0.3786057692307692 0.03485576923076923 0.0889423076923077
0 0.9675480769230769 0.40384615384615385 0.056490384615384616 0.09254807692307693
0 0.9471153846153846 0.43990384615384615 0.05048076923076923 0.08173076923076923
0 0.9302884615384616 0.47596153846153844 0.052884615384615384 0.0889423076923077
0 0.9134615384615384 0.5216346153846154 0.04326923076923077 0.078125
0 0.8954326923076923 0.5625 0.055288461538461536 0.09014423076923077
0 0.8810096153846154 0.6081730769230769 0.05048076923076923 0.08774038461538461
0 0.8605769230769231 0.6430288461538461 0.04927884615384615 0.0829326923076923
0 0.8401442307692307 0.6754807692307693 0.052884615384615384 0.0889423076923077
0 0.8221153846153846 0.7139423076923077 0.057692307692307696 0.09134615384615384
0 0.8016826923076923 0.7536057692307693 0.055288461538461536 0.08173076923076923
0 0.7800480769230769 0.7932692307692307 0.054086538461538464 0.08653846153846154
0 0.7584134615384616 0.8293269230769231 0.05048076923076923 0.08653846153846154
0 0.7355769230769231 0.8677884615384616 0.052884615384615384 0.0829326923076923
0 0.7163461538461539 0.9074519230769231 0.052884615384615384 0.09014423076923077
0 0.6971153846153846 0.9471153846153846 0.052884615384615384 0.0889423076923077
0 0.6754807692307693 0.9735576923076923 0.051682692307692304 0.05048076923076923
0 0.47596153846153844 0.8064903846153846 0.04567307692307692 0.08052884615384616
0 0.53125 0.8990384615384616 0.05048076923076923 0.09254807692307693
0 0.5036057692307693 0.9375 0.051682692307692304 0.08413461538461539
0 0.484375 0.9663461538461539 0.054086538461538464 0.06370192307692307
0 0.453125 0.984375 0.037259615384615384 0.027644230769230768
0 0.4519230769230769 0.8509615384615384 0.055288461538461536 0.09735576923076923
0 0.43149038461538464 0.890625 0.04927884615384615 0.09495192307692307
0 0.40865384615384615 0.9254807692307693 0.052884615384615384 0.09615384615384616
0 0.3918269230769231 0.9627403846153846 0.054086538461538464 0.07091346153846154
0 0.35697115384615385 0.9831730769230769 0.036057692307692304 0.028846153846153848
0 0.29927884615384615 0.9855769230769231 0.04567307692307692 0.02403846153846154
0 0.2980769230769231 0.921875 0.055288461538461536 0.09495192307692307
0 0.26802884615384615 0.8245192307692307 0.05048076923076923 0.0829326923076923
0 0.2283653846153846 0.9110576923076923 0.05048076923076923 0.08774038461538461
0 0.20192307692307693 0.9459134615384616 0.057692307692307696 0.09495192307692307
0 0.15264423076923078 0.8581730769230769 0.054086538461538464 0.09615384615384616
0 0.17067307692307693 0.8161057692307693 0.051682692307692304 0.09615384615384616
0 0.19110576923076922 0.7764423076923077 0.04567307692307692 0.09254807692307693
0 0.2127403846153846 0.7391826923076923 0.052884615384615384 0.09615384615384616
0 0.23798076923076922 0.7019230769230769 0.052884615384615384 0.09254807692307693
0 0.25600961538461536 0.6574519230769231 0.05048076923076923 0.09254807692307693
0 0.2776442307692308 0.6177884615384616 0.051682692307692304 0.09495192307692307
0 0.2980769230769231 0.5709134615384616 0.05048076923076923 0.09254807692307693
0 0.32211538461538464 0.5384615384615384 0.052884615384615384 0.09495192307692307
0 0.3425480769230769 0.4963942307692308 0.052884615384615384 0.09495192307692307
0 0.3629807692307692 0.4579326923076923 0.04927884615384615 0.09014423076923077
0 0.3870192307692308 0.4254807692307692 0.06129807692307692 0.10817307692307693
0 0.4098557692307692 0.3762019230769231 0.05889423076923077 0.09735576923076923
0 0.42908653846153844 0.3317307692307692 0.052884615384615384 0.09014423076923077
0 0.29086538461538464 0.7884615384615384 0.051682692307692304 0.08653846153846154
0 0.3088942307692308 0.75 0.052884615384615384 0.09615384615384616
0 0.3269230769230769 0.7043269230769231 0.054086538461538464 0.09735576923076923
0 0.34975961538461536 0.6574519230769231 0.055288461538461536 0.09495192307692307
0 0.37259615384615385 0.6213942307692307 0.052884615384615384 0.09615384615384616
0 0.390625 0.5793269230769231 0.055288461538461536 0.09615384615384616
0 0.41586538461538464 0.5408653846153846 0.052884615384615384 0.09495192307692307
0 0.4362980769230769 0.5036057692307693 0.046875 0.0829326923076923
0 0.4543269230769231 0.46153846153846156 0.055288461538461536 0.0985576923076923
0 0.48197115384615385 0.4230769230769231 0.055288461538461536 0.09735576923076923
0 0.5180288461538461 0.1814903846153846 0.04927884615384615 0.08653846153846154
0 0.5372596153846154 0.140625 0.052884615384615384 0.09134615384615384
0 0.5576923076923077 0.09975961538461539 0.052884615384615384 0.0889423076923077
0 0.5757211538461539 0.06490384615384616 0.04807692307692308 0.08413461538461539
0 0.5973557692307693 0.036057692307692304 0.05048076923076923 0.07211538461538461
0 0.6286057692307693 0.02283653846153846 0.04567307692307692 0.04567307692307692
0 0.41346153846153844 0.021634615384615384 0.04326923076923077 0.04326923076923077
0 0.3918269230769231 0.04567307692307692 0.051682692307692304 0.09134615384615384
0 0.3713942307692308 0.08653846153846154 0.04927884615384615 0.09134615384615384
0 0.3112980769230769 0.054086538461538464 0.052884615384615384 0.09014423076923077
0 0.34975961538461536 0.12379807692307693 0.04807692307692308 0.08774038461538461
0 0.3269230769230769 0.15264423076923078 0.051682692307692304 0.09014423076923077
0 0.2668269230769231 0.140625 0.05048076923076923 0.0829326923076923
0 0.30288461538461536 0.19110576923076922 0.05048076923076923 0.09014423076923077
0 0.28725961538461536 0.2439903846153846 0.05048076923076923 0.09495192307692307
0 0.25961538461538464 0.27403846153846156 0.05048076923076923 0.09495192307692307
0 0.2127403846153846 0.18389423076923078 0.05048076923076923 0.08653846153846154
0 0.19230769230769232 0.23076923076923078 0.052884615384615384 0.0985576923076923
0 0.23798076923076922 0.3137019230769231 0.054086538461538464 0.09014423076923077
0 0.13822115384615385 0.02283653846153846 0.05048076923076923 0.04567307692307692
0 0.09254807692307693 0.0889423076923077 0.05048076923076923 0.09254807692307693
0 0.04326923076923077 0.17307692307692307 0.057692307692307696 0.09134615384615384
0 0.008413461538461538 0.25961538461538464 0.016826923076923076 0.06610576923076923
0 0.16706730769230768 0.2692307692307692 0.04567307692307692 0.07932692307692307
0 0.21514423076923078 0.34975961538461536 0.05048076923076923 0.08653846153846154
0 0.19110576923076922 0.3870192307692308 0.051682692307692304 0.09254807692307693
0 0.1466346153846154 0.30528846153846156 0.056490384615384616 0.0985576923076923
0 0.1201923076923077 0.3389423076923077 0.05048076923076923 0.08774038461538461
0 0.17067307692307693 0.4266826923076923 0.046875 0.0889423076923077
0 0.15144230769230768 0.4723557692307692 0.05048076923076923 0.09254807692307693
0 0.12379807692307693 0.5060096153846154 0.057692307692307696 0.09254807692307693
0 0.10096153846153846 0.38100961538461536 0.05048076923076923 0.09014423076923077
0 0.07692307692307693 0.421875 0.054086538461538464 0.09254807692307693
0 0.055288461538461536 0.4579326923076923 0.055288461538461536 0.09254807692307693
0 0.03245192307692308 0.4987980769230769 0.056490384615384616 0.09615384615384616
0 0.018028846153846152 0.5384615384615384 0.036057692307692304 0.09134615384615384
0 0.010817307692307692 0.609375 0.021634615384615384 0.055288461538461536
0 0.10817307692307693 0.5516826923076923 0.052884615384615384 0.09495192307692307
0 0.08653846153846154 0.5961538461538461 0.051682692307692304 0.09495192307692307
0 0.06370192307692307 0.625 0.052884615384615384 0.08774038461538461
0 0.040865384615384616 0.6802884615384616 0.06009615384615385 0.09254807692307693
0 0.028846153846153848 0.7668269230769231 0.057692307692307696 0.07692307692307693
0 0.125 0.75 0.05889423076923077 0.09134615384615384