0 0.3762019230769231 0.25961538461538464 0.05048076923076923 0.09254807692307693
0 0.35336538461538464 0.296875 0.052884615384615384 0.09495192307692307
0 0.33653846153846156 0.3425480769230769 0.052884615384615384 0.09735576923076923
0 0.3161057692307692 0.3870192307692308 0.052884615384615384 0.09254807692307693
0 0.39903846153846156 0.609375 0.05048076923076923 0.08653846153846154
0 0.3737980769230769 0.6394230769230769 0.05048076923076923 0.08653846153846154
0 0.2860576923076923 0.41225961538461536 0.05048076923076923 0.09134615384615384
0 0.265625 0.4519230769230769 0.056490384615384616 0.09735576923076923
0 0.24639423076923078 0.49759615384615385 0.055288461538461536 0.10336538461538461
0 0.2247596153846154 0.5384615384615384 0.052884615384615384 0.09735576923076923
0 0.20673076923076922 0.5805288461538461 0.05048076923076923 0.09014423076923077
0 0.3557692307692308 0.6935096153846154 0.055288461538461536 0.09495192307692307
0 0.4206730769230769 0.5769230769230769 0.04567307692307692 0.08173076923076923
0 0.4362980769230769 0.5264423076923077 0.052884615384615384 0.08774038461538461
0 0.45913461538461536 0.4879807692307692 0.04927884615384615 0.09134615384615384
0 0.4795673076923077 0.4411057692307692 0.056490384615384616 0.0889423076923077
0 0.5228365384615384 0.35697115384615385 0.04567307692307692 0.07211538461538461
0 0.5384615384615384 0.3088942307692308 0.04807692307692308 0.0829326923076923
0 0.33653846153846156 0.7391826923076923 0.052884615384615384 0.09495192307692307
0 0.39663461538461536 0.21995192307692307 0.05048076923076923 0.09134615384615384
0 0.28846153846153844 0.8088942307692307 0.056490384615384616 0.10096153846153846
0 0.4963942307692308 0.3894230769230769 0.052884615384615384 0.09975961538461539
0 0.3112980769230769 0.7692307692307693 0.056490384615384616 0.09735576923076923
0 0.5612980769230769 0.2668269230769231 0.04807692307692308 0.07692307692307693
0 0.5865384615384616 0.2283653846153846 0.051682692307692304 0.0829326923076923
0 0.6045673076923077 0.19471153846153846 0.04807692307692308 0.08052884615384616
0 0.6430288461538461 0.11298076923076923 0.04807692307692308 0.07451923076923077
0 0.6634615384615384 0.06971153846153846 0.04807692307692308 0.07451923076923077
0 0.6814903846153846 0.037259615384615384 0.05048076923076923 0.07451923076923077
0 0.5372596153846154 0.019230769230769232 0.04326923076923077 0.038461538461538464
0 0.5072115384615384 0.036057692307692304 0.052884615384615384 0.07211538461538461
0 0.4879807692307692 0.06490384615384616 0.051682692307692304 0.09254807692307693
0 0.46153846153846156 0.09975961538461539 0.052884615384615384 0.09014423076923077
0 0.43990384615384615 0.13701923076923078 0.052884615384615384 0.09495192307692307
0 0.41947115384615385 0.17908653846153846 0.05048076923076923 0.09014423076923077
0 0.33653846153846156 0.02403846153846154 0.04447115384615385 0.046875
0 0.31009615384615385 0.039663461538461536 0.04807692307692308 0.07932692307692307
0 0.28125 0.06971153846153846 0.04807692307692308 0.0829326923076923
0 0.25721153846153844 0.10576923076923077 0.051682692307692304 0.08774038461538461
0 0.23557692307692307 0.14423076923076922 0.052884615384615384 0.09254807692307693
0 0.21153846153846154 0.1814903846153846 0.06129807692307692 0.10576923076923077
0 0.19471153846153846 0.2247596153846154 0.055288461538461536 0.09254807692307693
0 0.17548076923076922 0.2692307692307692 0.052884615384615384 0.08774038461538461
0 0.1502403846153846 0.30408653846153844 0.056490384615384616 0.09134615384615384
0 0.11538461538461539 0.3870192307692308 0.055288461538461536 0.09495192307692307
0 0.09014423076923077 0.42788461538461536 0.055288461538461536 0.09014423076923077
0 0.06129807692307692 0.4675480769230769 0.052884615384615384 0.0829326923076923
0 0.037259615384615384 0.5060096153846154 0.06971153846153846 0.10336538461538461
0 0.02403846153846154 0.546875 0.04807692307692308 0.09495192307692307
0 0.015625 0.5925480769230769 0.03125 0.07451923076923077
0 0.18389423076923078 0.6274038461538461 0.052884615384615384 0.09735576923076923
0 0.10576923076923077 0.8028846153846154 0.057692307692307696 0.09254807692307693
0 0.08413461538461539 0.8401442307692307 0.052884615384615384 0.09735576923076923
0 0.06370192307692307 0.8846153846153846 0.055288461538461536 0.0889423076923077
0 0.040865384615384616 0.9266826923076923 0.054086538461538464 0.09014423076923077
0 0.021634615384615384 0.9543269230769231 0.04326923076923077 0.0889423076923077
0 0.21033653846153846 0.9627403846153846 0.04807692307692308 0.07211538461538461
0 0.18629807692307693 0.9855769230769231 0.03485576923076923 0.025240384615384616
0 0.004807692307692308 0.6490384615384616 0.009615384615384616 0.036057692307692304