0 0.09014423076923077 0.14302884615384615 0.055288461538461536 0.16706730769230768
0 0.14302884615384615 0.14302884615384615 0.05048076923076923 0.1622596153846154
0 0.18389423076923078 0.16706730769230768 0.054086538461538464 0.1658653846153846
0 0.2283653846153846 0.171875 0.05048076923076923 0.16706730769230768
0 0.2824519230769231 0.16706730769230768 0.052884615384615384 0.1658653846153846
0 0.3269230769230769 0.1778846153846154 0.04807692307692308 0.1502403846153846
0 0.375 0.17307692307692307 0.054086538461538464 0.17067307692307693
0 0.4266826923076923 0.18629807692307693 0.04567307692307692 0.16105769230769232
0 0.47475961538461536 0.19471153846153846 0.040865384615384616 0.15504807692307693
0 0.5216346153846154 0.2091346153846154 0.04326923076923077 0.15384615384615385
0 0.5673076923076923 0.22355769230769232 0.04567307692307692 0.15745192307692307
0 0.6213942307692307 0.2439903846153846 0.04326923076923077 0.15865384615384615
0 0.6670673076923077 0.25961538461538464 0.04326923076923077 0.15865384615384615
0 0.7139423076923077 0.26802884615384615 0.04567307692307692 0.16826923076923078
0 0.7572115384615384 0.27403846153846156 0.04447115384615385 0.1778846153846154
0 0.8064903846153846 0.2848557692307692 0.04326923076923077 0.15264423076923078
0 0.8581730769230769 0.3088942307692308 0.046875 0.16706730769230768
0 0.9014423076923077 0.2980769230769231 0.04567307692307692 0.1346153846153846
0 0.9495192307692307 0.3137019230769231 0.046875 0.1778846153846154
0 0.9855769230769231 0.31490384615384615 0.026442307692307692 0.15144230769230768
0 0.9723557692307693 0.8016826923076923 0.05048076923076923 0.17668269230769232
0 0.8786057692307693 0.7536057692307693 0.05048076923076923 0.18509615384615385
0 0.7860576923076923 0.7391826923076923 0.04927884615384615 0.171875
0 0.7379807692307693 0.7355769230769231 0.046875 0.16826923076923078
0 0.6899038461538461 0.7295673076923077 0.04927884615384615 0.16947115384615385
0 0.6418269230769231 0.6947115384615384 0.04326923076923077 0.14903846153846154
0 0.5925480769230769 0.7067307692307693 0.046875 0.171875
0 0.5432692307692307 0.6947115384615384 0.040865384615384616 0.16706730769230768
0 0.49158653846153844 0.6862980769230769 0.04807692307692308 0.16346153846153846
0 0.44350961538461536 0.6694711538461539 0.04807692307692308 0.17067307692307693
0 0.3942307692307692 0.6706730769230769 0.04567307692307692 0.17067307692307693
0 0.33774038461538464 0.6622596153846154 0.04567307692307692 0.1778846153846154
0 0.2920673076923077 0.6430288461538461 0.042067307692307696 0.15985576923076922
0 0.2439903846153846 0.6370192307692307 0.04807692307692308 0.15745192307692307
0 0.19471153846153846 0.6213942307692307 0.05048076923076923 0.16826923076923078
0 0.1502403846153846 0.6274038461538461 0.04807692307692308 0.13341346153846154
0 0.10336538461538461 0.609375 0.05048076923076923 0.16706730769230768
0 0.057692307692307696 0.5733173076923077 0.046875 0.16346153846153846
0 0.018028846153846152 0.5841346153846154 0.036057692307692304 0.16706730769230768