0 0.6610576923076923 0.12379807692307693 0.028846153846153848 0.11899038461538461
0 0.6598557692307693 0.018028846153846152 0.03365384615384615 0.036057692307692304
0 0.6574519230769231 0.25240384615384615 0.028846153846153848 0.11658653846153846
0 0.6622596153846154 0.40024038461538464 0.03125 0.11538461538461539
0 0.6610576923076923 0.5552884615384616 0.030048076923076924 0.125
0 0.6598557692307693 0.6971153846153846 0.030048076923076924 0.11538461538461539
0 0.6526442307692307 0.8569711538461539 0.030048076923076924 0.11778846153846154
0 0.8317307692307693 0.7884615384615384 0.05889423076923077 0.052884615384615384
0 0.5060096153846154 0.06129807692307692 0.05889423076923077 0.05889423076923077
0 0.5120192307692307 0.014423076923076924 0.05889423076923077 0.027644230769230768
0 0.515625 0.29086538461538464 0.05048076923076923 0.051682692307692304
0 0.5132211538461539 0.46153846153846156 0.06009615384615385 0.054086538461538464
0 0.5108173076923077 0.6310096153846154 0.06129807692307692 0.04807692307692308
0 0.5144230769230769 0.6887019230769231 0.05889423076923077 0.04807692307692308
0 0.5144230769230769 0.7463942307692307 0.05889423076923077 0.052884615384615384
0 0.5144230769230769 0.8028846153846154 0.06009615384615385 0.04567307692307692
0 0.5120192307692307 0.8581730769230769 0.06009615384615385 0.052884615384615384
0 0.5120192307692307 0.9170673076923077 0.06129807692307692 0.056490384615384616
0 0.5096153846153846 0.9735576923076923 0.06610576923076923 0.05048076923076923
0 0.3713942307692308 0.7740384615384616 0.05889423076923077 0.08173076923076923
0 0.375 0.3641826923076923 0.06971153846153846 0.078125
0 0.37259615384615385 0.25 0.06009615384615385 0.07451923076923077
0 0.2512019230769231 0.054086538461538464 0.06610576923076923 0.07451923076923077
0 0.24639423076923078 0.11538461538461539 0.06370192307692307 0.0733173076923077
0 0.2403846153846154 0.16947115384615385 0.07211538461538461 0.08653846153846154
0 0.24639423076923078 0.24158653846153846 0.06610576923076923 0.06971153846153846
0 0.24759615384615385 0.3088942307692308 0.06610576923076923 0.07932692307692307
0 0.24639423076923078 0.38221153846153844 0.06610576923076923 0.06610576923076923
0 0.24759615384615385 0.44350961538461536 0.0673076923076923 0.07932692307692307
0 0.24639423076923078 0.5168269230769231 0.06610576923076923 0.08653846153846154
0 0.24278846153846154 0.5805288461538461 0.06850961538461539 0.0829326923076923
0 0.23918269230769232 0.6358173076923077 0.07451923076923077 0.07692307692307693
0 0.24639423076923078 0.7091346153846154 0.06370192307692307 0.08173076923076923
0 0.24639423076923078 0.7836538461538461 0.052884615384615384 0.05889423076923077
0 0.24158653846153846 0.8461538461538461 0.05889423076923077 0.07211538461538461
0 0.23677884615384615 0.9110576923076923 0.055288461538461536 0.056490384615384616
0 0.2403846153846154 0.9699519230769231 0.06129807692307692 0.056490384615384616