0 0.6033653846153846 0.4879807692307692 0.09134615384615384 0.07451923076923077
0 0.6153846153846154 0.4098557692307692 0.09014423076923077 0.07932692307692307
0 0.5012019230769231 0.5637019230769231 0.10096153846153846 0.07211538461538461
0 0.5012019230769231 0.6430288461538461 0.09615384615384616 0.07211538461538461
0 0.5997596153846154 0.7247596153846154 0.09975961538461539 0.0733173076923077
0 0.5973557692307693 0.6442307692307693 0.08173076923076923 0.06850961538461539
0 0.6057692307692307 0.5685096153846154 0.07451923076923077 0.06490384615384616
0 0.5949519230769231 0.890625 0.08774038461538461 0.08173076923076923
0 0.6117788461538461 0.3329326923076923 0.07451923076923077 0.07091346153846154
0 0.5192307692307693 0.3317307692307692 0.08173076923076923 0.07692307692307693
0 0.5132211538461539 0.25600961538461536 0.0889423076923077 0.07451923076923077
0 0.6105769230769231 0.25961538461538464 0.09254807692307693 0.07932692307692307
0 0.6153846153846154 0.18870192307692307 0.08533653846153846 0.07692307692307693
0 0.6141826923076923 0.10576923076923077 0.08774038461538461 0.0829326923076923
0 0.5168269230769231 0.09975961538461539 0.0889423076923077 0.078125
0 0.5168269230769231 0.171875 0.0889423076923077 0.0733173076923077
0 0.32211538461538464 0.3233173076923077 0.09615384615384616 0.0733173076923077
0 0.31971153846153844 0.40024038461538464 0.09134615384615384 0.06490384615384616
0 0.31850961538461536 0.4723557692307692 0.08653846153846154 0.06610576923076923
0 0.30408653846153844 0.6262019230769231 0.09615384615384616 0.07211538461538461
0 0.22956730769230768 0.15985576923076922 0.09495192307692307 0.06971153846153846
0 0.7848557692307693 0.6538461538461539 0.09495192307692307 0.07091346153846154
0 0.7884615384615384 0.7307692307692307 0.09735576923076923 0.07091346153846154
0 0.5048076923076923 0.8858173076923077 0.09014423076923077 0.0733173076923077
0 0.5997596153846154 0.8052884615384616 0.09375 0.07451923076923077
0 0.7920673076923077 0.8762019230769231 0.07211538461538461 0.07211538461538461
0 0.7884615384615384 0.8040865384615384 0.08774038461538461 0.06610576923076923
0 0.7872596153846154 0.5769230769230769 0.08774038461538461 0.07091346153846154
0 0.7920673076923077 0.5036057692307693 0.07572115384615384 0.06971153846153846
0 0.7872596153846154 0.42908653846153844 0.08774038461538461 0.07091346153846154
0 0.7752403846153846 0.3485576923076923 0.08533653846153846 0.0733173076923077
0 0.7872596153846154 0.27884615384615385 0.07932692307692307 0.06370192307692307
0 0.7860576923076923 0.203125 0.08173076923076923 0.0733173076923077
0 0.7872596153846154 0.12860576923076922 0.08413461538461539 0.0733173076923077
0 0.9338942307692307 0.12259615384615384 0.07932692307692307 0.140625
0 0.9411057692307693 0.24158653846153846 0.07572115384615384 0.11899038461538461
0 0.9387019230769231 0.328125 0.0673076923076923 0.1141826923076923
0 0.9266826923076923 0.4074519230769231 0.08052884615384616 0.12620192307692307
0 0.9254807692307693 0.49399038461538464 0.078125 0.13701923076923078
0 0.9314903846153846 0.5913461538461539 0.07451923076923077 0.12139423076923077
0 0.953125 0.7055288461538461 0.051682692307692304 0.08774038461538461
0 0.9495192307692307 0.7932692307692307 0.08173076923076923 0.11899038461538461
0 0.9603365384615384 0.9074519230769231 0.07692307692307693 0.11899038461538461
0 0.9471153846153846 0.9663461538461539 0.07692307692307693 0.0625
0 0.04447115384615385 0.06971153846153846 0.08774038461538461 0.0829326923076923
0 0.040865384615384616 0.15985576923076922 0.08173076923076923 0.07932692307692307
0 0.039663461538461536 0.24639423076923078 0.07932692307692307 0.078125
0 0.036057692307692304 0.4110576923076923 0.07091346153846154 0.07451923076923077
0 0.03365384615384615 0.49038461538461536 0.0673076923076923 0.07211538461538461
0 0.03485576923076923 0.6586538461538461 0.06971153846153846 0.06971153846153846
0 0.03125 0.7439903846153846 0.0625 0.07091346153846154
0 0.026442307692307692 0.8233173076923077 0.052884615384615384 0.07211538461538461
0 0.20673076923076922 0.7067307692307693 0.09735576923076923 0.07932692307692307
0 0.21153846153846154 0.7884615384615384 0.09254807692307693 0.07451923076923077
0 0.27884615384615385 0.875 0.09375 0.08052884615384616
0 0.31009615384615385 0.7872596153846154 0.0889423076923077 0.07211538461538461
0 0.3088942307692308 0.7115384615384616 0.09975961538461539 0.078125
0 0.3112980769230769 0.5528846153846154 0.09735576923076923 0.07451923076923077
0 0.2247596153846154 0.24879807692307693 0.09254807692307693 0.06971153846153846
0 0.3137019230769231 0.2512019230769231 0.0889423076923077 0.06610576923076923
0 0.3269230769230769 0.08413461538461539 0.09495192307692307 0.08052884615384616
0 0.32211538461538464 0.16826923076923078 0.09735576923076923 0.07451923076923077
0 0.22956730769230768 0.08052884615384616 0.10096153846153846 0.0733173076923077