0 0.6057692307692307 0.5625 0.03125 0.12139423076923077
0 0.5697115384615384 0.5625 0.03245192307692308 0.1346153846153846
0 0.5300480769230769 0.5769230769230769 0.037259615384615384 0.1310096153846154
0 0.7115384615384616 0.20673076923076922 0.03125 0.12379807692307693
0 0.6742788461538461 0.22115384615384615 0.03365384615384615 0.125
0 0.6370192307692307 0.20793269230769232 0.028846153846153848 0.12379807692307693
0 0.6009615384615384 0.1971153846153846 0.03125 0.12379807692307693
0 0.5637019230769231 0.18389423076923078 0.030048076923076924 0.12620192307692307
0 0.5276442307692307 0.1971153846153846 0.030048076923076924 0.12139423076923077
0 0.49038461538461536 0.2091346153846154 0.030048076923076924 0.13341346153846154
0 0.49278846153846156 0.5745192307692307 0.030048076923076924 0.1310096153846154
0 0.45913461538461536 0.5637019230769231 0.03485576923076923 0.12740384615384615
0 0.41947115384615385 0.5733173076923077 0.03365384615384615 0.12620192307692307
0 0.1622596153846154 0.4050480769230769 0.07451923076923077 0.052884615384615384
0 0.1658653846153846 0.46634615384615385 0.06490384615384616 0.05048076923076923
0 0.16466346153846154 0.7295673076923077 0.06610576923076923 0.054086538461538464
0 0.16706730769230768 0.796875 0.07211538461538461 0.054086538461538464
0 0.16947115384615385 0.8653846153846154 0.0673076923076923 0.056490384615384616
0 0.8269230769230769 0.9026442307692307 0.03485576923076923 0.12620192307692307
0 0.7908653846153846 0.9026442307692307 0.03125 0.12379807692307693
0 0.7560096153846154 0.9086538461538461 0.03245192307692308 0.11899038461538461
0 0.7199519230769231 0.9038461538461539 0.03245192307692308 0.12620192307692307
0 0.6838942307692307 0.9182692307692307 0.03485576923076923 0.12740384615384615
0 0.6442307692307693 0.9194711538461539 0.03245192307692308 0.12740384615384615
0 0.6081730769230769 0.9134615384615384 0.030048076923076924 0.11778846153846154
0 0.5721153846153846 0.921875 0.028846153846153848 0.11899038461538461
0 0.5336538461538461 0.9182692307692307 0.03245192307692308 0.12379807692307693
0 0.4987980769230769 0.9278846153846154 0.030048076923076924 0.0985576923076923
0 0.16466346153846154 0.3329326923076923 0.07451923076923077 0.05889423076923077
0 0.1622596153846154 0.5300480769230769 0.07211538461538461 0.055288461538461536
0 0.15745192307692307 0.5961538461538461 0.07451923076923077 0.051682692307692304
0 0.15865384615384615 0.6610576923076923 0.07451923076923077 0.051682692307692304
0 0.7800480769230769 0.21153846153846154 0.03365384615384615 0.1310096153846154
0 0.8161057692307693 0.19831730769230768 0.03485576923076923 0.10817307692307693
0 0.8846153846153846 0.203125 0.038461538461538464 0.10697115384615384
0 0.9495192307692307 0.1971153846153846 0.038461538461538464 0.125
0 0.9831730769230769 0.20673076923076922 0.030048076923076924 0.12259615384615384
0 0.9903846153846154 0.5637019230769231 0.018028846153846152 0.12740384615384615
0 0.9615384615384616 0.5552884615384616 0.037259615384615384 0.1141826923076923
0 0.9230769230769231 0.5588942307692307 0.037259615384615384 0.1310096153846154
0 0.8918269230769231 0.5612980769230769 0.036057692307692304 0.12740384615384615
0 0.8581730769230769 0.5649038461538461 0.03485576923076923 0.12139423076923077
0 0.8245192307692307 0.5612980769230769 0.03485576923076923 0.12139423076923077
0 0.7848557692307693 0.5552884615384616 0.03485576923076923 0.11778846153846154
0 0.7512019230769231 0.5552884615384616 0.03365384615384615 0.12379807692307693
0 0.7151442307692307 0.5528846153846154 0.03485576923076923 0.11899038461538461
0 0.6814903846153846 0.5528846153846154 0.03245192307692308 0.125
0 0.6442307692307693 0.5516826923076923 0.036057692307692304 0.1346153846153846
0 0.9699519230769231 0.8954326923076923 0.040865384615384616 0.13581730769230768
0 0.9314903846153846 0.9014423076923077 0.037259615384615384 0.12740384615384615
0 0.8990384615384616 0.9026442307692307 0.03485576923076923 0.1310096153846154
0 0.8617788461538461 0.8870192307692307 0.03245192307692308 0.11899038461538461
0 0.46033653846153844 0.9230769230769231 0.028846153846153848 0.11899038461538461
0 0.4230769230769231 0.9038461538461539 0.028846153846153848 0.12139423076923077
0 0.3894230769230769 0.9194711538461539 0.03245192307692308 0.12139423076923077
0 0.34975961538461536 0.9182692307692307 0.03245192307692308 0.12259615384615384