0 0.49278846153846156 0.6875 0.030048076923076924 0.1141826923076923
0 0.5264423076923077 0.6706730769230769 0.026442307692307692 0.1045673076923077
0 0.5612980769230769 0.3004807692307692 0.026442307692307692 0.10697115384615384
0 0.5625 0.4254807692307692 0.030048076923076924 0.11057692307692307
0 0.5300480769230769 0.42788461538461536 0.027644230769230768 0.10576923076923077
0 0.4963942307692308 0.42788461538461536 0.030048076923076924 0.11778846153846154
0 0.46274038461538464 0.41947115384615385 0.027644230769230768 0.12259615384615384
0 0.5997596153846154 0.4206730769230769 0.027644230769230768 0.11538461538461539
0 0.42908653846153844 0.2932692307692308 0.028846153846153848 0.11057692307692307
0 0.3954326923076923 0.2848557692307692 0.027644230769230768 0.09735576923076923
0 0.46033653846153844 0.29086538461538464 0.027644230769230768 0.09615384615384616
0 0.5300480769230769 0.2932692307692308 0.030048076923076924 0.12259615384615384
0 0.6274038461538461 0.3004807692307692 0.030048076923076924 0.10817307692307693
0 0.6286057692307693 0.42788461538461536 0.027644230769230768 0.109375
0 0.5949519230769231 0.2980769230769231 0.027644230769230768 0.11298076923076923
0 0.49278846153846156 0.2920673076923077 0.027644230769230768 0.12139423076923077
0 0.3605769230769231 0.2920673076923077 0.026442307692307692 0.109375
0 0.4326923076923077 0.40865384615384615 0.02403846153846154 0.1045673076923077
0 0.21754807692307693 0.234375 0.06490384615384616 0.055288461538461536
0 0.21754807692307693 0.06971153846153846 0.06370192307692307 0.054086538461538464
0 0.21995192307692307 0.3137019230769231 0.06850961538461539 0.054086538461538464
0 0.21153846153846154 0.39903846153846156 0.06610576923076923 0.055288461538461536
0 0.2283653846153846 0.4855769230769231 0.06370192307692307 0.05048076923076923
0 0.3641826923076923 0.046875 0.027644230769230768 0.09254807692307693
0 0.39903846153846156 0.046875 0.027644230769230768 0.09254807692307693
0 0.43028846153846156 0.046875 0.030048076923076924 0.09254807692307693
0 0.46274038461538464 0.051682692307692304 0.027644230769230768 0.10336538461538461
0 0.4963942307692308 0.05048076923076923 0.027644230769230768 0.10096153846153846
0 0.5300480769230769 0.05048076923076923 0.027644230769230768 0.10096153846153846
0 0.5625 0.052884615384615384 0.028846153846153848 0.10576923076923077
0 0.5949519230769231 0.04927884615384615 0.025240384615384616 0.0985576923076923
0 0.6274038461538461 0.054086538461538464 0.028846153846153848 0.10817307692307693
0 0.6574519230769231 0.052884615384615384 0.02403846153846154 0.10576923076923077
0 0.6887019230769231 0.057692307692307696 0.03125 0.11538461538461539
0 0.71875 0.055288461538461536 0.030048076923076924 0.11057692307692307
0 0.7512019230769231 0.06370192307692307 0.030048076923076924 0.10096153846153846
0 0.78125 0.06370192307692307 0.030048076923076924 0.1045673076923077
0 0.8112980769230769 0.05889423076923077 0.027644230769230768 0.10096153846153846
0 0.8389423076923077 0.07091346153846154 0.027644230769230768 0.10817307692307693
0 0.8689903846153846 0.078125 0.03245192307692308 0.09615384615384616
0 0.9002403846153846 0.078125 0.028846153846153848 0.10817307692307693
0 0.8990384615384616 0.006009615384615385 0.025240384615384616 0.010817307692307692
0 0.9302884615384616 0.007211538461538462 0.027644230769230768 0.014423076923076924
0 0.9326923076923077 0.07211538461538461 0.03125 0.10336538461538461
0 0.9627403846153846 0.07451923076923077 0.027644230769230768 0.10096153846153846
0 0.9879807692307693 0.06850961538461539 0.021634615384615384 0.10697115384615384
0 0.6574519230769231 0.30528846153846156 0.027644230769230768 0.10697115384615384
0 0.6911057692307693 0.31009615384615385 0.028846153846153848 0.10576923076923077
0 0.7223557692307693 0.30649038461538464 0.027644230769230768 0.11658653846153846
0 0.7512019230769231 0.30288461538461536 0.030048076923076924 0.10697115384615384
0 0.7824519230769231 0.30528846153846156 0.028846153846153848 0.10336538461538461
0 0.8125 0.30288461538461536 0.028846153846153848 0.10336538461538461
0 0.8425480769230769 0.3125 0.028846153846153848 0.09495192307692307
0 0.8713942307692307 0.31971153846153844 0.030048076923076924 0.10576923076923077
0 0.9002403846153846 0.3161057692307692 0.030048076923076924 0.1045673076923077
0 0.9314903846153846 0.3161057692307692 0.027644230769230768 0.10576923076923077
0 0.9615384615384616 0.32091346153846156 0.030048076923076924 0.1045673076923077
0 0.9879807692307693 0.3233173076923077 0.021634615384615384 0.10697115384615384
0 0.9867788461538461 0.4387019230769231 0.025240384615384616 0.10697115384615384
0 0.9603365384615384 0.43990384615384615 0.03245192307692308 0.10096153846153846
0 0.9302884615384616 0.44350961538461536 0.030048076923076924 0.10697115384615384
0 0.9026442307692307 0.43509615384615385 0.03245192307692308 0.109375
0 0.8713942307692307 0.4362980769230769 0.030048076923076924 0.09735576923076923
0 0.8425480769230769 0.43149038461538464 0.027644230769230768 0.09975961538461539
0 0.8137019230769231 0.4338942307692308 0.026442307692307692 0.10576923076923077
0 0.7848557692307693 0.42788461538461536 0.028846153846153848 0.10697115384615384
0 0.7524038461538461 0.42908653846153844 0.027644230769230768 0.10576923076923077
0 0.7223557692307693 0.43149038461538464 0.027644230769230768 0.09735576923076923
0 0.6935096153846154 0.4375 0.030048076923076924 0.10576923076923077
0 0.6586538461538461 0.4266826923076923 0.027644230769230768 0.11658653846153846
0 0.5576923076923077 0.6766826923076923 0.028846153846153848 0.11658653846153846
0 0.5901442307692307 0.6670673076923077 0.028846153846153848 0.11298076923076923
0 0.625 0.6790865384615384 0.025240384615384616 0.109375
0 0.6574519230769231 0.6802884615384616 0.026442307692307692 0.09615384615384616
0 0.6887019230769231 0.6766826923076923 0.030048076923076924 0.1045673076923077
0 0.7223557692307693 0.6694711538461539 0.027644230769230768 0.10336538461538461
0 0.7512019230769231 0.6766826923076923 0.027644230769230768 0.11057692307692307
0 0.78125 0.6694711538461539 0.028846153846153848 0.10576923076923077
0 0.8112980769230769 0.6766826923076923 0.026442307692307692 0.10697115384615384
0 0.8401442307692307 0.6790865384615384 0.028846153846153848 0.10336538461538461
0 0.8689903846153846 0.6754807692307693 0.026442307692307692 0.109375
0 0.9002403846153846 0.6682692307692307 0.030048076923076924 0.10336538461538461
0 0.9278846153846154 0.6730769230769231 0.02403846153846154 0.10096153846153846
0 0.9567307692307693 0.6778846153846154 0.03365384615384615 0.1045673076923077
0 0.9855769230769231 0.6778846153846154 0.025240384615384616 0.1045673076923077
0 0.7103365384615384 0.1502403846153846 0.05889423076923077 0.046875