0 0.9350961538461539 0.9663461538461539 0.08533653846153846 0.06370192307692307
0 0.9302884615384616 0.8918269230769231 0.08774038461538461 0.08173076923076923
0 0.9230769230769231 0.8112980769230769 0.09254807692307693 0.06490384615384616
0 0.9230769230769231 0.7331730769230769 0.09375 0.07692307692307693
0 0.8137019230769231 0.6634615384615384 0.09134615384615384 0.0733173076923077
0 0.8209134615384616 0.9014423076923077 0.08533653846153846 0.06490384615384616
0 0.9170673076923077 0.5733173076923077 0.09254807692307693 0.0625
0 0.9098557692307693 0.49399038461538464 0.08413461538461539 0.0625
0 0.8088942307692307 0.4987980769230769 0.08052884615384616 0.06490384615384616
0 0.8052884615384616 0.34975961538461536 0.09254807692307693 0.06971153846153846
0 0.7956730769230769 0.2644230769230769 0.09014423076923077 0.06610576923076923
0 0.8966346153846154 0.16826923076923078 0.09134615384615384 0.0733173076923077
0 0.7920673076923077 0.1814903846153846 0.0889423076923077 0.07091346153846154
0 0.5925480769230769 0.2860576923076923 0.06850961538461539 0.0733173076923077
0 0.6009615384615384 0.3641826923076923 0.07451923076923077 0.06850961538461539
0 0.5973557692307693 0.5252403846153846 0.08413461538461539 0.06850961538461539
0 0.59375 0.6129807692307693 0.08533653846153846 0.07932692307692307
0 0.6129807692307693 0.6899038461538461 0.07572115384615384 0.06129807692307692
0 0.6105769230769231 0.7680288461538461 0.08173076923076923 0.06850961538461539
0 0.6141826923076923 0.9362980769230769 0.0889423076923077 0.0733173076923077
0 0.49278846153846156 0.625 0.08774038461538461 0.07211538461538461
0 0.5 0.7824519230769231 0.08774038461538461 0.07451923076923077
0 0.4855769230769231 0.22596153846153846 0.07451923076923077 0.06971153846153846
0 0.4855769230769231 0.3004807692307692 0.09134615384615384 0.06971153846153846
0 0.27163461538461536 0.41225961538461536 0.09014423076923077 0.06850961538461539
0 0.2776442307692308 0.32091346153846156 0.09014423076923077 0.06850961538461539
0 0.2980769230769231 0.6538461538461539 0.07692307692307693 0.06610576923076923
0 0.29086538461538464 0.8954326923076923 0.078125 0.06610576923076923
0 0.09615384615384616 0.6574519230769231 0.08052884615384616 0.07451923076923077
0 0.09134615384615384 0.5841346153846154 0.07451923076923077 0.07211538461538461
0 0.09254807692307693 0.5072115384615384 0.08173076923076923 0.06009615384615385
0 0.09014423076923077 0.4266826923076923 0.08052884615384616 0.06490384615384616
0 0.07932692307692307 0.3581730769230769 0.07932692307692307 0.06610576923076923