0 0.6862980769230769 0.43028846153846156 0.04807692307692308 0.17668269230769232
0 0.6346153846153846 0.4387019230769231 0.038461538461538464 0.15745192307692307
0 0.5865384615384616 0.43509615384615385 0.04447115384615385 0.17668269230769232
0 0.5336538461538461 0.44591346153846156 0.039663461538461536 0.17668269230769232
0 0.4831730769230769 0.44471153846153844 0.04567307692307692 0.17067307692307693
0 0.4362980769230769 0.4254807692307692 0.04567307692307692 0.17307692307692307
0 0.38461538461538464 0.43509615384615385 0.04326923076923077 0.16706730769230768
0 0.7319711538461539 0.4387019230769231 0.039663461538461536 0.1658653846153846
0 0.7788461538461539 0.44350961538461536 0.04447115384615385 0.15384615384615385
0 0.8245192307692307 0.453125 0.042067307692307696 0.15865384615384615
0 0.8689903846153846 0.45913461538461536 0.04567307692307692 0.1502403846153846
0 0.9194711538461539 0.4723557692307692 0.046875 0.15504807692307693
0 0.9627403846153846 0.4807692307692308 0.05048076923076923 0.15504807692307693
0 0.9903846153846154 0.48197115384615385 0.016826923076923076 0.16105769230769232
0 0.9182692307692307 0.036057692307692304 0.052884615384615384 0.07211538461538461
0 0.8701923076923077 0.04927884615384615 0.04567307692307692 0.0985576923076923
0 0.7788461538461539 0.042067307692307696 0.040865384615384616 0.0829326923076923
0 0.7319711538461539 0.04567307692307692 0.04567307692307692 0.09134615384615384
0 0.6862980769230769 0.03485576923076923 0.04567307692307692 0.06971153846153846
0 0.6370192307692307 0.02283653846153846 0.040865384615384616 0.04567307692307692
0 0.5889423076923077 0.014423076923076924 0.039663461538461536 0.027644230769230768
0 0.5432692307692307 0.020432692307692308 0.039663461538461536 0.040865384615384616
0 0.4891826923076923 0.026442307692307692 0.040865384615384616 0.052884615384615384
0 0.04927884615384615 0.18028846153846154 0.0985576923076923 0.07932692307692307
0 0.04927884615384615 0.2644230769230769 0.09735576923076923 0.07451923076923077
0 0.046875 0.35096153846153844 0.09375 0.0733173076923077
0 0.04326923076923077 0.4362980769230769 0.08653846153846154 0.06850961538461539
0 0.042067307692307696 0.5192307692307693 0.08413461538461539 0.07091346153846154
0 0.040865384615384616 0.6105769230769231 0.08173076923076923 0.07692307692307693
0 0.04326923076923077 0.7043269230769231 0.08653846153846154 0.07451923076923077
0 0.040865384615384616 0.7980769230769231 0.08173076923076923 0.07932692307692307
0 0.2800480769230769 0.8858173076923077 0.04567307692307692 0.16105769230769232
0 0.3293269230769231 0.8930288461538461 0.04326923076923077 0.1622596153846154
0 0.3762019230769231 0.8774038461538461 0.039663461538461536 0.1622596153846154
0 0.4266826923076923 0.9074519230769231 0.038461538461538464 0.15985576923076922
0 0.47596153846153844 0.9182692307692307 0.037259615384615384 0.13581730769230768
0 0.5252403846153846 0.9074519230769231 0.040865384615384616 0.17548076923076922
0 0.5769230769230769 0.9134615384615384 0.039663461538461536 0.15504807692307693
0 0.6237980769230769 0.9086538461538461 0.039663461538461536 0.15144230769230768
0 0.6694711538461539 0.9170673076923077 0.039663461538461536 0.16346153846153846
0 0.7247596153846154 0.9182692307692307 0.046875 0.16105769230769232
0 0.7728365384615384 0.9086538461538461 0.042067307692307696 0.16826923076923078
0 0.8185096153846154 0.9158653846153846 0.04326923076923077 0.15745192307692307
0 0.8629807692307693 0.9170673076923077 0.04326923076923077 0.16346153846153846
0 0.9122596153846154 0.9170673076923077 0.04927884615384615 0.1622596153846154
0 0.9567307692307693 0.9026442307692307 0.04807692307692308 0.15264423076923078
0 0.9891826923076923 0.9206730769230769 0.016826923076923076 0.15384615384615385
0 0.9915865384615384 0.04567307692307692 0.015625 0.09134615384615384