0 0.33052884615384615 0.7223557692307693 0.027644230769230768 0.12379807692307693
0 0.36177884615384615 0.7307692307692307 0.027644230769230768 0.11298076923076923
0 0.39903846153846156 0.4639423076923077 0.027644230769230768 0.1045673076923077
0 0.3317307692307692 0.8569711538461539 0.027644230769230768 0.10336538461538461
0 0.39663461538461536 0.7283653846153846 0.027644230769230768 0.1141826923076923
0 0.4326923076923077 0.46153846153846156 0.027644230769230768 0.11298076923076923
0 0.36538461538461536 0.4651442307692308 0.027644230769230768 0.12259615384615384
0 0.43028846153846156 0.7259615384615384 0.027644230769230768 0.11658653846153846
0 0.46274038461538464 0.7307692307692307 0.027644230769230768 0.1141826923076923
0 0.46274038461538464 0.8557692307692307 0.027644230769230768 0.1141826923076923
0 0.43028846153846156 0.8569711538461539 0.027644230769230768 0.10817307692307693
0 0.39903846153846156 0.8545673076923077 0.030048076923076924 0.11538461538461539
0 0.36538461538461536 0.8557692307692307 0.027644230769230768 0.10817307692307693
0 0.4987980769230769 0.4639423076923077 0.027644230769230768 0.11899038461538461
0 0.4639423076923077 0.46634615384615385 0.026442307692307692 0.1045673076923077
0 0.4963942307692308 0.7319711538461539 0.028846153846153848 0.10336538461538461
0 0.5300480769230769 0.7307692307692307 0.03125 0.11658653846153846
0 0.3329326923076923 0.4699519230769231 0.028846153846153848 0.11298076923076923
0 0.46274038461538464 0.3317307692307692 0.03125 0.11538461538461539
0 0.4963942307692308 0.3317307692307692 0.027644230769230768 0.11298076923076923
0 0.5649038461538461 0.7235576923076923 0.027644230769230768 0.10817307692307693
0 0.5012019230769231 0.8641826923076923 0.028846153846153848 0.10576923076923077
0 0.5324519230769231 0.8569711538461539 0.026442307692307692 0.09975961538461539
0 0.5661057692307693 0.8533653846153846 0.027644230769230768 0.10697115384615384
0 0.296875 0.7235576923076923 0.027644230769230768 0.11658653846153846
0 0.3004807692307692 0.4639423076923077 0.028846153846153848 0.11778846153846154
0 0.3016826923076923 0.33052884615384615 0.027644230769230768 0.1141826923076923
0 0.3641826923076923 0.3329326923076923 0.027644230769230768 0.10576923076923077
0 0.39663461538461536 0.3389423076923077 0.027644230769230768 0.10817307692307693
0 0.3317307692307692 0.3293269230769231 0.028846153846153848 0.10697115384615384
0 0.53125 0.33413461538461536 0.026442307692307692 0.10336538461538461
0 0.5336538461538461 0.46153846153846156 0.026442307692307692 0.11658653846153846
0 0.5661057692307693 0.4723557692307692 0.027644230769230768 0.1141826923076923
0 0.5997596153846154 0.4675480769230769 0.03125 0.10817307692307693
0 0.6322115384615384 0.4567307692307692 0.028846153846153848 0.10817307692307693
0 0.6634615384615384 0.4675480769230769 0.028846153846153848 0.11057692307692307
0 0.5625 0.3401442307692308 0.028846153846153848 0.11538461538461539
0 0.5949519230769231 0.33413461538461536 0.027644230769230768 0.11538461538461539
0 0.6286057692307693 0.3389423076923077 0.03125 0.11298076923076923
0 0.6610576923076923 0.33774038461538464 0.030048076923076924 0.1045673076923077
0 0.6947115384615384 0.34134615384615385 0.028846153846153848 0.0889423076923077
0 0.7283653846153846 0.3449519230769231 0.030048076923076924 0.10697115384615384
0 0.7596153846153846 0.3449519230769231 0.030048076923076924 0.10576923076923077
0 0.7908653846153846 0.3473557692307692 0.030048076923076924 0.08774038461538461
0 0.8185096153846154 0.34134615384615385 0.03125 0.10817307692307693
0 0.8509615384615384 0.35096153846153844 0.03245192307692308 0.11057692307692307
0 0.8834134615384616 0.3485576923076923 0.030048076923076924 0.11658653846153846
0 0.9098557692307693 0.3449519230769231 0.03245192307692308 0.09735576923076923
0 0.9411057692307693 0.34134615384615385 0.03245192307692308 0.1045673076923077
0 0.9735576923076923 0.3449519230769231 0.03485576923076923 0.10096153846153846
0 0.9927884615384616 0.3449519230769231 0.01201923076923077 0.10576923076923077
0 0.9951923076923077 0.46274038461538464 0.007211538461538462 0.10096153846153846
0 0.9759615384615384 0.45552884615384615 0.03485576923076923 0.11538461538461539
0 0.9459134615384616 0.4699519230769231 0.03245192307692308 0.10697115384615384
0 0.9146634615384616 0.4723557692307692 0.03125 0.109375
0 0.8846153846153846 0.4699519230769231 0.030048076923076924 0.11899038461538461
0 0.8533653846153846 0.47115384615384615 0.030048076923076924 0.11057692307692307
0 0.8221153846153846 0.45552884615384615 0.03245192307692308 0.10817307692307693
0 0.7908653846153846 0.46634615384615385 0.028846153846153848 0.10697115384615384
0 0.7608173076923077 0.4639423076923077 0.030048076923076924 0.10817307692307693
0 0.7283653846153846 0.4723557692307692 0.027644230769230768 0.11538461538461539
0 0.6959134615384616 0.4723557692307692 0.026442307692307692 0.09254807692307693
0 0.2692307692307692 0.3449519230769231 0.030048076923076924 0.10697115384615384
0 0.2668269230769231 0.4735576923076923 0.027644230769230768 0.11298076923076923
0 0.23798076923076922 0.3389423076923077 0.028846153846153848 0.11538461538461539
0 0.234375 0.45913461538461536 0.03125 0.11538461538461539
0 0.20673076923076922 0.3401442307692308 0.026442307692307692 0.1141826923076923
0 0.203125 0.4639423076923077 0.027644230769230768 0.11057692307692307
0 0.17067307692307693 0.46634615384615385 0.030048076923076924 0.10576923076923077
0 0.17307692307692307 0.35096153846153844 0.028846153846153848 0.10336538461538461
0 0.9903846153846154 0.10096153846153846 0.016826923076923076 0.10697115384615384
0 0.96875 0.10096153846153846 0.030048076923076924 0.10697115384615384
0 0.9387019230769231 0.11538461538461539 0.03125 0.09735576923076923
0 0.9074519230769231 0.09134615384615384 0.03365384615384615 0.109375
0 0.8737980769230769 0.09615384615384616 0.030048076923076924 0.1045673076923077
0 0.8425480769230769 0.09254807692307693 0.028846153846153848 0.09735576923076923
0 0.8125 0.10336538461538461 0.03125 0.10817307692307693
0 0.7824519230769231 0.09975961538461539 0.030048076923076924 0.10336538461538461
0 0.6995192307692307 0.09254807692307693 0.03125 0.11658653846153846
0 0.6682692307692307 0.08653846153846154 0.027644230769230768 0.1141826923076923
0 0.6346153846153846 0.09014423076923077 0.027644230769230768 0.10096153846153846
0 0.5997596153846154 0.08774038461538461 0.027644230769230768 0.11778846153846154
0 0.5697115384615384 0.078125 0.027644230769230768 0.10817307692307693
0 0.5384615384615384 0.0733173076923077 0.027644230769230768 0.11057692307692307
0 0.5048076923076923 0.08653846153846154 0.030048076923076924 0.11778846153846154
0 0.46274038461538464 0.08653846153846154 0.030048076923076924 0.109375
0 0.41346153846153844 0.09134615384615384 0.026442307692307692 0.10576923076923077
0 0.32091346153846156 0.08052884615384616 0.028846153846153848 0.10096153846153846
0 0.2776442307692308 0.09014423076923077 0.027644230769230768 0.10817307692307693
0 0.2283653846153846 0.09134615384615384 0.03125 0.109375
0 0.18269230769230768 0.08173076923076923 0.027644230769230768 0.109375
0 0.13701923076923078 0.09495192307692307 0.03125 0.11658653846153846
0 0.09134615384615384 0.10336538461538461 0.03365384615384615 0.11057692307692307
0 0.030048076923076924 0.0985576923076923 0.055288461538461536 0.11298076923076923
0 0.03365384615384615 0.265625 0.0673076923076923 0.055288461538461536
0 0.03245192307692308 0.3473557692307692 0.06490384615384616 0.055288461538461536
0 0.03245192307692308 0.5012019230769231 0.06490384615384616 0.055288461538461536
0 0.03245192307692308 0.6634615384615384 0.06370192307692307 0.052884615384615384
0 0.03485576923076923 0.7427884615384616 0.06850961538461539 0.046875
0 0.030048076923076924 0.8257211538461539 0.06009615384615385 0.05048076923076923
0 0.037259615384615384 0.9134615384615384 0.06850961538461539 0.04807692307692308
0 0.2620192307692308 0.7223557692307693 0.027644230769230768 0.09495192307692307
0 0.3004807692307692 0.8569711538461539 0.030048076923076924 0.11057692307692307
0 0.23076923076923078 0.7247596153846154 0.030048076923076924 0.10817307692307693
0 0.2668269230769231 0.8509615384615384 0.030048076923076924 0.11658653846153846
0 0.23557692307692307 0.8389423076923077 0.027644230769230768 0.10096153846153846
0 0.19951923076923078 0.7139423076923077 0.030048076923076924 0.09615384615384616
0 0.16826923076923078 0.7211538461538461 0.028846153846153848 0.11298076923076923
0 0.703125 0.9831730769230769 0.06370192307692307 0.030048076923076924
0 0.5985576923076923 0.8509615384615384 0.03245192307692308 0.10697115384615384
0 0.5985576923076923 0.7247596153846154 0.028846153846153848 0.10817307692307693
0 0.6322115384615384 0.7139423076923077 0.026442307692307692 0.10697115384615384
0 0.6634615384615384 0.7211538461538461 0.026442307692307692 0.09254807692307693
0 0.6971153846153846 0.7319711538461539 0.030048076923076924 0.11298076923076923
0 0.7283653846153846 0.7283653846153846 0.030048076923076924 0.1141826923076923
0 0.7608173076923077 0.7259615384615384 0.030048076923076924 0.1141826923076923
0 0.7932692307692307 0.7259615384615384 0.030048076923076924 0.11057692307692307
0 0.8257211538461539 0.7283653846153846 0.03125 0.1141826923076923
0 0.8557692307692307 0.7295673076923077 0.03245192307692308 0.10817307692307693
0 0.8858173076923077 0.7247596153846154 0.028846153846153848 0.11298076923076923
0 0.9158653846153846 0.7211538461538461 0.03245192307692308 0.10697115384615384
0 0.9447115384615384 0.7199519230769231 0.03245192307692308 0.10336538461538461
0 0.9795673076923077 0.7211538461538461 0.038461538461538464 0.11057692307692307
0 0.6298076923076923 0.8533653846153846 0.027644230769230768 0.10697115384615384
0 0.6634615384615384 0.8509615384615384 0.025240384615384616 0.09975961538461539
0 0.6947115384615384 0.8545673076923077 0.027644230769230768 0.10336538461538461
0 0.7283653846153846 0.8497596153846154 0.030048076923076924 0.11538461538461539
0 0.7608173076923077 0.8557692307692307 0.030048076923076924 0.11298076923076923
0 0.7932692307692307 0.8533653846153846 0.03125 0.10817307692307693
0 0.8245192307692307 0.8473557692307693 0.030048076923076924 0.1141826923076923
0 0.8533653846153846 0.8425480769230769 0.027644230769230768 0.10576923076923077
0 0.8858173076923077 0.8449519230769231 0.03365384615384615 0.10096153846153846
0 0.9182692307692307 0.8413461538461539 0.03365384615384615 0.10817307692307693
0 0.9495192307692307 0.8425480769230769 0.030048076923076924 0.10096153846153846
0 0.9807692307692307 0.8461538461538461 0.036057692307692304 0.11899038461538461