0 0.4266826923076923 0.46274038461538464 0.03245192307692308 0.13341346153846154
0 0.484375 0.7920673076923077 0.04567307692307692 0.12620192307692307
0 0.44350961538461536 0.8100961538461539 0.04567307692307692 0.13701923076923078
0 0.40024038461538464 0.7944711538461539 0.038461538461538464 0.12259615384615384
0 0.47475961538461536 0.47475961538461536 0.03485576923076923 0.14543269230769232
0 0.5216346153846154 0.4831730769230769 0.03485576923076923 0.1502403846153846
0 0.5625 0.4723557692307692 0.036057692307692304 0.1502403846153846
0 0.6057692307692307 0.48197115384615385 0.040865384615384616 0.140625
0 0.6442307692307693 0.47596153846153844 0.03485576923076923 0.14543269230769232
0 0.38221153846153844 0.47836538461538464 0.037259615384615384 0.15144230769230768
0 0.3329326923076923 0.4891826923076923 0.038461538461538464 0.13942307692307693
0 0.3329326923076923 0.6418269230769231 0.038461538461538464 0.14903846153846154
0 0.6574519230769231 0.7944711538461539 0.04567307692307692 0.140625
0 0.6971153846153846 0.7944711538461539 0.04447115384615385 0.1346153846153846
0 0.734375 0.7872596153846154 0.04807692307692308 0.13701923076923078
0 0.7824519230769231 0.7944711538461539 0.046875 0.13581730769230768
0 0.9759615384615384 0.7944711538461539 0.04567307692307692 0.1310096153846154
0 0.9915865384615384 0.49038461538461536 0.014423076923076924 0.12860576923076922
0 0.96875 0.49038461538461536 0.038461538461538464 0.13341346153846154
0 0.9387019230769231 0.5024038461538461 0.055288461538461536 0.15504807692307693
0 0.8870192307692307 0.49038461538461536 0.037259615384615384 0.13701923076923078
0 0.8497596153846154 0.48197115384615385 0.038461538461538464 0.13581730769230768
0 0.8088942307692307 0.47596153846153844 0.037259615384615384 0.13942307692307693
0 0.7692307692307693 0.49759615384615385 0.03485576923076923 0.13942307692307693
0 0.7283653846153846 0.4723557692307692 0.037259615384615384 0.14302884615384615
0 0.6887019230769231 0.4795673076923077 0.03365384615384615 0.13701923076923078
0 0.7403846153846154 0.14903846153846154 0.07451923076923077 0.07211538461538461
0 0.5973557692307693 0.13341346153846154 0.07211538461538461 0.06850961538461539
0 0.5036057692307693 0.12860576923076922 0.07932692307692307 0.07091346153846154
0 0.3954326923076923 0.1310096153846154 0.08413461538461539 0.07091346153846154
0 0.20192307692307693 0.13701923076923078 0.0829326923076923 0.06490384615384616
0 0.12139423076923077 0.1346153846153846 0.08173076923076923 0.06971153846153846