0 0.6153846153846154 0.2403846153846154 0.027644230769230768 0.11778846153846154
0 0.6141826923076923 0.37259615384615385 0.030048076923076924 0.10817307692307693
0 0.6057692307692307 0.5540865384615384 0.03245192307692308 0.10336538461538461
0 0.6009615384615384 0.6887019230769231 0.02403846153846154 0.08774038461538461
0 0.6057692307692307 0.7956730769230769 0.030048076923076924 0.10817307692307693
0 0.45552884615384615 0.5612980769230769 0.06129807692307692 0.054086538461538464
0 0.46274038461538464 0.6237980769230769 0.05889423076923077 0.052884615384615384
0 0.4651442307692308 0.6790865384615384 0.05889423076923077 0.04807692307692308
0 0.4579326923076923 0.734375 0.057692307692307696 0.051682692307692304
0 0.453125 0.7908653846153846 0.055288461538461536 0.052884615384615384
0 0.44711538461538464 0.8425480769230769 0.06129807692307692 0.05048076923076923
0 0.45072115384615385 0.9014423076923077 0.052884615384615384 0.05048076923076923
0 0.46153846153846156 0.9555288461538461 0.04447115384615385 0.04447115384615385
0 0.3894230769230769 0.484375 0.056490384615384616 0.05048076923076923
0 0.3004807692307692 0.2824519230769231 0.0625 0.056490384615384616
0 0.2127403846153846 0.3317307692307692 0.06129807692307692 0.06490384615384616
0 0.21514423076923078 0.39302884615384615 0.06850961538461539 0.06971153846153846
0 0.21153846153846154 0.4567307692307692 0.056490384615384616 0.078125
0 0.203125 0.5144230769230769 0.06610576923076923 0.0733173076923077
0 0.20432692307692307 0.5829326923076923 0.06009615384615385 0.07932692307692307
0 0.19951923076923078 0.6430288461538461 0.06129807692307692 0.06850961538461539
0 0.20192307692307693 0.7091346153846154 0.05889423076923077 0.06129807692307692
0 0.203125 0.7716346153846154 0.06370192307692307 0.07211538461538461
0 0.19591346153846154 0.8341346153846154 0.06129807692307692 0.07211538461538461
0 0.20072115384615385 0.9014423076923077 0.0625 0.07211538461538461
0 0.19471153846153846 0.9615384615384616 0.06490384615384616 0.06850961538461539
0 0.31971153846153844 0.953125 0.057692307692307696 0.06610576923076923
0 0.3245192307692308 0.7932692307692307 0.06009615384615385 0.06370192307692307
0 0.3161057692307692 0.7379807692307693 0.0625 0.06850961538461539
0 0.3317307692307692 0.6778846153846154 0.052884615384615384 0.05889423076923077
0 0.3329326923076923 0.6129807692307693 0.05889423076923077 0.06971153846153846