0 0.6358173076923077 0.016826923076923076 0.06009615384615385 0.03365384615384615
0 0.5252403846153846 0.014423076923076924 0.025240384615384616 0.027644230769230768
0 0.5324519230769231 0.09254807692307693 0.027644230769230768 0.1141826923076923
0 0.4735576923076923 0.016826923076923076 0.0625 0.03365384615384615
0 0.47716346153846156 0.06610576923076923 0.05889423076923077 0.052884615384615384
0 0.4831730769230769 0.12379807692307693 0.06009615384615385 0.052884615384615384
0 0.4807692307692308 0.18389423076923078 0.057692307692307696 0.05048076923076923
0 0.4795673076923077 0.23918269230769232 0.056490384615384616 0.04807692307692308
0 0.48197115384615385 0.35096153846153844 0.06490384615384616 0.052884615384615384
0 0.2932692307692308 0.021634615384615384 0.057692307692307696 0.04326923076923077
0 0.2848557692307692 0.08052884615384616 0.055288461538461536 0.04447115384615385
0 0.28846153846153844 0.1346153846153846 0.06370192307692307 0.04807692307692308
0 0.28725961538461536 0.19471153846153846 0.054086538461538464 0.054086538461538464
0 0.3004807692307692 0.24879807692307693 0.0625 0.052884615384615384
0 0.30288461538461536 0.30528846153846156 0.06009615384615385 0.055288461538461536
0 0.3004807692307692 0.3641826923076923 0.06009615384615385 0.04807692307692308
0 0.2980769230769231 0.4230769230769231 0.05889423076923077 0.05048076923076923
0 0.5396634615384616 0.5552884615384616 0.025240384615384616 0.109375
0 0.5348557692307693 0.21514423076923078 0.025240384615384616 0.11538461538461539
0 0.5348557692307693 0.3389423076923077 0.025240384615384616 0.11298076923076923
0 0.5384615384615384 0.4495192307692308 0.02403846153846154 0.0889423076923077
0 0.4891826923076923 0.41225961538461536 0.0625 0.046875
0 0.4807692307692308 0.2980769230769231 0.06129807692307692 0.04567307692307692
0 0.6490384615384616 0.4579326923076923 0.05889423076923077 0.04567307692307692
0 0.6502403846153846 0.5721153846153846 0.06009615384615385 0.052884615384615384
0 0.6526442307692307 0.6274038461538461 0.06009615384615385 0.046875
0 0.3004807692307692 0.5444711538461539 0.06129807692307692 0.051682692307692304
0 0.30288461538461536 0.6009615384615384 0.06490384615384616 0.04807692307692308
0 0.3088942307692308 0.6598557692307693 0.06490384615384616 0.055288461538461536
0 0.3088942307692308 0.7175480769230769 0.06129807692307692 0.051682692307692304
0 0.3161057692307692 0.7704326923076923 0.051682692307692304 0.05048076923076923
0 0.5432692307692307 0.6694711538461539 0.026442307692307692 0.109375
0 0.4831730769230769 0.5276442307692307 0.0625 0.055288461538461536
0 0.484375 0.4723557692307692 0.06370192307692307 0.052884615384615384
0 0.48677884615384615 0.5889423076923077 0.05889423076923077 0.05889423076923077
0 0.4891826923076923 0.6430288461538461 0.06490384615384616 0.056490384615384616
0 0.4879807692307692 0.6983173076923077 0.06490384615384616 0.054086538461538464
0 0.4855769230769231 0.7560096153846154 0.06490384615384616 0.054086538461538464
0 0.6586538461538461 0.7932692307692307 0.0625 0.05048076923076923
0 0.6622596153846154 0.6802884615384616 0.057692307692307696 0.05048076923076923
0 0.6586538461538461 0.7379807692307693 0.05889423076923077 0.054086538461538464
0 0.6514423076923077 0.23557692307692307 0.06490384615384616 0.05048076923076923
0 0.6502403846153846 0.2932692307692308 0.05889423076923077 0.05048076923076923
0 0.6466346153846154 0.34975961538461536 0.052884615384615384 0.04567307692307692
0 0.6442307692307693 0.40384615384615385 0.055288461538461536 0.04326923076923077
0 0.6490384615384616 0.515625 0.055288461538461536 0.046875
0 0.6334134615384616 0.06009615384615385 0.057692307692307696 0.05048076923076923
0 0.3088942307692308 0.8317307692307693 0.06850961538461539 0.06490384615384616
0 0.4855769230769231 0.8209134615384616 0.05889423076923077 0.04807692307692308
0 0.6574519230769231 0.11899038461538461 0.0625 0.04807692307692308
0 0.6334134615384616 0.17548076923076922 0.055288461538461536 0.051682692307692304
0 0.5480769230769231 0.7884615384615384 0.028846153846153848 0.11298076923076923
0 0.4879807692307692 0.8774038461538461 0.06009615384615385 0.051682692307692304
0 0.3088942307692308 0.8918269230769231 0.06971153846153846 0.055288461538461536
0 0.6622596153846154 0.8545673076923077 0.06490384615384616 0.054086538461538464
0 0.2980769230769231 0.48197115384615385 0.06370192307692307 0.04807692307692308
0 0.6598557692307693 0.9110576923076923 0.06009615384615385 0.05048076923076923
0 0.5504807692307693 0.9110576923076923 0.030048076923076924 0.10576923076923077
0 0.49399038461538464 0.9338942307692307 0.06129807692307692 0.06009615384615385
0 0.6574519230769231 0.9627403846153846 0.06370192307692307 0.056490384615384616
0 0.3088942307692308 0.9459134615384616 0.05889423076923077 0.05048076923076923
0 0.31850961538461536 0.9879807692307693 0.06490384615384616 0.021634615384615384
0 0.5 0.9819711538461539 0.05889423076923077 0.03365384615384615