0 0.6622596153846154 0.08052884615384616 0.06610576923076923 0.054086538461538464
0 0.6694711538461539 0.14423076923076922 0.06370192307692307 0.056490384615384616
0 0.6778846153846154 0.19831730769230768 0.06129807692307692 0.06009615384615385
0 0.6778846153846154 0.25600961538461536 0.057692307692307696 0.046875
0 0.6826923076923077 0.31490384615384615 0.0673076923076923 0.052884615384615384
0 0.6778846153846154 0.36658653846153844 0.056490384615384616 0.052884615384615384
0 0.6754807692307693 0.4182692307692308 0.06009615384615385 0.05048076923076923
0 0.6971153846153846 0.4735576923076923 0.06370192307692307 0.054086538461538464
0 0.6754807692307693 0.5324519230769231 0.06009615384615385 0.051682692307692304
0 0.6959134615384616 0.5961538461538461 0.06971153846153846 0.046875
0 0.6911057692307693 0.6538461538461539 0.06850961538461539 0.051682692307692304
0 0.6862980769230769 0.7055288461538461 0.05889423076923077 0.04326923076923077
0 0.6875 0.7620192307692307 0.057692307692307696 0.04567307692307692
0 0.6911057692307693 0.8197115384615384 0.0625 0.046875
0 0.6887019230769231 0.8725961538461539 0.056490384615384616 0.046875
0 0.6935096153846154 0.9302884615384616 0.06129807692307692 0.05048076923076923
0 0.6971153846153846 0.9795673076923077 0.06610576923076923 0.037259615384615384
0 0.5649038461538461 0.23076923076923078 0.025240384615384616 0.11057692307692307
0 0.5661057692307693 0.33774038461538464 0.025240384615384616 0.10336538461538461
0 0.5745192307692307 0.4519230769230769 0.027644230769230768 0.11538461538461539
0 0.5769230769230769 0.578125 0.027644230769230768 0.11778846153846154
0 0.5769230769230769 0.7043269230769231 0.028846153846153848 0.11778846153846154
0 0.5793269230769231 0.8100961538461539 0.027644230769230768 0.09254807692307693
0 0.5829326923076923 0.9158653846153846 0.028846153846153848 0.11298076923076923
0 0.5180288461538461 0.19110576923076922 0.057692307692307696 0.06370192307692307
0 0.5132211538461539 0.25721153846153844 0.06370192307692307 0.04807692307692308
0 0.5168269230769231 0.3137019230769231 0.05889423076923077 0.046875
0 0.5168269230769231 0.37259615384615385 0.06490384615384616 0.054086538461538464
0 0.5204326923076923 0.42908653846153844 0.0625 0.052884615384615384
0 0.5264423076923077 0.4855769230769231 0.06490384615384616 0.055288461538461536
0 0.5240384615384616 0.5456730769230769 0.05889423076923077 0.05048076923076923
0 0.5240384615384616 0.6033653846153846 0.06009615384615385 0.046875
0 0.5240384615384616 0.6634615384615384 0.06610576923076923 0.051682692307692304
0 0.5264423076923077 0.7163461538461539 0.06370192307692307 0.055288461538461536
0 0.5300480769230769 0.7752403846153846 0.0625 0.056490384615384616
0 0.5276442307692307 0.8317307692307693 0.06370192307692307 0.052884615384615384
0 0.5276442307692307 0.8870192307692307 0.06370192307692307 0.055288461538461536
0 0.5300480769230769 0.9471153846153846 0.06490384615384616 0.06370192307692307
0 0.5288461538461539 0.9855769230769231 0.06490384615384616 0.02403846153846154
0 0.3317307692307692 0.0829326923076923 0.056490384615384616 0.056490384615384616
0 0.34375 0.14903846153846154 0.057692307692307696 0.055288461538461536
0 0.3401442307692308 0.2091346153846154 0.06971153846153846 0.052884615384615384
0 0.3317307692307692 0.2692307692307692 0.06129807692307692 0.054086538461538464
0 0.3317307692307692 0.3245192307692308 0.06129807692307692 0.05048076923076923
0 0.33774038461538464 0.38341346153846156 0.052884615384615384 0.052884615384615384
0 0.3293269230769231 0.44591346153846156 0.052884615384615384 0.05048076923076923
0 0.3329326923076923 0.4987980769230769 0.06129807692307692 0.046875
0 0.3329326923076923 0.5600961538461539 0.051682692307692304 0.051682692307692304
0 0.3449519230769231 0.6165865384615384 0.0625 0.05048076923076923
0 0.34975961538461536 0.671875 0.0625 0.04447115384615385
0 0.3401442307692308 0.7307692307692307 0.06129807692307692 0.052884615384615384
0 0.3401442307692308 0.7884615384615384 0.05889423076923077 0.04807692307692308
0 0.34134615384615385 0.8425480769230769 0.06370192307692307 0.056490384615384616
0 0.34134615384615385 0.9038461538461539 0.06490384615384616 0.052884615384615384
0 0.3449519230769231 0.9639423076923077 0.06370192307692307 0.052884615384615384