0 0.6189903846153846 0.5745192307692307 0.030048076923076924 0.1141826923076923
0 0.6550480769230769 0.3161057692307692 0.026442307692307692 0.10576923076923077
0 0.6225961538461539 0.3125 0.026442307692307692 0.1045673076923077
0 0.49278846153846156 0.5829326923076923 0.025240384615384616 0.10697115384615384
0 0.49399038461538464 0.7139423076923077 0.027644230769230768 0.109375
0 0.46153846153846156 0.5925480769230769 0.02403846153846154 0.10697115384615384
0 0.46153846153846156 0.7091346153846154 0.026442307692307692 0.1045673076923077
0 0.43028846153846156 0.7139423076923077 0.025240384615384616 0.10576923076923077
0 0.43149038461538464 0.5889423076923077 0.027644230769230768 0.1045673076923077
0 0.49399038461538464 0.3269230769230769 0.027644230769230768 0.109375
0 0.6502403846153846 0.5745192307692307 0.028846153846153848 0.10817307692307693
0 0.6802884615384616 0.5901442307692307 0.028846153846153848 0.11298076923076923
0 0.6286057692307693 0.6778846153846154 0.06129807692307692 0.04807692307692308
0 0.6310096153846154 0.7331730769230769 0.0625 0.05048076923076923
0 0.6334134615384616 0.7884615384615384 0.0625 0.046875
0 0.6358173076923077 0.8413461538461539 0.06370192307692307 0.04807692307692308
0 0.6298076923076923 0.8954326923076923 0.06009615384615385 0.054086538461538464
0 0.6310096153846154 0.9543269230769231 0.06370192307692307 0.05048076923076923
0 0.6322115384615384 0.9915865384615384 0.06490384615384616 0.014423076923076924
0 0.7115384615384616 0.5793269230769231 0.028846153846153848 0.1045673076923077
0 0.7427884615384616 0.5721153846153846 0.027644230769230768 0.10576923076923077
0 0.7692307692307693 0.5793269230769231 0.027644230769230768 0.09495192307692307
0 0.7956730769230769 0.5901442307692307 0.025240384615384616 0.10336538461538461
0 0.8245192307692307 0.5745192307692307 0.026442307692307692 0.109375
0 0.8509615384615384 0.5793269230769231 0.025240384615384616 0.09975961538461539
0 0.8798076923076923 0.5709134615384616 0.030048076923076924 0.1045673076923077
0 0.9110576923076923 0.5540865384615384 0.03125 0.09975961538461539
0 0.9387019230769231 0.5769230769230769 0.026442307692307692 0.09975961538461539
0 0.9627403846153846 0.5685096153846154 0.028846153846153848 0.11057692307692307
0 0.9879807692307693 0.5637019230769231 0.021634615384615384 0.1045673076923077
0 0.6826923076923077 0.3125 0.025240384615384616 0.10576923076923077
0 0.7151442307692307 0.3137019230769231 0.027644230769230768 0.11298076923076923
0 0.7427884615384616 0.31009615384615385 0.027644230769230768 0.11057692307692307
0 0.7716346153846154 0.3112980769230769 0.025240384615384616 0.09735576923076923
0 0.7992788461538461 0.3293269230769231 0.028846153846153848 0.10096153846153846
0 0.8269230769230769 0.3293269230769231 0.030048076923076924 0.10096153846153846
0 0.8545673076923077 0.3233173076923077 0.027644230769230768 0.10336538461538461
0 0.8834134615384616 0.3245192307692308 0.027644230769230768 0.0985576923076923
0 0.9134615384615384 0.3245192307692308 0.027644230769230768 0.09735576923076923
0 0.9399038461538461 0.3269230769230769 0.025240384615384616 0.0985576923076923
0 0.9675480769230769 0.3233173076923077 0.030048076923076924 0.10336538461538461
0 0.9891826923076923 0.328125 0.016826923076923076 0.10336538461538461
0 0.9951923076923077 0.09975961538461539 0.007211538461538462 0.09014423076923077
0 0.9795673076923077 0.09975961538461539 0.03125 0.1045673076923077
0 0.9519230769230769 0.09975961538461539 0.03245192307692308 0.10817307692307693
0 0.9254807692307693 0.09735576923076923 0.03125 0.09254807692307693
0 0.8918269230769231 0.08173076923076923 0.030048076923076924 0.09014423076923077
0 0.8629807692307693 0.07692307692307693 0.028846153846153848 0.09975961538461539
0 0.8365384615384616 0.0733173076923077 0.025240384615384616 0.10336538461538461
0 0.8100961538461539 0.07091346153846154 0.03245192307692308 0.11778846153846154
0 0.7800480769230769 0.07692307692307693 0.027644230769230768 0.10576923076923077
0 0.7512019230769231 0.07692307692307693 0.027644230769230768 0.09975961538461539
0 0.7211538461538461 0.06370192307692307 0.028846153846153848 0.10697115384615384
0 0.6358173076923077 0.06490384615384616 0.027644230769230768 0.09975961538461539
0 0.6670673076923077 0.07211538461538461 0.026442307692307692 0.10576923076923077
0 0.6009615384615384 0.052884615384615384 0.025240384615384616 0.09735576923076923
0 0.5721153846153846 0.054086538461538464 0.027644230769230768 0.10817307692307693
0 0.5408653846153846 0.052884615384615384 0.027644230769230768 0.10576923076923077
0 0.5108173076923077 0.052884615384615384 0.03125 0.10576923076923077
0 0.4807692307692308 0.051682692307692304 0.027644230769230768 0.10336538461538461
0 0.4495192307692308 0.055288461538461536 0.025240384615384616 0.109375
0 0.41346153846153844 0.055288461538461536 0.027644230769230768 0.1045673076923077
0 0.38461538461538464 0.04567307692307692 0.026442307692307692 0.09134615384615384
0 0.35336538461538464 0.05048076923076923 0.026442307692307692 0.09975961538461539
0 0.32211538461538464 0.04927884615384615 0.028846153846153848 0.0985576923076923
0 0.28966346153846156 0.04447115384615385 0.03125 0.0889423076923077
0 0.25600961538461536 0.04447115384615385 0.026442307692307692 0.0889423076923077
0 0.22596153846153846 0.04567307692307692 0.025240384615384616 0.09134615384615384
0 0.1971153846153846 0.05048076923076923 0.027644230769230768 0.09975961538461539
0 0.16706730769230768 0.0625 0.030048076923076924 0.0985576923076923
0 0.13221153846153846 0.051682692307692304 0.030048076923076924 0.10336538461538461
0 0.10096153846153846 0.06009615384615385 0.030048076923076924 0.1045673076923077
0 0.06971153846153846 0.05048076923076923 0.03245192307692308 0.09975961538461539
0 0.4639423076923077 0.328125 0.026442307692307692 0.1141826923076923
0 0.43149038461538464 0.3269230769230769 0.027644230769230768 0.10096153846153846
0 0.39903846153846156 0.33052884615384615 0.027644230769230768 0.10576923076923077
0 0.36899038461538464 0.31850961538461536 0.027644230769230768 0.10817307692307693
0 0.33774038461538464 0.3125 0.028846153846153848 0.10817307692307693
0 0.30408653846153844 0.31850961538461536 0.027644230769230768 0.0985576923076923
0 0.27163461538461536 0.3317307692307692 0.027644230769230768 0.1045673076923077
0 0.24158653846153846 0.328125 0.027644230769230768 0.10697115384615384
0 0.1778846153846154 0.3329326923076923 0.028846153846153848 0.109375
0 0.2091346153846154 0.33052884615384615 0.027644230769230768 0.10576923076923077
0 0.14543269230769232 0.3293269230769231 0.03125 0.11538461538461539
0 0.11538461538461539 0.3317307692307692 0.030048076923076924 0.10576923076923077
0 0.08653846153846154 0.33653846153846156 0.027644230769230768 0.10576923076923077
0 0.054086538461538464 0.3329326923076923 0.03245192307692308 0.11298076923076923
0 0.021634615384615384 0.3293269230769231 0.03245192307692308 0.1141826923076923
0 0.003605769230769231 0.3245192307692308 0.006009615384615385 0.10576923076923077
0 0.39663461538461536 0.5793269230769231 0.026442307692307692 0.10817307692307693
0 0.39903846153846156 0.7079326923076923 0.025240384615384616 0.10336538461538461
0 0.36658653846153844 0.5877403846153846 0.026442307692307692 0.10697115384615384
0 0.33413461538461536 0.5865384615384616 0.027644230769230768 0.10697115384615384
0 0.36778846153846156 0.7115384615384616 0.027644230769230768 0.10817307692307693
0 0.3329326923076923 0.7127403846153846 0.025240384615384616 0.10336538461538461
0 0.30288461538461536 0.5865384615384616 0.027644230769230768 0.11057692307692307
0 0.30288461538461536 0.7043269230769231 0.027644230769230768 0.11057692307692307
0 0.27163461538461536 0.5841346153846154 0.026442307692307692 0.09975961538461539
0 0.2704326923076923 0.6959134615384616 0.027644230769230768 0.10697115384615384
0 0.2403846153846154 0.578125 0.026442307692307692 0.09975961538461539
0 0.2403846153846154 0.7055288461538461 0.030048076923076924 0.10817307692307693
0 0.2091346153846154 0.5805288461538461 0.027644230769230768 0.10096153846153846
0 0.2091346153846154 0.7079326923076923 0.028846153846153848 0.10096153846153846
0 0.17548076923076922 0.5817307692307693 0.028846153846153848 0.10817307692307693
0 0.14543269230769232 0.5877403846153846 0.03125 0.11658653846153846
0 0.11658653846153846 0.5877403846153846 0.027644230769230768 0.10697115384615384
0 0.08413461538461539 0.5865384615384616 0.03125 0.109375
0 0.054086538461538464 0.5865384615384616 0.030048076923076924 0.10576923076923077
0 0.020432692307692308 0.5889423076923077 0.039663461538461536 0.11538461538461539
0 0.18028846153846154 0.7067307692307693 0.026442307692307692 0.1045673076923077
0 0.14783653846153846 0.7079326923076923 0.03125 0.109375
0 0.11538461538461539 0.7079326923076923 0.030048076923076924 0.11057692307692307
0 0.08173076923076923 0.7079326923076923 0.03125 0.11057692307692307
0 0.05048076923076923 0.7067307692307693 0.03125 0.1045673076923077
0 0.018028846153846152 0.7151442307692307 0.03485576923076923 0.11298076923076923
0 0.49038461538461536 0.9615384615384616 0.025240384615384616 0.07451923076923077
0 0.4579326923076923 0.9639423076923077 0.027644230769230768 0.06850961538461539
0 0.4266826923076923 0.9651442307692307 0.026442307692307692 0.06610576923076923
0 0.3942307692307692 0.9627403846153846 0.028846153846153848 0.07211538461538461
0 0.3641826923076923 0.9579326923076923 0.028846153846153848 0.08052884615384616
0 0.3329326923076923 0.9555288461538461 0.027644230769230768 0.08413461538461539
0 0.2980769230769231 0.9663461538461539 0.028846153846153848 0.0625
0 0.2668269230769231 0.9591346153846154 0.027644230769230768 0.07692307692307693
0 0.23798076923076922 0.9627403846153846 0.025240384615384616 0.07211538461538461
0 0.20552884615384615 0.9555288461538461 0.030048076923076924 0.08413461538461539
0 0.17427884615384615 0.9519230769230769 0.030048076923076924 0.09254807692307693
0 0.14182692307692307 0.9567307692307693 0.028846153846153848 0.0829326923076923
0 0.11057692307692307 0.9555288461538461 0.03245192307692308 0.08413461538461539
0 0.07692307692307693 0.9591346153846154 0.03125 0.07692307692307693
0 0.04326923076923077 0.9543269230769231 0.03365384615384615 0.08774038461538461
0 0.013221153846153846 0.9639423076923077 0.025240384615384616 0.06971153846153846