0 0.8401442307692307 0.6129807692307693 0.05889423076923077 0.051682692307692304
0 0.6694711538461539 0.515625 0.028846153846153848 0.12139423076923077
0 0.6634615384615384 0.6766826923076923 0.027644230769230768 0.1141826923076923
0 0.6730769230769231 0.3737980769230769 0.028846153846153848 0.11538461538461539
0 0.6730769230769231 0.21995192307692307 0.030048076923076924 0.11538461538461539
0 0.6694711538461539 0.07211538461538461 0.030048076923076924 0.11057692307692307
0 0.5276442307692307 0.10817307692307693 0.05048076923076923 0.055288461538461536
0 0.5264423076923077 0.2764423076923077 0.06129807692307692 0.056490384615384616
0 0.5240384615384616 0.44350961538461536 0.057692307692307696 0.04807692307692308
0 0.5252403846153846 0.5036057692307693 0.05889423076923077 0.04807692307692308
0 0.5264423076923077 0.5600961538461539 0.06129807692307692 0.051682692307692304
0 0.5264423076923077 0.6177884615384616 0.057692307692307696 0.04807692307692308
0 0.5240384615384616 0.6730769230769231 0.06129807692307692 0.04326923076923077
0 0.5240384615384616 0.7307692307692307 0.06370192307692307 0.046875
0 0.3858173076923077 0.06490384615384616 0.06009615384615385 0.078125
0 0.3870192307692308 0.17908653846153846 0.06610576923076923 0.078125
0 0.38341346153846156 0.5865384615384616 0.056490384615384616 0.078125
0 0.38100961538461536 0.8822115384615384 0.05889423076923077 0.07091346153846154
0 0.38100961538461536 0.9375 0.06009615384615385 0.0733173076923077
0 0.38100961538461536 0.9807692307692307 0.056490384615384616 0.036057692307692304
0 0.2644230769230769 0.06009615384615385 0.06370192307692307 0.0733173076923077
0 0.265625 0.016826923076923076 0.055288461538461536 0.03365384615384615
0 0.2644230769230769 0.12620192307692307 0.06370192307692307 0.08052884615384616
0 0.25961538461538464 0.1935096153846154 0.06610576923076923 0.06850961538461539
0 0.2620192307692308 0.25961538461538464 0.0673076923076923 0.08653846153846154
0 0.2608173076923077 0.3293269230769231 0.06370192307692307 0.08173076923076923
0 0.25721153846153844 0.3894230769230769 0.06370192307692307 0.08173076923076923
0 0.2536057692307692 0.4483173076923077 0.0673076923076923 0.08413461538461539
0 0.2620192307692308 0.5192307692307693 0.06370192307692307 0.08052884615384616
0 0.25961538461538464 0.5877403846153846 0.056490384615384616 0.07091346153846154
0 0.2548076923076923 0.6538461538461539 0.06129807692307692 0.07091346153846154
0 0.2512019230769231 0.7163461538461539 0.055288461538461536 0.06490384615384616
0 0.2536057692307692 0.7848557692307693 0.06009615384615385 0.06971153846153846
0 0.25961538461538464 0.8509615384615384 0.055288461538461536 0.06850961538461539
0 0.25600961538461536 0.9134615384615384 0.052884615384615384 0.07211538461538461
0 0.2536057692307692 0.9699519230769231 0.05889423076923077 0.056490384615384616
0 0.5192307692307693 0.7872596153846154 0.06129807692307692 0.04807692307692308
0 0.5192307692307693 0.8449519230769231 0.05889423076923077 0.05048076923076923
0 0.5192307692307693 0.9002403846153846 0.06129807692307692 0.04807692307692308
0 0.515625 0.9567307692307693 0.057692307692307696 0.04807692307692308