0 0.6598557692307693 0.11778846153846154 0.030048076923076924 0.11778846153846154
0 0.6550480769230769 0.2692307692307692 0.03125 0.1141826923076923
0 0.6514423076923077 0.4014423076923077 0.03245192307692308 0.11057692307692307
0 0.6538461538461539 0.5504807692307693 0.03125 0.11778846153846154
0 0.6622596153846154 0.75 0.04567307692307692 0.11538461538461539
0 0.6442307692307693 0.8509615384615384 0.027644230769230768 0.109375
0 0.6358173076923077 0.9759615384615384 0.028846153846153848 0.04326923076923077
0 0.8173076923076923 0.9495192307692307 0.055288461538461536 0.0625
0 0.515625 0.02403846153846154 0.057692307692307696 0.046875
0 0.5120192307692307 0.13701923076923078 0.057692307692307696 0.054086538461538464
0 0.5012019230769231 0.19831730769230768 0.06129807692307692 0.056490384615384616
0 0.5060096153846154 0.43149038461538464 0.052884615384615384 0.052884615384615384
0 0.5012019230769231 0.6045673076923077 0.06370192307692307 0.06009615384615385
0 0.4951923076923077 0.7788461538461539 0.06009615384615385 0.052884615384615384
0 0.4987980769230769 0.8377403846153846 0.056490384615384616 0.05048076923076923
0 0.4987980769230769 0.8942307692307693 0.06009615384615385 0.055288461538461536
0 0.4963942307692308 0.9519230769230769 0.05889423076923077 0.052884615384615384
0 0.49278846153846156 0.9855769230769231 0.057692307692307696 0.02403846153846154
0 0.3762019230769231 0.030048076923076924 0.0625 0.06009615384615385
0 0.3629807692307692 0.3786057692307692 0.06129807692307692 0.06971153846153846
0 0.36177884615384615 0.4987980769230769 0.0673076923076923 0.07932692307692307
0 0.35096153846153844 0.9122596153846154 0.06129807692307692 0.06850961538461539
0 0.21995192307692307 0.9711538461538461 0.056490384615384616 0.055288461538461536
0 0.22596153846153846 0.9170673076923077 0.055288461538461536 0.07451923076923077
0 0.2283653846153846 0.8413461538461539 0.0625 0.07932692307692307
0 0.22235576923076922 0.7740384615384616 0.06610576923076923 0.08653846153846154
0 0.2247596153846154 0.7139423076923077 0.0673076923076923 0.09134615384615384
0 0.22956730769230768 0.6466346153846154 0.06490384615384616 0.08413461538461539
0 0.23076923076923078 0.5745192307692307 0.0673076923076923 0.078125
0 0.23677884615384615 0.515625 0.055288461538461536 0.06370192307692307
0 0.23317307692307693 0.4362980769230769 0.06610576923076923 0.07692307692307693
0 0.23557692307692307 0.36778846153846156 0.06490384615384616 0.06971153846153846
0 0.23557692307692307 0.3016826923076923 0.06129807692307692 0.07932692307692307
0 0.23557692307692307 0.24278846153846154 0.06370192307692307 0.06971153846153846
0 0.2403846153846154 0.1778846153846154 0.0673076923076923 0.07211538461538461
0 0.2403846153846154 0.11298076923076923 0.06490384615384616 0.06971153846153846
0 0.2403846153846154 0.03485576923076923 0.06129807692307692 0.06971153846153846