0 0.2920673076923077 0.025240384615384616 0.051682692307692304 0.04807692307692308
0 0.2848557692307692 0.08052884615384616 0.06850961538461539 0.05889423076923077
0 0.2848557692307692 0.140625 0.06850961538461539 0.04807692307692308
0 0.2848557692307692 0.19951923076923078 0.05889423076923077 0.04807692307692308
0 0.2932692307692308 0.2608173076923077 0.06610576923076923 0.05048076923076923
0 0.28966346153846156 0.31971153846153844 0.06370192307692307 0.052884615384615384
0 0.28846153846153844 0.375 0.06129807692307692 0.051682692307692304
0 0.28365384615384615 0.4375 0.06490384615384616 0.051682692307692304
0 0.2848557692307692 0.49158653846153844 0.06850961538461539 0.051682692307692304
0 0.30288461538461536 0.609375 0.06129807692307692 0.05048076923076923
0 0.3016826923076923 0.7235576923076923 0.06971153846153846 0.056490384615384616
0 0.46274038461538464 0.021634615384615384 0.06490384615384616 0.04326923076923077
0 0.46153846153846156 0.08052884615384616 0.05889423076923077 0.051682692307692304
0 0.4651442307692308 0.13701923076923078 0.0625 0.051682692307692304
0 0.47115384615384615 0.1935096153846154 0.06370192307692307 0.05048076923076923
0 0.47836538461538464 0.25 0.0625 0.04807692307692308
0 0.4795673076923077 0.30528846153846156 0.06370192307692307 0.051682692307692304
0 0.47716346153846156 0.359375 0.06009615384615385 0.04807692307692308
0 0.47475961538461536 0.4206730769230769 0.0673076923076923 0.055288461538461536
0 0.4723557692307692 0.4795673076923077 0.06129807692307692 0.051682692307692304
0 0.47475961538461536 0.5360576923076923 0.06129807692307692 0.055288461538461536
0 0.484375 0.5889423076923077 0.06009615384615385 0.056490384615384616
0 0.48197115384615385 0.6514423076923077 0.057692307692307696 0.055288461538461536
0 0.48197115384615385 0.765625 0.04927884615384615 0.051682692307692304
0 0.5252403846153846 0.052884615384615384 0.027644230769230768 0.10576923076923077
0 0.5276442307692307 0.17548076923076922 0.030048076923076924 0.1141826923076923
0 0.5300480769230769 0.29086538461538464 0.026442307692307692 0.1045673076923077
0 0.5300480769230769 0.4110576923076923 0.027644230769230768 0.109375
0 0.5324519230769231 0.5300480769230769 0.027644230769230768 0.10697115384615384
0 0.5336538461538461 0.6442307692307693 0.02403846153846154 0.1045673076923077
0 0.6370192307692307 0.018028846153846152 0.0625 0.036057692307692304
0 0.6358173076923077 0.06490384615384616 0.06370192307692307 0.04807692307692308
0 0.640625 0.12259615384615384 0.0673076923076923 0.055288461538461536
0 0.6370192307692307 0.1814903846153846 0.06370192307692307 0.054086538461538464
0 0.6394230769230769 0.234375 0.06610576923076923 0.051682692307692304
0 0.6418269230769231 0.2920673076923077 0.06370192307692307 0.04807692307692308
0 0.6418269230769231 0.3473557692307692 0.0625 0.04567307692307692
0 0.640625 0.4050480769230769 0.05889423076923077 0.051682692307692304
0 0.6490384615384616 0.4639423076923077 0.0625 0.05048076923076923
0 0.6574519230769231 0.5192307692307693 0.06370192307692307 0.052884615384615384
0 0.6526442307692307 0.5745192307692307 0.051682692307692304 0.05048076923076923
0 0.3076923076923077 0.7824519230769231 0.06490384615384616 0.052884615384615384
0 0.2956730769230769 0.5444711538461539 0.07572115384615384 0.056490384615384616
0 0.5384615384615384 0.7680288461538461 0.027644230769230768 0.12139423076923077
0 0.49038461538461536 0.8233173076923077 0.06850961538461539 0.06850961538461539
0 0.30528846153846156 0.8377403846153846 0.054086538461538464 0.056490384615384616
0 0.4831730769230769 0.7067307692307693 0.05048076923076923 0.04807692307692308
0 0.49278846153846156 0.8834134615384616 0.055288461538461536 0.06009615384615385
0 0.3076923076923077 0.8954326923076923 0.06370192307692307 0.055288461538461536
0 0.6502403846153846 0.8016826923076923 0.06370192307692307 0.056490384615384616
0 0.6502403846153846 0.8605769230769231 0.06129807692307692 0.05889423076923077
0 0.65625 0.6310096153846154 0.06009615384615385 0.054086538461538464
0 0.6430288461538461 0.6911057692307693 0.06129807692307692 0.054086538461538464
0 0.6478365384615384 0.75 0.06370192307692307 0.046875
0 0.30649038461538464 0.6670673076923077 0.051682692307692304 0.04567307692307692
0 0.5420673076923077 0.8930288461538461 0.028846153846153848 0.109375
0 0.6610576923076923 0.9134615384615384 0.06009615384615385 0.06009615384615385
0 0.6598557692307693 0.9699519230769231 0.06129807692307692 0.05889423076923077
0 0.49038461538461536 0.9411057692307693 0.0625 0.056490384615384616
0 0.49399038461538464 0.9819711538461539 0.07211538461538461 0.03365384615384615
0 0.2932692307692308 0.9543269230769231 0.05889423076923077 0.052884615384615384