0 0.7019230769230769 0.054086538461538464 0.03245192307692308 0.10817307692307693
0 0.7055288461538461 0.19831730769230768 0.036057692307692304 0.1310096153846154
0 0.7007211538461539 0.3545673076923077 0.036057692307692304 0.12139423076923077
0 0.6959134615384616 0.49158653846153844 0.030048076923076924 0.11778846153846154
0 0.6862980769230769 0.6502403846153846 0.03245192307692308 0.11538461538461539
0 0.8653846153846154 0.5985576923076923 0.056490384615384616 0.06009615384615385
0 0.5612980769230769 0.07451923076923077 0.05048076923076923 0.055288461538461536
0 0.5564903846153846 0.24639423076923078 0.06370192307692307 0.055288461538461536
0 0.5516826923076923 0.4110576923076923 0.057692307692307696 0.046875
0 0.5528846153846154 0.47475961538461536 0.057692307692307696 0.05048076923076923
0 0.5504807692307693 0.5300480769230769 0.056490384615384616 0.04807692307692308
0 0.5516826923076923 0.5865384615384616 0.056490384615384616 0.046875
0 0.546875 0.6442307692307693 0.06009615384615385 0.04567307692307692
0 0.5456730769230769 0.6995192307692307 0.06129807692307692 0.05048076923076923
0 0.5408653846153846 0.7572115384615384 0.0625 0.05048076923076923
0 0.5396634615384616 0.8149038461538461 0.05889423076923077 0.05048076923076923
0 0.5384615384615384 0.8713942307692307 0.0625 0.051682692307692304
0 0.5360576923076923 0.9290865384615384 0.06009615384615385 0.051682692307692304
0 0.5360576923076923 0.9783653846153846 0.06370192307692307 0.042067307692307696
0 0.4074519230769231 0.5444711538461539 0.057692307692307696 0.078125
0 0.4014423076923077 0.8413461538461539 0.057692307692307696 0.06971153846153846
0 0.40024038461538464 0.8990384615384616 0.06129807692307692 0.06490384615384616
0 0.39903846153846156 0.9567307692307693 0.05889423076923077 0.06850961538461539
0 0.4182692307692308 0.13942307692307693 0.06370192307692307 0.07692307692307693
0 0.41947115384615385 0.030048076923076924 0.0625 0.06009615384615385
0 0.2980769230769231 0.02403846153846154 0.0673076923076923 0.046875
0 0.29927884615384615 0.08052884615384616 0.05889423076923077 0.08173076923076923
0 0.2932692307692308 0.14903846153846154 0.06610576923076923 0.07091346153846154
0 0.2920673076923077 0.2127403846153846 0.06610576923076923 0.078125
0 0.28966346153846156 0.27884615384615385 0.06129807692307692 0.08653846153846154
0 0.2848557692307692 0.34134615384615385 0.06129807692307692 0.0889423076923077
0 0.2824519230769231 0.4026442307692308 0.06490384615384616 0.08413461538461539
0 0.28725961538461536 0.47475961538461536 0.0625 0.08052884615384616
0 0.2848557692307692 0.5480769230769231 0.052884615384615384 0.06971153846153846
0 0.2800480769230769 0.6129807692307693 0.056490384615384616 0.07451923076923077
0 0.27403846153846156 0.6766826923076923 0.056490384615384616 0.0625
0 0.27524038461538464 0.7427884615384616 0.057692307692307696 0.07692307692307693
0 0.2776442307692308 0.8088942307692307 0.056490384615384616 0.06850961538461539
0 0.27403846153846156 0.8677884615384616 0.05048076923076923 0.07692307692307693
0 0.27283653846153844 0.9338942307692307 0.05889423076923077 0.08052884615384616
0 0.2692307692307692 0.9795673076923077 0.05889423076923077 0.038461538461538464