0 0.5456730769230769 0.5384615384615384 0.025240384615384616 0.10096153846153846
0 0.48677884615384615 0.5420673076923077 0.025240384615384616 0.10817307692307693
0 0.609375 0.5324519230769231 0.026442307692307692 0.11298076923076923
0 0.5793269230769231 0.5384615384615384 0.02283653846153846 0.1045673076923077
0 0.5168269230769231 0.5432692307692307 0.02283653846153846 0.10697115384615384
0 0.4567307692307692 0.5540865384615384 0.026442307692307692 0.10817307692307693
0 0.5612980769230769 0.2956730769230769 0.025240384615384616 0.0985576923076923
0 0.49278846153846156 0.2824519230769231 0.027644230769230768 0.10336538461538461
0 0.46274038461538464 0.2824519230769231 0.02403846153846154 0.1045673076923077
0 0.43028846153846156 0.28365384615384615 0.030048076923076924 0.11899038461538461
0 0.42427884615384615 0.5588942307692307 0.027644230769230768 0.10697115384615384
0 0.39302884615384615 0.5372596153846154 0.025240384615384616 0.1045673076923077
0 0.3629807692307692 0.5432692307692307 0.03125 0.11658653846153846
0 0.640625 0.7848557692307693 0.027644230769230768 0.11658653846153846
0 0.6129807692307693 0.7836538461538461 0.030048076923076924 0.11298076923076923
0 0.5504807692307693 0.7800480769230769 0.02403846153846154 0.11057692307692307
0 0.6394230769230769 0.5300480769230769 0.026442307692307692 0.10697115384615384
0 0.6442307692307693 0.2932692307692308 0.026442307692307692 0.0889423076923077
0 0.5877403846153846 0.2980769230769231 0.030048076923076924 0.109375
0 0.6153846153846154 0.296875 0.025240384615384616 0.10336538461538461
0 0.5252403846153846 0.2848557692307692 0.02403846153846154 0.09615384615384616
0 0.40024038461538464 0.2932692307692308 0.025240384615384616 0.10817307692307693
0 0.3701923076923077 0.3004807692307692 0.026442307692307692 0.10336538461538461
0 0.2403846153846154 0.8137019230769231 0.03125 0.11298076923076923
0 0.4855769230769231 0.8052884615384616 0.025240384615384616 0.10096153846153846
0 0.5192307692307693 0.7956730769230769 0.03125 0.10817307692307693
0 0.6730769230769231 0.7836538461538461 0.026442307692307692 0.11658653846153846
0 0.5793269230769231 0.8016826923076923 0.025240384615384616 0.10817307692307693
0 0.3317307692307692 0.5516826923076923 0.027644230769230768 0.10817307692307693
0 0.3004807692307692 0.5528846153846154 0.027644230769230768 0.11057692307692307
0 0.2692307692307692 0.5564903846153846 0.025240384615384616 0.10576923076923077
0 0.23798076923076922 0.5600961538461539 0.028846153846153848 0.11057692307692307
0 0.4543269230769231 0.8028846153846154 0.025240384615384616 0.10336538461538461
0 0.4254807692307692 0.8245192307692307 0.026442307692307692 0.10336538461538461
0 0.39663461538461536 0.8185096153846154 0.027644230769230768 0.10697115384615384
0 0.36538461538461536 0.8088942307692307 0.025240384615384616 0.11298076923076923
0 0.3317307692307692 0.8233173076923077 0.028846153846153848 0.11778846153846154
0 0.3016826923076923 0.828125 0.027644230769230768 0.109375
0 0.27163461538461536 0.8137019230769231 0.027644230769230768 0.10576923076923077
0 0.6706730769230769 0.5408653846153846 0.030048076923076924 0.10576923076923077
0 0.7007211538461539 0.5300480769230769 0.027644230769230768 0.10576923076923077
0 0.7295673076923077 0.5372596153846154 0.030048076923076924 0.10096153846153846
0 0.7560096153846154 0.5180288461538461 0.028846153846153848 0.10096153846153846
0 0.7860576923076923 0.5120192307692307 0.028846153846153848 0.09495192307692307
0 0.8125 0.5288461538461539 0.027644230769230768 0.10697115384615384
0 0.8425480769230769 0.5300480769230769 0.030048076923076924 0.09735576923076923
0 0.8713942307692307 0.5180288461538461 0.028846153846153848 0.10576923076923077
0 0.9362980769230769 0.28725961538461536 0.030048076923076924 0.10817307692307693
0 0.9038461538461539 0.28846153846153844 0.025240384615384616 0.09495192307692307
0 0.8774038461538461 0.2824519230769231 0.028846153846153848 0.10096153846153846
0 0.8497596153846154 0.28365384615384615 0.027644230769230768 0.1045673076923077
0 0.8197115384615384 0.2800480769230769 0.026442307692307692 0.10336538461538461
0 0.7908653846153846 0.2824519230769231 0.028846153846153848 0.10336538461538461
0 0.7632211538461539 0.2848557692307692 0.027644230769230768 0.09975961538461539
0 0.7355769230769231 0.2824519230769231 0.027644230769230768 0.10697115384615384
0 0.7055288461538461 0.2824519230769231 0.028846153846153848 0.109375
0 0.6995192307692307 0.7836538461538461 0.030048076923076924 0.11658653846153846
0 0.7295673076923077 0.7764423076923077 0.030048076923076924 0.12139423076923077
0 0.7584134615384616 0.7680288461538461 0.026442307692307692 0.11778846153846154
0 0.7872596153846154 0.7608173076923077 0.028846153846153848 0.11298076923076923
0 0.8137019230769231 0.7572115384615384 0.027644230769230768 0.10576923076923077
0 0.2548076923076923 0.9194711538461539 0.06490384615384616 0.05048076923076923
0 0.2620192307692308 0.9699519230769231 0.06370192307692307 0.05048076923076923
0 0.3401442307692308 0.2920673076923077 0.027644230769230768 0.1045673076923077
0 0.2824519230769231 0.3088942307692308 0.027644230769230768 0.10576923076923077
0 0.25 0.30408653846153844 0.025240384615384616 0.10096153846153846
0 0.21754807692307693 0.2980769230769231 0.026442307692307692 0.09134615384615384
0 0.18629807692307693 0.3004807692307692 0.03245192307692308 0.11538461538461539
0 0.15264423076923078 0.30288461538461536 0.027644230769230768 0.109375
0 0.12620192307692307 0.30528846153846156 0.025240384615384616 0.1045673076923077
0 0.09735576923076923 0.31009615384615385 0.030048076923076924 0.10336538461538461
0 0.06610576923076923 0.31971153846153844 0.026442307692307692 0.1141826923076923
0 0.03365384615384615 0.3233173076923077 0.03365384615384615 0.10697115384615384
0 0.010817307692307692 0.3088942307692308 0.021634615384615384 0.10817307692307693
0 0.11658653846153846 0.5865384615384616 0.03245192307692308 0.10576923076923077
0 0.08413461538461539 0.5865384615384616 0.027644230769230768 0.1141826923076923
0 0.02403846153846154 0.5949519230769231 0.030048076923076924 0.10576923076923077
0 0.052884615384615384 0.5901442307692307 0.03245192307692308 0.10336538461538461
0 0.004807692307692308 0.5841346153846154 0.008413461538461538 0.11298076923076923
0 0.1201923076923077 0.8305288461538461 0.027644230769230768 0.10697115384615384
0 0.09134615384615384 0.8425480769230769 0.030048076923076924 0.10697115384615384
0 0.05889423076923077 0.8425480769230769 0.03245192307692308 0.11057692307692307
0 0.026442307692307692 0.8317307692307693 0.03245192307692308 0.10697115384615384
0 0.006009615384615385 0.8449519230769231 0.010817307692307692 0.10817307692307693
0 0.12379807692307693 0.9495192307692307 0.03125 0.09735576923076923
0 0.06009615384615385 0.9543269230769231 0.027644230769230768 0.0889423076923077
0 0.09134615384615384 0.9495192307692307 0.03125 0.09735576923076923
0 0.028846153846153848 0.953125 0.03125 0.09014423076923077
0 0.006009615384615385 0.9543269230769231 0.01201923076923077 0.0889423076923077