0 0.7199519230769231 0.9471153846153846 0.0625 0.05048076923076923
0 0.7115384615384616 0.9855769230769231 0.057692307692307696 0.025240384615384616
0 0.8557692307692307 0.9879807692307693 0.05889423076923077 0.020432692307692308
0 0.8629807692307693 0.9519230769230769 0.0625 0.055288461538461536
0 0.8629807692307693 0.8990384615384616 0.056490384615384616 0.05048076923076923
0 0.8605769230769231 0.8413461538461539 0.0625 0.051682692307692304
0 0.8653846153846154 0.7884615384615384 0.06129807692307692 0.04807692307692308
0 0.8641826923076923 0.734375 0.055288461538461536 0.04807692307692308
0 0.8605769230769231 0.6334134615384616 0.04927884615384615 0.046875
0 0.8653846153846154 0.5793269230769231 0.055288461538461536 0.052884615384615384
0 0.8653846153846154 0.515625 0.06129807692307692 0.05048076923076923
0 0.8653846153846154 0.4639423076923077 0.06129807692307692 0.04807692307692308
0 0.8653846153846154 0.4110576923076923 0.05889423076923077 0.05048076923076923
0 0.8677884615384616 0.35697115384615385 0.055288461538461536 0.046875
0 0.8713942307692307 0.30528846153846156 0.06009615384615385 0.046875
0 0.8713942307692307 0.25240384615384615 0.05889423076923077 0.04807692307692308
0 0.8713942307692307 0.19951923076923078 0.06490384615384616 0.051682692307692304
0 0.8713942307692307 0.1466346153846154 0.06370192307692307 0.046875
0 0.8762019230769231 0.09735576923076923 0.055288461538461536 0.04807692307692308
0 0.8762019230769231 0.051682692307692304 0.06129807692307692 0.046875
0 0.8701923076923077 0.01201923076923077 0.06370192307692307 0.02403846153846154
0 0.7271634615384616 0.007211538461538462 0.06009615384615385 0.014423076923076924
0 0.7259615384615384 0.036057692307692304 0.046875 0.046875
0 0.6634615384615384 0.026442307692307692 0.057692307692307696 0.046875
0 0.7307692307692307 0.0829326923076923 0.057692307692307696 0.051682692307692304
0 0.734375 0.140625 0.057692307692307696 0.054086538461538464
0 0.7331730769230769 0.19110576923076922 0.06009615384615385 0.051682692307692304
0 0.7331730769230769 0.24278846153846154 0.06009615384615385 0.054086538461538464
0 0.7355769230769231 0.3016826923076923 0.056490384615384616 0.052884615384615384
0 0.7355769230769231 0.35096153846153844 0.06009615384615385 0.04807692307692308
0 0.7319711538461539 0.40384615384615385 0.06129807692307692 0.054086538461538464
0 0.7271634615384616 0.4651442307692308 0.05048076923076923 0.04567307692307692
0 0.7223557692307693 0.5216346153846154 0.054086538461538464 0.056490384615384616
0 0.7259615384615384 0.671875 0.0625 0.055288461538461536
0 0.6526442307692307 0.6658653846153846 0.054086538461538464 0.04567307692307692
0 0.6574519230769231 0.5240384615384616 0.06009615384615385 0.052884615384615384
0 0.6646634615384616 0.4579326923076923 0.056490384615384616 0.046875
0 0.6634615384615384 0.4014423076923077 0.06129807692307692 0.046875
0 0.6610576923076923 0.3473557692307692 0.052884615384615384 0.05048076923076923
0 0.6658653846153846 0.29086538461538464 0.057692307692307696 0.054086538461538464
0 0.6682692307692307 0.23317307692307693 0.056490384615384616 0.04807692307692308
0 0.6670673076923077 0.1814903846153846 0.057692307692307696 0.04807692307692308
0 0.6682692307692307 0.13221153846153846 0.06129807692307692 0.046875
0 0.6586538461538461 0.08052884615384616 0.05889423076923077 0.051682692307692304
0 0.6514423076923077 0.7247596153846154 0.06129807692307692 0.051682692307692304
0 0.7199519230769231 0.7319711538461539 0.055288461538461536 0.04807692307692308
0 0.7223557692307693 0.7884615384615384 0.057692307692307696 0.046875
0 0.7199519230769231 0.8365384615384616 0.057692307692307696 0.04807692307692308
0 0.7199519230769231 0.890625 0.052884615384615384 0.05048076923076923
0 0.6502403846153846 0.9483173076923077 0.06129807692307692 0.055288461538461536
0 0.6526442307692307 0.890625 0.06009615384615385 0.051682692307692304
0 0.6466346153846154 0.8317307692307693 0.05889423076923077 0.051682692307692304
0 0.6514423076923077 0.7800480769230769 0.05889423076923077 0.05889423076923077
0 0.5228365384615384 0.014423076923076924 0.054086538461538464 0.027644230769230768
0 0.4543269230769231 0.01201923076923077 0.055288461538461536 0.02403846153846154
0 0.5264423076923077 0.051682692307692304 0.055288461538461536 0.05048076923076923
0 0.5240384615384616 0.10336538461538461 0.054086538461538464 0.04807692307692308
0 0.5252403846153846 0.15504807692307693 0.06129807692307692 0.051682692307692304
0 0.5252403846153846 0.21153846153846154 0.057692307692307696 0.046875
0 0.5240384615384616 0.2644230769230769 0.057692307692307696 0.052884615384615384
0 0.5216346153846154 0.3161057692307692 0.05889423076923077 0.05048076923076923
0 0.5192307692307693 0.3713942307692308 0.0625 0.054086538461538464
0 0.5120192307692307 0.43028846153846156 0.0625 0.052884615384615384
0 0.5144230769230769 0.484375 0.051682692307692304 0.046875
0 0.5120192307692307 0.5360576923076923 0.05889423076923077 0.051682692307692304
0 0.5072115384615384 0.5949519230769231 0.0625 0.052884615384615384
0 0.5084134615384616 0.6490384615384616 0.06129807692307692 0.05048076923076923
0 0.5060096153846154 0.7019230769230769 0.06009615384615385 0.05048076923076923
0 0.5060096153846154 0.7584134615384616 0.05889423076923077 0.051682692307692304
0 0.5096153846153846 0.8161057692307693 0.06009615384615385 0.046875
0 0.5120192307692307 0.8665865384615384 0.054086538461538464 0.04807692307692308
0 0.5072115384615384 0.9266826923076923 0.055288461538461536 0.05048076923076923
0 0.31971153846153844 0.008413461538461538 0.057692307692307696 0.016826923076923076
0 0.3137019230769231 0.038461538461538464 0.057692307692307696 0.04447115384615385
0 0.3125 0.08653846153846154 0.055288461538461536 0.04567307692307692
0 0.3076923076923077 0.13701923076923078 0.052884615384615384 0.04807692307692308
0 0.3112980769230769 0.19110576923076922 0.05889423076923077 0.04567307692307692
0 0.3112980769230769 0.24879807692307693 0.055288461538461536 0.052884615384615384
0 0.3088942307692308 0.30408653846153844 0.052884615384615384 0.051682692307692304
0 0.30288461538461536 0.35336538461538464 0.05889423076923077 0.054086538461538464
0 0.29927884615384615 0.40865384615384615 0.057692307692307696 0.046875
0 0.3088942307692308 0.4651442307692308 0.05889423076923077 0.05048076923076923
0 0.296875 0.5180288461538461 0.05889423076923077 0.051682692307692304
0 0.2956730769230769 0.5745192307692307 0.055288461538461536 0.05048076923076923
0 0.2920673076923077 0.6286057692307693 0.057692307692307696 0.04447115384615385
0 0.28846153846153844 0.6850961538461539 0.056490384615384616 0.04807692307692308
0 0.2860576923076923 0.7415865384615384 0.054086538461538464 0.05048076923076923
0 0.28966346153846156 0.796875 0.055288461538461536 0.052884615384615384
0 0.2824519230769231 0.8545673076923077 0.05889423076923077 0.05048076923076923
0 0.28846153846153844 0.9050480769230769 0.057692307692307696 0.055288461538461536
0 0.28846153846153844 0.9627403846153846 0.056490384615384616 0.056490384615384616
0 0.2536057692307692 0.2956730769230769 0.030048076923076924 0.10697115384615384
0 0.2536057692307692 0.4110576923076923 0.026442307692307692 0.09975961538461539
0 0.2283653846153846 0.5072115384615384 0.056490384615384616 0.051682692307692304
0 0.2283653846153846 0.5661057692307693 0.06129807692307692 0.056490384615384616
0 0.22596153846153846 0.625 0.05048076923076923 0.04447115384615385
0 0.22355769230769232 0.6778846153846154 0.06009615384615385 0.052884615384615384
0 0.21514423076923078 0.7331730769230769 0.055288461538461536 0.04807692307692308
0 0.21754807692307693 0.7884615384615384 0.054086538461538464 0.052884615384615384
0 0.21754807692307693 0.8449519230769231 0.057692307692307696 0.04807692307692308
0 0.21514423076923078 0.8966346153846154 0.05889423076923077 0.052884615384615384
0 0.2127403846153846 0.953125 0.06009615384615385 0.055288461538461536
0 0.2127403846153846 0.9891826923076923 0.06129807692307692 0.018028846153846152
0 0.09134615384615384 0.9555288461538461 0.037259615384615384 0.08653846153846154
0 0.09735576923076923 0.8377403846153846 0.03365384615384615 0.1141826923076923
0 0.10216346153846154 0.6959134615384616 0.030048076923076924 0.1045673076923077
0 0.10697115384615384 0.578125 0.03245192307692308 0.10096153846153846
0 0.10817307692307693 0.45552884615384615 0.03125 0.09975961538461539
0 0.45552884615384615 0.04807692307692308 0.06129807692307692 0.05048076923076923
0 0.4543269230769231 0.0985576923076923 0.06009615384615385 0.054086538461538464
0 0.4543269230769231 0.15144230769230768 0.054086538461538464 0.04567307692307692
0 0.45913461538461536 0.20673076923076922 0.055288461538461536 0.051682692307692304
0 0.4495192307692308 0.25841346153846156 0.06370192307692307 0.046875
0 0.453125 0.3112980769230769 0.04807692307692308 0.051682692307692304
0 0.44471153846153844 0.36658653846153844 0.057692307692307696 0.051682692307692304
0 0.44591346153846156 0.4182692307692308 0.0625 0.046875
0 0.44711538461538464 0.4795673076923077 0.06490384615384616 0.051682692307692304
0 0.44350961538461536 0.5336538461538461 0.056490384615384616 0.04567307692307692
0 0.43990384615384615 0.5889423076923077 0.06129807692307692 0.046875
0 0.4411057692307692 0.6430288461538461 0.05889423076923077 0.051682692307692304
0 0.4362980769230769 0.6947115384615384 0.05889423076923077 0.051682692307692304
0 0.4362980769230769 0.7572115384615384 0.06009615384615385 0.051682692307692304
0 0.4362980769230769 0.8088942307692307 0.05889423076923077 0.051682692307692304
0 0.4387019230769231 0.8665865384615384 0.06129807692307692 0.05889423076923077
0 0.4362980769230769 0.9230769230769231 0.057692307692307696 0.055288461538461536
0 0.43149038461538464 0.9747596153846154 0.055288461538461536 0.04567307692307692