0 0.3870192307692308 0.27884615384615385 0.052884615384615384 0.09254807692307693
0 0.3557692307692308 0.140625 0.052884615384615384 0.09254807692307693
0 0.4795673076923077 0.453125 0.055288461538461536 0.1045673076923077
0 0.5072115384615384 0.5841346153846154 0.04447115384615385 0.08413461538461539
0 0.49038461538461536 0.6274038461538461 0.05048076923076923 0.08774038461538461
0 0.5588942307692307 0.5084134615384616 0.04807692307692308 0.0889423076923077
0 0.3329326923076923 0.17548076923076922 0.051682692307692304 0.09735576923076923
0 0.36538461538461536 0.31490384615384615 0.05048076923076923 0.09735576923076923
0 0.5024038461538461 0.4098557692307692 0.054086538461538464 0.09735576923076923
0 0.4182692307692308 0.5805288461538461 0.052884615384615384 0.09254807692307693
0 0.4723557692307692 0.671875 0.055288461538461536 0.09615384615384616
0 0.4338942307692308 0.5300480769230769 0.05048076923076923 0.0889423076923077
0 0.4567307692307692 0.484375 0.05048076923076923 0.09254807692307693
0 0.5336538461538461 0.5432692307692307 0.05048076923076923 0.09014423076923077
0 0.6658653846153846 0.6947115384615384 0.05048076923076923 0.09134615384615384
0 0.5973557692307693 0.8185096153846154 0.04927884615384615 0.09014423076923077
0 0.3088942307692308 0.21394230769230768 0.05048076923076923 0.09254807692307693
0 0.14903846153846154 0.1875 0.05889423076923077 0.09615384615384616
0 0.2860576923076923 0.25600961538461536 0.051682692307692304 0.0985576923076923
0 0.3401442307692308 0.35096153846153844 0.054086538461538464 0.09254807692307693
0 0.265625 0.2980769230769231 0.05048076923076923 0.09254807692307693
0 0.3173076923076923 0.40024038461538464 0.056490384615384616 0.10096153846153846
0 0.2439903846153846 0.3425480769230769 0.052884615384615384 0.09615384615384616
0 0.2956730769230769 0.43509615384615385 0.052884615384615384 0.09615384615384616
0 0.27163461538461536 0.4699519230769231 0.04807692307692308 0.09495192307692307
0 0.21995192307692307 0.38100961538461536 0.04567307692307692 0.09134615384615384
0 0.1971153846153846 0.4182692307692308 0.046875 0.0889423076923077
0 0.24639423076923078 0.5036057692307693 0.05048076923076923 0.09495192307692307
0 0.22235576923076922 0.5444711538461539 0.046875 0.09254807692307693
0 0.17307692307692307 0.4519230769230769 0.04567307692307692 0.08052884615384616
0 0.15264423076923078 0.4963942307692308 0.055288461538461536 0.09975961538461539
0 0.19951923076923078 0.5805288461538461 0.05048076923076923 0.0889423076923077
0 0.15865384615384615 0.6610576923076923 0.051682692307692304 0.09254807692307693
0 0.39903846153846156 0.6237980769230769 0.052884615384615384 0.0985576923076923
0 0.3737980769230769 0.6574519230769231 0.046875 0.08173076923076923
0 0.44711538461538464 0.7079326923076923 0.04927884615384615 0.0829326923076923
0 0.4254807692307692 0.7487980769230769 0.052884615384615384 0.09615384615384616
0 0.40024038461538464 0.7848557692307693 0.05048076923076923 0.09134615384615384
0 0.34975961538461536 0.6935096153846154 0.055288461538461536 0.1045673076923077
0 0.33413461538461536 0.7512019230769231 0.051682692307692304 0.09495192307692307
0 0.38221153846153844 0.828125 0.054086538461538464 0.09134615384615384
0 0.3581730769230769 0.8677884615384616 0.04567307692307692 0.08173076923076923
0 0.3112980769230769 0.7824519230769231 0.04807692307692308 0.09615384615384616
0 0.29086538461538464 0.8245192307692307 0.054086538461538464 0.09735576923076923
0 0.2620192307692308 0.8629807692307693 0.04567307692307692 0.08413461538461539
0 0.23918269230769232 0.9002403846153846 0.05048076923076923 0.09735576923076923
0 0.6418269230769231 0.8930288461538461 0.05048076923076923 0.09014423076923077
0 0.20432692307692307 0.09735576923076923 0.056490384615384616 0.09134615384615384
0 0.09495192307692307 0.29086538461538464 0.056490384615384616 0.09495192307692307
0 0.037259615384615384 0.38341346153846156 0.0625 0.0985576923076923
0 0.007211538461538462 0.46634615384615385 0.013221153846153846 0.052884615384615384
0 0.4987980769230769 0.0733173076923077 0.052884615384615384 0.09735576923076923
0 0.4567307692307692 0.014423076923076924 0.039663461538461536 0.028846153846153848
0 0.5168269230769231 0.03245192307692308 0.05048076923076923 0.06370192307692307
0 0.5444711538461539 0.018028846153846152 0.040865384615384616 0.036057692307692304
0 0.4579326923076923 0.16706730769230768 0.055288461538461536 0.10096153846153846
0 0.4050480769230769 0.23076923076923078 0.055288461538461536 0.09134615384615384
0 0.12740384615384615 0.5252403846153846 0.04567307692307692 0.08413461538461539
0 0.11057692307692307 0.5745192307692307 0.051682692307692304 0.09014423076923077
0 0.18028846153846154 0.6262019230769231 0.052884615384615384 0.09615384615384616
0 0.5528846153846154 0.8918269230769231 0.055288461538461536 0.09735576923076923
0 0.25961538461538464 0.6610576923076923 0.052884615384615384 0.08774038461538461
0 0.3425480769230769 0.9134615384615384 0.055288461538461536 0.10336538461538461
0 0.6706730769230769 0.8605769230769231 0.052884615384615384 0.09254807692307693
0 0.6899038461538461 0.8137019230769231 0.04927884615384615 0.09014423076923077
0 0.7115384615384616 0.7764423076923077 0.04447115384615385 0.0889423076923077
0 0.6418269230769231 0.734375 0.055288461538461536 0.09134615384615384
0 0.625 0.7764423076923077 0.052884615384615384 0.09735576923076923
0 0.5733173076923077 0.8425480769230769 0.052884615384615384 0.09495192307692307
0 0.625 0.9350961538461539 0.04807692307692308 0.09014423076923077
0 0.6045673076923077 0.9627403846153846 0.05048076923076923 0.07211538461538461
0 0.5288461538461539 0.9302884615384616 0.04927884615384615 0.08774038461538461
0 0.5108173076923077 0.9675480769230769 0.04807692307692308 0.06129807692307692
0 0.4807692307692308 0.9807692307692307 0.036057692307692304 0.03485576923076923
0 0.3173076923076923 0.9471153846153846 0.05048076923076923 0.08413461538461539
0 0.2932692307692308 0.9711538461538461 0.04447115384615385 0.054086538461538464
0 0.25961538461538464 0.9879807692307693 0.027644230769230768 0.021634615384615384
0 0.21995192307692307 0.9362980769230769 0.052884615384615384 0.09615384615384616
0 0.19951923076923078 0.9651442307692307 0.04807692307692308 0.06610576923076923
0 0.16706730769230768 0.984375 0.03365384615384615 0.026442307692307692
0 0.08774038461538461 0.6165865384615384 0.046875 0.0829326923076923
0 0.13942307692307693 0.7019230769230769 0.05048076923076923 0.08653846153846154
0 0.11899038461538461 0.75 0.054086538461538464 0.09615384615384616
0 0.06971153846153846 0.6598557692307693 0.05889423076923077 0.09134615384615384
0 0.04807692307692308 0.7043269230769231 0.05889423076923077 0.09254807692307693
0 0.09735576923076923 0.7920673076923077 0.056490384615384616 0.09254807692307693
0 0.07451923076923077 0.8305288461538461 0.052884615384615384 0.08653846153846154
0 0.052884615384615384 0.8713942307692307 0.052884615384615384 0.0985576923076923
0 0.026442307692307692 0.9014423076923077 0.052884615384615384 0.10096153846153846
0 0.015625 0.7848557692307693 0.03125 0.09375
0 0.02403846153846154 0.7379807692307693 0.04807692307692308 0.09014423076923077
0 0.019230769230769232 0.953125 0.038461538461538464 0.09014423076923077
0 0.7860576923076923 0.9783653846153846 0.037259615384615384 0.040865384615384616
0 0.8125 0.9591346153846154 0.04807692307692308 0.078125
0 0.6262019230769231 0.3858173076923077 0.046875 0.08774038461538461
0 0.6045673076923077 0.24759615384615385 0.055288461538461536 0.09134615384615384
0 0.6550480769230769 0.33774038461538464 0.052884615384615384 0.09735576923076923
0 0.6814903846153846 0.30649038461538464 0.046875 0.0889423076923077
0 0.6237980769230769 0.20673076923076922 0.052884615384615384 0.08653846153846154
0 0.6478365384615384 0.17067307692307693 0.046875 0.0889423076923077
0 0.6670673076923077 0.1346153846153846 0.052884615384615384 0.0889423076923077
0 0.6899038461538461 0.10096153846153846 0.05048076923076923 0.08653846153846154
0 0.7067307692307693 0.06009615384615385 0.051682692307692304 0.08774038461538461
0 0.7247596153846154 0.03485576923076923 0.055288461538461536 0.06971153846153846
0 0.7512019230769231 0.013221153846153846 0.038461538461538464 0.026442307692307692
0 0.8329326923076923 0.025240384615384616 0.040865384615384616 0.05048076923076923
0 0.8100961538461539 0.040865384615384616 0.04807692307692308 0.08173076923076923
0 0.7932692307692307 0.06490384615384616 0.052884615384615384 0.08413461538461539
0 0.7740384615384616 0.10817307692307693 0.052884615384615384 0.09495192307692307
0 0.7572115384615384 0.15144230769230768 0.05048076923076923 0.09014423076923077
0 0.7403846153846154 0.1875 0.046875 0.08052884615384616
0 0.7175480769230769 0.22355769230769232 0.04567307692307692 0.08052884615384616
0 0.7872596153846154 0.29086538461538464 0.052884615384615384 0.06971153846153846
0 0.9867788461538461 0.036057692307692304 0.025240384615384616 0.07091346153846154
0 0.9795673076923077 0.08653846153846154 0.038461538461538464 0.09014423076923077
0 0.9627403846153846 0.12620192307692307 0.06370192307692307 0.1045673076923077
0 0.9891826923076923 0.1935096153846154 0.019230769230769232 0.08413461538461539
0 0.9591346153846154 0.3004807692307692 0.04326923076923077 0.08413461538461539
0 0.9074519230769231 0.21514423076923078 0.046875 0.08052884615384616
0 0.8858173076923077 0.25721153846153844 0.052884615384615384 0.09735576923076923
0 0.9326923076923077 0.3401442307692308 0.04326923076923077 0.09254807692307693
0 0.9146634615384616 0.38221153846153844 0.05048076923076923 0.09134615384615384
0 0.8677884615384616 0.28846153846153844 0.04927884615384615 0.08774038461538461
0 0.8461538461538461 0.3269230769230769 0.051682692307692304 0.09014423076923077
0 0.8966346153846154 0.4170673076923077 0.04927884615384615 0.09254807692307693
0 0.8786057692307693 0.45552884615384615 0.046875 0.08653846153846154
0 0.8317307692307693 0.3713942307692308 0.052884615384615384 0.08774038461538461
0 0.8137019230769231 0.4098557692307692 0.052884615384615384 0.0889423076923077
0 0.8605769230769231 0.4987980769230769 0.055288461538461536 0.09134615384615384
0 0.8341346153846154 0.5264423076923077 0.05048076923076923 0.09014423076923077
0 0.7740384615384616 0.4891826923076923 0.054086538461538464 0.09254807692307693
0 0.8197115384615384 0.5661057692307693 0.052884615384615384 0.09014423076923077
0 0.7956730769230769 0.6057692307692307 0.056490384615384616 0.0985576923076923
0 0.7512019230769231 0.5192307692307693 0.04807692307692308 0.08052884615384616
0 0.8653846153846154 0.8677884615384616 0.04927884615384615 0.0889423076923077
0 0.8810096153846154 0.8245192307692307 0.055288461538461536 0.09735576923076923
0 0.9026442307692307 0.7860576923076923 0.055288461538461536 0.08413461538461539
0 0.9206730769230769 0.7403846153846154 0.052884615384615384 0.0889423076923077
0 0.9362980769230769 0.7043269230769231 0.054086538461538464 0.0829326923076923
0 0.9615384615384616 0.671875 0.057692307692307696 0.09014423076923077
0 0.9759615384615384 0.6370192307692307 0.04567307692307692 0.09615384615384616
0 0.9831730769230769 0.5901442307692307 0.03245192307692308 0.09254807692307693
0 0.9939903846153846 0.5384615384615384 0.008413461538461538 0.04567307692307692