0 0.5480769230769231 0.009615384615384616 0.030048076923076924 0.019230769230769232
0 0.5564903846153846 0.3016826923076923 0.03485576923076923 0.12860576923076922
0 0.6069711538461539 0.6322115384615384 0.03245192307692308 0.12259615384615384
0 0.5612980769230769 0.6454326923076923 0.03245192307692308 0.1310096153846154
0 0.5168269230769231 0.2980769230769231 0.037259615384615384 0.12740384615384615
0 0.47716346153846156 0.296875 0.027644230769230768 0.12620192307692307
0 0.4387019230769231 0.31009615384615385 0.03485576923076923 0.125
0 0.40024038461538464 0.30528846153846156 0.030048076923076924 0.12259615384615384
0 0.3641826923076923 0.3125 0.028846153846153848 0.109375
0 0.3293269230769231 0.3245192307692308 0.03125 0.13221153846153846
0 0.5204326923076923 0.6490384615384616 0.03245192307692308 0.10336538461538461
0 0.484375 0.6322115384615384 0.03365384615384615 0.12860576923076922
0 0.44711538461538464 0.6586538461538461 0.03245192307692308 0.12379807692307693
0 0.4098557692307692 0.6550480769230769 0.028846153846153848 0.12740384615384615
0 0.3713942307692308 0.6634615384615384 0.03245192307692308 0.1310096153846154
0 0.2644230769230769 0.015625 0.030048076923076924 0.030048076923076924
0 0.2956730769230769 0.020432692307692308 0.03245192307692308 0.040865384615384616
0 0.3317307692307692 0.016826923076923076 0.03365384615384615 0.03365384615384615
0 0.3629807692307692 0.021634615384615384 0.03125 0.04326923076923077
0 0.39903846153846156 0.019230769230769232 0.03245192307692308 0.038461538461538464
0 0.4362980769230769 0.013221153846153846 0.03245192307692308 0.026442307692307692
0 0.5072115384615384 0.013221153846153846 0.03365384615384615 0.026442307692307692
0 0.4723557692307692 0.009615384615384616 0.03245192307692308 0.019230769230769232
0 0.6081730769230769 0.046875 0.05048076923076923 0.09254807692307693
0 0.22716346153846154 0.013221153846153846 0.03485576923076923 0.026442307692307692
0 0.18870192307692307 0.027644230769230768 0.03245192307692308 0.055288461538461536
0 0.15384615384615385 0.026442307692307692 0.037259615384615384 0.052884615384615384
0 0.11778846153846154 0.025240384615384616 0.03245192307692308 0.05048076923076923
0 0.014423076923076924 0.02283653846153846 0.028846153846153848 0.04567307692307692
0 0.25721153846153844 0.33774038461538464 0.036057692307692304 0.12740384615384615
0 0.22235576923076922 0.3401442307692308 0.037259615384615384 0.12379807692307693
0 0.18629807692307693 0.3161057692307692 0.03485576923076923 0.12259615384615384
0 0.1502403846153846 0.3233173076923077 0.036057692307692304 0.12259615384615384
0 0.11778846153846154 0.32091346153846156 0.036057692307692304 0.11899038461538461
0 0.04927884615384615 0.3293269230769231 0.038461538461538464 0.11538461538461539
0 0.015625 0.33653846153846156 0.03125 0.1346153846153846
0 0.33653846153846156 0.671875 0.03485576923076923 0.12860576923076922
0 0.2932692307692308 0.6682692307692307 0.04567307692307692 0.18990384615384615
0 0.19471153846153846 0.6802884615384616 0.037259615384615384 0.125
0 0.1622596153846154 0.6586538461538461 0.03485576923076923 0.11899038461538461
0 0.054086538461538464 0.6959134615384616 0.040865384615384616 0.12860576923076922