0 0.8377403846153846 0.6370192307692307 0.056490384615384616 0.054086538461538464
0 0.6706730769230769 0.09495192307692307 0.027644230769230768 0.11538461538461539
0 0.6766826923076923 0.24278846153846154 0.027644230769230768 0.12139423076923077
0 0.6730769230769231 0.4026442307692308 0.027644230769230768 0.12259615384615384
0 0.6682692307692307 0.5384615384615384 0.027644230769230768 0.11899038461538461
0 0.6634615384615384 0.6971153846153846 0.025240384615384616 0.11778846153846154
0 0.5276442307692307 0.1310096153846154 0.05048076923076923 0.056490384615384616
0 0.5264423076923077 0.3004807692307692 0.057692307692307696 0.05889423076923077
0 0.5216346153846154 0.4675480769230769 0.06129807692307692 0.052884615384615384
0 0.5252403846153846 0.5252403846153846 0.055288461538461536 0.04567307692307692
0 0.5264423076923077 0.5805288461538461 0.05889423076923077 0.051682692307692304
0 0.5240384615384616 0.6418269230769231 0.06009615384615385 0.046875
0 0.5216346153846154 0.6959134615384616 0.057692307692307696 0.052884615384615384
0 0.5216346153846154 0.7512019230769231 0.06370192307692307 0.05048076923076923
0 0.5168269230769231 0.8112980769230769 0.06490384615384616 0.05048076923076923
0 0.515625 0.8689903846153846 0.0625 0.051682692307692304
0 0.5144230769230769 0.921875 0.06370192307692307 0.051682692307692304
0 0.515625 0.9783653846153846 0.05889423076923077 0.040865384615384616
0 0.3894230769230769 0.08774038461538461 0.0625 0.07692307692307693
0 0.3870192307692308 0.19951923076923078 0.06850961538461539 0.08774038461538461
0 0.38221153846153844 0.6057692307692307 0.06129807692307692 0.07932692307692307
0 0.3798076923076923 0.8990384615384616 0.056490384615384616 0.06971153846153846
0 0.3786057692307692 0.9591346153846154 0.06009615384615385 0.07211538461538461
0 0.2644230769230769 0.026442307692307692 0.0625 0.052884615384615384
0 0.2668269230769231 0.078125 0.06370192307692307 0.07091346153846154
0 0.2644230769230769 0.1466346153846154 0.06129807692307692 0.0829326923076923
0 0.2620192307692308 0.21394230769230768 0.06610576923076923 0.07692307692307693
0 0.2620192307692308 0.27884615384615385 0.06610576923076923 0.08653846153846154
0 0.2620192307692308 0.35096153846153844 0.06370192307692307 0.08173076923076923
0 0.25721153846153844 0.4110576923076923 0.06610576923076923 0.09014423076923077
0 0.25600961538461536 0.4699519230769231 0.06370192307692307 0.09014423076923077
0 0.25841346153846156 0.5372596153846154 0.0673076923076923 0.08774038461538461
0 0.25961538461538464 0.6153846153846154 0.055288461538461536 0.06850961538461539
0 0.2536057692307692 0.6766826923076923 0.05889423076923077 0.06850961538461539
0 0.24639423076923078 0.7379807692307693 0.056490384615384616 0.0625
0 0.2536057692307692 0.8088942307692307 0.054086538461538464 0.07211538461538461
0 0.25240384615384615 0.8737980769230769 0.05889423076923077 0.06610576923076923
0 0.25 0.9362980769230769 0.057692307692307696 0.0733173076923077
0 0.25240384615384615 0.9795673076923077 0.0625 0.037259615384615384
0 0.6730769230769231 0.015625 0.03365384615384615 0.030048076923076924