0 0.8052884615384616 0.025240384615384616 0.056490384615384616 0.05048076923076923
0 0.8365384615384616 0.05048076923076923 0.06129807692307692 0.10096153846153846
0 0.8810096153846154 0.08052884615384616 0.0733173076923077 0.13942307692307693
0 0.9627403846153846 0.03245192307692308 0.054086538461538464 0.06370192307692307
0 0.9831730769230769 0.06850961538461539 0.03245192307692308 0.10697115384615384
0 0.9495192307692307 0.171875 0.06971153846153846 0.12379807692307693
0 0.9134615384615384 0.12740384615384615 0.06610576923076923 0.11778846153846154
0 0.9699519230769231 0.22355769230769232 0.057692307692307696 0.13581730769230768
0 0.9855769230769231 0.3004807692307692 0.027644230769230768 0.09254807692307693
0 0.7247596153846154 0.2932692307692308 0.07091346153846154 0.14543269230769232
0 0.7524038461538461 0.3629807692307692 0.07211538461538461 0.14903846153846154
0 0.7848557692307693 0.4026442307692308 0.07211538461538461 0.13341346153846154
0 0.8209134615384616 0.4519230769230769 0.056490384615384616 0.11778846153846154
0 0.9326923076923077 0.4375 0.06850961538461539 0.13581730769230768
0 0.5985576923076923 0.7223557692307693 0.05889423076923077 0.15264423076923078
0 0.5564903846153846 0.7608173076923077 0.06009615384615385 0.15865384615384615
0 0.5204326923076923 0.7836538461538461 0.056490384615384616 0.140625
0 0.4807692307692308 0.8149038461538461 0.06370192307692307 0.16105769230769232
0 0.4411057692307692 0.8449519230769231 0.06129807692307692 0.16105769230769232
0 0.3629807692307692 0.8870192307692307 0.06370192307692307 0.15384615384615385
0 0.3245192307692308 0.9170673076923077 0.06129807692307692 0.15384615384615385
0 0.28125 0.9350961538461539 0.05889423076923077 0.12620192307692307