0 0.5552884615384616 0.3762019230769231 0.042067307692307696 0.15384615384615385
0 0.6057692307692307 0.3641826923076923 0.04807692307692308 0.17307692307692307
0 0.5060096153846154 0.3737980769230769 0.040865384615384616 0.18028846153846154
0 0.4519230769230769 0.3870192307692308 0.04567307692307692 0.17908653846153846
0 0.4026442307692308 0.3870192307692308 0.04326923076923077 0.17668269230769232
0 0.3557692307692308 0.375 0.04447115384615385 0.171875
0 0.30288461538461536 0.38221153846153844 0.04447115384615385 0.17067307692307693
0 0.6574519230769231 0.36899038461538464 0.04326923076923077 0.16826923076923078
0 0.7079326923076923 0.3713942307692308 0.046875 0.1622596153846154
0 0.7548076923076923 0.37740384615384615 0.04567307692307692 0.16105769230769232
0 0.8004807692307693 0.3858173076923077 0.04567307692307692 0.15504807692307693
0 0.8545673076923077 0.39302884615384615 0.04807692307692308 0.1622596153846154
0 0.9014423076923077 0.4014423076923077 0.04807692307692308 0.16105769230769232
0 0.9471153846153846 0.39903846153846156 0.052884615384615384 0.17067307692307693
0 0.9831730769230769 0.39663461538461536 0.03245192307692308 0.17548076923076922
0 0.9855769230769231 0.8653846153846154 0.025240384615384616 0.17307692307692307
0 0.9507211538461539 0.8665865384615384 0.051682692307692304 0.17307692307692307
0 0.9002403846153846 0.8401442307692307 0.04447115384615385 0.15865384615384615
0 0.8521634615384616 0.8605769230769231 0.05048076923076923 0.171875
0 0.8028846153846154 0.8605769230769231 0.04326923076923077 0.16947115384615385
0 0.7536057692307693 0.8653846153846154 0.04567307692307692 0.17067307692307693
0 0.7067307692307693 0.8569711538461539 0.04326923076923077 0.1778846153846154
0 0.6550480769230769 0.8677884615384616 0.04326923076923077 0.17548076923076922
0 0.5997596153846154 0.8713942307692307 0.039663461538461536 0.18389423076923078
0 0.5504807692307693 0.8629807692307693 0.039663461538461536 0.16105769230769232
0 0.5012019230769231 0.8653846153846154 0.042067307692307696 0.1622596153846154
0 0.44711538461538464 0.8605769230769231 0.04326923076923077 0.17307692307692307
0 0.39903846153846156 0.8713942307692307 0.039663461538461536 0.140625
0 0.3485576923076923 0.8641826923076923 0.042067307692307696 0.16346153846153846
0 0.2980769230769231 0.8329326923076923 0.039663461538461536 0.16826923076923078
0 0.25240384615384615 0.8509615384615384 0.04567307692307692 0.16346153846153846
0 0.20072115384615385 0.8473557692307693 0.04807692307692308 0.1658653846153846
0 0.01201923076923077 0.15504807692307693 0.02403846153846154 0.0733173076923077
0 0.010817307692307692 0.234375 0.021634615384615384 0.06971153846153846
0 0.009615384615384616 0.3269230769230769 0.019230769230769232 0.07692307692307693
0 0.006009615384615385 0.4110576923076923 0.01201923076923077 0.07451923076923077
0 0.006009615384615385 0.6754807692307693 0.01201923076923077 0.0733173076923077
0 0.007211538461538462 0.49038461538461536 0.013221153846153846 0.06370192307692307
0 0.006009615384615385 0.5805288461538461 0.01201923076923077 0.06129807692307692