0 0.6923076923076923 0.036057692307692304 0.06370192307692307 0.04567307692307692
0 0.6959134615384616 0.09134615384615384 0.06610576923076923 0.052884615384615384
0 0.6971153846153846 0.14903846153846154 0.06129807692307692 0.052884615384615384
0 0.7067307692307693 0.20432692307692307 0.06009615384615385 0.052884615384615384
0 0.7067307692307693 0.2620192307692308 0.05889423076923077 0.055288461538461536
0 0.7079326923076923 0.31490384615384615 0.06129807692307692 0.04567307692307692
0 0.7079326923076923 0.3713942307692308 0.057692307692307696 0.052884615384615384
0 0.7055288461538461 0.4338942307692308 0.06370192307692307 0.054086538461538464
0 0.5264423076923077 0.038461538461538464 0.04807692307692308 0.052884615384615384
0 0.5372596153846154 0.09134615384615384 0.07091346153846154 0.06370192307692307
0 0.5829326923076923 0.055288461538461536 0.028846153846153848 0.109375
0 0.5901442307692307 0.171875 0.027644230769230768 0.109375
0 0.5384615384615384 0.15865384615384615 0.05889423076923077 0.055288461538461536
0 0.5396634615384616 0.27403846153846156 0.07932692307692307 0.06850961538461539
0 0.35096153846153844 0.1622596153846154 0.0625 0.055288461538461536
0 0.33653846153846156 0.2283653846153846 0.05889423076923077 0.051682692307692304
0 0.33774038461538464 0.2920673076923077 0.07211538461538461 0.06370192307692307
0 0.23076923076923078 0.4963942307692308 0.06009615384615385 0.09975961538461539
0 0.328125 0.4483173076923077 0.07451923076923077 0.0625
0 0.33533653846153844 0.5480769230769231 0.06971153846153846 0.06129807692307692
0 0.33413461538461536 0.5997596153846154 0.06850961538461539 0.054086538461538464
0 0.33413461538461536 0.6610576923076923 0.06971153846153846 0.06009615384615385
0 0.7211538461538461 0.6334134615384616 0.03125 0.11658653846153846
0 0.6862980769230769 0.6658653846153846 0.027644230769230768 0.10336538461538461
0 0.6550480769230769 0.6802884615384616 0.03245192307692308 0.11658653846153846
0 0.6237980769230769 0.6875 0.03245192307692308 0.11057692307692307
0 0.5913461538461539 0.6814903846153846 0.028846153846153848 0.11538461538461539
0 0.5564903846153846 0.6959134615384616 0.027644230769230768 0.11057692307692307
0 0.5276442307692307 0.6983173076923077 0.027644230769230768 0.09615384615384616
0 0.49278846153846156 0.6971153846153846 0.030048076923076924 0.11538461538461539
0 0.46153846153846156 0.7055288461538461 0.030048076923076924 0.10697115384615384
0 0.42788461538461536 0.7259615384615384 0.027644230769230768 0.11538461538461539
0 0.5360576923076923 0.22115384615384615 0.0625 0.052884615384615384
0 0.35336538461538464 0.04447115384615385 0.06610576923076923 0.05048076923076923
0 0.34975961538461536 0.0985576923076923 0.051682692307692304 0.051682692307692304