0 0.4375 0.9158653846153846 0.030048076923076924 0.11899038461538461
0 0.5120192307692307 0.5504807692307693 0.030048076923076924 0.12620192307692307
0 0.47475961538461536 0.5480769230769231 0.03485576923076923 0.13341346153846154
0 0.4362980769230769 0.5612980769230769 0.03245192307692308 0.12259615384615384
0 0.39903846153846156 0.5600961538461539 0.03245192307692308 0.1346153846153846
0 0.5877403846153846 0.9086538461538461 0.03245192307692308 0.12379807692307693
0 0.5516826923076923 0.9038461538461539 0.03245192307692308 0.12740384615384615
0 0.4723557692307692 0.9182692307692307 0.03245192307692308 0.13581730769230768
0 0.6610576923076923 0.9050480769230769 0.03485576923076923 0.1310096153846154
0 0.6237980769230769 0.9038461538461539 0.030048076923076924 0.12620192307692307
0 0.5144230769230769 0.9170673076923077 0.03485576923076923 0.12740384615384615
0 0.7331730769230769 0.9074519230769231 0.03485576923076923 0.13341346153846154
0 0.7692307692307693 0.9002403846153846 0.03245192307692308 0.12620192307692307
0 0.8052884615384616 0.8930288461538461 0.03365384615384615 0.13221153846153846
0 0.8762019230769231 0.8918269230769231 0.040865384615384616 0.14182692307692307
0 0.6959134615384616 0.5600961538461539 0.03245192307692308 0.12379807692307693
0 0.6622596153846154 0.5612980769230769 0.03245192307692308 0.125
0 0.6213942307692307 0.5540865384615384 0.03125 0.11538461538461539
0 0.5865384615384616 0.5528846153846154 0.027644230769230768 0.11899038461538461
0 0.5504807692307693 0.5480769230769231 0.03485576923076923 0.12139423076923077
0 0.4014423076923077 0.9158653846153846 0.030048076923076924 0.11899038461538461
0 0.6983173076923077 0.8894230769230769 0.030048076923076924 0.11778846153846154
0 0.734375 0.5612980769230769 0.03245192307692308 0.1310096153846154
0 0.7668269230769231 0.5552884615384616 0.03485576923076923 0.13581730769230768
0 0.8028846153846154 0.5540865384615384 0.03365384615384615 0.11778846153846154
0 0.8425480769230769 0.5637019230769231 0.03365384615384615 0.12860576923076922
0 0.8762019230769231 0.5456730769230769 0.03245192307692308 0.10576923076923077
0 0.9098557692307693 0.5504807692307693 0.03245192307692308 0.12860576923076922
0 0.9447115384615384 0.5444711538461539 0.03485576923076923 0.11778846153846154
0 0.9927884615384616 0.19951923076923078 0.01201923076923077 0.11899038461538461
0 0.9002403846153846 0.19591346153846154 0.037259615384615384 0.10697115384615384
0 0.8677884615384616 0.203125 0.03485576923076923 0.11778846153846154
0 0.8317307692307693 0.20432692307692307 0.036057692307692304 0.12139423076923077
0 0.7956730769230769 0.1935096153846154 0.03485576923076923 0.12740384615384615
0 0.7271634615384616 0.19831730769230768 0.037259615384615384 0.11057692307692307
0 0.6586538461538461 0.19110576923076922 0.03365384615384615 0.109375
0 0.6213942307692307 0.20432692307692307 0.03485576923076923 0.13341346153846154
0 0.5432692307692307 0.39663461538461536 0.07572115384615384 0.07451923076923077
0 0.5492788461538461 0.20432692307692307 0.03245192307692308 0.12379807692307693
0 0.5120192307692307 0.21754807692307693 0.03245192307692308 0.12740384615384615
0 0.47475961538461536 0.20192307692307693 0.03365384615384615 0.12860576923076922
0 0.4375 0.1875 0.03125 0.12620192307692307
0 0.4014423076923077 0.18028846153846154 0.03245192307692308 0.12740384615384615
0 0.36778846153846156 0.1935096153846154 0.03245192307692308 0.12379807692307693
0 0.328125 0.203125 0.03245192307692308 0.13581730769230768
0 0.3629807692307692 0.5661057692307693 0.03485576923076923 0.1346153846153846
0 0.3269230769230769 0.5685096153846154 0.03365384615384615 0.12860576923076922
0 0.2920673076923077 0.5564903846153846 0.038461538461538464 0.1310096153846154
0 0.2548076923076923 0.5661057692307693 0.036057692307692304 0.1310096153846154
0 0.36538461538461536 0.9110576923076923 0.036057692307692304 0.12740384615384615
0 0.3293269230769231 0.9182692307692307 0.030048076923076924 0.10817307692307693
0 0.2932692307692308 0.9134615384615384 0.03125 0.125
0 0.25721153846153844 0.8930288461538461 0.03125 0.12379807692307693
0 0.22235576923076922 0.9074519230769231 0.03485576923076923 0.125
0 0.18629807692307693 0.9038461538461539 0.037259615384615384 0.12139423076923077
0 0.020432692307692308 0.8557692307692307 0.040865384615384616 0.06370192307692307
0 0.02283653846153846 0.7824519230769231 0.04567307692307692 0.06370192307692307
0 0.021634615384615384 0.7139423076923077 0.04326923076923077 0.05889423076923077
0 0.02283653846153846 0.6466346153846154 0.04567307692307692 0.055288461538461536
0 0.021634615384615384 0.5877403846153846 0.04326923076923077 0.055288461538461536
0 0.02283653846153846 0.5216346153846154 0.04567307692307692 0.052884615384615384
0 0.02403846153846154 0.45552884615384615 0.04807692307692308 0.055288461538461536
0 0.025240384615384616 0.39663461538461536 0.05048076923076923 0.0625
0 0.02283653846153846 0.3293269230769231 0.04447115384615385 0.06129807692307692
0 0.9495192307692307 0.9122596153846154 0.042067307692307696 0.13701923076923078
0 0.9927884615384616 0.5372596153846154 0.01201923076923077 0.11658653846153846