0 0.6694711538461539 0.5360576923076923 0.03245192307692308 0.09495192307692307
0 0.6382211538461539 0.5661057692307693 0.039663461538461536 0.10697115384615384
0 0.6081730769230769 0.5769230769230769 0.038461538461538464 0.11778846153846154
0 0.5745192307692307 0.5745192307692307 0.039663461538461536 0.109375
0 0.5456730769230769 0.5913461538461539 0.038461538461538464 0.10817307692307693
0 0.5168269230769231 0.6105769230769231 0.03485576923076923 0.09254807692307693
0 0.4795673076923077 0.6129807692307693 0.03365384615384615 0.09495192307692307
0 0.4543269230769231 0.6346153846153846 0.036057692307692304 0.10817307692307693
0 0.4206730769230769 0.6454326923076923 0.036057692307692304 0.0889423076923077
0 0.3942307692307692 0.6802884615384616 0.040865384615384616 0.10817307692307693
0 0.3641826923076923 0.6995192307692307 0.038461538461538464 0.10336538461538461
0 0.3293269230769231 0.7079326923076923 0.039663461538461536 0.109375
0 0.2956730769230769 0.7211538461538461 0.037259615384615384 0.10096153846153846
0 0.26322115384615385 0.734375 0.039663461538461536 0.11298076923076923
0 0.2283653846153846 0.7512019230769231 0.039663461538461536 0.1141826923076923
0 0.1971153846153846 0.7740384615384616 0.04326923076923077 0.11658653846153846
0 0.16346153846153846 0.8004807692307693 0.04447115384615385 0.1141826923076923
0 0.12980769230769232 0.8137019230769231 0.04326923076923077 0.11298076923076923
0 0.0985576923076923 0.8377403846153846 0.040865384615384616 0.09615384615384616
0 0.06129807692307692 0.8473557692307693 0.052884615384615384 0.11778846153846154
0 0.02403846153846154 0.8629807692307693 0.046875 0.11778846153846154
0 0.6622596153846154 0.8689903846153846 0.040865384615384616 0.11538461538461539
0 0.6514423076923077 0.9495192307692307 0.052884615384615384 0.07091346153846154
0 0.6237980769230769 0.8713942307692307 0.038461538461538464 0.1141826923076923
0 0.5949519230769231 0.890625 0.038461538461538464 0.10817307692307693
0 0.59375 0.9711538461538461 0.054086538461538464 0.054086538461538464
0 0.5649038461538461 0.9050480769230769 0.03485576923076923 0.11057692307692307
0 0.5360576923076923 0.9290865384615384 0.037259615384615384 0.10576923076923077
0 0.5072115384615384 0.9471153846153846 0.039663461538461536 0.10096153846153846
0 0.47475961538461536 0.9567307692307693 0.036057692307692304 0.08173076923076923
0 0.4423076923076923 0.9627403846153846 0.03365384615384615 0.07091346153846154
0 0.40625 0.9699519230769231 0.03485576923076923 0.056490384615384616