0 0.5060096153846154 0.10576923076923077 0.04927884615384615 0.04567307692307692
0 0.5552884615384616 0.046875 0.02403846153846154 0.09254807692307693
0 0.5036057692307693 0.15985576923076922 0.046875 0.042067307692307696
0 0.5588942307692307 0.16826923076923078 0.026442307692307692 0.11778846153846154
0 0.5096153846153846 0.21394230769230768 0.06610576923076923 0.054086538461538464
0 0.32572115384615385 0.22956730769230768 0.052884615384615384 0.046875
0 0.32211538461538464 0.1141826923076923 0.06971153846153846 0.051682692307692304
0 0.33052884615384615 0.17548076923076922 0.06370192307692307 0.04807692307692308
0 0.6754807692307693 0.028846153846153848 0.06129807692307692 0.054086538461538464
0 0.6682692307692307 0.15144230769230768 0.06370192307692307 0.04567307692307692
0 0.3269230769230769 0.056490384615384616 0.052884615384615384 0.04447115384615385
0 0.32572115384615385 0.014423076923076924 0.06129807692307692 0.027644230769230768
0 0.328125 0.28725961538461536 0.06490384615384616 0.046875
0 0.5637019230769231 0.2920673076923077 0.028846153846153848 0.10576923076923077
0 0.3161057692307692 0.4182692307692308 0.06850961538461539 0.05889423076923077
0 0.3137019230769231 0.35336538461538464 0.06009615384615385 0.04567307692307692
0 0.3137019230769231 0.6682692307692307 0.06850961538461539 0.055288461538461536
0 0.3137019230769231 0.7175480769230769 0.06610576923076923 0.055288461538461536
0 0.3137019230769231 0.7788461538461539 0.06971153846153846 0.06009615384615385
0 0.6634615384615384 0.09495192307692307 0.06009615384615385 0.051682692307692304
0 0.671875 0.20673076923076922 0.06610576923076923 0.052884615384615384
0 0.6730769230769231 0.2644230769230769 0.06129807692307692 0.052884615384615384
0 0.6826923076923077 0.31971153846153844 0.06009615384615385 0.052884615384615384
0 0.6814903846153846 0.37740384615384615 0.05889423076923077 0.055288461538461536
0 0.6838942307692307 0.43028846153846156 0.06129807692307692 0.04567307692307692
0 0.6838942307692307 0.4855769230769231 0.057692307692307696 0.052884615384615384
0 0.5120192307692307 0.3449519230769231 0.06129807692307692 0.055288461538461536
0 0.5144230769230769 0.3942307692307692 0.07572115384615384 0.055288461538461536
0 0.6983173076923077 0.7415865384615384 0.030048076923076924 0.11538461538461539
0 0.6634615384615384 0.7716346153846154 0.027644230769230768 0.1045673076923077
0 0.6334134615384616 0.7932692307692307 0.03365384615384615 0.11778846153846154
0 0.6033653846153846 0.8016826923076923 0.030048076923076924 0.1141826923076923
0 0.5709134615384616 0.7956730769230769 0.027644230769230768 0.10697115384615384
0 0.5060096153846154 0.8149038461538461 0.026442307692307692 0.09495192307692307
0 0.4723557692307692 0.8112980769230769 0.027644230769230768 0.11298076923076923
0 0.4411057692307692 0.8221153846153846 0.03245192307692308 0.10697115384615384
0 0.4074519230769231 0.8425480769230769 0.027644230769230768 0.11298076923076923
0 0.5036057692307693 0.042067307692307696 0.056490384615384616 0.05889423076923077
0 0.5168269230769231 0.27884615384615385 0.057692307692307696 0.055288461538461536
0 0.30408653846153844 0.578125 0.07451923076923077 0.06490384615384616
0 0.19591346153846154 0.6430288461538461 0.052884615384615384 0.11298076923076923
0 0.06610576923076923 0.9170673076923077 0.04447115384615385 0.11538461538461539
0 0.5384615384615384 0.8149038461538461 0.027644230769230768 0.11057692307692307
0 0.6850961538461539 0.5444711538461539 0.06490384615384616 0.046875