0 0.6153846153846154 0.8088942307692307 0.08774038461538461 0.0889423076923077
0 0.6382211538461539 0.7403846153846154 0.08052884615384616 0.09975961538461539
0 0.6286057692307693 0.6394230769230769 0.08173076923076923 0.125
0 0.6298076923076923 0.5600961538461539 0.055288461538461536 0.08413461538461539
0 0.6129807692307693 0.4579326923076923 0.06850961538461539 0.09975961538461539
0 0.5901442307692307 0.35697115384615385 0.08052884615384616 0.1141826923076923
0 0.5793269230769231 0.2512019230769231 0.08173076923076923 0.11538461538461539
0 0.5841346153846154 0.16947115384615385 0.0673076923076923 0.09735576923076923
0 0.5769230769230769 0.078125 0.08173076923076923 0.11057692307692307
0 0.5793269230769231 0.02403846153846154 0.06370192307692307 0.04807692307692308
0 0.4579326923076923 0.6358173076923077 0.08052884615384616 0.06370192307692307
0 0.44350961538461536 0.49399038461538464 0.07932692307692307 0.06610576923076923
0 0.43990384615384615 0.3425480769230769 0.08413461538461539 0.06850961538461539
0 0.4362980769230769 0.27524038461538464 0.09134615384615384 0.06610576923076923
0 0.43149038461538464 0.19591346153846154 0.0829326923076923 0.06610576923076923
0 0.42788461538461536 0.12259615384615384 0.08774038461538461 0.0733173076923077
0 0.43028846153846156 0.051682692307692304 0.08653846153846154 0.0625
0 0.2608173076923077 0.5817307692307693 0.09134615384615384 0.06850961538461539
0 0.17307692307692307 0.5925480769230769 0.09254807692307693 0.06009615384615385
0 0.21153846153846154 0.6634615384615384 0.08052884615384616 0.06490384615384616
0 0.016826923076923076 0.6730769230769231 0.03365384615384615 0.0625
0 0.026442307692307692 0.6057692307692307 0.052884615384615384 0.0625
0 0.020432692307692308 0.3894230769230769 0.040865384615384616 0.0625
0 0.020432692307692308 0.31971153846153844 0.040865384615384616 0.06610576923076923
0 0.018028846153846152 0.25240384615384615 0.036057692307692304 0.06129807692307692
0 0.018028846153846152 0.11298076923076923 0.036057692307692304 0.07692307692307693
0 0.018028846153846152 0.03485576923076923 0.036057692307692304 0.06971153846153846
0 0.14903846153846154 0.03125 0.09134615384615384 0.0625
0 0.24278846153846154 0.025240384615384616 0.08653846153846154 0.05048076923076923
0 0.15985576923076922 0.0889423076923077 0.08533653846153846 0.06490384615384616
0 0.23798076923076922 0.0829326923076923 0.07091346153846154 0.0733173076923077
0 0.1622596153846154 0.15865384615384615 0.08653846153846154 0.06370192307692307
0 0.24519230769230768 0.1502403846153846 0.07091346153846154 0.06370192307692307
0 0.2439903846153846 0.2247596153846154 0.0889423076923077 0.06610576923076923
0 0.15144230769230768 0.23076923076923078 0.0829326923076923 0.06490384615384616
0 0.15985576923076922 0.30528846153846156 0.08052884615384616 0.06129807692307692
0 0.2512019230769231 0.2932692307692308 0.06971153846153846 0.05889423076923077
0 0.2536057692307692 0.36538461538461536 0.0829326923076923 0.06971153846153846
0 0.1622596153846154 0.37740384615384615 0.08774038461538461 0.06610576923076923
0 0.17307692307692307 0.44471153846153844 0.08413461538461539 0.07692307692307693
0 0.2608173076923077 0.4387019230769231 0.08533653846153846 0.06490384615384616
0 0.009615384615384616 0.18389423076923078 0.019230769230769232 0.06610576923076923
0 0.4254807692307692 0.010817307692307692 0.07692307692307693 0.021634615384615384