0 0.6237980769230769 0.5336538461538461 0.08774038461538461 0.08173076923076923
0 0.6466346153846154 0.4675480769230769 0.08173076923076923 0.09735576923076923
0 0.6346153846153846 0.3629807692307692 0.08774038461538461 0.11778846153846154
0 0.6346153846153846 0.2848557692307692 0.05889423076923077 0.08413461538461539
0 0.6237980769230769 0.18028846153846154 0.06850961538461539 0.10576923076923077
0 0.6009615384615384 0.08052884615384616 0.08173076923076923 0.11057692307692307
0 0.6021634615384616 0.021634615384615384 0.06009615384615385 0.04326923076923077
0 0.4495192307692308 0.06610576923076923 0.08653846153846154 0.06971153846153846
0 0.4519230769230769 0.21754807692307693 0.08173076923076923 0.06370192307692307
0 0.4651442307692308 0.35697115384615385 0.078125 0.06370192307692307
0 0.21995192307692307 0.38341346153846156 0.07932692307692307 0.06129807692307692
0 0.26802884615384615 0.30528846153846156 0.09014423076923077 0.0733173076923077
0 0.18269230769230768 0.3161057692307692 0.0889423076923077 0.06009615384615385
0 0.028846153846153848 0.328125 0.056490384615384616 0.06370192307692307
0 0.016826923076923076 0.3954326923076923 0.03245192307692308 0.06129807692307692
0 0.18028846153846154 0.16706730769230768 0.0829326923076923 0.07692307692307693
0 0.26802884615384615 0.16346153846153846 0.08653846153846154 0.06370192307692307
0 0.44591346153846156 0.015625 0.0889423076923077 0.030048076923076924
0 0.2620192307692308 0.0889423076923077 0.08173076923076923 0.06850961538461539
0 0.171875 0.09495192307692307 0.08052884615384616 0.07451923076923077
0 0.2608173076923077 0.02283653846153846 0.06971153846153846 0.04567307692307692
0 0.171875 0.027644230769230768 0.08052884615384616 0.054086538461538464
0 0.02403846153846154 0.040865384615384616 0.04807692307692308 0.0733173076923077
0 0.02283653846153846 0.109375 0.04567307692307692 0.06490384615384616