0 0.5504807692307693 0.6153846153846154 0.030048076923076924 0.1141826923076923
0 0.546875 0.49158653846153844 0.027644230769230768 0.109375
0 0.5132211538461539 0.4963942307692308 0.030048076923076924 0.11658653846153846
0 0.4495192307692308 0.49278846153846156 0.028846153846153848 0.109375
0 0.41586538461538464 0.49399038461538464 0.028846153846153848 0.10817307692307693
0 0.38221153846153844 0.5108173076923077 0.025240384615384616 0.10817307692307693
0 0.4567307692307692 0.6274038461538461 0.026442307692307692 0.109375
0 0.5180288461538461 0.6225961538461539 0.030048076923076924 0.0985576923076923
0 0.4879807692307692 0.6262019230769231 0.027644230769230768 0.109375
0 0.578125 0.49278846153846156 0.027644230769230768 0.1141826923076923
0 0.6129807692307693 0.6105769230769231 0.026442307692307692 0.10817307692307693
0 0.5841346153846154 0.6045673076923077 0.025240384615384616 0.09254807692307693
0 0.23557692307692307 0.20673076923076922 0.028846153846153848 0.10817307692307693
0 0.171875 0.20673076923076922 0.028846153846153848 0.10817307692307693
0 0.14182692307692307 0.19831730769230768 0.03245192307692308 0.10697115384615384
0 0.14302884615384615 0.3269230769230769 0.030048076923076924 0.10576923076923077
0 0.11298076923076923 0.3245192307692308 0.03125 0.10576923076923077
0 0.6418269230769231 0.5985576923076923 0.026442307692307692 0.09134615384615384
0 0.6358173076923077 0.4735576923076923 0.028846153846153848 0.10697115384615384
0 0.4807692307692308 0.4987980769230769 0.025240384615384616 0.109375
0 0.3858173076923077 0.6310096153846154 0.027644230769230768 0.10817307692307693
0 0.41947115384615385 0.6225961538461539 0.026442307692307692 0.1045673076923077
0 0.6069711538461539 0.4891826923076923 0.027644230769230768 0.11298076923076923
0 0.15144230769230768 0.5721153846153846 0.03245192307692308 0.10336538461538461
0 0.11057692307692307 0.21514423076923078 0.030048076923076924 0.10336538461538461
0 0.2692307692307692 0.25 0.027644230769230768 0.11057692307692307
0 0.2403846153846154 0.3269230769230769 0.028846153846153848 0.09495192307692307
0 0.20432692307692307 0.3161057692307692 0.03245192307692308 0.11057692307692307
0 0.20432692307692307 0.20192307692307693 0.027644230769230768 0.0985576923076923
0 0.17427884615384615 0.3293269230769231 0.028846153846153848 0.11057692307692307
0 0.18389423076923078 0.5745192307692307 0.030048076923076924 0.1045673076923077
0 0.21514423076923078 0.5612980769230769 0.030048076923076924 0.1045673076923077
0 0.24759615384615385 0.5733173076923077 0.030048076923076924 0.109375
0 0.24759615384615385 0.6658653846153846 0.05889423076923077 0.04447115384615385
0 0.24879807692307693 0.7199519230769231 0.055288461538461536 0.051682692307692304
0 0.24879807692307693 0.7788461538461539 0.052884615384615384 0.046875
0 0.24639423076923078 0.8317307692307693 0.05889423076923077 0.046875
0 0.30288461538461536 0.9050480769230769 0.028846153846153848 0.1045673076923077
0 0.078125 0.20192307692307693 0.027644230769230768 0.10336538461538461
0 0.04807692307692308 0.20673076923076922 0.03125 0.11298076923076923
0 0.10576923076923077 0.007211538461538462 0.027644230769230768 0.014423076923076924
0 0.07572115384615384 0.006009615384615385 0.03125 0.01201923076923077
0 0.0829326923076923 0.3269230769230769 0.027644230769230768 0.09735576923076923
0 0.05048076923076923 0.3233173076923077 0.03245192307692308 0.11538461538461539
0 0.018028846153846152 0.33052884615384615 0.03485576923076923 0.10576923076923077
0 0.11778846153846154 0.5733173076923077 0.030048076923076924 0.1045673076923077
0 0.08533653846153846 0.5661057692307693 0.030048076923076924 0.09735576923076923
0 0.055288461538461536 0.5733173076923077 0.03245192307692308 0.09975961538461539
0 0.02283653846153846 0.5733173076923077 0.03485576923076923 0.0985576923076923
0 0.36538461538461536 0.9050480769230769 0.027644230769230768 0.10096153846153846
0 0.33413461538461536 0.9086538461538461 0.027644230769230768 0.10096153846153846
0 0.39783653846153844 0.9098557692307693 0.026442307692307692 0.10336538461538461
0 0.4254807692307692 0.9098557692307693 0.025240384615384616 0.10817307692307693
0 0.45913461538461536 0.9050480769230769 0.026442307692307692 0.10576923076923077
0 0.4879807692307692 0.8858173076923077 0.025240384615384616 0.10336538461538461
0 0.5216346153846154 0.8846153846153846 0.027644230769230768 0.1045673076923077
0 0.5540865384615384 0.8822115384615384 0.026442307692307692 0.1045673076923077
0 0.5829326923076923 0.8894230769230769 0.026442307692307692 0.109375
0 0.6141826923076923 0.8846153846153846 0.027644230769230768 0.11538461538461539
0 0.6442307692307693 0.8786057692307693 0.025240384615384616 0.0889423076923077
0 0.6730769230769231 0.8810096153846154 0.028846153846153848 0.0985576923076923
0 0.703125 0.8725961538461539 0.027644230769230768 0.10336538461538461
0 0.7307692307692307 0.859375 0.028846153846153848 0.1045673076923077
0 0.7632211538461539 0.859375 0.027644230769230768 0.09615384615384616
0 0.7920673076923077 0.8533653846153846 0.027644230769230768 0.0985576923076923
0 0.8221153846153846 0.8473557692307693 0.028846153846153848 0.09495192307692307
0 0.8509615384615384 0.8497596153846154 0.030048076923076924 0.109375
0 0.8774038461538461 0.8401442307692307 0.02403846153846154 0.09615384615384616
0 0.9026442307692307 0.8377403846153846 0.027644230769230768 0.09495192307692307
0 0.9314903846153846 0.8401442307692307 0.030048076923076924 0.10576923076923077
0 0.9651442307692307 0.8365384615384616 0.036057692307692304 0.10576923076923077
0 0.9867788461538461 0.828125 0.021634615384615384 0.10817307692307693
0 0.6706730769230769 0.6033653846153846 0.025240384615384616 0.09495192307692307
0 0.7019230769230769 0.5961538461538461 0.030048076923076924 0.1045673076923077
0 0.6694711538461539 0.4723557692307692 0.027644230769230768 0.1045673076923077
0 0.7019230769230769 0.4699519230769231 0.03125 0.109375
0 0.7295673076923077 0.4699519230769231 0.02403846153846154 0.09134615384615384
0 0.7584134615384616 0.4651442307692308 0.03125 0.10336538461538461
0 0.7872596153846154 0.4675480769230769 0.027644230769230768 0.10336538461538461
0 0.8173076923076923 0.4579326923076923 0.026442307692307692 0.0985576923076923
0 0.8449519230769231 0.4543269230769231 0.030048076923076924 0.0889423076923077
0 0.8725961538461539 0.45552884615384615 0.02403846153846154 0.09975961538461539
0 0.9002403846153846 0.45913461538461536 0.030048076923076924 0.10336538461538461
0 0.9278846153846154 0.45552884615384615 0.025240384615384616 0.10336538461538461
0 0.9543269230769231 0.4579326923076923 0.02403846153846154 0.08653846153846154
0 0.9807692307692307 0.44711538461538464 0.03245192307692308 0.09134615384615384
0 0.9951923076923077 0.44591346153846156 0.007211538461538462 0.09254807692307693
0 0.7319711538461539 0.5901442307692307 0.027644230769230768 0.10336538461538461
0 0.7620192307692307 0.5889423076923077 0.030048076923076924 0.10336538461538461
0 0.7908653846153846 0.5805288461538461 0.027644230769230768 0.09975961538461539
0 0.8197115384615384 0.5769230769230769 0.027644230769230768 0.09975961538461539
0 0.8473557692307693 0.578125 0.025240384615384616 0.09615384615384616
0 0.8737980769230769 0.5793269230769231 0.030048076923076924 0.10096153846153846
0 0.9038461538461539 0.5685096153846154 0.026442307692307692 0.0829326923076923
0 0.9302884615384616 0.5709134615384616 0.026442307692307692 0.09495192307692307
0 0.9567307692307693 0.5709134615384616 0.028846153846153848 0.09495192307692307
0 0.9855769230769231 0.5709134615384616 0.027644230769230768 0.10096153846153846
0 0.38100961538461536 0.09735576923076923 0.030048076923076924 0.109375
0 0.203125 0.006009615384615385 0.027644230769230768 0.01201923076923077
0 0.41225961538461536 0.1045673076923077 0.027644230769230768 0.109375
0 0.38100961538461536 0.2403846153846154 0.027644230769230768 0.11057692307692307
0 0.41225961538461536 0.2439903846153846 0.027644230769230768 0.09014423076923077
0 0.4411057692307692 0.23197115384615385 0.028846153846153848 0.10697115384615384
0 0.47596153846153844 0.2283653846153846 0.026442307692307692 0.11298076923076923
0 0.44350961538461536 0.11538461538461539 0.026442307692307692 0.10576923076923077
0 0.47115384615384615 0.1045673076923077 0.025240384615384616 0.109375
0 0.5048076923076923 0.10096153846153846 0.027644230769230768 0.1045673076923077
0 0.5360576923076923 0.10096153846153846 0.030048076923076924 0.10576923076923077
0 0.5072115384615384 0.23076923076923078 0.028846153846153848 0.10697115384615384
0 0.5384615384615384 0.22956730769230768 0.026442307692307692 0.1045673076923077
0 0.5697115384615384 0.21754807692307693 0.028846153846153848 0.109375
0 0.5673076923076923 0.0985576923076923 0.026442307692307692 0.09014423076923077
0 0.5973557692307693 0.08774038461538461 0.027644230769230768 0.0985576923076923
0 0.6009615384615384 0.21514423076923078 0.027644230769230768 0.09975961538461539
0 0.6322115384615384 0.21634615384615385 0.027644230769230768 0.10817307692307693
0 0.6286057692307693 0.08774038461538461 0.030048076923076924 0.10576923076923077
0 0.6574519230769231 0.09134615384615384 0.027644230769230768 0.0985576923076923
0 0.6887019230769231 0.09014423076923077 0.027644230769230768 0.0985576923076923
0 0.71875 0.09134615384615384 0.027644230769230768 0.10336538461538461
0 0.7487980769230769 0.08774038461538461 0.027644230769230768 0.09495192307692307
0 0.7776442307692307 0.08413461538461539 0.027644230769230768 0.10096153846153846
0 0.8064903846153846 0.08173076923076923 0.027644230769230768 0.09735576923076923
0 0.8341346153846154 0.08413461538461539 0.027644230769230768 0.078125
0 0.8629807692307693 0.09254807692307693 0.028846153846153848 0.10096153846153846
0 0.8918269230769231 0.09134615384615384 0.027644230769230768 0.0985576923076923
0 0.9206730769230769 0.09735576923076923 0.027644230769230768 0.0985576923076923
0 0.953125 0.07692307692307693 0.030048076923076924 0.10096153846153846
0 0.9807692307692307 0.0829326923076923 0.025240384615384616 0.0829326923076923
0 0.9963942307692307 0.09014423076923077 0.006009615384615385 0.09975961538461539
0 0.9963942307692307 0.20552884615384615 0.006009615384615385 0.09134615384615384
0 0.9795673076923077 0.203125 0.030048076923076924 0.09975961538461539
0 0.9507211538461539 0.19591346153846154 0.030048076923076924 0.09014423076923077
0 0.9242788461538461 0.20673076923076922 0.027644230769230768 0.10336538461538461
0 0.8966346153846154 0.203125 0.026442307692307692 0.07932692307692307
0 0.8377403846153846 0.2091346153846154 0.03245192307692308 0.09014423076923077
0 0.8665865384615384 0.21634615384615385 0.028846153846153848 0.1045673076923077
0 0.8100961538461539 0.20673076923076922 0.027644230769230768 0.08774038461538461
0 0.7824519230769231 0.21153846153846154 0.027644230769230768 0.10096153846153846
0 0.7512019230769231 0.2127403846153846 0.027644230769230768 0.10336538461538461
0 0.7223557692307693 0.21153846153846154 0.028846153846153848 0.10336538461538461
0 0.6923076923076923 0.22355769230769232 0.028846153846153848 0.10576923076923077
0 0.6622596153846154 0.21995192307692307 0.025240384615384616 0.10336538461538461