0 0.4375 0.18990384615384615 0.042067307692307696 0.16346153846153846
0 0.3762019230769231 0.6766826923076923 0.04567307692307692 0.17908653846153846
0 0.4855769230769231 0.19591346153846154 0.040865384615384616 0.1622596153846154
0 0.5384615384615384 0.18870192307692307 0.04326923076923077 0.16706730769230768
0 0.5889423076923077 0.17668269230769232 0.04567307692307692 0.1875
0 0.6370192307692307 0.19831730769230768 0.042067307692307696 0.17067307692307693
0 0.6887019230769231 0.20192307692307693 0.038461538461538464 0.15504807692307693
0 0.7355769230769231 0.1658653846153846 0.04326923076923077 0.16346153846153846
0 0.7884615384615384 0.19471153846153846 0.05048076923076923 0.17067307692307693
0 0.3918269230769231 0.18629807692307693 0.040865384615384616 0.1502403846153846
0 0.34615384615384615 0.17668269230769232 0.04326923076923077 0.16826923076923078
0 0.3004807692307692 0.16706730769230768 0.04326923076923077 0.15144230769230768
0 0.2548076923076923 0.14543269230769232 0.04807692307692308 0.171875
0 0.20432692307692307 0.17668269230769232 0.04567307692307692 0.17307692307692307
0 0.15504807692307693 0.16346153846153846 0.04326923076923077 0.17067307692307693
0 0.11177884615384616 0.15865384615384615 0.04567307692307692 0.16706730769230768
0 0.6826923076923077 0.6790865384615384 0.04326923076923077 0.17307692307692307
0 0.7379807692307693 0.9663461538461539 0.04807692307692308 0.06370192307692307
0 0.6322115384615384 0.6706730769230769 0.04326923076923077 0.171875
0 0.5817307692307693 0.6610576923076923 0.040865384615384616 0.16947115384615385
0 0.5252403846153846 0.6706730769230769 0.040865384615384616 0.16826923076923078
0 0.47596153846153844 0.6622596153846154 0.04326923076923077 0.16105769230769232
0 0.42427884615384615 0.6610576923076923 0.039663461538461536 0.14543269230769232
0 0.27884615384615385 0.6670673076923077 0.04447115384615385 0.17307692307692307
0 0.22956730769230768 0.6634615384615384 0.04326923076923077 0.16947115384615385
0 0.18509615384615385 0.6177884615384616 0.04326923076923077 0.1658653846153846
0 0.13701923076923078 0.6237980769230769 0.046875 0.16105769230769232
0 0.09375 0.6153846153846154 0.05048076923076923 0.15865384615384615
0 0.014423076923076924 0.609375 0.027644230769230768 0.15504807692307693