0 0.12980769230769232 0.7223557692307693 0.06610576923076923 0.055288461538461536
0 0.1310096153846154 0.6658653846153846 0.06490384615384616 0.052884615384615384
0 0.1346153846153846 0.6105769230769231 0.06129807692307692 0.04807692307692308
0 0.1346153846153846 0.5420673076923077 0.06370192307692307 0.046875
0 0.2704326923076923 0.6850961538461539 0.06490384615384616 0.05048076923076923
0 0.2764423076923077 0.7439903846153846 0.057692307692307696 0.046875
0 0.27524038461538464 0.8016826923076923 0.06129807692307692 0.04807692307692308
0 0.12860576923076922 0.7764423076923077 0.0673076923076923 0.04807692307692308
0 0.2668269230769231 0.8533653846153846 0.054086538461538464 0.04567307692307692
0 0.27163461538461536 0.9086538461538461 0.056490384615384616 0.051682692307692304
0 0.2800480769230769 0.9615384615384616 0.05889423076923077 0.052884615384615384
0 0.4098557692307692 0.8028846153846154 0.05889423076923077 0.04807692307692308
0 0.41225961538461536 0.8569711538461539 0.06370192307692307 0.046875
0 0.41225961538461536 0.9086538461538461 0.06129807692307692 0.04807692307692308
0 0.1310096153846154 0.984375 0.07211538461538461 0.027644230769230768
0 0.13221153846153846 0.9411057692307693 0.06850961538461539 0.05048076923076923
0 0.13221153846153846 0.8894230769230769 0.06129807692307692 0.05048076923076923
0 0.12860576923076922 0.8329326923076923 0.06490384615384616 0.04807692307692308
0 0.41346153846153844 0.9615384615384616 0.05889423076923077 0.046875