0 0.44471153846153844 0.2920673076923077 0.06129807692307692 0.05048076923076923
0 0.44591346153846156 0.3473557692307692 0.054086538461538464 0.04807692307692308
0 0.4423076923076923 0.4026442307692308 0.05889423076923077 0.04807692307692308
0 0.5324519230769231 0.4362980769230769 0.027644230769230768 0.0985576923076923
0 0.5024038461538461 0.4411057692307692 0.026442307692307692 0.11538461538461539
0 0.2956730769230769 0.45913461538461536 0.05889423076923077 0.04807692307692308
0 0.2956730769230769 0.4014423076923077 0.056490384615384616 0.04567307692307692
0 0.2932692307692308 0.3473557692307692 0.06009615384615385 0.052884615384615384
0 0.3112980769230769 0.7391826923076923 0.06129807692307692 0.046875
0 0.15865384615384615 0.7680288461538461 0.0625 0.046875
0 0.16105769230769232 0.8269230769230769 0.06129807692307692 0.051682692307692304
0 0.3125 0.7944711538461539 0.056490384615384616 0.05048076923076923
0 0.4579326923076923 0.7920673076923077 0.05889423076923077 0.05048076923076923
0 0.5264423076923077 0.7860576923076923 0.05889423076923077 0.04567307692307692
0 0.4423076923076923 0.45913461538461536 0.06370192307692307 0.052884615384615384
0 0.4567307692307692 0.7355769230769231 0.06009615384615385 0.04567307692307692
0 0.5240384615384616 0.7355769230769231 0.05889423076923077 0.046875
0 0.5637019230769231 0.4375 0.025240384615384616 0.09615384615384616
0 0.45072115384615385 0.6802884615384616 0.05889423076923077 0.04807692307692308
0 0.5240384615384616 0.6766826923076923 0.06129807692307692 0.04567307692307692
0 0.5240384615384616 0.8413461538461539 0.057692307692307696 0.04807692307692308
0 0.45072115384615385 0.8485576923076923 0.06009615384615385 0.052884615384615384
0 0.4579326923076923 0.9002403846153846 0.057692307692307696 0.04567307692307692
0 0.5252403846153846 0.8966346153846154 0.06009615384615385 0.052884615384615384
0 0.5276442307692307 0.9543269230769231 0.056490384615384616 0.04567307692307692
0 0.5228365384615384 0.9903846153846154 0.05889423076923077 0.015625
0 0.4579326923076923 0.9543269230769231 0.05889423076923077 0.05048076923076923
0 0.4567307692307692 0.9915865384615384 0.056490384615384616 0.014423076923076924
0 0.3112980769230769 0.9903846153846154 0.055288461538461536 0.015625
0 0.30528846153846156 0.953125 0.05889423076923077 0.04807692307692308
0 0.3088942307692308 0.6838942307692307 0.06129807692307692 0.052884615384615384
0 0.1502403846153846 0.8810096153846154 0.06129807692307692 0.052884615384615384
0 0.15504807692307693 0.9350961538461539 0.06370192307692307 0.054086538461538464
0 0.15504807692307693 0.9807692307692307 0.06490384615384616 0.03485576923076923
0 0.6802884615384616 0.9891826923076923 0.052884615384615384 0.018028846153846152
0 0.7512019230769231 0.9879807692307693 0.05889423076923077 0.020432692307692308
0 0.8930288461538461 0.9807692307692307 0.057692307692307696 0.03485576923076923
0 0.8846153846153846 0.9375 0.06129807692307692 0.052884615384615384
0 0.8798076923076923 0.8858173076923077 0.06009615384615385 0.046875
0 0.8786057692307693 0.8305288461538461 0.06129807692307692 0.054086538461538464
0 0.8798076923076923 0.7764423076923077 0.05889423076923077 0.04807692307692308
0 0.8846153846153846 0.7259615384615384 0.06009615384615385 0.05048076923076923
0 0.8774038461538461 0.6730769230769231 0.06009615384615385 0.05048076923076923
0 0.8858173076923077 0.6105769230769231 0.06009615384615385 0.04807692307692308
0 0.6694711538461539 0.9483173076923077 0.06009615384615385 0.051682692307692304
0 0.7487980769230769 0.8930288461538461 0.055288461538461536 0.051682692307692304
0 0.6754807692307693 0.8942307692307693 0.0625 0.04807692307692308
0 0.6778846153846154 0.8425480769230769 0.06370192307692307 0.05048076923076923
0 0.7463942307692307 0.8425480769230769 0.06009615384615385 0.052884615384615384
0 0.7427884615384616 0.7848557692307693 0.05889423076923077 0.04567307692307692
0 0.6778846153846154 0.7860576923076923 0.06009615384615385 0.04447115384615385
0 0.7391826923076923 0.7247596153846154 0.052884615384615384 0.05048076923076923
0 0.6778846153846154 0.7307692307692307 0.056490384615384616 0.054086538461538464
0 0.6742788461538461 0.6766826923076923 0.06129807692307692 0.04567307692307692
0 0.7355769230769231 0.6694711538461539 0.04807692307692308 0.040865384615384616
0 0.8822115384615384 0.5588942307692307 0.055288461538461536 0.04807692307692308
0 0.8846153846153846 0.5 0.0625 0.04567307692307692
0 0.15264423076923078 0.7127403846153846 0.06009615384615385 0.054086538461538464
0 0.15384615384615385 0.6586538461538461 0.06370192307692307 0.04567307692307692
0 0.15384615384615385 0.6069711538461539 0.06610576923076923 0.046875
0 0.14903846153846154 0.5516826923076923 0.06971153846153846 0.052884615384615384
0 0.15264423076923078 0.49759615384615385 0.056490384615384616 0.046875
0 0.15865384615384615 0.4362980769230769 0.06009615384615385 0.04807692307692308
0 0.15985576923076922 0.38100961538461536 0.0625 0.04567307692307692
0 0.29447115384615385 0.2920673076923077 0.06009615384615385 0.051682692307692304
0 0.29086538461538464 0.23798076923076922 0.06009615384615385 0.056490384615384616
0 0.4411057692307692 0.23557692307692307 0.0625 0.046875
0 0.44471153846153844 0.1875 0.055288461538461536 0.052884615384615384
0 0.44711538461538464 0.13581730769230768 0.052884615384615384 0.046875
0 0.4411057692307692 0.08413461538461539 0.06129807692307692 0.05048076923076923
0 0.44350961538461536 0.03365384615384615 0.057692307692307696 0.04567307692307692
0 0.296875 0.030048076923076924 0.056490384615384616 0.046875
0 0.30288461538461536 0.0829326923076923 0.06129807692307692 0.04807692307692308
0 0.15504807692307693 0.27884615384615385 0.0625 0.04807692307692308
0 0.15985576923076922 0.22596153846153846 0.05889423076923077 0.05048076923076923
0 0.15745192307692307 0.17067307692307693 0.06490384615384616 0.04807692307692308
0 0.15264423076923078 0.12259615384615384 0.06850961538461539 0.05048076923076923
0 0.15625 0.07091346153846154 0.06129807692307692 0.046875
0 0.15625 0.02283653846153846 0.05889423076923077 0.04567307692307692
0 0.5949519230769231 0.42788461538461536 0.02403846153846154 0.10697115384615384
0 0.6262019230769231 0.43028846153846156 0.027644230769230768 0.10817307692307693
0 0.6574519230769231 0.42788461538461536 0.027644230769230768 0.10817307692307693
0 0.6887019230769231 0.42788461538461536 0.027644230769230768 0.1045673076923077
0 0.7175480769230769 0.421875 0.02403846153846154 0.1045673076923077
0 0.7451923076923077 0.4375 0.027644230769230768 0.1045673076923077
0 0.7752403846153846 0.4375 0.027644230769230768 0.10697115384615384
0 0.8016826923076923 0.4254807692307692 0.030048076923076924 0.11298076923076923
0 0.8365384615384616 0.4170673076923077 0.03125 0.10817307692307693
0 0.3137019230769231 0.8485576923076923 0.057692307692307696 0.046875
0 0.3088942307692308 0.9002403846153846 0.057692307692307696 0.04807692307692308