0 0.5300480769230769 0.5841346153846154 0.08774038461538461 0.07091346153846154
0 0.5252403846153846 0.6634615384615384 0.0985576923076923 0.0733173076923077
0 0.515625 0.7427884615384616 0.09615384615384616 0.07451923076923077
0 0.5216346153846154 0.8221153846153846 0.09735576923076923 0.0733173076923077
0 0.5228365384615384 0.9026442307692307 0.08774038461538461 0.07091346153846154
0 0.5324519230769231 0.18870192307692307 0.09495192307692307 0.07932692307692307
0 0.5300480769230769 0.27163461538461536 0.09735576923076923 0.07451923076923077
0 0.5216346153846154 0.359375 0.0889423076923077 0.06971153846153846
0 0.5288461538461539 0.4362980769230769 0.0985576923076923 0.07451923076923077
0 0.5288461538461539 0.5144230769230769 0.09254807692307693 0.06490384615384616
0 0.4338942307692308 0.18389423076923078 0.10216346153846154 0.07211538461538461
0 0.4326923076923077 0.2668269230769231 0.09134615384615384 0.07451923076923077
0 0.43149038461538464 0.35336538461538464 0.0889423076923077 0.06971153846153846
0 0.421875 0.9050480769230769 0.09254807692307693 0.06971153846153846
0 0.22596153846153846 0.5264423076923077 0.10336538461538461 0.08052884615384616
0 0.21995192307692307 0.6069711538461539 0.09975961538461539 0.0733173076923077
0 0.23076923076923078 0.7764423076923077 0.09975961538461539 0.0733173076923077
0 0.22235576923076922 0.8641826923076923 0.09615384615384616 0.07211538461538461
0 0.21754807692307693 0.9459134615384616 0.08774038461538461 0.07451923076923077
0 0.11057692307692307 0.5180288461538461 0.09254807692307693 0.06971153846153846
0 0.11778846153846154 0.26802884615384615 0.10336538461538461 0.07692307692307693
0 0.11899038461538461 0.1778846153846154 0.10697115384615384 0.0733173076923077
0 0.23076923076923078 0.2668269230769231 0.10096153846153846 0.07692307692307693
0 0.23798076923076922 0.17908653846153846 0.09495192307692307 0.07451923076923077
0 0.109375 0.6875 0.10096153846153846 0.06850961538461539
0 0.10216346153846154 0.8641826923076923 0.09014423076923077 0.0733173076923077
0 0.4182692307692308 0.8221153846153846 0.09735576923076923 0.08653846153846154
0 0.49038461538461536 0.9723557692307693 0.09134615384615384 0.052884615384615384
0 0.23076923076923078 0.3545673076923077 0.09735576923076923 0.08052884615384616
0 0.7175480769230769 0.20432692307692307 0.08653846153846154 0.078125
0 0.8125 0.2091346153846154 0.08774038461538461 0.07091346153846154
0 0.9675480769230769 0.22596153846153846 0.06129807692307692 0.06850961538461539
0 0.7211538461538461 0.2776442307692308 0.08774038461538461 0.078125
0 0.8137019230769231 0.29447115384615385 0.07932692307692307 0.07451923076923077
0 0.8112980769230769 0.36778846153846156 0.08533653846153846 0.07211538461538461
0 0.7211538461538461 0.3629807692307692 0.08774038461538461 0.07091346153846154
0 0.7259615384615384 0.4411057692307692 0.07932692307692307 0.0733173076923077
0 0.8137019230769231 0.43990384615384615 0.06971153846153846 0.07091346153846154
0 0.8185096153846154 0.515625 0.08533653846153846 0.06971153846153846
0 0.8064903846153846 0.5925480769230769 0.08774038461538461 0.06610576923076923
0 0.8088942307692307 0.671875 0.07091346153846154 0.06971153846153846
0 0.7103365384615384 0.6754807692307693 0.10336538461538461 0.07692307692307693
0 0.7151442307692307 0.7512019230769231 0.09014423076923077 0.07692307692307693
0 0.8052884615384616 0.7487980769230769 0.07932692307692307 0.06129807692307692
0 0.8076923076923077 0.8269230769230769 0.09134615384615384 0.07211538461538461
0 0.7115384615384616 0.8305288461538461 0.09254807692307693 0.07091346153846154
0 0.8052884615384616 0.9050480769230769 0.09134615384615384 0.07692307692307693
0 0.8028846153846154 0.9711538461538461 0.09375 0.054086538461538464
0 0.7139423076923077 0.9735576923076923 0.0889423076923077 0.05048076923076923
0 0.96875 0.30288461538461536 0.06009615384615385 0.06129807692307692
0 0.9675480769230769 0.375 0.06129807692307692 0.06490384615384616
0 0.9639423076923077 0.4519230769230769 0.06971153846153846 0.06610576923076923
0 0.9675480769230769 0.5288461538461539 0.06370192307692307 0.06610576923076923
0 0.9747596153846154 0.5985576923076923 0.04927884615384615 0.06850961538461539
0 0.9675480769230769 0.6730769230769231 0.0625 0.06490384615384616
0 0.9651442307692307 0.7487980769230769 0.06850961538461539 0.07932692307692307
0 0.9663461538461539 0.8269230769230769 0.06610576923076923 0.07932692307692307
0 0.9699519230769231 0.9014423076923077 0.057692307692307696 0.07211538461538461
0 0.9783653846153846 0.9663461538461539 0.042067307692307696 0.0625