0 0.8689903846153846 0.7475961538461539 0.05048076923076923 0.17548076923076922
0 0.3737980769230769 0.5084134615384616 0.046875 0.15985576923076922
0 0.3293269230769231 0.5144230769230769 0.04326923076923077 0.16346153846153846
0 0.2824519230769231 0.5240384615384616 0.046875 0.16105769230769232
0 0.6887019230769231 0.7836538461538461 0.04807692307692308 0.1346153846153846
0 0.6418269230769231 0.8137019230769231 0.052884615384615384 0.13221153846153846
0 0.9146634615384616 0.7379807692307693 0.04807692307692308 0.15264423076923078
0 0.19951923076923078 0.5649038461538461 0.04447115384615385 0.1310096153846154
0 0.8269230769230769 0.7680288461538461 0.052884615384615384 0.15504807692307693
0 0.78125 0.7668269230769231 0.052884615384615384 0.1466346153846154
0 0.7379807692307693 0.7788461538461539 0.04447115384615385 0.13701923076923078
0 0.5576923076923077 0.4483173076923077 0.04567307692307692 0.14423076923076922
0 0.6081730769230769 0.44471153846153844 0.04927884615384615 0.16105769230769232
0 0.6550480769230769 0.41225961538461536 0.046875 0.15264423076923078
0 0.7019230769230769 0.39903846153846156 0.04447115384615385 0.14423076923076922
0 0.7439903846153846 0.3918269230769231 0.04567307692307692 0.14903846153846154
0 0.7872596153846154 0.3858173076923077 0.05048076923076923 0.1502403846153846
0 0.8341346153846154 0.3762019230769231 0.05048076923076923 0.16105769230769232
0 0.8786057692307693 0.3557692307692308 0.052884615384615384 0.15504807692307693
0 0.9182692307692307 0.3485576923076923 0.04927884615384615 0.14903846153846154
0 0.6826923076923077 0.234375 0.051682692307692304 0.1502403846153846
0 0.6358173076923077 0.24639423076923078 0.04807692307692308 0.1466346153846154
0 0.5865384615384616 0.25600961538461536 0.05048076923076923 0.14903846153846154
0 0.5408653846153846 0.27163461538461536 0.04567307692307692 0.14543269230769232
0 0.359375 0.2956730769230769 0.04447115384615385 0.1466346153846154
0 0.3161057692307692 0.3425480769230769 0.04807692307692308 0.15264423076923078
0 0.27163461538461536 0.35096153846153844 0.04326923076923077 0.14903846153846154
0 0.23076923076923078 0.375 0.04326923076923077 0.14182692307692307
0 0.18389423076923078 0.38341346153846156 0.042067307692307696 0.15384615384615385
0 0.14423076923076922 0.39903846153846156 0.04807692307692308 0.15264423076923078
0 0.10096153846153846 0.4110576923076923 0.04447115384615385 0.14302884615384615
0 0.11658653846153846 0.6153846153846154 0.04326923076923077 0.12740384615384615
0 0.15985576923076922 0.578125 0.052884615384615384 0.15144230769230768
0 0.2439903846153846 0.5348557692307693 0.04567307692307692 0.14302884615384615
0 0.05889423076923077 0.421875 0.046875 0.15144230769230768
0 0.019230769230769232 0.4483173076923077 0.037259615384615384 0.14182692307692307
0 0.0733173076923077 0.5997596153846154 0.052884615384615384 0.1622596153846154
0 0.030048076923076924 0.6081730769230769 0.052884615384615384 0.1502403846153846
0 0.5276442307692307 0.6862980769230769 0.07451923076923077 0.0625
0 0.41947115384615385 0.8894230769230769 0.05048076923076923 0.16706730769230768
0 0.36658653846153844 0.9014423076923077 0.04567307692307692 0.15504807692307693
0 0.3245192307692308 0.9182692307692307 0.04447115384615385 0.15985576923076922
0 0.2800480769230769 0.9290865384615384 0.04807692307692308 0.13701923076923078
0 0.23317307692307693 0.9314903846153846 0.038461538461538464 0.13341346153846154
0 0.19110576923076922 0.9387019230769231 0.040865384615384616 0.11899038461538461
0 0.14903846153846154 0.9375 0.046875 0.12259615384615384
0 0.7283653846153846 0.22235576923076922 0.04807692307692308 0.14423076923076922
0 0.7716346153846154 0.2127403846153846 0.04326923076923077 0.1466346153846154
0 0.8677884615384616 0.1778846153846154 0.09014423076923077 0.1346153846153846
0 0.7199519230769231 0.026442307692307692 0.0625 0.052884615384615384
0 0.030048076923076924 0.0673076923076923 0.052884615384615384 0.1346153846153846
0 0.07211538461538461 0.057692307692307696 0.052884615384615384 0.11538461538461539
0 0.11899038461538461 0.055288461538461536 0.04807692307692308 0.11057692307692307
0 0.20192307692307693 0.03125 0.04326923076923077 0.0625
0 0.24879807692307693 0.02403846153846154 0.038461538461538464 0.046875
0 0.29086538461538464 0.026442307692307692 0.04807692307692308 0.052884615384615384
0 0.9603365384615384 0.6899038461538461 0.052884615384615384 0.14423076923076922
0 0.9891826923076923 0.6995192307692307 0.020432692307692308 0.15144230769230768
0 0.9651442307692307 0.35697115384615385 0.05048076923076923 0.15144230769230768
0 0.9867788461538461 0.3161057692307692 0.021634615384615384 0.1466346153846154