0 0.6430288461538461 0.9615384615384616 0.06850961538461539 0.07451923076923077
0 0.6177884615384616 0.8713942307692307 0.08413461538461539 0.10697115384615384
0 0.6033653846153846 0.7716346153846154 0.08653846153846154 0.11538461538461539
0 0.6105769230769231 0.6814903846153846 0.06971153846153846 0.0985576923076923
0 0.6033653846153846 0.5925480769230769 0.08413461538461539 0.109375
0 0.6009615384615384 0.515625 0.06971153846153846 0.10336538461538461
0 0.44471153846153844 0.4230769230769231 0.08052884615384616 0.06009615384615385
0 0.4519230769230769 0.5012019230769231 0.08533653846153846 0.06370192307692307
0 0.4579326923076923 0.5769230769230769 0.08533653846153846 0.06610576923076923
0 0.45552884615384615 0.6466346153846154 0.08533653846153846 0.05889423076923077
0 0.45913461538461536 0.7175480769230769 0.0889423076923077 0.06850961538461539
0 0.4651442307692308 0.7956730769230769 0.09014423076923077 0.06971153846153846
0 0.4699519230769231 0.8653846153846154 0.08774038461538461 0.06971153846153846
0 0.4723557692307692 0.984375 0.08052884615384616 0.026442307692307692
0 0.29086538461538464 0.9543269230769231 0.08774038461538461 0.06850961538461539
0 0.20192307692307693 0.9615384615384616 0.08413461538461539 0.07091346153846154
0 0.19471153846153846 0.8942307692307693 0.08413461538461539 0.0733173076923077
0 0.2824519230769231 0.8822115384615384 0.08173076923076923 0.07692307692307693
0 0.2800480769230769 0.8112980769230769 0.06971153846153846 0.06490384615384616
0 0.19230769230769232 0.8209134615384616 0.08052884615384616 0.07211538461538461
0 0.2692307692307692 0.7427884615384616 0.09014423076923077 0.07211538461538461
0 0.18028846153846154 0.75 0.08173076923076923 0.06610576923076923
0 0.27283653846153844 0.6658653846153846 0.07692307692307693 0.06850961538461539
0 0.18870192307692307 0.6754807692307693 0.08774038461538461 0.06129807692307692
0 0.2644230769230769 0.6009615384615384 0.07091346153846154 0.06971153846153846
0 0.18629807692307693 0.6069711538461539 0.08653846153846154 0.06370192307692307
0 0.2692307692307692 0.5288461538461539 0.08774038461538461 0.055288461538461536
0 0.17548076923076922 0.5372596153846154 0.08653846153846154 0.07692307692307693
0 0.17548076923076922 0.45913461538461536 0.08653846153846154 0.06009615384615385
0 0.2704326923076923 0.4495192307692308 0.09134615384615384 0.06370192307692307
0 0.2548076923076923 0.31490384615384615 0.09735576923076923 0.0889423076923077
0 0.030048076923076924 0.47836538461538464 0.06009615384615385 0.07211538461538461
0 0.03245192307692308 0.5504807692307693 0.06490384615384616 0.07211538461538461
0 0.030048076923076924 0.6346153846153846 0.06009615384615385 0.06850961538461539
0 0.02283653846153846 0.7055288461538461 0.04567307692307692 0.06971153846153846
0 0.03245192307692308 0.7716346153846154 0.06370192307692307 0.06490384615384616
0 0.03365384615384615 0.8413461538461539 0.0673076923076923 0.07211538461538461
0 0.03485576923076923 0.9170673076923077 0.06971153846153846 0.07692307692307693
0 0.5168269230769231 0.040865384615384616 0.08052884615384616 0.07091346153846154
0 0.421875 0.04807692307692308 0.08413461538461539 0.07932692307692307
0 0.2512019230769231 0.06490384615384616 0.09375 0.07451923076923077
0 0.24759615384615385 0.014423076923076924 0.08533653846153846 0.027644230769230768
0 0.1622596153846154 0.02283653846153846 0.0889423076923077 0.04567307692307692
0 0.015625 0.03245192307692308 0.03125 0.06370192307692307
0 0.019230769230769232 0.0985576923076923 0.037259615384615384 0.06610576923076923