0 0.6237980769230769 0.23798076923076922 0.030048076923076924 0.11899038461538461
0 0.6213942307692307 0.375 0.030048076923076924 0.11538461538461539
0 0.6153846153846154 0.5612980769230769 0.03245192307692308 0.11538461538461539
0 0.609375 0.703125 0.027644230769230768 0.09014423076923077
0 0.6117788461538461 0.8149038461538461 0.030048076923076924 0.11298076923076923
0 0.45552884615384615 0.5697115384615384 0.06370192307692307 0.055288461538461536
0 0.4651442307692308 0.6370192307692307 0.06129807692307692 0.052884615384615384
0 0.4675480769230769 0.6947115384615384 0.06129807692307692 0.052884615384615384
0 0.4567307692307692 0.7487980769230769 0.06009615384615385 0.051682692307692304
0 0.4519230769230769 0.8064903846153846 0.055288461538461536 0.055288461538461536
0 0.44591346153846156 0.8653846153846154 0.06129807692307692 0.055288461538461536
0 0.4519230769230769 0.921875 0.056490384615384616 0.05048076923076923
0 0.46153846153846156 0.9747596153846154 0.04927884615384615 0.046875
0 0.3894230769230769 0.4879807692307692 0.06009615384615385 0.056490384615384616
0 0.3293269230769231 0.6177884615384616 0.05889423076923077 0.0733173076923077
0 0.328125 0.6875 0.054086538461538464 0.06129807692307692
0 0.31850961538461536 0.7487980769230769 0.06610576923076923 0.07211538461538461
0 0.3161057692307692 0.8052884615384616 0.05889423076923077 0.06850961538461539
0 0.3137019230769231 0.9711538461538461 0.057692307692307696 0.054086538461538464
0 0.1875 0.9735576923076923 0.0625 0.05048076923076923
0 0.19110576923076922 0.9194711538461539 0.06370192307692307 0.078125
0 0.18870192307692307 0.8497596153846154 0.06610576923076923 0.07692307692307693
0 0.1935096153846154 0.7848557692307693 0.06850961538461539 0.0733173076923077
0 0.19591346153846154 0.7175480769230769 0.055288461538461536 0.06610576923076923
0 0.19110576923076922 0.6526442307692307 0.06610576923076923 0.07211538461538461
0 0.19591346153846154 0.5889423076923077 0.06009615384615385 0.08173076923076923
0 0.19471153846153846 0.5168269230769231 0.06370192307692307 0.08173076923076923
0 0.203125 0.4567307692307692 0.06009615384615385 0.078125
0 0.2091346153846154 0.39302884615384615 0.06850961538461539 0.07451923076923077
0 0.20673076923076922 0.33052884615384615 0.05889423076923077 0.06971153846153846
0 0.2956730769230769 0.2824519230769231 0.06610576923076923 0.05889423076923077