0 0.5901442307692307 0.5865384615384616 0.027644230769230768 0.10817307692307693
0 0.5925480769230769 0.4723557692307692 0.028846153846153848 0.109375
0 0.4362980769230769 0.9387019230769231 0.06370192307692307 0.05048076923076923
0 0.44350961538461536 0.8557692307692307 0.06850961538461539 0.04807692307692308
0 0.44471153846153844 0.7776442307692307 0.0673076923076923 0.04807692307692308
0 0.44350961538461536 0.4543269230769231 0.06370192307692307 0.051682692307692304
0 0.44591346153846156 0.6141826923076923 0.06129807692307692 0.05048076923076923
0 0.6262019230769231 0.46274038461538464 0.028846153846153848 0.11298076923076923
0 0.44591346153846156 0.20192307692307693 0.040865384615384616 0.11057692307692307
0 0.4495192307692308 0.36778846153846156 0.0625 0.051682692307692304
0 0.5841346153846154 0.8389423076923077 0.027644230769230768 0.10697115384615384
0 0.6574519230769231 0.4639423076923077 0.030048076923076924 0.11778846153846154
0 0.6262019230769231 0.5841346153846154 0.026442307692307692 0.109375
0 0.6550480769230769 0.5841346153846154 0.030048076923076924 0.11658653846153846
0 0.6862980769230769 0.5973557692307693 0.027644230769230768 0.11298076923076923
0 0.6887019230769231 0.4723557692307692 0.030048076923076924 0.109375
0 0.7199519230769231 0.46153846153846156 0.028846153846153848 0.11298076923076923
0 0.7175480769230769 0.5913461538461539 0.030048076923076924 0.11538461538461539
0 0.7487980769230769 0.5997596153846154 0.030048076923076924 0.109375
0 0.75 0.4639423076923077 0.028846153846153848 0.10576923076923077
0 0.7776442307692307 0.47115384615384615 0.028846153846153848 0.09975961538461539
0 0.8088942307692307 0.47836538461538464 0.028846153846153848 0.10336538461538461
0 0.7776442307692307 0.5949519230769231 0.030048076923076924 0.1141826923076923
0 0.8088942307692307 0.5949519230769231 0.030048076923076924 0.0985576923076923
0 0.8389423076923077 0.5961538461538461 0.027644230769230768 0.10817307692307693
0 0.8677884615384616 0.5985576923076923 0.027644230769230768 0.09615384615384616
0 0.8978365384615384 0.5973557692307693 0.030048076923076924 0.10817307692307693
0 0.9278846153846154 0.5961538461538461 0.027644230769230768 0.10096153846153846
0 0.9567307692307693 0.6081730769230769 0.030048076923076924 0.10096153846153846
0 0.984375 0.6069711538461539 0.030048076923076924 0.09975961538461539
0 0.9146634615384616 0.6911057692307693 0.05889423076923077 0.05048076923076923
0 0.9831730769230769 0.4807692307692308 0.030048076923076924 0.10336538461538461
0 0.9567307692307693 0.4855769230769231 0.03125 0.10096153846153846
0 0.9254807692307693 0.48197115384615385 0.028846153846153848 0.09735576923076923
0 0.8966346153846154 0.47475961538461536 0.028846153846153848 0.1045673076923077
0 0.8677884615384616 0.4735576923076923 0.03245192307692308 0.10697115384615384
0 0.5060096153846154 0.20432692307692307 0.028846153846153848 0.11538461538461539
0 0.5552884615384616 0.20192307692307693 0.028846153846153848 0.11778846153846154
0 0.6009615384615384 0.1971153846153846 0.027644230769230768 0.11057692307692307
0 0.6466346153846154 0.2127403846153846 0.028846153846153848 0.11298076923076923
0 0.6947115384615384 0.21634615384615385 0.028846153846153848 0.10576923076923077
0 0.7379807692307693 0.21394230769230768 0.027644230769230768 0.09735576923076923
0 0.8245192307692307 0.23798076923076922 0.027644230769230768 0.09975961538461539
0 0.8701923076923077 0.23557692307692307 0.03245192307692308 0.1045673076923077
0 0.9074519230769231 0.2403846153846154 0.036057692307692304 0.109375
0 0.9362980769230769 0.23076923076923078 0.030048076923076924 0.1045673076923077
0 0.9663461538461539 0.23317307692307693 0.030048076923076924 0.1045673076923077
0 0.9891826923076923 0.24879807692307693 0.016826923076923076 0.10817307692307693
0 0.9831730769230769 0.8425480769230769 0.03245192307692308 0.1045673076923077
0 0.9807692307692307 0.9543269230769231 0.03485576923076923 0.08774038461538461
0 0.9495192307692307 0.9543269230769231 0.030048076923076924 0.08774038461538461
0 0.9519230769230769 0.8413461538461539 0.030048076923076924 0.10336538461538461
0 0.9230769230769231 0.8473557692307693 0.03245192307692308 0.11057692307692307
0 0.9206730769230769 0.9579326923076923 0.027644230769230768 0.08052884615384616
0 0.8918269230769231 0.8473557692307693 0.030048076923076924 0.09615384615384616
0 0.890625 0.9579326923076923 0.030048076923076924 0.07932692307692307
0 0.8617788461538461 0.8449519230769231 0.030048076923076924 0.10697115384615384
0 0.859375 0.953125 0.030048076923076924 0.09134615384615384
0 0.8329326923076923 0.8413461538461539 0.028846153846153848 0.10817307692307693
0 0.8028846153846154 0.8425480769230769 0.030048076923076924 0.10697115384615384
0 0.8317307692307693 0.9543269230769231 0.026442307692307692 0.08774038461538461
0 0.8028846153846154 0.9519230769230769 0.03125 0.09254807692307693
0 0.7728365384615384 0.8461538461538461 0.030048076923076924 0.10336538461538461
0 0.7427884615384616 0.8365384615384616 0.030048076923076924 0.11778846153846154
0 0.7716346153846154 0.9543269230769231 0.028846153846153848 0.08774038461538461
0 0.7115384615384616 0.953125 0.027644230769230768 0.09134615384615384
0 0.7403846153846154 0.9567307692307693 0.030048076923076924 0.08173076923076923
0 0.7103365384615384 0.8377403846153846 0.030048076923076924 0.1045673076923077
0 0.6778846153846154 0.8389423076923077 0.025240384615384616 0.0889423076923077
0 0.6502403846153846 0.8425480769230769 0.027644230769230768 0.10697115384615384
0 0.6165865384615384 0.8317307692307693 0.027644230769230768 0.09254807692307693
0 0.6802884615384616 0.9519230769230769 0.028846153846153848 0.09254807692307693
0 0.6502403846153846 0.9519230769230769 0.027644230769230768 0.09495192307692307