0 0.7127403846153846 0.6346153846153846 0.06370192307692307 0.09975961538461539
0 0.6370192307692307 0.5913461538461539 0.030048076923076924 0.11298076923076923
0 0.6370192307692307 0.7439903846153846 0.028846153846153848 0.1141826923076923
0 0.6550480769230769 0.030048076923076924 0.03125 0.06009615384615385
0 0.6466346153846154 0.31971153846153844 0.03125 0.11298076923076923
0 0.6418269230769231 0.4651442307692308 0.030048076923076924 0.1141826923076923
0 0.47836538461538464 0.9615384615384616 0.055288461538461536 0.054086538461538464
0 0.48677884615384615 0.7944711538461539 0.05889423076923077 0.0625
0 0.49278846153846156 0.6213942307692307 0.04807692307692308 0.052884615384615384
0 0.4879807692307692 0.39302884615384615 0.06009615384615385 0.052884615384615384
0 0.4987980769230769 0.3293269230769231 0.056490384615384616 0.046875
0 0.5048076923076923 0.21754807692307693 0.054086538461538464 0.055288461538461536
0 0.5120192307692307 0.15745192307692307 0.04447115384615385 0.04567307692307692
0 0.5 0.1045673076923077 0.057692307692307696 0.04807692307692308
0 0.49399038461538464 0.04326923076923077 0.06009615384615385 0.051682692307692304
0 0.36538461538461536 0.015625 0.055288461538461536 0.030048076923076924
0 0.3641826923076923 0.15865384615384615 0.055288461538461536 0.06971153846153846
0 0.36658653846153844 0.22115384615384615 0.057692307692307696 0.06850961538461539
0 0.35096153846153844 0.5721153846153846 0.06129807692307692 0.06610576923076923
0 0.3485576923076923 0.6899038461538461 0.06610576923076923 0.07692307692307693
0 0.23798076923076922 0.036057692307692304 0.06370192307692307 0.07211538461538461
0 0.2403846153846154 0.10336538461538461 0.06370192307692307 0.0733173076923077
0 0.23317307692307693 0.16346153846153846 0.06370192307692307 0.07451923076923077
0 0.23197115384615385 0.2247596153846154 0.05889423076923077 0.07692307692307693
0 0.23197115384615385 0.30408653846153844 0.06370192307692307 0.06490384615384616
0 0.23197115384615385 0.36778846153846156 0.06490384615384616 0.07692307692307693
0 0.22716346153846154 0.43028846153846156 0.0625 0.07692307692307693
0 0.2247596153846154 0.4855769230769231 0.06129807692307692 0.08052884615384616
0 0.22596153846153846 0.5588942307692307 0.06370192307692307 0.06610576923076923
0 0.2247596153846154 0.6274038461538461 0.0673076923076923 0.08052884615384616
0 0.22235576923076922 0.6995192307692307 0.06129807692307692 0.06610576923076923
0 0.22115384615384615 0.7644230769230769 0.0625 0.07451923076923077
0 0.21754807692307693 0.8365384615384616 0.06490384615384616 0.07451923076923077
0 0.2127403846153846 0.8966346153846154 0.06490384615384616 0.0889423076923077
0 0.21153846153846154 0.9555288461538461 0.06370192307692307 0.078125