0 0.2980769230769231 0.14903846153846154 0.05889423076923077 0.15264423076923078
0 0.3425480769230769 0.1045673076923077 0.057692307692307696 0.14543269230769232
0 0.38461538461538464 0.07091346153846154 0.056490384615384616 0.14182692307692307
0 0.4230769230769231 0.06129807692307692 0.06490384615384616 0.12259615384615384
0 0.5096153846153846 0.037259615384615384 0.04807692307692308 0.07451923076923077
0 0.6153846153846154 0.18389423076923078 0.09134615384615384 0.09495192307692307
0 0.7163461538461539 0.14543269230769232 0.08413461538461539 0.09134615384615384
0 0.09735576923076923 0.1658653846153846 0.07932692307692307 0.1045673076923077
0 0.4362980769230769 0.35096153846153844 0.0829326923076923 0.09134615384615384
0 0.3389423076923077 0.3894230769230769 0.08653846153846154 0.09735576923076923
0 0.36658653846153844 0.6346153846153846 0.08533653846153846 0.08413461538461539
0 0.15625 0.6286057692307693 0.06971153846153846 0.07451923076923077
0 0.16947115384615385 0.7127403846153846 0.0829326923076923 0.08774038461538461
0 0.1814903846153846 0.8810096153846154 0.08173076923076923 0.08653846153846154
0 0.19591346153846154 0.9579326923076923 0.08653846153846154 0.07932692307692307
0 0.5024038461538461 0.8233173076923077 0.08413461538461539 0.0889423076923077
0 0.6802884615384616 0.5829326923076923 0.08653846153846154 0.09254807692307693
0 0.6586538461538461 0.41586538461538464 0.07572115384615384 0.0829326923076923
0 0.7668269230769231 0.4411057692307692 0.07932692307692307 0.08653846153846154
0 0.8473557692307693 0.3870192307692308 0.0625 0.1502403846153846
0 0.7283653846153846 0.22355769230769232 0.08413461538461539 0.09134615384615384
0 0.7427884615384616 0.2956730769230769 0.0829326923076923 0.08653846153846154
0 0.8798076923076923 0.030048076923076924 0.07932692307692307 0.06009615384615385
0 0.9519230769230769 0.013221153846153846 0.07211538461538461 0.026442307692307692
0 0.8978365384615384 0.08774038461538461 0.08653846153846154 0.08774038461538461
0 0.9663461538461539 0.052884615384615384 0.06610576923076923 0.07932692307692307
0 0.90625 0.15264423076923078 0.08653846153846154 0.08774038461538461
0 0.9711538461538461 0.12620192307692307 0.056490384615384616 0.07211538461538461
0 0.9783653846153846 0.18870192307692307 0.040865384615384616 0.06850961538461539
0 0.9194711538461539 0.21754807692307693 0.07091346153846154 0.06610576923076923
0 0.9855769230769231 0.31971153846153844 0.026442307692307692 0.06610576923076923
0 0.9375 0.34975961538461536 0.07692307692307693 0.08173076923076923
0 0.9495192307692307 0.4170673076923077 0.09254807692307693 0.08413461538461539
0 0.9579326923076923 0.484375 0.0829326923076923 0.07932692307692307
0 0.9627403846153846 0.5564903846153846 0.07211538461538461 0.0829326923076923
0 0.9735576923076923 0.6899038461538461 0.05048076923076923 0.08052884615384616
0 0.9855769230769231 0.8305288461538461 0.027644230769230768 0.07692307692307693