0 0.4411057692307692 0.21995192307692307 0.030048076923076924 0.11658653846153846
0 0.4387019230769231 0.35336538461538464 0.026442307692307692 0.1141826923076923
0 0.43149038461538464 0.5408653846153846 0.030048076923076924 0.1045673076923077
0 0.4254807692307692 0.6838942307692307 0.025240384615384616 0.09615384615384616
0 0.43028846153846156 0.7932692307692307 0.030048076923076924 0.1141826923076923
0 0.27403846153846156 0.5504807692307693 0.06370192307692307 0.052884615384615384
0 0.2824519230769231 0.6153846153846154 0.06009615384615385 0.051682692307692304
0 0.28365384615384615 0.6706730769230769 0.06490384615384616 0.05048076923076923
0 0.27403846153846156 0.7259615384615384 0.06129807692307692 0.051682692307692304
0 0.2692307692307692 0.7824519230769231 0.056490384615384616 0.054086538461538464
0 0.265625 0.8413461538461539 0.05889423076923077 0.052884615384615384
0 0.2704326923076923 0.8990384615384616 0.054086538461538464 0.051682692307692304
0 0.27884615384615385 0.9543269230769231 0.04807692307692308 0.04567307692307692
0 0.20673076923076922 0.47115384615384615 0.0625 0.054086538461538464
0 0.11298076923076923 0.2644230769230769 0.06971153846153846 0.05889423076923077
0 0.028846153846153848 0.30408653846153844 0.057692307692307696 0.09134615384615384
0 0.03125 0.3737980769230769 0.06129807692307692 0.07451923076923077
0 0.026442307692307692 0.4387019230769231 0.052884615384615384 0.07692307692307693
0 0.02283653846153846 0.49399038461538464 0.04447115384615385 0.08653846153846154
0 0.021634615384615384 0.5709134615384616 0.04326923076923077 0.0733173076923077
0 0.020432692307692308 0.6358173076923077 0.040865384615384616 0.05889423076923077
0 0.020432692307692308 0.703125 0.039663461538461536 0.06610576923076923
0 0.02283653846153846 0.7680288461538461 0.04567307692307692 0.06490384615384616
0 0.019230769230769232 0.8377403846153846 0.038461538461538464 0.06370192307692307
0 0.020432692307692308 0.9050480769230769 0.040865384615384616 0.06971153846153846
0 0.018028846153846152 0.9711538461538461 0.036057692307692304 0.055288461538461536
0 0.13221153846153846 0.953125 0.05889423076923077 0.06370192307692307
0 0.13581730769230768 0.7860576923076923 0.06129807692307692 0.06610576923076923
0 0.11658653846153846 0.7355769230769231 0.06370192307692307 0.06490384615384616
0 0.14783653846153846 0.6634615384615384 0.055288461538461536 0.06009615384615385
0 0.1466346153846154 0.5985576923076923 0.06370192307692307 0.06610576923076923