0 0.515625 0.4266826923076923 0.09495192307692307 0.06971153846153846
0 0.515625 0.3473557692307692 0.09495192307692307 0.07211538461538461
0 0.8365384615384616 0.36538461538461536 0.08533653846153846 0.06971153846153846
0 0.8365384615384616 0.4495192307692308 0.08774038461538461 0.07091346153846154
0 0.8293269230769231 0.6971153846153846 0.08774038461538461 0.06490384615384616
0 0.9338942307692307 0.7067307692307693 0.09134615384615384 0.07692307692307693
0 0.9411057692307693 0.5444711538461539 0.09014423076923077 0.07211538461538461
0 0.9362980769230769 0.46153846153846156 0.08774038461538461 0.0733173076923077
0 0.9411057692307693 0.3762019230769231 0.08653846153846154 0.07091346153846154
0 0.9290865384615384 0.7848557692307693 0.0889423076923077 0.07211538461538461
0 0.9411057692307693 0.9459134615384616 0.08774038461538461 0.07692307692307693
0 0.8317307692307693 0.859375 0.08413461538461539 0.07211538461538461
0 0.6298076923076923 0.5240384615384616 0.08653846153846154 0.06971153846153846
0 0.6286057692307693 0.5997596153846154 0.07451923076923077 0.06490384615384616
0 0.5096153846153846 0.6814903846153846 0.0829326923076923 0.07211538461538461
0 0.6213942307692307 0.859375 0.09735576923076923 0.08653846153846154
0 0.6141826923076923 0.9411057692307693 0.09375 0.07091346153846154
0 0.2764423076923077 0.7620192307692307 0.09134615384615384 0.078125
0 0.08653846153846154 0.5709134615384616 0.09615384615384616 0.07091346153846154
0 0.08533653846153846 0.9098557692307693 0.07692307692307693 0.0733173076923077
0 0.9387019230769231 0.015625 0.08774038461538461 0.030048076923076924
0 0.8365384615384616 0.009615384615384616 0.0673076923076923 0.018028846153846152