0 0.4795673076923077 0.07091346153846154 0.09134615384615384 0.07932692307692307
0 0.5877403846153846 0.08413461538461539 0.08653846153846154 0.07932692307692307
0 0.5877403846153846 0.16346153846153846 0.08653846153846154 0.07451923076923077
0 0.5913461538461539 0.2439903846153846 0.0829326923076923 0.07091346153846154
0 0.4831730769230769 0.3161057692307692 0.07932692307692307 0.06610576923076923
0 0.5901442307692307 0.40024038461538464 0.08413461538461539 0.06610576923076923
0 0.4735576923076923 0.49278846153846156 0.09134615384615384 0.07091346153846154
0 0.6995192307692307 0.4266826923076923 0.0733173076923077 0.14423076923076922
0 0.2764423076923077 0.15384615384615385 0.08653846153846154 0.06971153846153846
0 0.18028846153846154 0.14423076923076922 0.0889423076923077 0.07211538461538461
0 0.1622596153846154 0.3918269230769231 0.08533653846153846 0.06490384615384616
0 0.25841346153846156 0.640625 0.09014423076923077 0.0733173076923077
0 0.24639423076923078 0.9627403846153846 0.09254807692307693 0.07211538461538461
0 0.78125 0.04447115384615385 0.078125 0.07451923076923077
0 0.8653846153846154 0.054086538461538464 0.0829326923076923 0.06850961538461539
0 0.7848557692307693 0.12139423076923077 0.08774038461538461 0.06370192307692307
0 0.8689903846153846 0.12620192307692307 0.08052884615384616 0.07451923076923077
0 0.8689903846153846 0.20192307692307693 0.0889423076923077 0.06129807692307692
0 0.7848557692307693 0.18870192307692307 0.08653846153846154 0.0625
0 0.7872596153846154 0.25841346153846156 0.06971153846153846 0.06370192307692307
0 0.8689903846153846 0.2704326923076923 0.07932692307692307 0.06971153846153846
0 0.8677884615384616 0.4026442307692308 0.08774038461538461 0.06610576923076923
0 0.7824519230769231 0.39663461538461536 0.07211538461538461 0.06850961538461539
0 0.7848557692307693 0.4723557692307692 0.09254807692307693 0.06850961538461539
0 0.8713942307692307 0.4807692307692308 0.07451923076923077 0.06490384615384616
0 0.7836538461538461 0.5444711538461539 0.0829326923076923 0.06610576923076923
0 0.78125 0.6237980769230769 0.08653846153846154 0.07091346153846154
0 0.8653846153846154 0.6262019230769231 0.08653846153846154 0.06370192307692307
0 0.8689903846153846 0.6995192307692307 0.07692307692307693 0.06850961538461539
0 0.8677884615384616 0.7704326923076923 0.08173076923076923 0.0625
0 0.7788461538461539 0.7692307692307693 0.08413461538461539 0.06490384615384616
0 0.8629807692307693 0.8425480769230769 0.08173076923076923 0.06850961538461539
0 0.7800480769230769 0.9158653846153846 0.08774038461538461 0.0733173076923077
0 0.8545673076923077 0.9747596153846154 0.0889423076923077 0.04567307692307692