0 0.6141826923076923 0.015625 0.03245192307692308 0.030048076923076924
0 0.5456730769230769 0.018028846153846152 0.03125 0.036057692307692304
0 0.5072115384615384 0.02283653846153846 0.03125 0.04567307692307692
0 0.4723557692307692 0.021634615384615384 0.03245192307692308 0.04326923076923077
0 0.4387019230769231 0.02403846153846154 0.03125 0.046875
0 0.40384615384615385 0.027644230769230768 0.030048076923076924 0.055288461538461536
0 0.36899038461538464 0.030048076923076924 0.03125 0.06009615384615385
0 0.33774038461538464 0.026442307692307692 0.028846153846153848 0.052884615384615384
0 0.30649038461538464 0.027644230769230768 0.03245192307692308 0.055288461538461536
0 0.27403846153846156 0.02403846153846154 0.030048076923076924 0.046875
0 0.24278846153846154 0.02403846153846154 0.027644230769230768 0.04807692307692308
0 0.20552884615384615 0.038461538461538464 0.03245192307692308 0.07692307692307693
0 0.17067307692307693 0.036057692307692304 0.03245192307692308 0.07211538461538461
0 0.13822115384615385 0.03365384615384615 0.03365384615384615 0.06610576923076923
0 0.037259615384615384 0.03245192307692308 0.037259615384615384 0.06370192307692307
0 0.01201923076923077 0.036057692307692304 0.02403846153846154 0.07211538461538461
0 0.5516826923076923 0.3112980769230769 0.03365384615384615 0.12379807692307693
0 0.5997596153846154 0.625 0.03245192307692308 0.11538461538461539
0 0.515625 0.30408653846153844 0.03125 0.12259615384615384
0 0.5552884615384616 0.6358173076923077 0.03245192307692308 0.12259615384615384
0 0.5180288461538461 0.6370192307692307 0.027644230769230768 0.0985576923076923
0 0.4831730769230769 0.6213942307692307 0.03245192307692308 0.12620192307692307
0 0.4495192307692308 0.6466346153846154 0.03125 0.12139423076923077
0 0.47836538461538464 0.30528846153846156 0.027644230769230768 0.12259615384615384
0 0.4411057692307692 0.3161057692307692 0.03245192307692308 0.12139423076923077
0 0.4050480769230769 0.3125 0.030048076923076924 0.11538461538461539
0 0.3701923076923077 0.31850961538461536 0.027644230769230768 0.10576923076923077
0 0.33774038461538464 0.33052884615384615 0.03125 0.12740384615384615
0 0.2692307692307692 0.3401442307692308 0.03245192307692308 0.12620192307692307
0 0.234375 0.3425480769230769 0.030048076923076924 0.12259615384615384
0 0.41225961538461536 0.6442307692307693 0.03125 0.12620192307692307
0 0.3786057692307692 0.6538461538461539 0.03245192307692308 0.12740384615384615
0 0.3425480769230769 0.6574519230769231 0.03485576923076923 0.12139423076923077
0 0.20072115384615385 0.31850961538461536 0.03245192307692308 0.11778846153846154
0 0.30528846153846156 0.6538461538461539 0.040865384615384616 0.18389423076923078
0 0.21033653846153846 0.6634615384615384 0.03485576923076923 0.11899038461538461
0 0.16826923076923078 0.328125 0.03125 0.11658653846153846
0 0.13581730769230768 0.3245192307692308 0.03245192307692308 0.11658653846153846
0 0.1778846153846154 0.6430288461538461 0.03365384615384615 0.11778846153846154
0 0.07572115384615384 0.6802884615384616 0.038461538461538464 0.125
0 0.07211538461538461 0.3317307692307692 0.03245192307692308 0.11658653846153846
0 0.038461538461538464 0.3401442307692308 0.038461538461538464 0.12259615384615384
0 0.01201923076923077 0.3389423076923077 0.02403846153846154 0.0985576923076923
0 0.015625 0.6586538461538461 0.03125 0.12980769230769232