0 0.046875 0.040865384615384616 0.037259615384615384 0.08173076923076923
0 0.04927884615384615 0.15745192307692307 0.03485576923076923 0.109375
0 0.052884615384615384 0.3004807692307692 0.03245192307692308 0.109375
0 0.052884615384615384 0.43149038461538464 0.03365384615384615 0.10817307692307693
0 0.056490384615384616 0.5805288461538461 0.03245192307692308 0.11658653846153846
0 0.055288461538461536 0.7151442307692307 0.03485576923076923 0.11778846153846154
0 0.05889423076923077 0.8461538461538461 0.036057692307692304 0.11899038461538461
0 0.06129807692307692 0.9639423076923077 0.036057692307692304 0.06850961538461539
0 0.17548076923076922 0.030048076923076924 0.06009615384615385 0.056490384615384616
0 0.25600961538461536 0.026442307692307692 0.0625 0.052884615384615384
0 0.25841346153846156 0.078125 0.06850961538461539 0.051682692307692304
0 0.3389423076923077 0.06370192307692307 0.026442307692307692 0.10576923076923077
0 0.18028846153846154 0.0829326923076923 0.056490384615384616 0.05048076923076923
0 0.18389423076923078 0.13581730769230768 0.06129807692307692 0.056490384615384616
0 0.25721153846153844 0.12860576923076922 0.06610576923076923 0.054086538461538464
0 0.2536057692307692 0.18629807692307693 0.057692307692307696 0.052884615384615384
0 0.1778846153846154 0.19591346153846154 0.056490384615384616 0.052884615384615384
0 0.24879807692307693 0.24278846153846154 0.05889423076923077 0.052884615384615384
0 0.17908653846153846 0.25 0.056490384615384616 0.04807692307692308
0 0.17548076923076922 0.30288461538461536 0.052884615384615384 0.052884615384615384
0 0.24759615384615385 0.3004807692307692 0.05889423076923077 0.052884615384615384
0 0.24639423076923078 0.3545673076923077 0.056490384615384616 0.04807692307692308
0 0.17908653846153846 0.3581730769230769 0.0625 0.052884615384615384
0 0.17548076923076922 0.41346153846153844 0.052884615384615384 0.054086538461538464
0 0.2512019230769231 0.40865384615384615 0.06129807692307692 0.054086538461538464
0 0.33413461538461536 0.49399038461538464 0.03485576923076923 0.11778846153846154
0 0.24879807692307693 0.4651442307692308 0.056490384615384616 0.046875
0 0.1814903846153846 0.47115384615384615 0.05889423076923077 0.05048076923076923
0 0.2536057692307692 0.5168269230769231 0.056490384615384616 0.04807692307692308
0 0.1814903846153846 0.5276442307692307 0.054086538461538464 0.04807692307692308
0 0.2608173076923077 0.5769230769230769 0.05889423076923077 0.054086538461538464
0 0.18870192307692307 0.5817307692307693 0.0625 0.055288461538461536
0 0.2608173076923077 0.6334134615384616 0.0625 0.054086538461538464
0 0.1935096153846154 0.6394230769230769 0.06129807692307692 0.055288461538461536
0 0.265625 0.6899038461538461 0.05889423076923077 0.054086538461538464
0 0.18990384615384615 0.6983173076923077 0.057692307692307696 0.051682692307692304
0 0.265625 0.7487980769230769 0.06009615384615385 0.051682692307692304
0 0.1935096153846154 0.7560096153846154 0.05889423076923077 0.04807692307692308
0 0.25961538461538464 0.8052884615384616 0.05889423076923077 0.05048076923076923
0 0.1935096153846154 0.8112980769230769 0.06370192307692307 0.05048076923076923
0 0.19110576923076922 0.8677884615384616 0.055288461538461536 0.04567307692307692
0 0.2704326923076923 0.8629807692307693 0.06850961538461539 0.055288461538461536
0 0.2704326923076923 0.9194711538461539 0.0625 0.052884615384615384
0 0.19951923076923078 0.9230769230769231 0.06129807692307692 0.052884615384615384
0 0.19831730769230768 0.9759615384615384 0.06129807692307692 0.04326923076923077
0 0.27403846153846156 0.9747596153846154 0.06009615384615385 0.046875
0 0.4266826923076923 0.9675480769230769 0.054086538461538464 0.05048076923076923
0 0.49759615384615385 0.9639423076923077 0.0625 0.055288461538461536
0 0.49399038461538464 0.9026442307692307 0.05889423076923077 0.051682692307692304
0 0.4182692307692308 0.9134615384615384 0.057692307692307696 0.05048076923076923
0 0.4170673076923077 0.8557692307692307 0.06370192307692307 0.052884615384615384
0 0.49399038461538464 0.8485576923076923 0.06129807692307692 0.051682692307692304
0 0.4951923076923077 0.7944711538461539 0.05889423076923077 0.046875
0 0.4182692307692308 0.8016826923076923 0.05889423076923077 0.04567307692307692
0 0.4170673076923077 0.7487980769230769 0.06129807692307692 0.05048076923076923
0 0.41346153846153844 0.6875 0.06009615384615385 0.052884615384615384
0 0.4098557692307692 0.6286057692307693 0.057692307692307696 0.05048076923076923
0 0.4879807692307692 0.6262019230769231 0.0625 0.051682692307692304
0 0.4831730769230769 0.5637019230769231 0.06129807692307692 0.051682692307692304
0 0.4074519230769231 0.5733173076923077 0.06009615384615385 0.055288461538461536
0 0.4050480769230769 0.5168269230769231 0.05889423076923077 0.051682692307692304
0 0.48197115384615385 0.5084134615384616 0.052884615384615384 0.051682692307692304
0 0.4807692307692308 0.4483173076923077 0.056490384615384616 0.052884615384615384
0 0.40625 0.46153846153846156 0.05048076923076923 0.051682692307692304
0 0.3942307692307692 0.4098557692307692 0.06490384615384616 0.05048076923076923
0 0.484375 0.3942307692307692 0.06370192307692307 0.051682692307692304
0 0.47716346153846156 0.3389423076923077 0.05048076923076923 0.051682692307692304
0 0.4074519230769231 0.3425480769230769 0.0625 0.054086538461538464
0 0.47596153846153844 0.27884615384615385 0.06370192307692307 0.05048076923076923
0 0.4098557692307692 0.29086538461538464 0.05889423076923077 0.05048076923076923
0 0.4699519230769231 0.22596153846153846 0.05889423076923077 0.051682692307692304
0 0.39663461538461536 0.2283653846153846 0.0625 0.05889423076923077
0 0.47475961538461536 0.17067307692307693 0.05889423076923077 0.051682692307692304
0 0.4014423076923077 0.17307692307692307 0.055288461538461536 0.052884615384615384
0 0.4026442307692308 0.11778846153846154 0.06129807692307692 0.04807692307692308
0 0.4723557692307692 0.11658653846153846 0.056490384615384616 0.052884615384615384
0 0.47475961538461536 0.06490384615384616 0.06129807692307692 0.04807692307692308
0 0.40024038461538464 0.06490384615384616 0.05889423076923077 0.051682692307692304
0 0.390625 0.019230769230769232 0.055288461538461536 0.038461538461538464
0 0.4699519230769231 0.019230769230769232 0.055288461538461536 0.038461538461538464
0 0.6177884615384616 0.018028846153846152 0.056490384615384616 0.036057692307692304
0 0.6790865384615384 0.019230769230769232 0.057692307692307696 0.038461538461538464
0 0.6838942307692307 0.06129807692307692 0.056490384615384616 0.04447115384615385
0 0.6862980769230769 0.10697115384615384 0.057692307692307696 0.04567307692307692
0 0.6129807692307693 0.056490384615384616 0.05889423076923077 0.054086538461538464
0 0.6177884615384616 0.11538461538461539 0.06129807692307692 0.056490384615384616
0 0.6189903846153846 0.16706730769230768 0.055288461538461536 0.051682692307692304
0 0.6262019230769231 0.2247596153846154 0.05048076923076923 0.046875
0 0.6935096153846154 0.21995192307692307 0.055288461538461536 0.05048076923076923
0 0.6935096153846154 0.27163461538461536 0.057692307692307696 0.05048076923076923
0 0.6923076923076923 0.3233173076923077 0.04927884615384615 0.05048076923076923
0 0.6262019230769231 0.27403846153846156 0.06129807692307692 0.054086538461538464
0 0.6286057692307693 0.33052884615384615 0.06129807692307692 0.05048076923076923
0 0.6995192307692307 0.3786057692307692 0.057692307692307696 0.05048076923076923
0 0.6286057692307693 0.38461538461538464 0.05889423076923077 0.052884615384615384
0 0.6286057692307693 0.4375 0.054086538461538464 0.05048076923076923
0 0.6995192307692307 0.4375 0.05889423076923077 0.05048076923076923
0 0.6995192307692307 0.49038461538461536 0.06129807692307692 0.05048076923076923
0 0.6322115384615384 0.49278846153846156 0.05889423076923077 0.05048076923076923
0 0.703125 0.5480769230769231 0.05889423076923077 0.046875
0 0.6370192307692307 0.5540865384615384 0.06129807692307692 0.05048076923076923
0 0.7067307692307693 0.6045673076923077 0.06009615384615385 0.054086538461538464
0 0.6370192307692307 0.609375 0.0625 0.056490384615384616
0 0.6394230769230769 0.6658653846153846 0.056490384615384616 0.04807692307692308
0 0.7055288461538461 0.6586538461538461 0.056490384615384616 0.04567307692307692
0 0.7115384615384616 0.7139423076923077 0.05889423076923077 0.055288461538461536
0 0.6418269230769231 0.7259615384615384 0.0625 0.055288461538461536
0 0.6418269230769231 0.7776442307692307 0.06129807692307692 0.04807692307692308
0 0.7127403846153846 0.7716346153846154 0.055288461538461536 0.052884615384615384
0 0.7103365384615384 0.8269230769230769 0.054086538461538464 0.04807692307692308
0 0.6430288461538461 0.8377403846153846 0.06370192307692307 0.054086538461538464
0 0.7163461538461539 0.8786057692307693 0.06009615384615385 0.04807692307692308
0 0.6502403846153846 0.890625 0.06370192307692307 0.052884615384615384
0 0.7127403846153846 0.9338942307692307 0.051682692307692304 0.051682692307692304
0 0.6514423076923077 0.9447115384615384 0.06490384615384616 0.052884615384615384
0 0.6514423076923077 0.984375 0.06370192307692307 0.026442307692307692
0 0.7199519230769231 0.9795673076923077 0.06370192307692307 0.038461538461538464
0 0.8629807692307693 0.9675480769230769 0.06129807692307692 0.05048076923076923
0 0.8677884615384616 0.9158653846153846 0.06370192307692307 0.05048076923076923
0 0.8653846153846154 0.8629807692307693 0.0625 0.055288461538461536
0 0.8641826923076923 0.8100961538461539 0.05048076923076923 0.04447115384615385
0 0.8641826923076923 0.7536057692307693 0.05889423076923077 0.046875
0 0.859375 0.703125 0.06009615384615385 0.056490384615384616
0 0.8557692307692307 0.6490384615384616 0.0625 0.046875
0 0.8533653846153846 0.5901442307692307 0.055288461538461536 0.051682692307692304
0 0.8533653846153846 0.5360576923076923 0.05889423076923077 0.05048076923076923
0 0.8509615384615384 0.4831730769230769 0.056490384615384616 0.05048076923076923
0 0.8521634615384616 0.42788461538461536 0.06850961538461539 0.052884615384615384
0 0.8449519230769231 0.37740384615384615 0.057692307692307696 0.046875
0 0.8473557692307693 0.3245192307692308 0.06610576923076923 0.051682692307692304
0 0.84375 0.26802884615384615 0.06490384615384616 0.04807692307692308
0 0.8425480769230769 0.21394230769230768 0.06490384615384616 0.055288461538461536
0 0.8365384615384616 0.15865384615384615 0.06129807692307692 0.04807692307692308
0 0.8353365384615384 0.10817307692307693 0.0625 0.04567307692307692
0 0.8365384615384616 0.056490384615384616 0.05889423076923077 0.046875
0 0.8293269230769231 0.018028846153846152 0.0625 0.036057692307692304
0 0.4879807692307692 0.6802884615384616 0.06129807692307692 0.051682692307692304
0 0.4951923076923077 0.7391826923076923 0.06370192307692307 0.046875