0 0.6778846153846154 0.06971153846153846 0.06490384615384616 0.05889423076923077
0 0.6862980769230769 0.13341346153846154 0.06490384615384616 0.052884615384615384
0 0.6935096153846154 0.18629807692307693 0.06129807692307692 0.054086538461538464
0 0.6947115384615384 0.24278846153846154 0.06129807692307692 0.04447115384615385
0 0.6971153846153846 0.3016826923076923 0.06490384615384616 0.052884615384615384
0 0.6935096153846154 0.35336538461538464 0.05889423076923077 0.046875
0 0.6911057692307693 0.4050480769230769 0.06129807692307692 0.04807692307692308
0 0.7127403846153846 0.46274038461538464 0.06370192307692307 0.051682692307692304
0 0.6887019230769231 0.5204326923076923 0.06009615384615385 0.04567307692307692
0 0.7091346153846154 0.5793269230769231 0.0673076923076923 0.054086538461538464
0 0.7067307692307693 0.6394230769230769 0.06370192307692307 0.05048076923076923
0 0.7019230769230769 0.6947115384615384 0.056490384615384616 0.051682692307692304
0 0.6995192307692307 0.7487980769230769 0.057692307692307696 0.04807692307692308
0 0.7067307692307693 0.8040865384615384 0.06129807692307692 0.055288461538461536
0 0.7043269230769231 0.8605769230769231 0.057692307692307696 0.051682692307692304
0 0.7091346153846154 0.9170673076923077 0.06610576923076923 0.051682692307692304
0 0.7127403846153846 0.9735576923076923 0.06610576923076923 0.05048076923076923
0 0.5805288461538461 0.21634615384615385 0.02403846153846154 0.10576923076923077
0 0.5817307692307693 0.3269230769230769 0.025240384615384616 0.10576923076923077
0 0.5901442307692307 0.43990384615384615 0.027644230769230768 0.1141826923076923
0 0.5925480769230769 0.5637019230769231 0.027644230769230768 0.11658653846153846
0 0.59375 0.6875 0.025240384615384616 0.11538461538461539
0 0.5961538461538461 0.796875 0.025240384615384616 0.0985576923076923
0 0.5985576923076923 0.9074519230769231 0.028846153846153848 0.11298076923076923
0 0.5348557692307693 0.17908653846153846 0.05889423076923077 0.06370192307692307
0 0.5300480769230769 0.2439903846153846 0.05889423076923077 0.04567307692307692
0 0.5324519230769231 0.3004807692307692 0.05889423076923077 0.051682692307692304
0 0.5324519230769231 0.3581730769230769 0.06370192307692307 0.04567307692307692
0 0.5372596153846154 0.4170673076923077 0.06129807692307692 0.05048076923076923
0 0.5432692307692307 0.4723557692307692 0.06370192307692307 0.04807692307692308
0 0.5408653846153846 0.5300480769230769 0.05889423076923077 0.05048076923076923
0 0.5384615384615384 0.5913461538461539 0.05889423076923077 0.05048076923076923
0 0.5396634615384616 0.6490384615384616 0.06610576923076923 0.04807692307692308
0 0.5420673076923077 0.7043269230769231 0.06129807692307692 0.052884615384615384
0 0.546875 0.7608173076923077 0.06370192307692307 0.054086538461538464
0 0.5420673076923077 0.8197115384615384 0.06610576923076923 0.051682692307692304
0 0.5408653846153846 0.8725961538461539 0.06610576923076923 0.056490384615384616
0 0.5432692307692307 0.9350961538461539 0.06370192307692307 0.0625
0 0.5456730769230769 0.9807692307692307 0.06971153846153846 0.036057692307692304
0 0.34975961538461536 0.07211538461538461 0.056490384615384616 0.056490384615384616
0 0.3605769230769231 0.13701923076923078 0.06129807692307692 0.056490384615384616
0 0.359375 0.19471153846153846 0.06610576923076923 0.056490384615384616
0 0.34975961538461536 0.2536057692307692 0.06370192307692307 0.055288461538461536
0 0.3485576923076923 0.3112980769230769 0.06129807692307692 0.05048076923076923
0 0.35216346153846156 0.36778846153846156 0.054086538461538464 0.055288461538461536
0 0.34615384615384615 0.42908653846153844 0.051682692307692304 0.046875
0 0.3485576923076923 0.4831730769230769 0.06129807692307692 0.046875
0 0.3485576923076923 0.5456730769230769 0.052884615384615384 0.05048076923076923
0 0.359375 0.5997596153846154 0.06129807692307692 0.05048076923076923
0 0.3641826923076923 0.6574519230769231 0.06129807692307692 0.051682692307692304
0 0.35697115384615385 0.7163461538461539 0.05889423076923077 0.055288461538461536
0 0.3557692307692308 0.7764423076923077 0.06009615384615385 0.04567307692307692
0 0.3557692307692308 0.8305288461538461 0.06370192307692307 0.051682692307692304
0 0.3581730769230769 0.8918269230769231 0.06129807692307692 0.05048076923076923
0 0.3605769230769231 0.9483173076923077 0.06370192307692307 0.055288461538461536
0 0.36538461538461536 0.9855769230769231 0.06370192307692307 0.02403846153846154