0 0.6310096153846154 0.020432692307692308 0.05889423076923077 0.040865384615384616
0 0.6322115384615384 0.0733173076923077 0.057692307692307696 0.046875
0 0.6346153846153846 0.1310096153846154 0.06009615384615385 0.05048076923076923
0 0.6310096153846154 0.18389423076923078 0.057692307692307696 0.05048076923076923
0 0.6262019230769231 0.23557692307692307 0.05889423076923077 0.046875
0 0.6502403846153846 0.2920673076923077 0.06009615384615385 0.051682692307692304
0 0.6262019230769231 0.3485576923076923 0.05889423076923077 0.04807692307692308
0 0.6442307692307693 0.40865384615384615 0.06370192307692307 0.051682692307692304
0 0.6418269230769231 0.46634615384615385 0.0625 0.05048076923076923
0 0.6370192307692307 0.5204326923076923 0.052884615384615384 0.04567307692307692
0 0.5192307692307693 0.04807692307692308 0.026442307692307692 0.09615384615384616
0 0.5204326923076923 0.15384615384615385 0.025240384615384616 0.09975961538461539
0 0.5276442307692307 0.2692307692307692 0.027644230769230768 0.1141826923076923
0 0.4723557692307692 0.018028846153846152 0.056490384615384616 0.036057692307692304
0 0.4675480769230769 0.07211538461538461 0.0625 0.051682692307692304
0 0.4699519230769231 0.12860576923076922 0.057692307692307696 0.051682692307692304
0 0.46875 0.18509615384615385 0.06009615384615385 0.04567307692307692
0 0.4723557692307692 0.24278846153846154 0.05889423076923077 0.052884615384615384
0 0.47836538461538464 0.3004807692307692 0.06009615384615385 0.052884615384615384
0 0.47596153846153844 0.359375 0.057692307692307696 0.05048076923076923
0 0.47475961538461536 0.41586538461538464 0.056490384615384616 0.04807692307692308
0 0.47716346153846156 0.5276442307692307 0.06490384615384616 0.052884615384615384
0 0.29447115384615385 0.02403846153846154 0.06610576923076923 0.046875
0 0.28365384615384615 0.078125 0.06129807692307692 0.051682692307692304
0 0.2824519230769231 0.13581730769230768 0.06370192307692307 0.04807692307692308
0 0.28846153846153844 0.1935096153846154 0.055288461538461536 0.04807692307692308
0 0.2800480769230769 0.25721153846153844 0.055288461538461536 0.04447115384615385
0 0.2848557692307692 0.3112980769230769 0.06370192307692307 0.04807692307692308
0 0.2824519230769231 0.3713942307692308 0.054086538461538464 0.054086538461538464
0 0.2956730769230769 0.4254807692307692 0.0625 0.052884615384615384
0 0.2980769230769231 0.48197115384615385 0.06009615384615385 0.055288461538461536
0 0.2920673076923077 0.6574519230769231 0.06370192307692307 0.052884615384615384
0 0.2956730769230769 0.5408653846153846 0.06009615384615385 0.04807692307692308
0 0.2932692307692308 0.5997596153846154 0.05889423076923077 0.05048076923076923
0 0.5348557692307693 0.7319711538461539 0.025240384615384616 0.109375
0 0.5300480769230769 0.3918269230769231 0.025240384615384616 0.11538461538461539
0 0.5300480769230769 0.515625 0.025240384615384616 0.11298076923076923
0 0.5336538461538461 0.6262019230769231 0.02403846153846154 0.0889423076923077
0 0.484375 0.5889423076923077 0.0625 0.046875
0 0.47596153846153844 0.47475961538461536 0.06129807692307692 0.04567307692307692
0 0.6382211538461539 0.5745192307692307 0.052884615384615384 0.04326923076923077
0 0.6442307692307693 0.6346153846153846 0.05889423076923077 0.04567307692307692
0 0.6418269230769231 0.6875 0.055288461538461536 0.04447115384615385
0 0.6466346153846154 0.7487980769230769 0.06009615384615385 0.052884615384615384
0 0.6490384615384616 0.8040865384615384 0.06009615384615385 0.046875
0 0.6574519230769231 0.8545673076923077 0.05889423076923077 0.046875
0 0.6514423076923077 0.9122596153846154 0.05889423076923077 0.051682692307692304
0 0.2956730769230769 0.7211538461538461 0.06129807692307692 0.051682692307692304
0 0.2980769230769231 0.7776442307692307 0.06490384615384616 0.04807692307692308
0 0.30408653846153844 0.8365384615384616 0.06490384615384616 0.055288461538461536
0 0.30408653846153844 0.8942307692307693 0.06129807692307692 0.051682692307692304
0 0.3112980769230769 0.9471153846153846 0.051682692307692304 0.05048076923076923
0 0.5384615384615384 0.8461538461538461 0.026442307692307692 0.109375
0 0.47836538461538464 0.7043269230769231 0.0625 0.055288461538461536
0 0.4795673076923077 0.6490384615384616 0.06370192307692307 0.052884615384615384
0 0.48197115384615385 0.765625 0.05889423076923077 0.05889423076923077
0 0.484375 0.8197115384615384 0.06490384615384616 0.056490384615384616
0 0.4831730769230769 0.875 0.06490384615384616 0.054086538461538464
0 0.4807692307692308 0.9314903846153846 0.06490384615384616 0.054086538461538464
0 0.6538461538461539 0.9699519230769231 0.0625 0.05048076923076923
0 0.5420673076923077 0.953125 0.028846153846153848 0.09014423076923077
0 0.4795673076923077 0.9831730769230769 0.057692307692307696 0.028846153846153848