0 0.8870192307692307 0.31850961538461536 0.055288461538461536 0.05889423076923077
0 0.018028846153846152 0.5829326923076923 0.03485576923076923 0.13221153846153846
0 0.7259615384615384 0.07211538461538461 0.03245192307692308 0.11658653846153846
0 0.7223557692307693 0.21153846153846154 0.030048076923076924 0.11658653846153846
0 0.7163461538461539 0.36658653846153844 0.028846153846153848 0.1141826923076923
0 0.5769230769230769 0.13341346153846154 0.056490384615384616 0.04807692307692308
0 0.5817307692307693 0.18870192307692307 0.052884615384615384 0.04807692307692308
0 0.5817307692307693 0.24278846153846154 0.05889423076923077 0.04326923076923077
0 0.5793269230769231 0.3016826923076923 0.052884615384615384 0.04447115384615385
0 0.5745192307692307 0.35697115384615385 0.054086538461538464 0.04807692307692308
0 0.5757211538461539 0.41346153846153844 0.06129807692307692 0.04567307692307692
0 0.5721153846153846 0.47115384615384615 0.06129807692307692 0.052884615384615384
0 0.5733173076923077 0.5288461538461539 0.05889423076923077 0.042067307692307696
0 0.5709134615384616 0.5877403846153846 0.06129807692307692 0.04807692307692308
0 0.5685096153846154 0.6430288461538461 0.057692307692307696 0.04326923076923077
0 0.5709134615384616 0.6959134615384616 0.0625 0.04326923076923077
0 0.5625 0.7560096153846154 0.05889423076923077 0.04807692307692308
0 0.4387019230769231 0.2644230769230769 0.054086538461538464 0.08052884615384616
0 0.4362980769230769 0.5564903846153846 0.056490384615384616 0.06850961538461539
0 0.4338942307692308 0.6165865384615384 0.057692307692307696 0.06610576923076923
0 0.4326923076923077 0.6790865384615384 0.05889423076923077 0.06610576923076923
0 0.30649038461538464 0.9254807692307693 0.0673076923076923 0.0733173076923077
0 0.30408653846153844 0.8485576923076923 0.052884615384615384 0.07211538461538461
0 0.3112980769230769 0.7884615384615384 0.051682692307692304 0.06370192307692307
0 0.30288461538461536 0.7163461538461539 0.056490384615384616 0.06850961538461539
0 0.30408653846153844 0.6574519230769231 0.06009615384615385 0.07451923076923077
0 0.3076923076923077 0.5889423076923077 0.05048076923076923 0.06610576923076923
0 0.31490384615384615 0.5288461538461539 0.05048076923076923 0.06610576923076923
0 0.3173076923076923 0.46634615384615385 0.039663461538461536 0.06490384615384616
0 0.3076923076923077 0.3954326923076923 0.05048076923076923 0.06850961538461539
0 0.31490384615384615 0.33774038461538464 0.04927884615384615 0.06490384615384616
0 0.3173076923076923 0.265625 0.04927884615384615 0.07451923076923077
0 0.32211538461538464 0.19471153846153846 0.057692307692307696 0.07932692307692307
0 0.31971153846153844 0.12860576923076922 0.051682692307692304 0.07451923076923077
0 0.31850961538461536 0.06370192307692307 0.0625 0.08413461538461539
0 0.3245192307692308 0.02403846153846154 0.055288461538461536 0.04807692307692308