0 0.38341346153846156 0.4074519230769231 0.026442307692307692 0.10697115384615384
0 0.41346153846153844 0.4110576923076923 0.025240384615384616 0.10096153846153846
0 0.44471153846153844 0.41225961538461536 0.027644230769230768 0.10096153846153846
0 0.4987980769230769 0.6670673076923077 0.028846153846153848 0.10576923076923077
0 0.47716346153846156 0.41225961538461536 0.025240384615384616 0.10096153846153846
0 0.53125 0.6658653846153846 0.026442307692307692 0.1045673076923077
0 0.5637019230769231 0.6682692307692307 0.030048076923076924 0.09254807692307693
0 0.4026442307692308 0.15144230769230768 0.026442307692307692 0.0985576923076923
0 0.4338942307692308 0.15865384615384615 0.02403846153846154 0.09495192307692307
0 0.46634615384615385 0.171875 0.02403846153846154 0.09615384615384616
0 0.4951923076923077 0.1778846153846154 0.02403846153846154 0.11298076923076923
0 0.5252403846153846 0.18028846153846154 0.026442307692307692 0.10336538461538461
0 0.5552884615384616 0.1778846153846154 0.02403846153846154 0.09495192307692307
0 0.5072115384615384 0.41225961538461536 0.025240384615384616 0.11298076923076923
0 0.5408653846153846 0.41346153846153844 0.026442307692307692 0.09975961538461539
0 0.5709134615384616 0.42908653846153844 0.028846153846153848 0.10576923076923077
0 0.6009615384615384 0.4230769230769231 0.027644230769230768 0.10697115384615384
0 0.6322115384615384 0.4338942307692308 0.027644230769230768 0.10697115384615384
0 0.6634615384615384 0.41947115384615385 0.025240384615384616 0.09975961538461539
0 0.6935096153846154 0.41346153846153844 0.027644230769230768 0.09254807692307693
0 0.7223557692307693 0.4338942307692308 0.026442307692307692 0.10336538461538461
0 0.7872596153846154 0.43509615384615385 0.03485576923076923 0.10697115384615384
0 0.7536057692307693 0.4411057692307692 0.03125 0.10336538461538461
0 0.3737980769230769 0.1502403846153846 0.025240384615384616 0.10697115384615384
0 0.59375 0.6682692307692307 0.027644230769230768 0.09014423076923077
0 0.6262019230769231 0.6634615384615384 0.026442307692307692 0.09014423076923077
0 0.6550480769230769 0.6634615384615384 0.027644230769230768 0.09615384615384616
0 0.6862980769230769 0.6658653846153846 0.028846153846153848 0.09254807692307693
0 0.7163461538461539 0.6670673076923077 0.026442307692307692 0.09134615384615384
0 0.3545673076923077 0.41586538461538464 0.030048076923076924 0.10817307692307693
0 0.4675480769230769 0.6790865384615384 0.026442307692307692 0.1045673076923077
0 0.43509615384615385 0.6574519230769231 0.027644230769230768 0.109375
0 0.4026442307692308 0.6694711538461539 0.028846153846153848 0.109375
0 0.3713942307692308 0.6730769230769231 0.02403846153846154 0.10096153846153846
0 0.34134615384615385 0.6682692307692307 0.025240384615384616 0.10817307692307693
0 0.3112980769230769 0.6802884615384616 0.025240384615384616 0.10336538461538461
0 0.2824519230769231 0.6682692307692307 0.028846153846153848 0.0985576923076923
0 0.2548076923076923 0.6598557692307693 0.026442307692307692 0.11298076923076923
0 0.21995192307692307 0.6622596153846154 0.030048076923076924 0.10336538461538461
0 0.18990384615384615 0.6682692307692307 0.03125 0.10576923076923077
0 0.1622596153846154 0.6538461538461539 0.027644230769230768 0.10576923076923077
0 0.13221153846153846 0.6502403846153846 0.03245192307692308 0.10817307692307693
0 0.13822115384615385 0.7536057692307693 0.05889423076923077 0.04807692307692308
0 0.14302884615384615 0.8605769230769231 0.06129807692307692 0.04567307692307692
0 0.14423076923076922 0.9170673076923077 0.06610576923076923 0.04807692307692308
0 0.13581730769230768 0.9699519230769231 0.06129807692307692 0.046875
0 0.015625 0.7776442307692307 0.03125 0.11298076923076923
0 0.016826923076923076 0.6502403846153846 0.03245192307692308 0.1045673076923077
0 0.02283653846153846 0.40865384615384615 0.037259615384615384 0.10336538461538461
0 0.004807692307692308 0.40865384615384615 0.009615384615384616 0.11057692307692307
0 0.32091346153846156 0.4182692307692308 0.027644230769230768 0.10576923076923077
0 0.2920673076923077 0.3942307692307692 0.026442307692307692 0.09615384615384616
0 0.2620192307692308 0.3942307692307692 0.027644230769230768 0.11538461538461539
0 0.23317307692307693 0.40024038461538464 0.030048076923076924 0.11298076923076923
0 0.20192307692307693 0.39903846153846156 0.028846153846153848 0.10336538461538461
0 0.17307692307692307 0.39903846153846156 0.027644230769230768 0.09735576923076923
0 0.14182692307692307 0.3954326923076923 0.03245192307692308 0.10096153846153846
0 0.018028846153846152 0.140625 0.03485576923076923 0.10576923076923077
0 0.04807692307692308 0.14182692307692307 0.025240384615384616 0.109375
0 0.07451923076923077 0.14302884615384615 0.03245192307692308 0.1141826923076923
0 0.10817307692307693 0.140625 0.03485576923076923 0.11538461538461539
0 0.13701923076923078 0.14423076923076922 0.030048076923076924 0.09014423076923077
0 0.16826923076923078 0.15384615384615385 0.028846153846153848 0.09975961538461539
0 0.19831730769230768 0.15865384615384615 0.030048076923076924 0.1045673076923077
0 0.2548076923076923 0.14903846153846154 0.030048076923076924 0.1045673076923077
0 0.2824519230769231 0.15865384615384615 0.025240384615384616 0.09735576923076923
0 0.3137019230769231 0.15504807692307693 0.028846153846153848 0.10697115384615384
0 0.3425480769230769 0.1502403846153846 0.030048076923076924 0.12259615384615384
0 0.6213942307692307 0.17307692307692307 0.026442307692307692 0.1141826923076923
0 0.6490384615384616 0.17668269230769232 0.027644230769230768 0.1045673076923077
0 0.6802884615384616 0.1814903846153846 0.028846153846153848 0.09975961538461539
0 0.7115384615384616 0.18028846153846154 0.027644230769230768 0.1045673076923077
0 0.7403846153846154 0.18389423076923078 0.027644230769230768 0.10697115384615384
0 0.7716346153846154 0.18990384615384615 0.028846153846153848 0.1045673076923077
0 0.8016826923076923 0.19471153846153846 0.030048076923076924 0.10576923076923077
0 0.8293269230769231 0.203125 0.025240384615384616 0.09735576923076923
0 0.8641826923076923 0.20793269230769232 0.030048076923076924 0.11057692307692307