0 0.9134615384615384 0.9795673076923077 0.09495192307692307 0.037259615384615384
0 0.8052884615384616 0.9338942307692307 0.08533653846153846 0.07932692307692307
0 0.9098557692307693 0.8401442307692307 0.0889423076923077 0.07091346153846154
0 0.9038461538461539 0.7596153846153846 0.08653846153846154 0.0733173076923077
0 0.8004807692307693 0.7680288461538461 0.07932692307692307 0.07091346153846154
0 0.796875 0.6189903846153846 0.09375 0.06610576923076923
0 0.7884615384615384 0.5300480769230769 0.09375 0.06490384615384616
0 0.7848557692307693 0.4483173076923077 0.09254807692307693 0.06971153846153846
0 0.8894230769230769 0.4375 0.09254807692307693 0.06971153846153846
0 0.8870192307692307 0.04807692307692308 0.08653846153846154 0.078125
0 0.7908653846153846 0.04567307692307692 0.0889423076923077 0.08413461538461539
0 0.5877403846153846 0.5540865384615384 0.07451923076923077 0.06610576923076923
0 0.5925480769230769 0.6370192307692307 0.07211538461538461 0.06850961538461539
0 0.5901442307692307 0.7980769230769231 0.08774038461538461 0.06971153846153846
0 0.5877403846153846 0.8822115384615384 0.08413461538461539 0.07692307692307693
0 0.6009615384615384 0.9591346153846154 0.07211538461538461 0.06490384615384616
0 0.484375 0.8942307692307693 0.09014423076923077 0.07932692307692307
0 0.4795673076923077 0.5709134615384616 0.08774038461538461 0.06971153846153846
0 0.4807692307692308 0.49278846153846156 0.0733173076923077 0.0625
0 0.21634615384615385 0.23918269230769232 0.08774038461538461 0.07692307692307693
0 0.2692307692307692 0.5913461538461539 0.09254807692307693 0.078125
0 0.2644230769230769 0.6850961538461539 0.09134615384615384 0.06610576923076923
0 0.2932692307692308 0.9182692307692307 0.0829326923076923 0.06129807692307692
0 0.09014423076923077 0.9290865384615384 0.078125 0.07692307692307693
0 0.08653846153846154 0.8557692307692307 0.07932692307692307 0.06971153846153846
0 0.08653846153846154 0.7764423076923077 0.08052884615384616 0.06610576923076923
0 0.08173076923076923 0.6971153846153846 0.07932692307692307 0.06850961538461539
0 0.07211538461538461 0.6274038461538461 0.08052884615384616 0.0625