0 0.24519230769230768 0.5324519230769231 0.04447115384615385 0.12860576923076922
0 0.3581730769230769 0.25600961538461536 0.038461538461538464 0.13942307692307693
0 0.39663461538461536 0.23557692307692307 0.03365384615384615 0.12259615384615384
0 0.4362980769230769 0.2403846153846154 0.030048076923076924 0.12860576923076922
0 0.42908653846153844 0.8100961538461539 0.06490384615384616 0.15264423076923078
0 0.32572115384615385 0.5372596153846154 0.04567307692307692 0.140625
0 0.36778846153846156 0.546875 0.038461538461538464 0.13221153846153846
0 0.5300480769230769 0.5600961538461539 0.04447115384615385 0.125
0 0.5697115384615384 0.5564903846153846 0.04927884615384615 0.13701923076923078
0 0.5552884615384616 0.25721153846153844 0.03245192307692308 0.12139423076923077
0 0.5168269230769231 0.2439903846153846 0.030048076923076924 0.12620192307692307
0 0.47596153846153844 0.2439903846153846 0.028846153846153848 0.08052884615384616
0 0.0625 0.7860576923076923 0.055288461538461536 0.125
0 0.1045673076923077 0.7884615384615384 0.056490384615384616 0.13581730769230768
0 0.19230769230769232 0.8028846153846154 0.054086538461538464 0.13341346153846154
0 0.46875 0.8149038461538461 0.05048076923076923 0.12139423076923077
0 0.5637019230769231 0.8233173076923077 0.05889423076923077 0.1346153846153846
0 0.6069711538461539 0.8221153846153846 0.057692307692307696 0.13221153846153846
0 0.6586538461538461 0.8100961538461539 0.057692307692307696 0.13221153846153846
0 0.6502403846153846 0.5745192307692307 0.04326923076923077 0.12379807692307693
0 0.6923076923076923 0.5697115384615384 0.040865384615384616 0.1310096153846154
0 0.7295673076923077 0.5564903846153846 0.04447115384615385 0.12860576923076922
0 0.7668269230769231 0.5552884615384616 0.04447115384615385 0.14182692307692307
0 0.8076923076923077 0.5649038461538461 0.04567307692307692 0.1310096153846154
0 0.9567307692307693 0.46274038461538464 0.04447115384615385 0.13581730769230768
0 0.9747596153846154 0.08052884615384616 0.04927884615384615 0.06971153846153846
0 0.8990384615384616 0.29447115384615385 0.036057692307692304 0.12259615384615384
0 0.8629807692307693 0.2824519230769231 0.037259615384615384 0.11658653846153846
0 0.8245192307692307 0.2692307692307692 0.03365384615384615 0.1310096153846154
0 0.7884615384615384 0.2704326923076923 0.03485576923076923 0.13581730769230768
0 0.75 0.2764423076923077 0.037259615384615384 0.1346153846153846
0 0.7115384615384616 0.26802884615384615 0.03245192307692308 0.12259615384615384
0 0.671875 0.2704326923076923 0.030048076923076924 0.09975961538461539
0 0.6334134615384616 0.25841346153846156 0.030048076923076924 0.12860576923076922
0 0.59375 0.25240384615384615 0.03365384615384615 0.13581730769230768
0 0.3161057692307692 0.23798076923076922 0.038461538461538464 0.14302884615384615
0 0.2776442307692308 0.23798076923076922 0.036057692307692304 0.12139423076923077
0 0.24158653846153846 0.24158653846153846 0.03485576923076923 0.13581730769230768
0 0.1971153846153846 0.24879807692307693 0.04807692307692308 0.14903846153846154
0 0.1622596153846154 0.23557692307692307 0.03485576923076923 0.12860576923076922
0 0.12860576923076922 0.23076923076923078 0.03485576923076923 0.1346153846153846
0 0.08774038461538461 0.22355769230769232 0.038461538461538464 0.13341346153846154
0 0.04927884615384615 0.24158653846153846 0.038461538461538464 0.13221153846153846
0 0.015625 0.21995192307692307 0.03125 0.13341346153846154
0 0.054086538461538464 0.5240384615384616 0.055288461538461536 0.12740384615384615
0 0.019230769230769232 0.5120192307692307 0.038461538461538464 0.13942307692307693
0 0.6935096153846154 0.8389423076923077 0.052884615384615384 0.13581730769230768
0 0.7403846153846154 0.8317307692307693 0.052884615384615384 0.125
0 0.7824519230769231 0.8365384615384616 0.06370192307692307 0.1346153846153846
0 0.8341346153846154 0.8317307692307693 0.06370192307692307 0.13701923076923078
0 0.8701923076923077 0.8425480769230769 0.05048076923076923 0.11899038461538461
0 0.9110576923076923 0.8473557692307693 0.06129807692307692 0.140625
0 0.9591346153846154 0.8197115384615384 0.055288461538461536 0.12379807692307693
0 0.9855769230769231 0.8269230769230769 0.027644230769230768 0.11658653846153846