0 0.8810096153846154 0.48197115384615385 0.06129807692307692 0.051682692307692304
0 0.7067307692307693 0.5372596153846154 0.027644230769230768 0.11298076923076923
0 0.7139423076923077 0.37740384615384615 0.030048076923076924 0.1141826923076923
0 0.7175480769230769 0.23918269230769232 0.03365384615384615 0.12139423076923077
0 0.7211538461538461 0.08653846153846154 0.03125 0.11658653846153846
0 0.015625 0.2668269230769231 0.030048076923076924 0.12259615384615384
0 0.5721153846153846 0.13701923076923078 0.06009615384615385 0.056490384615384616
0 0.5685096153846154 0.30408653846153844 0.056490384615384616 0.051682692307692304
0 0.5697115384615384 0.3629807692307692 0.056490384615384616 0.042067307692307696
0 0.5721153846153846 0.4182692307692308 0.057692307692307696 0.054086538461538464
0 0.5697115384615384 0.47596153846153844 0.06009615384615385 0.046875
0 0.5661057692307693 0.5300480769230769 0.057692307692307696 0.04447115384615385
0 0.5673076923076923 0.5877403846153846 0.06129807692307692 0.05048076923076923
0 0.5637019230769231 0.6454326923076923 0.06370192307692307 0.04807692307692308
0 0.5637019230769231 0.7019230769230769 0.06129807692307692 0.04447115384615385
0 0.5612980769230769 0.7584134615384616 0.0625 0.04807692307692308
0 0.5588942307692307 0.8185096153846154 0.057692307692307696 0.04447115384615385
0 0.5612980769230769 0.8677884615384616 0.06370192307692307 0.052884615384615384
0 0.5540865384615384 0.9278846153846154 0.06370192307692307 0.051682692307692304
0 0.43028846153846156 0.4387019230769231 0.05889423076923077 0.06971153846153846
0 0.4254807692307692 0.7331730769230769 0.054086538461538464 0.07091346153846154
0 0.4254807692307692 0.7944711538461539 0.057692307692307696 0.06971153846153846
0 0.4230769230769231 0.8497596153846154 0.06009615384615385 0.07091346153846154
0 0.3112980769230769 0.04567307692307692 0.06370192307692307 0.06971153846153846
0 0.31009615384615385 0.109375 0.06850961538461539 0.07932692307692307
0 0.31009615384615385 0.1778846153846154 0.06129807692307692 0.09014423076923077
0 0.30649038461538464 0.23918269230769232 0.06129807692307692 0.08653846153846154
0 0.30649038461538464 0.296875 0.056490384615384616 0.08052884615384616
0 0.3112980769230769 0.36899038461538464 0.05889423076923077 0.0829326923076923
0 0.31009615384615385 0.4411057692307692 0.04807692307692308 0.07211538461538461
0 0.30528846153846156 0.5084134615384616 0.051682692307692304 0.06610576923076923
0 0.2956730769230769 0.5709134615384616 0.055288461538461536 0.06009615384615385
0 0.30408653846153844 0.6394230769230769 0.054086538461538464 0.07451923076923077
0 0.30408653846153844 0.7043269230769231 0.05048076923076923 0.06971153846153846
0 0.2956730769230769 0.7620192307692307 0.056490384615384616 0.06490384615384616
0 0.2956730769230769 0.8305288461538461 0.06129807692307692 0.06850961538461539
0 0.29447115384615385 0.890625 0.06009615384615385 0.07451923076923077
0 0.30288461538461536 0.9627403846153846 0.055288461538461536 0.06009615384615385
0 0.43509615384615385 0.038461538461538464 0.06490384615384616 0.07692307692307693