0 0.4891826923076923 0.30288461538461536 0.04326923076923077 0.15264423076923078
0 0.4699519230769231 0.7644230769230769 0.04447115384615385 0.16706730769230768
0 0.4423076923076923 0.2920673076923077 0.040865384615384616 0.15504807692307693
0 0.5192307692307693 0.7704326923076923 0.04567307692307692 0.16826923076923078
0 0.3954326923076923 0.2776442307692308 0.038461538461538464 0.15384615384615385
0 0.5432692307692307 0.31850961538461536 0.042067307692307696 0.15504807692307693
0 0.5877403846153846 0.3269230769230769 0.038461538461538464 0.15264423076923078
0 0.6334134615384616 0.3317307692307692 0.04326923076923077 0.1658653846153846
0 0.6790865384615384 0.33413461538461536 0.046875 0.17668269230769232
0 0.7283653846153846 0.34134615384615385 0.042067307692307696 0.15264423076923078
0 0.7776442307692307 0.3605769230769231 0.04567307692307692 0.1658653846153846
0 0.8221153846153846 0.3485576923076923 0.04567307692307692 0.13581730769230768
0 0.8677884615384616 0.3605769230769231 0.040865384615384616 0.17067307692307693
0 0.9134615384615384 0.359375 0.04326923076923077 0.1502403846153846
0 0.3485576923076923 0.27163461538461536 0.04326923076923077 0.16105769230769232
0 0.3004807692307692 0.265625 0.04927884615384615 0.16826923076923078
0 0.2536057692307692 0.27163461538461536 0.04326923076923077 0.14543269230769232
0 0.2091346153846154 0.2644230769230769 0.05048076923076923 0.1622596153846154
0 0.15985576923076922 0.27163461538461536 0.04807692307692308 0.1622596153846154
0 0.11538461538461539 0.2692307692307692 0.05048076923076923 0.16105769230769232
0 0.0733173076923077 0.25 0.052884615384615384 0.15985576923076922
0 0.02403846153846154 0.25240384615384615 0.04807692307692308 0.1658653846153846
0 0.9867788461538461 0.37259615384615385 0.021634615384615384 0.14423076923076922
0 0.8954326923076923 0.8401442307692307 0.04927884615384615 0.17668269230769232
0 0.8064903846153846 0.8016826923076923 0.05048076923076923 0.1778846153846154
0 0.7127403846153846 0.7884615384615384 0.046875 0.16947115384615385
0 0.6634615384615384 0.7932692307692307 0.046875 0.1622596153846154
0 0.6165865384615384 0.7884615384615384 0.04807692307692308 0.16105769230769232
0 0.5697115384615384 0.7596153846153846 0.040865384615384616 0.1466346153846154
0 0.4206730769230769 0.7572115384615384 0.04567307692307692 0.15745192307692307
0 0.3762019230769231 0.7463942307692307 0.04326923076923077 0.16706730769230768
0 0.3269230769230769 0.75 0.046875 0.16706730769230768
0 0.27403846153846156 0.7403846153846154 0.04567307692307692 0.17067307692307693
0 0.2283653846153846 0.7283653846153846 0.040865384615384616 0.15264423076923078
0 0.18509615384615385 0.7223557692307693 0.04567307692307692 0.15144230769230768
0 0.13581730769230768 0.7127403846153846 0.052884615384615384 0.16706730769230768
0 0.09134615384615384 0.7175480769230769 0.04807692307692308 0.13221153846153846
0 0.046875 0.7043269230769231 0.052884615384615384 0.15745192307692307
0 0.013221153846153846 0.6766826923076923 0.025240384615384616 0.16346153846153846