0 0.4266826923076923 0.9471153846153846 0.05889423076923077 0.05048076923076923
0 0.4951923076923077 0.9411057692307693 0.06129807692307692 0.05048076923076923
0 0.7043269230769231 0.7872596153846154 0.056490384615384616 0.052884615384615384
0 0.6382211538461539 0.7956730769230769 0.06370192307692307 0.04807692307692308
0 0.6442307692307693 0.7307692307692307 0.056490384615384616 0.051682692307692304
0 0.2800480769230769 0.9002403846153846 0.05889423076923077 0.04807692307692308
0 0.6418269230769231 0.9399038461538461 0.051682692307692304 0.04447115384615385
0 0.7151442307692307 0.9350961538461539 0.06370192307692307 0.04807692307692308
0 0.49399038461538464 0.6081730769230769 0.06009615384615385 0.04447115384615385
0 0.2848557692307692 0.7860576923076923 0.06129807692307692 0.04567307692307692
0 0.20793269230769232 0.8401442307692307 0.055288461538461536 0.04447115384615385
0 0.49278846153846156 0.5540865384615384 0.06129807692307692 0.05048076923076923
0 0.27524038461538464 0.6754807692307693 0.06009615384615385 0.052884615384615384
0 0.27884615384615385 0.6225961538461539 0.055288461538461536 0.04567307692307692
0 0.7115384615384616 0.6081730769230769 0.06009615384615385 0.04567307692307692
0 0.7115384615384616 0.6658653846153846 0.06129807692307692 0.04807692307692308
0 0.7091346153846154 0.7235576923076923 0.051682692307692304 0.04807692307692308
0 0.6418269230769231 0.5600961538461539 0.056490384615384616 0.05048076923076923
0 0.22355769230769232 0.6189903846153846 0.027644230769230768 0.1045673076923077
0 0.2283653846153846 0.7391826923076923 0.02403846153846154 0.09975961538461539
0 0.2776442307692308 0.8401442307692307 0.057692307692307696 0.04807692307692308
0 0.2127403846153846 0.8954326923076923 0.06370192307692307 0.04807692307692308
0 0.2127403846153846 0.953125 0.051682692307692304 0.04326923076923077
0 0.2764423076923077 0.953125 0.05889423076923077 0.046875
0 0.27884615384615385 0.5649038461538461 0.056490384615384616 0.04326923076923077
0 0.27403846153846156 0.5096153846153846 0.05889423076923077 0.051682692307692304
0 0.2704326923076923 0.4543269230769231 0.054086538461538464 0.05048076923076923
0 0.27283653846153844 0.4014423076923077 0.055288461538461536 0.04567307692307692
0 0.41225961538461536 0.33653846153846156 0.05889423076923077 0.052884615384615384
0 0.4879807692307692 0.3329326923076923 0.055288461538461536 0.05048076923076923
0 0.48677884615384615 0.3858173076923077 0.054086538461538464 0.04447115384615385
0 0.41466346153846156 0.39302884615384615 0.05889423076923077 0.055288461538461536
0 0.4170673076923077 0.44591346153846156 0.054086538461538464 0.046875
0 0.49038461538461536 0.4387019230769231 0.06370192307692307 0.051682692307692304
0 0.2764423076923077 0.7295673076923077 0.06129807692307692 0.042067307692307696
0 0.8521634615384616 0.8689903846153846 0.052884615384615384 0.04567307692307692
0 0.8509615384615384 0.7524038461538461 0.06129807692307692 0.051682692307692304
0 0.8533653846153846 0.8149038461538461 0.056490384615384616 0.046875
0 0.6382211538461539 0.4483173076923077 0.057692307692307696 0.05048076923076923
0 0.6394230769230769 0.4987980769230769 0.055288461538461536 0.046875
0 0.0829326923076923 0.8004807692307693 0.03125 0.1045673076923077
0 0.08533653846153846 0.9230769230769231 0.030048076923076924 0.10697115384615384
0 0.41947115384615385 0.5588942307692307 0.06370192307692307 0.04807692307692308
0 0.4230769230769231 0.8930288461538461 0.06129807692307692 0.05048076923076923
0 0.49278846153846156 0.8870192307692307 0.0625 0.054086538461538464
0 0.49278846153846156 0.8317307692307693 0.06129807692307692 0.052884615384615384
0 0.4230769230769231 0.8365384615384616 0.056490384615384616 0.04567307692307692
0 0.49278846153846156 0.7788461538461539 0.052884615384615384 0.05048076923076923
0 0.4254807692307692 0.7848557692307693 0.06850961538461539 0.054086538461538464
0 0.4230769230769231 0.7235576923076923 0.06370192307692307 0.052884615384615384
0 0.4891826923076923 0.7259615384615384 0.06370192307692307 0.05048076923076923
0 0.49278846153846156 0.6634615384615384 0.06370192307692307 0.051682692307692304
0 0.4182692307692308 0.6706730769230769 0.05889423076923077 0.046875
0 0.42427884615384615 0.6129807692307693 0.052884615384615384 0.05048076923076923
0 0.49278846153846156 0.5 0.06009615384615385 0.04807692307692308
0 0.4254807692307692 0.5072115384615384 0.055288461538461536 0.04567307692307692
0 0.6995192307692307 0.33413461538461536 0.06009615384615385 0.051682692307692304
0 0.7043269230769231 0.390625 0.05889423076923077 0.04807692307692308
0 0.7043269230769231 0.4483173076923077 0.06129807692307692 0.05048076923076923
0 0.7091346153846154 0.4987980769230769 0.06129807692307692 0.04326923076923077
0 0.7115384615384616 0.5552884615384616 0.06009615384615385 0.05048076923076923
0 0.6418269230769231 0.671875 0.06370192307692307 0.04807692307692308
0 0.6370192307692307 0.6165865384615384 0.056490384615384616 0.04326923076923077
0 0.8497596153846154 0.7019230769230769 0.06370192307692307 0.046875
0 0.8497596153846154 0.6490384615384616 0.05889423076923077 0.05048076923076923
0 0.8497596153846154 0.5901442307692307 0.055288461538461536 0.051682692307692304
0 0.8509615384615384 0.5360576923076923 0.0625 0.051682692307692304
0 0.8497596153846154 0.4831730769230769 0.05889423076923077 0.054086538461538464
0 0.8473557692307693 0.4266826923076923 0.06610576923076923 0.052884615384615384
0 0.8449519230769231 0.375 0.06129807692307692 0.046875
0 0.8473557692307693 0.3245192307692308 0.056490384615384616 0.052884615384615384
0 0.8461538461538461 0.27524038461538464 0.06129807692307692 0.046875
0 0.8377403846153846 0.22355769230769232 0.0625 0.05048076923076923
0 0.8341346153846154 0.16947115384615385 0.04807692307692308 0.05048076923076923
0 0.8269230769230769 0.11298076923076923 0.05889423076923077 0.05048076923076923
0 0.8233173076923077 0.0625 0.055288461538461536 0.054086538461538464
0 0.8233173076923077 0.018028846153846152 0.06610576923076923 0.036057692307692304
0 0.6887019230769231 0.02283653846153846 0.06129807692307692 0.04567307692307692
0 0.6838942307692307 0.06971153846153846 0.05889423076923077 0.051682692307692304
0 0.6838942307692307 0.12139423076923077 0.052884615384615384 0.05048076923076923
0 0.6899038461538461 0.17548076923076922 0.05889423076923077 0.05048076923076923
0 0.6935096153846154 0.22596153846153846 0.06370192307692307 0.054086538461538464
0 0.6935096153846154 0.27884615384615385 0.04807692307692308 0.04567307692307692
0 0.6370192307692307 0.3918269230769231 0.0625 0.05048076923076923
0 0.625 0.3401442307692308 0.057692307692307696 0.051682692307692304
0 0.6274038461538461 0.2824519230769231 0.05889423076923077 0.04807692307692308
0 0.6213942307692307 0.23197115384615385 0.052884615384615384 0.05048076923076923
0 0.6225961538461539 0.1778846153846154 0.05048076923076923 0.051682692307692304
0 0.6201923076923077 0.12259615384615384 0.054086538461538464 0.051682692307692304
0 0.6201923076923077 0.0733173076923077 0.0625 0.05048076923076923
0 0.6153846153846154 0.02283653846153846 0.0625 0.04567307692307692
0 0.4831730769230769 0.021634615384615384 0.056490384615384616 0.04326923076923077
0 0.4831730769230769 0.06490384615384616 0.055288461538461536 0.04807692307692308
0 0.48197115384615385 0.11658653846153846 0.06129807692307692 0.054086538461538464
0 0.48197115384615385 0.17067307692307693 0.055288461538461536 0.052884615384615384
0 0.47836538461538464 0.22355769230769232 0.06370192307692307 0.054086538461538464
0 0.4831730769230769 0.2776442307692308 0.056490384615384616 0.04807692307692308
0 0.4110576923076923 0.28365384615384615 0.052884615384615384 0.04807692307692308
0 0.41225961538461536 0.22956730769230768 0.056490384615384616 0.05048076923076923
0 0.41586538461538464 0.17668269230769232 0.05889423076923077 0.046875
0 0.41346153846153844 0.125 0.057692307692307696 0.05048076923076923
0 0.4050480769230769 0.06971153846153846 0.057692307692307696 0.054086538461538464
0 0.41947115384615385 0.021634615384615384 0.056490384615384616 0.04326923076923077
0 0.2800480769230769 0.03245192307692308 0.056490384615384616 0.046875
0 0.2692307692307692 0.08173076923076923 0.056490384615384616 0.054086538461538464
0 0.27884615384615385 0.13581730769230768 0.06129807692307692 0.05048076923076923
0 0.2800480769230769 0.18509615384615385 0.05048076923076923 0.051682692307692304
0 0.27524038461538464 0.23918269230769232 0.056490384615384616 0.051682692307692304
0 0.27403846153846156 0.2920673076923077 0.06370192307692307 0.046875
0 0.27163461538461536 0.3473557692307692 0.06129807692307692 0.05048076923076923
0 0.15264423076923078 0.17307692307692307 0.05889423076923077 0.05048076923076923
0 0.14423076923076922 0.12139423076923077 0.056490384615384616 0.05048076923076923
0 0.1466346153846154 0.06370192307692307 0.055288461538461536 0.04807692307692308
0 0.8605769230769231 0.9723557692307693 0.056490384615384616 0.052884615384615384
0 0.6418269230769231 0.9855769230769231 0.06129807692307692 0.025240384615384616
0 0.7127403846153846 0.9819711538461539 0.055288461538461536 0.03245192307692308
0 0.49399038461538464 0.9831730769230769 0.057692307692307696 0.030048076923076924
0 0.42427884615384615 0.9879807692307693 0.057692307692307696 0.021634615384615384