0 0.6189903846153846 0.30408653846153844 0.03245192307692308 0.13341346153846154
0 0.5805288461538461 0.29447115384615385 0.03245192307692308 0.12860576923076922
0 0.6574519230769231 0.6454326923076923 0.027644230769230768 0.12259615384615384
0 0.6081730769230769 0.6538461538461539 0.030048076923076924 0.12740384615384615
0 0.5685096153846154 0.6514423076923077 0.027644230769230768 0.10697115384615384
0 0.53125 0.6322115384615384 0.03365384615384615 0.13341346153846154
0 0.49278846153846156 0.6526442307692307 0.03125 0.12740384615384615
0 0.4543269230769231 0.640625 0.03125 0.1346153846153846
0 0.41466346153846156 0.6454326923076923 0.03125 0.12860576923076922
0 0.37740384615384615 0.6454326923076923 0.03485576923076923 0.12740384615384615
0 0.6009615384615384 0.08774038461538461 0.07692307692307693 0.0733173076923077
0 0.5408653846153846 0.28365384615384615 0.03245192307692308 0.12620192307692307
0 0.4987980769230769 0.2920673076923077 0.03245192307692308 0.12620192307692307
0 0.46033653846153844 0.2824519230769231 0.03365384615384615 0.12259615384615384
0 0.421875 0.2824519230769231 0.03125 0.11298076923076923
0 0.38461538461538464 0.2920673076923077 0.03485576923076923 0.13341346153846154
0 0.3112980769230769 0.28725961538461536 0.03485576923076923 0.12740384615384615
0 0.27283653846153844 0.28725961538461536 0.03365384615384615 0.12620192307692307
0 0.23798076923076922 0.25600961538461536 0.03485576923076923 0.12620192307692307
0 0.20192307692307693 0.25961538461538464 0.03485576923076923 0.12379807692307693
0 0.16706730769230768 0.25240384615384615 0.03485576923076923 0.12259615384615384
0 0.09975961538461539 0.25 0.036057692307692304 0.11899038461538461
0 0.06129807692307692 0.25600961538461536 0.038461538461538464 0.13341346153846154
0 0.025240384615384616 0.24879807692307693 0.042067307692307696 0.10576923076923077
0 0.004807692307692308 0.2608173076923077 0.009615384615384616 0.125
0 0.33533653846153844 0.6370192307692307 0.042067307692307696 0.1971153846153846
0 0.23076923076923078 0.6310096153846154 0.037259615384615384 0.12620192307692307
0 0.19831730769230768 0.6045673076923077 0.03245192307692308 0.125
0 0.08653846153846154 0.6262019230769231 0.038461538461538464 0.13341346153846154
0 0.019230769230769232 0.5949519230769231 0.038461538461538464 0.13942307692307693