0 0.4567307692307692 0.9026442307692307 0.03365384615384615 0.140625
0 0.41346153846153844 0.8786057692307693 0.037259615384615384 0.15144230769230768
0 0.3737980769230769 0.8894230769230769 0.036057692307692304 0.14182692307692307
0 0.3317307692307692 0.8894230769230769 0.038461538461538464 0.15144230769230768
0 0.2920673076923077 0.8966346153846154 0.042067307692307696 0.14543269230769232
0 0.2512019230769231 0.8870192307692307 0.038461538461538464 0.15504807692307693
0 0.2091346153846154 0.9026442307692307 0.040865384615384616 0.15144230769230768
0 0.16466346153846154 0.8918269230769231 0.042067307692307696 0.14302884615384615
0 0.07932692307692307 0.8990384615384616 0.04326923076923077 0.15144230769230768
0 0.12139423076923077 0.8858173076923077 0.038461538461538464 0.1310096153846154
0 0.025240384615384616 0.9170673076923077 0.05048076923076923 0.15144230769230768
0 0.5012019230769231 0.8786057692307693 0.038461538461538464 0.14543269230769232
0 0.5456730769230769 0.8810096153846154 0.03365384615384615 0.13581730769230768
0 0.5829326923076923 0.8834134615384616 0.03485576923076923 0.13701923076923078
0 0.6310096153846154 0.9038461538461539 0.04447115384615385 0.18028846153846154
0 0.6694711538461539 0.8786057692307693 0.03365384615384615 0.14302884615384615
0 0.7067307692307693 0.8725961538461539 0.03485576923076923 0.1310096153846154
0 0.7463942307692307 0.8653846153846154 0.036057692307692304 0.15384615384615385
0 0.7896634615384616 0.8786057692307693 0.039663461538461536 0.14182692307692307
0 0.8293269230769231 0.8533653846153846 0.03365384615384615 0.1310096153846154
0 0.8653846153846154 0.8497596153846154 0.038461538461538464 0.13221153846153846
0 0.9074519230769231 0.8485576923076923 0.037259615384615384 0.0829326923076923
0 0.9447115384615384 0.8425480769230769 0.039663461538461536 0.13942307692307693
0 0.9807692307692307 0.8533653846153846 0.036057692307692304 0.12740384615384615
0 0.8834134615384616 0.5336538461538461 0.07692307692307693 0.06129807692307692
0 0.7980769230769231 0.5336538461538461 0.0733173076923077 0.06971153846153846
0 0.42427884615384615 0.546875 0.08173076923076923 0.06370192307692307
0 0.2776442307692308 0.5456730769230769 0.07692307692307693 0.06129807692307692
0 0.18389423076923078 0.5480769230769231 0.08413461538461539 0.06009615384615385
0 0.078125 0.5564903846153846 0.09014423076923077 0.06129807692307692