0 0.6658653846153846 0.8449519230769231 0.037259615384615384 0.15745192307692307
0 0.6274038461538461 0.8473557692307693 0.03245192307692308 0.12860576923076922
0 0.5865384615384616 0.8545673076923077 0.03365384615384615 0.1466346153846154
0 0.5 0.8533653846153846 0.037259615384615384 0.14182692307692307
0 0.46033653846153844 0.8473557692307693 0.03485576923076923 0.13942307692307693
0 0.41586538461538464 0.8461538461538461 0.038461538461538464 0.14423076923076922
0 0.21153846153846154 0.8581730769230769 0.04326923076923077 0.1466346153846154
0 0.10697115384615384 0.5084134615384616 0.08653846153846154 0.06129807692307692
0 0.2920673076923077 0.8485576923076923 0.03245192307692308 0.14302884615384615
0 0.3317307692307692 0.8425480769230769 0.03485576923076923 0.1466346153846154
0 0.16947115384615385 0.8473557692307693 0.038461538461538464 0.15264423076923078
0 0.12860576923076922 0.859375 0.039663461538461536 0.14543269230769232
0 0.08413461538461539 0.8533653846153846 0.04567307692307692 0.1466346153846154
0 0.25240384615384615 0.8485576923076923 0.037259615384615384 0.14903846153846154
0 0.3737980769230769 0.8665865384615384 0.03485576923076923 0.14182692307692307
0 0.19951923076923078 0.5072115384615384 0.0733173076923077 0.05889423076923077
0 0.3401442307692308 0.5096153846153846 0.08052884615384616 0.06009615384615385
0 0.7199519230769231 0.5060096153846154 0.07692307692307693 0.06490384615384616
0 0.8088942307692307 0.5084134615384616 0.07692307692307693 0.05889423076923077
0 0.8677884615384616 0.8197115384615384 0.03485576923076923 0.13221153846153846
0 0.9074519230769231 0.8293269230769231 0.038461538461538464 0.12740384615384615
0 0.9471153846153846 0.8209134615384616 0.038461538461538464 0.14182692307692307
0 0.9903846153846154 0.4987980769230769 0.015625 0.06129807692307692
0 0.036057692307692304 0.8473557692307693 0.04326923076923077 0.13341346153846154
0 0.984375 0.8221153846153846 0.028846153846153848 0.140625
0 0.7908653846153846 0.828125 0.03485576923076923 0.14182692307692307
0 0.8317307692307693 0.8221153846153846 0.03365384615384615 0.08653846153846154
0 0.7151442307692307 0.8545673076923077 0.037259615384615384 0.14302884615384615
0 0.7524038461538461 0.8269230769230769 0.03245192307692308 0.13701923076923078
0 0.02403846153846154 0.5168269230769231 0.04807692307692308 0.06009615384615385
0 0.5492788461538461 0.875 0.038461538461538464 0.18389423076923078
0 0.007211538461538462 0.8665865384615384 0.014423076923076924 0.14903846153846154