0 0.5745192307692307 0.3245192307692308 0.025240384615384616 0.10576923076923077
0 0.6081730769230769 0.3269230769230769 0.027644230769230768 0.109375
0 0.5432692307692307 0.31971153846153844 0.028846153846153848 0.109375
0 0.5120192307692307 0.32211538461538464 0.027644230769230768 0.1045673076923077
0 0.47716346153846156 0.3269230769230769 0.027644230769230768 0.1141826923076923
0 0.47475961538461536 0.203125 0.025240384615384616 0.09134615384615384
0 0.44350961538461536 0.20432692307692307 0.030048076923076924 0.109375
0 0.44591346153846156 0.33774038461538464 0.027644230769230768 0.10576923076923077
0 0.41225961538461536 0.20673076923076922 0.028846153846153848 0.10697115384615384
0 0.41466346153846156 0.3401442307692308 0.030048076923076924 0.10817307692307693
0 0.38221153846153844 0.3389423076923077 0.025240384615384616 0.11057692307692307
0 0.3798076923076923 0.21153846153846154 0.028846153846153848 0.11298076923076923
0 0.35096153846153844 0.22235576923076922 0.026442307692307692 0.10576923076923077
0 0.32091346153846156 0.2127403846153846 0.030048076923076924 0.1141826923076923
0 0.3870192307692308 0.6105769230769231 0.027644230769230768 0.109375
0 0.328125 0.7391826923076923 0.030048076923076924 0.11057692307692307
0 0.5084134615384616 0.18990384615384615 0.027644230769230768 0.1045673076923077
0 0.5408653846153846 0.18990384615384615 0.028846153846153848 0.11057692307692307
0 0.5709134615384616 0.1935096153846154 0.027644230769230768 0.09975961538461539
0 0.6021634615384616 0.1935096153846154 0.027644230769230768 0.10697115384615384
0 0.6346153846153846 0.19110576923076922 0.027644230769230768 0.10336538461538461
0 0.6634615384615384 0.18629807692307693 0.028846153846153848 0.0985576923076923
0 0.28725961538461536 0.20552884615384615 0.03125 0.11538461538461539
0 0.28846153846153844 0.34975961538461536 0.030048076923076924 0.10817307692307693
0 0.31971153846153844 0.3557692307692308 0.028846153846153848 0.09254807692307693
0 0.34975961538461536 0.3425480769230769 0.027644230769230768 0.109375
0 0.2956730769230769 0.7403846153846154 0.028846153846153848 0.10697115384615384
0 0.45913461538461536 0.7259615384615384 0.030048076923076924 0.1141826923076923
0 0.4543269230769231 0.6033653846153846 0.027644230769230768 0.109375
0 0.4206730769230769 0.6069711538461539 0.030048076923076924 0.11658653846153846
0 0.35697115384615385 0.6045673076923077 0.028846153846153848 0.109375
0 0.3233173076923077 0.6057692307692307 0.028846153846153848 0.10817307692307693
0 0.28966346153846156 0.6225961538461539 0.025240384615384616 0.10817307692307693
0 0.3641826923076923 0.7391826923076923 0.026442307692307692 0.109375
0 0.4254807692307692 0.7331730769230769 0.030048076923076924 0.0985576923076923
0 0.3954326923076923 0.7379807692307693 0.027644230769230768 0.109375
0 0.17067307692307693 0.02403846153846154 0.030048076923076924 0.04807692307692308
0 0.140625 0.054086538461538464 0.036057692307692304 0.10817307692307693
0 0.10697115384615384 0.06129807692307692 0.03125 0.10576923076923077
0 0.07451923076923077 0.0625 0.03245192307692308 0.10336538461538461
0 0.040865384615384616 0.06009615384615385 0.03245192307692308 0.09975961538461539
0 0.01201923076923077 0.06129807692307692 0.02403846153846154 0.1141826923076923
0 0.3161057692307692 0.009615384615384616 0.025240384615384616 0.018028846153846152
0 0.6370192307692307 0.3161057692307692 0.028846153846153848 0.10817307692307693
0 0.6670673076923077 0.3137019230769231 0.026442307692307692 0.1045673076923077
0 0.6995192307692307 0.3125 0.026442307692307692 0.1045673076923077
0 0.6947115384615384 0.18389423076923078 0.030048076923076924 0.10096153846153846
0 0.7247596153846154 0.1814903846153846 0.027644230769230768 0.09975961538461539
0 0.7536057692307693 0.18389423076923078 0.027644230769230768 0.08774038461538461
0 0.7836538461538461 0.19110576923076922 0.027644230769230768 0.1045673076923077
0 0.8112980769230769 0.18870192307692307 0.028846153846153848 0.09735576923076923
0 0.8401442307692307 0.19591346153846154 0.026442307692307692 0.09975961538461539
0 0.8713942307692307 0.1778846153846154 0.03245192307692308 0.10576923076923077
0 0.9002403846153846 0.18629807692307693 0.025240384615384616 0.0889423076923077
0 0.9278846153846154 0.18870192307692307 0.027644230769230768 0.10336538461538461
0 0.9555288461538461 0.1814903846153846 0.030048076923076924 0.09254807692307693
0 0.9819711538461539 0.16706730769230768 0.028846153846153848 0.0889423076923077
0 0.9831730769230769 0.296875 0.03125 0.09615384615384616
0 0.9555288461538461 0.30649038461538464 0.028846153846153848 0.10336538461538461
0 0.9290865384615384 0.3016826923076923 0.027644230769230768 0.09495192307692307
0 0.9002403846153846 0.30408653846153844 0.028846153846153848 0.10096153846153846
0 0.8713942307692307 0.296875 0.028846153846153848 0.09495192307692307
0 0.8449519230769231 0.30649038461538464 0.025240384615384616 0.10336538461538461
0 0.8161057692307693 0.30408653846153844 0.027644230769230768 0.0829326923076923
0 0.7596153846153846 0.3112980769230769 0.03125 0.09735576923076923
0 0.7872596153846154 0.31490384615384615 0.027644230769230768 0.109375
0 0.7283653846153846 0.31009615384615385 0.025240384615384616 0.09134615384615384
0 0.9855769230769231 0.5516826923076923 0.025240384615384616 0.09254807692307693
0 0.9615384615384616 0.5420673076923077 0.030048076923076924 0.09975961538461539
0 0.9867788461538461 0.6574519230769231 0.025240384615384616 0.10096153846153846
0 0.9627403846153846 0.6682692307692307 0.026442307692307692 0.09735576923076923
0 0.9314903846153846 0.5504807692307693 0.03245192307692308 0.0985576923076923
0 0.9026442307692307 0.5528846153846154 0.03125 0.09134615384615384
0 0.9362980769230769 0.6694711538461539 0.030048076923076924 0.10096153846153846
0 0.9074519230769231 0.6766826923076923 0.027644230769230768 0.1045673076923077
0 0.875 0.5625 0.027644230769230768 0.0829326923076923
0 0.8485576923076923 0.5612980769230769 0.028846153846153848 0.10096153846153846
0 0.8786057692307693 0.6778846153846154 0.028846153846153848 0.09615384615384616
0 0.8221153846153846 0.5649038461538461 0.030048076923076924 0.10576923076923077
0 0.8509615384615384 0.6778846153846154 0.030048076923076924 0.0985576923076923
0 0.8221153846153846 0.6754807692307693 0.030048076923076924 0.08413461538461539
0 0.7908653846153846 0.5625 0.027644230769230768 0.10096153846153846
0 0.7944711538461539 0.6875 0.027644230769230768 0.1045673076923077
0 0.7644230769230769 0.5612980769230769 0.028846153846153848 0.08774038461538461
0 0.765625 0.6887019230769231 0.027644230769230768 0.09975961538461539
0 0.7355769230769231 0.5661057692307693 0.027644230769230768 0.09975961538461539
0 0.7367788461538461 0.6862980769230769 0.027644230769230768 0.10697115384615384
0 0.7043269230769231 0.5745192307692307 0.030048076923076924 0.1045673076923077
0 0.6754807692307693 0.5769230769230769 0.03245192307692308 0.10576923076923077
0 0.7067307692307693 0.6911057692307693 0.027644230769230768 0.09975961538461539
0 0.6778846153846154 0.6995192307692307 0.028846153846153848 0.10336538461538461
0 0.4855769230769231 0.6045673076923077 0.027644230769230768 0.1141826923076923
0 0.5168269230769231 0.6033653846153846 0.026442307692307692 0.109375
0 0.546875 0.5865384615384616 0.028846153846153848 0.11057692307692307
0 0.5817307692307693 0.5865384615384616 0.027644230769230768 0.10336538461538461
0 0.6129807692307693 0.5805288461538461 0.028846153846153848 0.109375
0 0.6442307692307693 0.5805288461538461 0.027644230769230768 0.09735576923076923
0 0.6478365384615384 0.7019230769230769 0.027644230769230768 0.10336538461538461
0 0.6153846153846154 0.7115384615384616 0.028846153846153848 0.10817307692307693
0 0.5829326923076923 0.7139423076923077 0.025240384615384616 0.10096153846153846
0 0.5516826923076923 0.7127403846153846 0.026442307692307692 0.09134615384615384
0 0.5204326923076923 0.7223557692307693 0.026442307692307692 0.10817307692307693
0 0.49158653846153844 0.7151442307692307 0.025240384615384616 0.09254807692307693
0 0.17908653846153846 0.3641826923076923 0.030048076923076924 0.11538461538461539
0 0.14423076923076922 0.31850961538461536 0.028846153846153848 0.10817307692307693
0 0.1502403846153846 0.4387019230769231 0.030048076923076924 0.09495192307692307
0 0.11057692307692307 0.3125 0.03245192307692308 0.10096153846153846
0 0.11298076923076923 0.42788461538461536 0.037259615384615384 0.109375
0 0.08173076923076923 0.4411057692307692 0.03125 0.10817307692307693
0 0.07932692307692307 0.31850961538461536 0.028846153846153848 0.10817307692307693
0 0.04927884615384615 0.31009615384615385 0.03245192307692308 0.10697115384615384
0 0.016826923076923076 0.3233173076923077 0.03365384615384615 0.10697115384615384
0 0.05048076923076923 0.4375 0.030048076923076924 0.10576923076923077
0 0.020432692307692308 0.4362980769230769 0.03125 0.10576923076923077
0 0.002403846153846154 0.4362980769230769 0.004807692307692308 0.09014423076923077
0 0.004807692307692308 0.6790865384615384 0.009615384615384616 0.10336538461538461
0 0.02403846153846154 0.6875 0.03485576923076923 0.10817307692307693
0 0.05889423076923077 0.6862980769230769 0.03485576923076923 0.10817307692307693
0 0.09254807692307693 0.6850961538461539 0.03245192307692308 0.10096153846153846
0 0.125 0.6730769230769231 0.030048076923076924 0.10336538461538461
0 0.15745192307692307 0.6850961538461539 0.03485576923076923 0.10336538461538461
0 0.15745192307692307 0.7752403846153846 0.06129807692307692 0.046875
0 0.15985576923076922 0.828125 0.056490384615384616 0.054086538461538464
0 0.15985576923076922 0.890625 0.055288461538461536 0.05048076923076923
0 0.15745192307692307 0.9411057692307693 0.0625 0.051682692307692304
0 0.2127403846153846 0.9807692307692307 0.03125 0.03485576923076923
0 0.2439903846153846 0.9819711538461539 0.025240384615384616 0.03365384615384615
0 0.27524038461538464 0.9807692307692307 0.030048076923076924 0.03485576923076923
0 0.3076923076923077 0.9819711538461539 0.02403846153846154 0.03365384615384615
0 0.33653846153846156 0.9807692307692307 0.030048076923076924 0.036057692307692304
0 0.36899038461538464 0.9795673076923077 0.026442307692307692 0.037259615384615384
0 0.39903846153846156 0.9723557692307693 0.027644230769230768 0.052884615384615384
0 0.43149038461538464 0.9711538461538461 0.025240384615384616 0.054086538461538464
0 0.49399038461538464 0.9723557692307693 0.026442307692307692 0.052884615384615384
0 0.4639423076923077 0.9711538461538461 0.026442307692307692 0.055288461538461536
0 0.5252403846153846 0.9699519230769231 0.027644230769230768 0.056490384615384616
0 0.5564903846153846 0.9723557692307693 0.025240384615384616 0.051682692307692304
0 0.5865384615384616 0.9699519230769231 0.027644230769230768 0.056490384615384616
0 0.6165865384615384 0.9651442307692307 0.027644230769230768 0.06610576923076923
0 0.6478365384615384 0.9579326923076923 0.030048076923076924 0.07932692307692307
0 0.6790865384615384 0.9591346153846154 0.028846153846153848 0.07692307692307693
0 0.7091346153846154 0.9555288461538461 0.030048076923076924 0.08653846153846154
0 0.7692307692307693 0.953125 0.03245192307692308 0.09134615384615384
0 0.7391826923076923 0.9555288461538461 0.027644230769230768 0.08413461538461539
0 0.7956730769230769 0.9483173076923077 0.026442307692307692 0.0985576923076923
0 0.8221153846153846 0.9471153846153846 0.027644230769230768 0.09735576923076923
0 0.8509615384615384 0.9471153846153846 0.030048076923076924 0.10336538461538461
0 0.8822115384615384 0.9447115384615384 0.03485576923076923 0.10697115384615384
0 0.9110576923076923 0.9387019230769231 0.03125 0.109375
0 0.9387019230769231 0.9362980769230769 0.030048076923076924 0.10697115384615384
0 0.9675480769230769 0.9375 0.030048076923076924 0.09975961538461539
0 0.9879807692307693 0.9290865384615384 0.021634615384615384 0.1045673076923077