0 0.5925480769230769 0.2692307692307692 0.056490384615384616 0.054086538461538464
0 0.41346153846153844 0.3161057692307692 0.025240384615384616 0.12139423076923077
0 0.421875 0.16105769230769232 0.027644230769230768 0.125
0 0.4254807692307692 0.039663461538461536 0.028846153846153848 0.07932692307692307
0 0.3425480769230769 0.0829326923076923 0.030048076923076924 0.11658653846153846
0 0.2704326923076923 0.07932692307692307 0.0625 0.055288461538461536
0 0.27283653846153844 0.13701923076923078 0.06009615384615385 0.052884615384615384
0 0.27283653846153844 0.19591346153846154 0.06370192307692307 0.056490384615384616
0 0.27283653846153844 0.2512019230769231 0.06009615384615385 0.054086538461538464
0 0.2692307692307692 0.31009615384615385 0.06490384615384616 0.04807692307692308
0 0.2668269230769231 0.36538461538461536 0.06370192307692307 0.046875
0 0.2608173076923077 0.4254807692307692 0.07091346153846154 0.052884615384615384
0 0.2608173076923077 0.4879807692307692 0.06850961538461539 0.05048076923076923
0 0.25961538461538464 0.5420673076923077 0.06610576923076923 0.05048076923076923
0 0.25961538461538464 0.5985576923076923 0.06370192307692307 0.04326923076923077
0 0.25841346153846156 0.6538461538461539 0.06610576923076923 0.056490384615384616
0 0.2512019230769231 0.7139423076923077 0.06490384615384616 0.04807692307692308
0 0.125 0.20793269230769232 0.06129807692307692 0.07692307692307693
0 0.11778846153846154 0.5072115384615384 0.057692307692307696 0.06610576923076923
0 0.11778846153846154 0.5661057692307693 0.0625 0.0733173076923077
0 0.1141826923076923 0.6262019230769231 0.05889423076923077 0.07451923076923077
0 0.016826923076923076 0.14903846153846154 0.03365384615384615 0.06610576923076923
0 0.014423076923076924 0.21754807692307693 0.028846153846153848 0.052884615384615384
0 0.015625 0.08052884615384616 0.03125 0.06370192307692307
0 0.016826923076923076 0.027644230769230768 0.03365384615384615 0.055288461538461536
0 0.010817307692307692 0.28846153846153844 0.021634615384615384 0.056490384615384616