0 0.4206730769230769 0.38100961538461536 0.039663461538461536 0.1622596153846154
0 0.5192307692307693 0.40384615384615385 0.039663461538461536 0.15264423076923078
0 0.4699519230769231 0.3942307692307692 0.042067307692307696 0.17548076923076922
0 0.37259615384615385 0.3557692307692308 0.046875 0.17668269230769232
0 0.2692307692307692 0.3786057692307692 0.046875 0.17548076923076922
0 0.31850961538461536 0.390625 0.04567307692307692 0.17908653846153846
0 0.22355769230769232 0.36899038461538464 0.046875 0.17067307692307693
0 0.08052884615384616 0.359375 0.052884615384615384 0.14423076923076922
0 0.036057692307692304 0.3605769230769231 0.055288461538461536 0.15985576923076922
0 0.8112980769230769 0.9086538461538461 0.04807692307692308 0.1778846153846154
0 0.5649038461538461 0.4110576923076923 0.040865384615384616 0.16826923076923078
0 0.6153846153846154 0.421875 0.036057692307692304 0.16947115384615385
0 0.6706730769230769 0.4098557692307692 0.04326923076923077 0.1658653846153846
0 0.71875 0.4014423076923077 0.046875 0.19110576923076922
0 0.7668269230769231 0.421875 0.04447115384615385 0.17307692307692307
0 0.8173076923076923 0.4254807692307692 0.042067307692307696 0.15384615384615385
0 0.8653846153846154 0.3858173076923077 0.04807692307692308 0.17067307692307693
0 0.9206730769230769 0.41586538461538464 0.051682692307692304 0.17307692307692307
0 0.7596153846153846 0.9002403846153846 0.04447115384615385 0.17067307692307693
0 0.7091346153846154 0.890625 0.038461538461538464 0.16947115384615385
0 0.6550480769230769 0.9026442307692307 0.039663461538461536 0.16947115384615385
0 0.6069711538461539 0.8942307692307693 0.040865384615384616 0.16706730769230768
0 0.5528846153846154 0.8930288461538461 0.037259615384615384 0.15264423076923078
0 0.5048076923076923 0.9026442307692307 0.04567307692307692 0.17908653846153846
0 0.40384615384615385 0.9002403846153846 0.04567307692307692 0.17908653846153846
0 0.35096153846153844 0.8942307692307693 0.04326923076923077 0.17668269230769232
0 0.30528846153846156 0.8509615384615384 0.04326923076923077 0.16346153846153846
0 0.2548076923076923 0.8509615384615384 0.04447115384615385 0.171875
0 0.2091346153846154 0.8401442307692307 0.04447115384615385 0.1622596153846154
0 0.11778846153846154 0.8329326923076923 0.04326923076923077 0.16105769230769232
0 0.06610576923076923 0.8401442307692307 0.05048076923076923 0.18389423076923078
0 0.02283653846153846 0.8317307692307693 0.04567307692307692 0.15144230769230768