0 0.6826923076923077 0.44711538461538464 0.037259615384615384 0.09254807692307693
0 0.6526442307692307 0.47836538461538464 0.038461538461538464 0.1045673076923077
0 0.6213942307692307 0.49158653846153844 0.038461538461538464 0.11298076923076923
0 0.5877403846153846 0.49038461538461536 0.039663461538461536 0.1045673076923077
0 0.5576923076923077 0.5036057692307693 0.03485576923076923 0.10576923076923077
0 0.5300480769230769 0.5264423076923077 0.03245192307692308 0.0889423076923077
0 0.49399038461538464 0.5300480769230769 0.03485576923076923 0.0889423076923077
0 0.4675480769230769 0.5480769230769231 0.037259615384615384 0.1045673076923077
0 0.43509615384615385 0.5637019230769231 0.036057692307692304 0.09014423076923077
0 0.4098557692307692 0.5985576923076923 0.037259615384615384 0.10336538461538461
0 0.3786057692307692 0.6189903846153846 0.038461538461538464 0.1045673076923077
0 0.3449519230769231 0.625 0.038461538461538464 0.10697115384615384
0 0.3112980769230769 0.640625 0.037259615384615384 0.0985576923076923
0 0.2800480769230769 0.6550480769230769 0.042067307692307696 0.1141826923076923
0 0.24639423076923078 0.6730769230769231 0.038461538461538464 0.109375
0 0.21514423076923078 0.6959134615384616 0.040865384615384616 0.11057692307692307
0 0.1814903846153846 0.7199519230769231 0.04567307692307692 0.10697115384615384
0 0.14903846153846154 0.734375 0.04326923076923077 0.10576923076923077
0 0.11778846153846154 0.7620192307692307 0.039663461538461536 0.09495192307692307
0 0.08052884615384616 0.7680288461538461 0.04927884615384615 0.11538461538461539
0 0.04567307692307692 0.7824519230769231 0.046875 0.12139423076923077
0 0.015625 0.7956730769230769 0.030048076923076924 0.1045673076923077
0 0.6790865384615384 0.7836538461538461 0.04326923076923077 0.109375
0 0.6418269230769231 0.7872596153846154 0.037259615384615384 0.10697115384615384
0 0.6141826923076923 0.8064903846153846 0.037259615384615384 0.10576923076923077
0 0.5829326923076923 0.8197115384615384 0.038461538461538464 0.10697115384615384
0 0.5528846153846154 0.8449519230769231 0.038461538461538464 0.109375
0 0.5240384615384616 0.8689903846153846 0.038461538461538464 0.11538461538461539
0 0.49399038461538464 0.8822115384615384 0.037259615384615384 0.10697115384615384
0 0.46033653846153844 0.8966346153846154 0.038461538461538464 0.10576923076923077
0 0.4266826923076923 0.9158653846153846 0.039663461538461536 0.1141826923076923
0 0.39903846153846156 0.9362980769230769 0.040865384615384616 0.1141826923076923
0 0.36538461538461536 0.9495192307692307 0.040865384615384616 0.09615384615384616
0 0.3317307692307692 0.9567307692307693 0.039663461538461536 0.0829326923076923
0 0.3004807692307692 0.9627403846153846 0.038461538461538464 0.07091346153846154
0 0.26322115384615385 0.9747596153846154 0.03365384615384615 0.04567307692307692
0 0.6706730769230769 0.8641826923076923 0.054086538461538464 0.06490384615384616
0 0.6117788461538461 0.8942307692307693 0.052884615384615384 0.07091346153846154
0 0.5540865384615384 0.9447115384615384 0.05889423076923077 0.078125
0 0.4855769230769231 0.9711538461538461 0.06129807692307692 0.054086538461538464
0 0.7704326923076923 0.9627403846153846 0.037259615384615384 0.07091346153846154
0 0.7355769230769231 0.9783653846153846 0.03245192307692308 0.042067307692307696