0 0.5540865384615384 0.9074519230769231 0.04326923076923077 0.1622596153846154
0 0.6009615384615384 0.8954326923076923 0.039663461538461536 0.12139423076923077
0 0.6370192307692307 0.8677884615384616 0.04807692307692308 0.15985576923076922
0 0.27524038461538464 0.5036057692307693 0.042067307692307696 0.13581730769230768
0 0.3173076923076923 0.47836538461538464 0.037259615384615384 0.14302884615384615
0 0.3605769230769231 0.46274038461538464 0.038461538461538464 0.140625
0 0.39783653846153844 0.4519230769230769 0.04447115384615385 0.1466346153846154
0 0.4387019230769231 0.42908653846153844 0.04567307692307692 0.15865384615384615
0 0.5240384615384616 0.4170673076923077 0.04326923076923077 0.15264423076923078
0 0.5661057692307693 0.4050480769230769 0.037259615384615384 0.14182692307692307
0 0.6490384615384616 0.4074519230769231 0.038461538461538464 0.140625
0 0.7367788461538461 0.7596153846153846 0.040865384615384616 0.14903846153846154
0 0.7800480769230769 0.7475961538461539 0.04326923076923077 0.15264423076923078
0 0.8197115384615384 0.7331730769230769 0.04567307692307692 0.15504807692307693
0 0.8918269230769231 0.7139423076923077 0.051682692307692304 0.15504807692307693
0 0.9302884615384616 0.7019230769230769 0.05048076923076923 0.15504807692307693
0 0.9675480769230769 0.6887019230769231 0.052884615384615384 0.13341346153846154
0 0.9867788461538461 0.6598557692307693 0.019230769230769232 0.10817307692307693
0 0.46274038461538464 0.921875 0.046875 0.15264423076923078
0 0.41947115384615385 0.9302884615384616 0.04326923076923077 0.1346153846153846
0 0.055288461538461536 0.47475961538461536 0.09014423076923077 0.0733173076923077
0 0.05048076923076923 0.6875 0.0985576923076923 0.08173076923076923
0 0.03245192307692308 0.07211538461538461 0.056490384615384616 0.14423076923076922
0 0.11057692307692307 0.057692307692307696 0.04807692307692308 0.11538461538461539
0 0.17307692307692307 0.04807692307692308 0.04326923076923077 0.09615384615384616
0 0.23197115384615385 0.054086538461538464 0.0733173076923077 0.10096153846153846
0 0.6057692307692307 0.40024038461538464 0.037259615384615384 0.14302884615384615