0 0.9002403846153846 0.7752403846153846 0.09134615384615384 0.07211538461538461
0 0.9134615384615384 0.8461538461538461 0.09254807692307693 0.06971153846153846
0 0.9170673076923077 0.9194711538461539 0.09375 0.06971153846153846
0 0.9254807692307693 0.9783653846153846 0.09134615384615384 0.042067307692307696
0 0.9074519230769231 0.6983173076923077 0.0889423076923077 0.06850961538461539
0 0.9074519230769231 0.6165865384615384 0.09014423076923077 0.07692307692307693
0 0.9002403846153846 0.5372596153846154 0.0889423076923077 0.07091346153846154
0 0.8052884615384616 0.5504807692307693 0.0829326923076923 0.06850961538461539
0 0.8088942307692307 0.6358173076923077 0.08774038461538461 0.06490384615384616
0 0.8112980769230769 0.7199519230769231 0.08774038461538461 0.06610576923076923
0 0.8173076923076923 0.8774038461538461 0.09134615384615384 0.07091346153846154
0 0.6069711538461539 0.5877403846153846 0.08774038461538461 0.07211538461538461
0 0.5036057692307693 0.5997596153846154 0.09134615384615384 0.06610576923076923
0 0.5072115384615384 0.6802884615384616 0.08774038461538461 0.06971153846153846
0 0.5168269230769231 0.7668269230769231 0.0889423076923077 0.0733173076923077
0 0.6237980769230769 0.9050480769230769 0.08533653846153846 0.07091346153846154
0 0.6286057692307693 0.9747596153846154 0.09014423076923077 0.046875
0 0.5228365384615384 0.9158653846153846 0.078125 0.07692307692307693
0 0.3088942307692308 0.7091346153846154 0.07451923076923077 0.07211538461538461
0 0.31850961538461536 0.7884615384615384 0.07451923076923077 0.07091346153846154
0 0.3161057692307692 0.9459134615384616 0.08653846153846154 0.07692307692307693
0 0.20673076923076922 0.7259615384615384 0.09134615384615384 0.06370192307692307
0 0.20673076923076922 0.6526442307692307 0.07932692307692307 0.0625
0 0.02403846153846154 0.7487980769230769 0.046875 0.07451923076923077
0 0.02283653846153846 0.8401442307692307 0.04447115384615385 0.07211538461538461
0 0.3701923076923077 0.3713942307692308 0.0829326923076923 0.07211538461538461
0 0.8786057692307693 0.14903846153846154 0.08173076923076923 0.06490384615384616
0 0.7836538461538461 0.16826923076923078 0.09014423076923077 0.0733173076923077
0 0.7776442307692307 0.09134615384615384 0.09254807692307693 0.0829326923076923
0 0.8689903846153846 0.06971153846153846 0.08533653846153846 0.07451923076923077
0 0.859375 0.015625 0.09495192307692307 0.030048076923076924
0 0.7740384615384616 0.021634615384615384 0.0733173076923077 0.04326923076923077
0 0.5889423076923077 0.11298076923076923 0.08653846153846154 0.07211538461538461
0 0.6009615384615384 0.203125 0.08653846153846154 0.07091346153846154
0 0.49278846153846156 0.12379807692307693 0.09375 0.07932692307692307
0 0.5036057692307693 0.20432692307692307 0.08774038461538461 0.08052884615384616