0 0.6189903846153846 0.027644230769230768 0.07211538461538461 0.054086538461538464
0 0.9495192307692307 0.04326923076923077 0.06850961538461539 0.06610576923076923
0 0.4855769230769231 0.018028846153846152 0.06850961538461539 0.036057692307692304
0 0.40024038461538464 0.016826923076923076 0.07932692307692307 0.03365384615384615
0 0.3016826923076923 0.018028846153846152 0.07932692307692307 0.036057692307692304
0 0.12139423076923077 0.02403846153846154 0.07932692307692307 0.046875
0 0.04567307692307692 0.020432692307692308 0.08173076923076923 0.040865384615384616
0 0.9747596153846154 0.3317307692307692 0.03365384615384615 0.11778846153846154
0 0.9951923076923077 0.33774038461538464 0.007211538461538462 0.12139423076923077
0 0.9411057692307693 0.3545673076923077 0.038461538461538464 0.13341346153846154
0 0.9002403846153846 0.33653846153846156 0.03365384615384615 0.14182692307692307
0 0.8653846153846154 0.33653846153846156 0.037259615384615384 0.1141826923076923
0 0.8329326923076923 0.33653846153846156 0.028846153846153848 0.13221153846153846
0 0.8016826923076923 0.34615384615384615 0.04447115384615385 0.1466346153846154
0 0.7572115384615384 0.3317307692307692 0.03485576923076923 0.12620192307692307
0 0.7235576923076923 0.3269230769230769 0.03245192307692308 0.12740384615384615
0 0.6838942307692307 0.3161057692307692 0.036057692307692304 0.13221153846153846
0 0.6454326923076923 0.33774038461538464 0.027644230769230768 0.13341346153846154
0 0.6057692307692307 0.3161057692307692 0.030048076923076924 0.13581730769230768
0 0.5697115384615384 0.32091346153846156 0.027644230769230768 0.12740384615384615
0 0.5300480769230769 0.31850961538461536 0.03245192307692308 0.13942307692307693
0 0.49158653846153844 0.32091346153846156 0.037259615384615384 0.13341346153846154
0 0.4519230769230769 0.3125 0.03365384615384615 0.1346153846153846
0 0.41225961538461536 0.32211538461538464 0.03485576923076923 0.13701923076923078
0 0.36899038461538464 0.3125 0.03245192307692308 0.13221153846153846
0 0.3269230769230769 0.3016826923076923 0.03245192307692308 0.11538461538461539
0 0.28725961538461536 0.3161057692307692 0.03485576923076923 0.140625
0 0.24158653846153846 0.3245192307692308 0.036057692307692304 0.12740384615384615
0 0.23798076923076922 0.4699519230769231 0.040865384615384616 0.14302884615384615
0 0.9519230769230769 0.625 0.04326923076923077 0.11658653846153846
0 0.9158653846153846 0.6141826923076923 0.04326923076923077 0.12860576923076922
0 0.8425480769230769 0.6165865384615384 0.04447115384615385 0.11658653846153846
0 0.6574519230769231 0.6165865384615384 0.04567307692307692 0.125
0 0.6129807692307693 0.6081730769230769 0.04567307692307692 0.13221153846153846
0 0.5793269230769231 0.6153846153846154 0.04326923076923077 0.13581730769230768
0 0.5396634615384616 0.6153846153846154 0.04326923076923077 0.13341346153846154
0 0.3762019230769231 0.6081730769230769 0.039663461538461536 0.11658653846153846
0 0.3389423076923077 0.6225961538461539 0.04326923076923077 0.1310096153846154
0 0.29927884615384615 0.6081730769230769 0.036057692307692304 0.11658653846153846
0 0.7992788461538461 0.8786057692307693 0.054086538461538464 0.125
0 0.7127403846153846 0.8737980769230769 0.052884615384615384 0.13221153846153846
0 0.6682692307692307 0.875 0.04927884615384615 0.12259615384615384
0 0.5372596153846154 0.8774038461538461 0.056490384615384616 0.14543269230769232
0 0.4879807692307692 0.8930288461538461 0.046875 0.13942307692307693
0 0.44591346153846156 0.8762019230769231 0.046875 0.12139423076923077
0 0.39903846153846156 0.8846153846153846 0.04807692307692308 0.1310096153846154
0 0.3125 0.8774038461538461 0.05048076923076923 0.11778846153846154
0 0.27163461538461536 0.8653846153846154 0.04326923076923077 0.13341346153846154
0 0.22596153846153846 0.8822115384615384 0.046875 0.12740384615384615
0 0.18870192307692307 0.8605769230769231 0.04447115384615385 0.12379807692307693
0 0.15144230769230768 0.8473557692307693 0.046875 0.12379807692307693