0 0.8088942307692307 0.3245192307692308 0.07692307692307693 0.06971153846153846
0 0.6971153846153846 0.25721153846153844 0.07692307692307693 0.06850961538461539
0 0.8052884615384616 0.24879807692307693 0.08774038461538461 0.06971153846153846
0 0.9723557692307693 0.09735576923076923 0.052884615384615384 0.078125
0 0.7932692307692307 0.0985576923076923 0.09014423076923077 0.07451923076923077
0 0.7956730769230769 0.17307692307692307 0.08413461538461539 0.06129807692307692
0 0.6887019230769231 0.036057692307692304 0.0889423076923077 0.07211538461538461
0 0.49278846153846156 0.056490384615384616 0.07211538461538461 0.06370192307692307
0 0.49759615384615385 0.1346153846153846 0.08173076923076923 0.07091346153846154
0 0.4987980769230769 0.2932692307692308 0.08774038461538461 0.07091346153846154
0 0.38822115384615385 0.14543269230769232 0.08413461538461539 0.0829326923076923
0 0.38100961538461536 0.019230769230769232 0.0889423076923077 0.038461538461538464
0 0.19110576923076922 0.26802884615384615 0.07692307692307693 0.06129807692307692
0 0.021634615384615384 0.042067307692307696 0.04326923076923077 0.0733173076923077
0 0.47836538461538464 0.013221153846153846 0.08173076923076923 0.026442307692307692