0 0.35697115384615385 0.9855769230769231 0.06971153846153846 0.025240384615384616
0 0.4254807692307692 0.47596153846153844 0.04927884615384615 0.12740384615384615
0 0.4651442307692308 0.49158653846153844 0.046875 0.12379807692307693
0 0.5096153846153846 0.4987980769230769 0.042067307692307696 0.1141826923076923
0 0.5528846153846154 0.4879807692307692 0.042067307692307696 0.12740384615384615
0 0.5961538461538461 0.5096153846153846 0.04326923076923077 0.11899038461538461
0 0.6778846153846154 0.5300480769230769 0.052884615384615384 0.13581730769230768
0 0.7223557692307693 0.5084134615384616 0.042067307692307696 0.11538461538461539
0 0.7596153846153846 0.5180288461538461 0.04326923076923077 0.12740384615384615
0 0.8076923076923077 0.5096153846153846 0.051682692307692304 0.14903846153846154
0 0.9302884615384616 0.5192307692307693 0.04807692307692308 0.13341346153846154
0 0.9723557692307693 0.5168269230769231 0.046875 0.1346153846153846
0 0.9182692307692307 0.2620192307692308 0.046875 0.125
0 0.8762019230769231 0.2536057692307692 0.04326923076923077 0.125
0 0.8449519230769231 0.25841346153846156 0.04326923076923077 0.12379807692307693
0 0.8088942307692307 0.2512019230769231 0.04567307692307692 0.125
0 0.6574519230769231 0.23918269230769232 0.04447115384615385 0.1141826923076923
0 0.6213942307692307 0.25 0.04447115384615385 0.12860576923076922
0 0.5841346153846154 0.23317307692307693 0.037259615384615384 0.11057692307692307
0 0.5252403846153846 0.09495192307692307 0.03245192307692308 0.15144230769230768
0 0.5240384615384616 0.009615384615384616 0.030048076923076924 0.019230769230769232
0 0.5697115384615384 0.013221153846153846 0.030048076923076924 0.026442307692307692
0 0.6502403846153846 0.009615384615384616 0.03485576923076923 0.019230769230769232
0 0.6899038461538461 0.019230769230769232 0.03485576923076923 0.038461538461538464
0 0.7259615384615384 0.018028846153846152 0.03365384615384615 0.036057692307692304
0 0.765625 0.02283653846153846 0.040865384615384616 0.04567307692307692
0 0.8004807692307693 0.02283653846153846 0.03365384615384615 0.04567307692307692
0 0.8365384615384616 0.020432692307692308 0.03245192307692308 0.040865384615384616
0 0.8701923076923077 0.021634615384615384 0.03485576923076923 0.04326923076923077
0 0.9074519230769231 0.03485576923076923 0.040865384615384616 0.06971153846153846
0 0.9435096153846154 0.02403846153846154 0.038461538461538464 0.046875
0 0.9795673076923077 0.026442307692307692 0.036057692307692304 0.052884615384615384