0 0.7848557692307693 0.8689903846153846 0.027644230769230768 0.1045673076923077
0 0.8161057692307693 0.8689903846153846 0.028846153846153848 0.09134615384615384
0 0.8473557692307693 0.8689903846153846 0.030048076923076924 0.09014423076923077
0 0.8762019230769231 0.8786057692307693 0.027644230769230768 0.10336538461538461
0 0.7668269230769231 0.5084134615384616 0.05889423076923077 0.051682692307692304
0 0.7644230769230769 0.453125 0.06129807692307692 0.04807692307692308
0 0.7620192307692307 0.4014423076923077 0.055288461538461536 0.055288461538461536
0 0.5408653846153846 0.24158653846153846 0.056490384615384616 0.05048076923076923
0 0.5432692307692307 0.29447115384615385 0.0625 0.051682692307692304
0 0.5492788461538461 0.35336538461538464 0.05889423076923077 0.052884615384615384
0 0.5516826923076923 0.4050480769230769 0.06370192307692307 0.05048076923076923
0 0.47716346153846156 0.4074519230769231 0.06009615384615385 0.052884615384615384
0 0.47596153846153844 0.34975961538461536 0.06009615384615385 0.052884615384615384
0 0.47475961538461536 0.296875 0.05048076923076923 0.04807692307692308
0 0.46875 0.2439903846153846 0.05889423076923077 0.055288461538461536
0 0.32572115384615385 0.24759615384615385 0.06129807692307692 0.054086538461538464
0 0.3293269230769231 0.3004807692307692 0.057692307692307696 0.04567307692307692
0 0.328125 0.35336538461538464 0.051682692307692304 0.05048076923076923
0 0.33052884615384615 0.40865384615384615 0.056490384615384616 0.051682692307692304
0 0.25721153846153844 0.35697115384615385 0.056490384615384616 0.051682692307692304
0 0.25600961538461536 0.30528846153846156 0.05889423076923077 0.052884615384615384
0 0.25841346153846156 0.24759615384615385 0.05889423076923077 0.054086538461538464
0 0.5492788461538461 0.4639423076923077 0.0625 0.05048076923076923
0 0.5528846153846154 0.5252403846153846 0.06129807692307692 0.05048076923076923
0 0.47836538461538464 0.46634615384615385 0.06370192307692307 0.04807692307692308
0 0.484375 0.5192307692307693 0.05889423076923077 0.046875
0 0.47836538461538464 0.5745192307692307 0.06610576923076923 0.05048076923076923
0 0.5600961538461539 0.5769230769230769 0.05048076923076923 0.04807692307692308
0 0.5552884615384616 0.6334134615384616 0.06129807692307692 0.054086538461538464
0 0.4735576923076923 0.6334134615384616 0.06370192307692307 0.05889423076923077
0 0.5408653846153846 0.1875 0.06009615384615385 0.052884615384615384
0 0.5444711538461539 0.13581730769230768 0.055288461538461536 0.051682692307692304
0 0.5444711538461539 0.07932692307692307 0.05889423076923077 0.051682692307692304
0 0.5384615384615384 0.027644230769230768 0.05889423076923077 0.046875
0 0.4699519230769231 0.03245192307692308 0.055288461538461536 0.055288461538461536
0 0.47115384615384615 0.08413461538461539 0.05889423076923077 0.051682692307692304
0 0.47115384615384615 0.13701923076923078 0.05889423076923077 0.05048076923076923
0 0.4675480769230769 0.18990384615384615 0.06129807692307692 0.055288461538461536
0 0.25240384615384615 0.4170673076923077 0.056490384615384616 0.05048076923076923
0 0.2548076923076923 0.4699519230769231 0.0625 0.04807692307692308
0 0.33052884615384615 0.4639423076923077 0.06129807692307692 0.046875
0 0.32091346153846156 0.5216346153846154 0.06129807692307692 0.055288461538461536
0 0.3317307692307692 0.578125 0.06370192307692307 0.05048076923076923
0 0.2620192307692308 0.5841346153846154 0.06129807692307692 0.05048076923076923
0 0.25600961538461536 0.5252403846153846 0.06370192307692307 0.04567307692307692
0 0.2620192307692308 0.6430288461538461 0.06009615384615385 0.04447115384615385
0 0.12620192307692307 0.4206730769230769 0.03245192307692308 0.0985576923076923
0 0.12860576923076922 0.3004807692307692 0.030048076923076924 0.09735576923076923
0 0.12860576923076922 0.17307692307692307 0.03245192307692308 0.10697115384615384
0 0.12980769230769232 0.055288461538461536 0.03245192307692308 0.109375
0 0.2512019230769231 0.19591346153846154 0.054086538461538464 0.04807692307692308
0 0.328125 0.18870192307692307 0.0673076923076923 0.05889423076923077
0 0.3173076923076923 0.1346153846153846 0.055288461538461536 0.046875
0 0.25721153846153844 0.09134615384615384 0.05889423076923077 0.051682692307692304
0 0.25600961538461536 0.14302884615384615 0.0625 0.054086538461538464
0 0.3269230769230769 0.08653846153846154 0.056490384615384616 0.05048076923076923
0 0.3269230769230769 0.03485576923076923 0.055288461538461536 0.052884615384615384
0 0.25721153846153844 0.042067307692307696 0.055288461538461536 0.056490384615384616
0 0.25961538461538464 0.008413461538461538 0.052884615384615384 0.016826923076923076
0 0.6814903846153846 0.028846153846153848 0.052884615384615384 0.04807692307692308
0 0.6826923076923077 0.07932692307692307 0.06129807692307692 0.055288461538461536
0 0.6838942307692307 0.1346153846153846 0.057692307692307696 0.051682692307692304
0 0.6862980769230769 0.19471153846153846 0.06129807692307692 0.052884615384615384
0 0.6935096153846154 0.2439903846153846 0.05889423076923077 0.05048076923076923
0 0.6947115384615384 0.296875 0.06370192307692307 0.054086538461538464
0 0.6971153846153846 0.3485576923076923 0.06370192307692307 0.04807692307692308
0 0.6959134615384616 0.4026442307692308 0.06490384615384616 0.054086538461538464
0 0.6983173076923077 0.46274038461538464 0.06129807692307692 0.04807692307692308
0 0.6959134615384616 0.515625 0.06129807692307692 0.04807692307692308
0 0.6971153846153846 0.5745192307692307 0.06129807692307692 0.055288461538461536
0 0.7043269230769231 0.6346153846153846 0.06129807692307692 0.05048076923076923
0 0.7668269230769231 0.5709134615384616 0.06129807692307692 0.04807692307692308
0 0.7692307692307693 0.6274038461538461 0.06129807692307692 0.052884615384615384
0 0.7620192307692307 0.34615384615384615 0.06370192307692307 0.056490384615384616
0 0.7548076923076923 0.29086538461538464 0.05048076923076923 0.04567307692307692
0 0.7572115384615384 0.24158653846153846 0.06009615384615385 0.04807692307692308
0 0.7512019230769231 0.18870192307692307 0.04927884615384615 0.04807692307692308
0 0.7536057692307693 0.13701923076923078 0.052884615384615384 0.04807692307692308
0 0.7512019230769231 0.08173076923076923 0.05889423076923077 0.055288461538461536
0 0.7439903846153846 0.025240384615384616 0.055288461538461536 0.04807692307692308
0 0.8930288461538461 0.03365384615384615 0.06129807692307692 0.05048076923076923
0 0.8990384615384616 0.09014423076923077 0.0625 0.052884615384615384
0 0.9038461538461539 0.13942307692307693 0.06129807692307692 0.05048076923076923
0 0.9026442307692307 0.1935096153846154 0.05048076923076923 0.05048076923076923
0 0.9050480769230769 0.24278846153846154 0.06370192307692307 0.04807692307692308
0 0.9074519230769231 0.296875 0.0625 0.051682692307692304
0 0.9050480769230769 0.3485576923076923 0.0625 0.04807692307692308
0 0.9050480769230769 0.4014423076923077 0.06129807692307692 0.04807692307692308
0 0.9050480769230769 0.4567307692307692 0.05889423076923077 0.051682692307692304
0 0.9158653846153846 0.5108173076923077 0.06129807692307692 0.046875
0 0.9182692307692307 0.5637019230769231 0.06610576923076923 0.046875
0 0.9182692307692307 0.6153846153846154 0.06129807692307692 0.042067307692307696
0 0.9158653846153846 0.6694711538461539 0.057692307692307696 0.05048076923076923
0 0.9182692307692307 0.7259615384615384 0.056490384615384616 0.04807692307692308
0 0.9158653846153846 0.7800480769230769 0.05889423076923077 0.04807692307692308
0 0.7379807692307693 0.8689903846153846 0.06129807692307692 0.04807692307692308
0 0.7307692307692307 0.9266826923076923 0.056490384615384616 0.05048076923076923
0 0.7379807692307693 0.9795673076923077 0.056490384615384616 0.037259615384615384
0 0.5072115384615384 0.7487980769230769 0.06129807692307692 0.05048076923076923
0 0.5600961538461539 0.8317307692307693 0.06610576923076923 0.05048076923076923
0 0.3581730769230769 0.8377403846153846 0.06490384615384616 0.05048076923076923
0 0.6009615384615384 0.8822115384615384 0.052884615384615384 0.051682692307692304
0 0.5949519230769231 0.9459134615384616 0.06129807692307692 0.06009615384615385
0 0.5324519230769231 0.8918269230769231 0.06129807692307692 0.051682692307692304
0 0.5300480769230769 0.9483173076923077 0.054086538461538464 0.055288461538461536
0 0.5324519230769231 0.9879807692307693 0.06490384615384616 0.021634615384615384
0 0.6009615384615384 0.9879807692307693 0.06129807692307692 0.020432692307692308
0 0.38461538461538464 0.8942307692307693 0.06129807692307692 0.052884615384615384
0 0.390625 0.9495192307692307 0.05889423076923077 0.04807692307692308
0 0.3894230769230769 0.9903846153846154 0.056490384615384616 0.015625
0 0.32211538461538464 0.9879807692307693 0.06370192307692307 0.020432692307692308
0 0.32211538461538464 0.9519230769230769 0.054086538461538464 0.04807692307692308
0 0.3173076923076923 0.8966346153846154 0.056490384615384616 0.054086538461538464