0 0.4675480769230769 0.41586538461538464 0.027644230769230768 0.09134615384615384
0 0.4362980769230769 0.6766826923076923 0.027644230769230768 0.10336538461538461
0 0.4675480769230769 0.6682692307692307 0.027644230769230768 0.10336538461538461
0 0.4723557692307692 0.796875 0.026442307692307692 0.10096153846153846
0 0.41225961538461536 0.140625 0.027644230769230768 0.10096153846153846
0 0.44471153846153844 0.14302884615384615 0.030048076923076924 0.09975961538461539
0 0.38100961538461536 0.13942307692307693 0.027644230769230768 0.1045673076923077
0 0.32091346153846156 0.1658653846153846 0.027644230769230768 0.1141826923076923
0 0.4074519230769231 0.39302884615384615 0.027644230769230768 0.09975961538461539
0 0.4362980769230769 0.4098557692307692 0.026442307692307692 0.10096153846153846
0 0.5036057692307693 0.8016826923076923 0.026442307692307692 0.09975961538461539
0 0.4411057692307692 0.8052884615384616 0.025240384615384616 0.10096153846153846
0 0.3942307692307692 0.6730769230769231 0.026442307692307692 0.1045673076923077
0 0.5024038461538461 0.6802884615384616 0.026442307692307692 0.1045673076923077
0 0.5348557692307693 0.671875 0.030048076923076924 0.10817307692307693
0 0.5336538461538461 0.7956730769230769 0.027644230769230768 0.109375
0 0.5961538461538461 0.6634615384615384 0.027644230769230768 0.10336538461538461
0 0.5649038461538461 0.6622596153846154 0.028846153846153848 0.10336538461538461
0 0.5949519230769231 0.7836538461538461 0.027644230769230768 0.10817307692307693
0 0.5637019230769231 0.7848557692307693 0.026442307692307692 0.10697115384615384
0 0.5384615384615384 0.140625 0.030048076923076924 0.1141826923076923
0 0.5685096153846154 0.13221153846153846 0.028846153846153848 0.09975961538461539
0 0.5925480769230769 0.41346153846153844 0.026442307692307692 0.10576923076923077
0 0.5612980769230769 0.41346153846153844 0.030048076923076924 0.11057692307692307
0 0.5288461538461539 0.4098557692307692 0.027644230769230768 0.11298076923076923
0 0.5012019230769231 0.41947115384615385 0.028846153846153848 0.10336538461538461
0 0.5997596153846154 0.14302884615384615 0.027644230769230768 0.10336538461538461
0 0.47596153846153844 0.1466346153846154 0.025240384615384616 0.09975961538461539
0 0.5060096153846154 0.13341346153846154 0.026442307692307692 0.10697115384615384
0 0.4411057692307692 0.013221153846153846 0.056490384615384616 0.026442307692307692
0 0.2932692307692308 0.171875 0.025240384615384616 0.10576923076923077
0 0.35336538461538464 0.15985576923076922 0.02403846153846154 0.10817307692307693
0 0.3713942307692308 0.40865384615384615 0.028846153846153848 0.1045673076923077
0 0.6213942307692307 0.40865384615384615 0.027644230769230768 0.10817307692307693
0 0.6286057692307693 0.6598557692307693 0.027644230769230768 0.10336538461538461
0 0.6286057692307693 0.7800480769230769 0.026442307692307692 0.10817307692307693
0 0.6610576923076923 0.7764423076923077 0.030048076923076924 0.109375
0 0.6586538461538461 0.6574519230769231 0.030048076923076924 0.11298076923076923
0 0.6887019230769231 0.6502403846153846 0.028846153846153848 0.10336538461538461
0 0.7211538461538461 0.6430288461538461 0.027644230769230768 0.09615384615384616
0 0.4074519230769231 0.7920673076923077 0.026442307692307692 0.109375
0 0.3762019230769231 0.7908653846153846 0.026442307692307692 0.09735576923076923
0 0.3173076923076923 0.6766826923076923 0.027644230769230768 0.11057692307692307
0 0.2644230769230769 0.18028846153846154 0.030048076923076924 0.10336538461538461
0 0.234375 0.1875 0.025240384615384616 0.10336538461538461
0 0.20432692307692307 0.19591346153846154 0.027644230769230768 0.10336538461538461
0 0.17548076923076922 0.19471153846153846 0.027644230769230768 0.09975961538461539
0 0.14543269230769232 0.19831730769230768 0.030048076923076924 0.1045673076923077
0 0.11658653846153846 0.20432692307692307 0.027644230769230768 0.0985576923076923
0 0.08774038461538461 0.22115384615384615 0.030048076923076924 0.10336538461538461
0 0.34375 0.421875 0.030048076923076924 0.10576923076923077
0 0.3112980769230769 0.4206730769230769 0.026442307692307692 0.10576923076923077
0 0.2800480769230769 0.42908653846153844 0.030048076923076924 0.10817307692307693
0 0.2512019230769231 0.4375 0.027644230769230768 0.109375
0 0.21995192307692307 0.4362980769230769 0.025240384615384616 0.09975961538461539
0 0.19110576923076922 0.43990384615384615 0.025240384615384616 0.09975961538461539
0 0.22716346153846154 0.8064903846153846 0.026442307692307692 0.1045673076923077
0 0.1971153846153846 0.8064903846153846 0.027644230769230768 0.10336538461538461
0 0.16826923076923078 0.8125 0.027644230769230768 0.09495192307692307
0 0.16706730769230768 0.6935096153846154 0.028846153846153848 0.1045673076923077
0 0.13701923076923078 0.6694711538461539 0.028846153846153848 0.10817307692307693
0 0.10576923076923077 0.6850961538461539 0.03125 0.0985576923076923
0 0.07451923076923077 0.6911057692307693 0.030048076923076924 0.1045673076923077
0 0.046875 0.6862980769230769 0.027644230769230768 0.10096153846153846
0 0.016826923076923076 0.6838942307692307 0.03125 0.09014423076923077
0 0.140625 0.8125 0.028846153846153848 0.09735576923076923
0 0.10817307692307693 0.8064903846153846 0.036057692307692304 0.10576923076923077
0 0.04807692307692308 0.8040865384615384 0.027644230769230768 0.11057692307692307
0 0.07692307692307693 0.8088942307692307 0.027644230769230768 0.10096153846153846
0 0.020432692307692308 0.8100961538461539 0.026442307692307692 0.10096153846153846
0 0.003605769230769231 0.8209134615384616 0.006009615384615385 0.09254807692307693
0 0.5637019230769231 0.9927884615384616 0.025240384615384616 0.010817307692307692
0 0.6286057692307693 0.9891826923076923 0.026442307692307692 0.018028846153846152
0 0.6574519230769231 0.9891826923076923 0.02403846153846154 0.019230769230769232
0 0.6875 0.984375 0.025240384615384616 0.026442307692307692
0 0.7199519230769231 0.9855769230769231 0.027644230769230768 0.025240384615384616
0 0.7524038461538461 0.9891826923076923 0.026442307692307692 0.019230769230769232
0 0.7800480769230769 0.9879807692307693 0.025240384615384616 0.020432692307692308
0 0.8100961538461539 0.9903846153846154 0.025240384615384616 0.015625
0 0.84375 0.9795673076923077 0.030048076923076924 0.037259615384615384
0 0.8737980769230769 0.9807692307692307 0.028846153846153848 0.036057692307692304
0 0.9038461538461539 0.9819711538461539 0.03245192307692308 0.03245192307692308
0 0.9375 0.9831730769230769 0.030048076923076924 0.028846153846153848
0 0.96875 0.9831730769230769 0.028846153846153848 0.030048076923076924
0 0.9915865384615384 0.9783653846153846 0.014423076923076924 0.040865384615384616
0 0.6911057692307693 0.7740384615384616 0.025240384615384616 0.10096153846153846
0 0.7223557692307693 0.7704326923076923 0.030048076923076924 0.09975961538461539
0 0.7536057692307693 0.7620192307692307 0.028846153846153848 0.10576923076923077
0 0.78125 0.7512019230769231 0.025240384615384616 0.10336538461538461
0 0.8100961538461539 0.7536057692307693 0.030048076923076924 0.11057692307692307
0 0.8401442307692307 0.7608173076923077 0.026442307692307692 0.09735576923076923
0 0.8725961538461539 0.7536057692307693 0.03245192307692308 0.1045673076923077
0 0.9014423076923077 0.75 0.027644230769230768 0.09615384615384616
0 0.9302884615384616 0.7560096153846154 0.03245192307692308 0.10336538461538461
0 0.9603365384615384 0.7475961538461539 0.03245192307692308 0.09975961538461539
0 0.9867788461538461 0.7487980769230769 0.025240384615384616 0.10697115384615384
0 0.6526442307692307 0.4026442307692308 0.028846153846153848 0.11298076923076923
0 0.6838942307692307 0.40384615384615385 0.030048076923076924 0.10576923076923077
0 0.7127403846153846 0.39903846153846156 0.027644230769230768 0.1045673076923077
0 0.7439903846153846 0.39663461538461536 0.030048076923076924 0.10576923076923077
0 0.7740384615384616 0.39903846153846156 0.030048076923076924 0.09735576923076923
0 0.8052884615384616 0.38221153846153844 0.030048076923076924 0.09735576923076923
0 0.8353365384615384 0.3762019230769231 0.027644230769230768 0.1045673076923077
0 0.8641826923076923 0.37740384615384615 0.027644230769230768 0.10336538461538461
0 0.8918269230769231 0.3858173076923077 0.028846153846153848 0.0985576923076923
0 0.921875 0.38461538461538464 0.03365384615384615 0.09615384615384616
0 0.9519230769230769 0.38100961538461536 0.03485576923076923 0.10697115384615384
0 0.9819711538461539 0.3786057692307692 0.03365384615384615 0.10336538461538461
0 0.6286057692307693 0.1310096153846154 0.028846153846153848 0.10576923076923077
0 0.6598557692307693 0.14543269230769232 0.027644230769230768 0.08774038461538461
0 0.6887019230769231 0.12379807692307693 0.025240384615384616 0.09975961538461539
0 0.7199519230769231 0.17668269230769232 0.027644230769230768 0.09495192307692307
0 0.7451923076923077 0.11057692307692307 0.025240384615384616 0.09975961538461539
0 0.7752403846153846 0.109375 0.028846153846153848 0.10336538461538461
0 0.8076923076923077 0.11538461538461539 0.027644230769230768 0.10336538461538461
0 0.8365384615384616 0.11778846153846154 0.027644230769230768 0.1045673076923077
0 0.8677884615384616 0.10817307692307693 0.030048076923076924 0.10336538461538461
0 0.8978365384615384 0.125 0.030048076923076924 0.10576923076923077
0 0.9278846153846154 0.11899038461538461 0.027644230769230768 0.10697115384615384
0 0.9591346153846154 0.109375 0.03125 0.10576923076923077
0 0.9867788461538461 0.10817307692307693 0.02403846153846154 0.10576923076923077