0 0.6466346153846154 0.23197115384615385 0.028846153846153848 0.11057692307692307
0 0.6418269230769231 0.375 0.028846153846153848 0.11778846153846154
0 0.6394230769230769 0.5072115384615384 0.03245192307692308 0.109375
0 0.6430288461538461 0.6574519230769231 0.03125 0.11538461538461539
0 0.6658653846153846 0.9230769230769231 0.027644230769230768 0.11899038461538461
0 0.6346153846153846 0.9483173076923077 0.030048076923076924 0.09975961538461539
0 0.4963942307692308 0.5480769230769231 0.054086538461538464 0.052884615384615384
0 0.49158653846153844 0.7151442307692307 0.06370192307692307 0.056490384615384616
0 0.4879807692307692 0.8846153846153846 0.06129807692307692 0.055288461538461536
0 0.49038461538461536 0.9447115384615384 0.06490384615384616 0.042067307692307696
0 0.4891826923076923 0.9819711538461539 0.06129807692307692 0.03245192307692308
0 0.4879807692307692 0.3125 0.06370192307692307 0.054086538461538464
0 0.4951923076923077 0.24879807692307693 0.055288461538461536 0.05048076923076923
0 0.5012019230769231 0.13942307692307693 0.055288461538461536 0.056490384615384616
0 0.5060096153846154 0.078125 0.04807692307692308 0.05048076923076923
0 0.4963942307692308 0.025240384615384616 0.056490384615384616 0.05048076923076923
0 0.36177884615384615 0.08413461538461539 0.057692307692307696 0.0733173076923077
0 0.3641826923076923 0.14302884615384615 0.06129807692307692 0.07932692307692307
0 0.35216346153846156 0.4963942307692308 0.0625 0.07091346153846154
0 0.35096153846153844 0.6129807692307693 0.06370192307692307 0.0829326923076923
0 0.22235576923076922 0.9579326923076923 0.06370192307692307 0.07211538461538461
0 0.21634615384615385 0.8870192307692307 0.06610576923076923 0.0829326923076923
0 0.21995192307692307 0.8305288461538461 0.06850961538461539 0.09495192307692307
0 0.22235576923076922 0.7644230769230769 0.06610576923076923 0.08653846153846154
0 0.22355769230769232 0.6935096153846154 0.0673076923076923 0.08052884615384616
0 0.2247596153846154 0.6274038461538461 0.06370192307692307 0.07091346153846154
0 0.22716346153846154 0.5588942307692307 0.06370192307692307 0.07932692307692307
0 0.2283653846153846 0.4855769230769231 0.06610576923076923 0.07091346153846154
0 0.2247596153846154 0.4182692307692308 0.06370192307692307 0.08774038461538461
0 0.22596153846153846 0.3629807692307692 0.06370192307692307 0.07451923076923077
0 0.23197115384615385 0.2956730769230769 0.06610576923076923 0.0733173076923077
0 0.22956730769230768 0.23197115384615385 0.06610576923076923 0.06971153846153846
0 0.22956730769230768 0.15745192307692307 0.06009615384615385 0.0733173076923077
0 0.23076923076923078 0.09735576923076923 0.06490384615384616 0.078125
0 0.23677884615384615 0.03485576923076923 0.06129807692307692 0.06971153846153846