0 0.21514423076923078 0.8569711538461539 0.0889423076923077 0.07091346153846154
0 0.11658653846153846 0.8581730769230769 0.09254807692307693 0.07932692307692307
0 0.10576923076923077 0.7776442307692307 0.09975961538461539 0.078125
0 0.20673076923076922 0.7704326923076923 0.08413461538461539 0.06850961538461539
0 0.19230769230769232 0.6141826923076923 0.09975961538461539 0.0733173076923077
0 0.09254807692307693 0.6286057692307693 0.08774038461538461 0.06490384615384616
0 0.17427884615384615 0.22956730769230768 0.08774038461538461 0.0733173076923077
0 0.07572115384615384 0.2439903846153846 0.09495192307692307 0.06971153846153846
0 0.16826923076923078 0.018028846153846152 0.0829326923076923 0.036057692307692304
0 0.45552884615384615 0.026442307692307692 0.08413461538461539 0.052884615384615384
0 0.45913461538461536 0.0889423076923077 0.07451923076923077 0.07932692307692307
0 0.46875 0.22235576923076922 0.0829326923076923 0.0625
0 0.46634615384615385 0.3004807692307692 0.08653846153846154 0.06971153846153846
0 0.47596153846153844 0.4362980769230769 0.09375 0.06370192307692307
0 0.38221153846153844 0.37740384615384615 0.08774038461538461 0.06610576923076923
0 0.390625 0.453125 0.07211538461538461 0.06009615384615385
0 0.4735576923076923 0.5072115384615384 0.08774038461538461 0.06850961538461539
0 0.4795673076923077 0.5925480769230769 0.08653846153846154 0.06610576923076923
0 0.47475961538461536 0.6682692307692307 0.08774038461538461 0.07211538461538461
0 0.3870192307692308 0.6838942307692307 0.07932692307692307 0.06370192307692307
0 0.3918269230769231 0.7536057692307693 0.08413461538461539 0.06850961538461539
0 0.4831730769230769 0.7403846153846154 0.08052884615384616 0.06850961538461539
0 0.4879807692307692 0.8185096153846154 0.07932692307692307 0.06610576923076923
0 0.39663461538461536 0.8365384615384616 0.08653846153846154 0.06370192307692307
0 0.7524038461538461 0.7944711538461539 0.0889423076923077 0.0625
0 0.7475961538461539 0.7199519230769231 0.0829326923076923 0.07211538461538461
0 0.6610576923076923 0.7223557692307693 0.08413461538461539 0.06009615384615385
0 0.6550480769230769 0.6442307692307693 0.08653846153846154 0.06971153846153846
0 0.7439903846153846 0.640625 0.08413461538461539 0.06850961538461539
0 0.7439903846153846 0.5540865384615384 0.07451923076923077 0.06129807692307692
0 0.6574519230769231 0.5625 0.078125 0.0625
0 0.6514423076923077 0.49278846153846156 0.08413461538461539 0.06971153846153846
0 0.7391826923076923 0.47475961538461536 0.08774038461538461 0.06610576923076923
0 0.7475961538461539 0.39302884615384615 0.07451923076923077 0.05889423076923077
0 0.7355769230769231 0.31850961538461536 0.08173076923076923 0.06971153846153846
0 0.6442307692307693 0.34975961538461536 0.08774038461538461 0.06490384615384616
0 0.6442307692307693 0.2776442307692308 0.08653846153846154 0.0625
0 0.7295673076923077 0.24759615384615385 0.08653846153846154 0.06370192307692307
0 0.7295673076923077 0.10817307692307693 0.08653846153846154 0.0733173076923077
0 0.6346153846153846 0.0625 0.09134615384615384 0.08413461538461539
0 0.9230769230769231 0.046875 0.09254807692307693 0.06850961538461539
0 0.9170673076923077 0.12379807692307693 0.08413461538461539 0.07091346153846154
0 0.9134615384615384 0.18870192307692307 0.09014423076923077 0.0625
0 0.9134615384615384 0.2668269230769231 0.09014423076923077 0.0625
0 0.9158653846153846 0.3317307692307692 0.09735576923076923 0.06610576923076923
0 0.9206730769230769 0.40865384615384615 0.09735576923076923 0.07211538461538461
0 0.9314903846153846 0.5504807692307693 0.09254807692307693 0.06850961538461539
0 0.9302884615384616 0.6322115384615384 0.0829326923076923 0.06370192307692307
0 0.9314903846153846 0.7067307692307693 0.08533653846153846 0.05889423076923077
0 0.9314903846153846 0.7788461538461539 0.09254807692307693 0.06850961538461539
0 0.9855769230769231 0.125 0.026442307692307692 0.06850961538461539
0 0.9831730769230769 0.20793269230769232 0.030048076923076924 0.07091346153846154
0 0.9879807692307693 0.5216346153846154 0.02283653846153846 0.056490384615384616
0 0.9879807692307693 0.6009615384615384 0.021634615384615384 0.06129807692307692
0 0.9879807692307693 0.6875 0.02283653846153846 0.06971153846153846
0 0.9903846153846154 0.7752403846153846 0.016826923076923076 0.0625