0 0.4963942307692308 0.9879807692307693 0.030048076923076924 0.020432692307692308
0 0.53125 0.9651442307692307 0.056490384615384616 0.06490384615384616
0 0.5528846153846154 0.9411057692307693 0.055288461538461536 0.09254807692307693
0 0.5721153846153846 0.9014423076923077 0.052884615384615384 0.09735576923076923
0 0.5985576923076923 0.8641826923076923 0.054086538461538464 0.09735576923076923
0 0.6165865384615384 0.8209134615384616 0.056490384615384616 0.09975961538461539
0 0.6370192307692307 0.7776442307692307 0.055288461538461536 0.10576923076923077
0 0.6622596153846154 0.7403846153846154 0.055288461538461536 0.09735576923076923
0 0.6838942307692307 0.6995192307692307 0.052884615384615384 0.09254807692307693
0 0.7043269230769231 0.6526442307692307 0.055288461538461536 0.0985576923076923
0 0.7259615384615384 0.6153846153846154 0.055288461538461536 0.09254807692307693
0 0.7487980769230769 0.5733173076923077 0.056490384615384616 0.09975961538461539
0 0.7668269230769231 0.5336538461538461 0.057692307692307696 0.09735576923076923
0 0.7860576923076923 0.49158653846153844 0.04567307692307692 0.08413461538461539
0 0.8076923076923077 0.45552884615384615 0.04567307692307692 0.07932692307692307
0 0.8221153846153846 0.4110576923076923 0.04807692307692308 0.08173076923076923
0 0.84375 0.3762019230769231 0.051682692307692304 0.08774038461538461
0 0.8605769230769231 0.33413461538461536 0.051682692307692304 0.0889423076923077
0 0.8834134615384616 0.30528846153846156 0.052884615384615384 0.09495192307692307
0 0.9038461538461539 0.2620192307692308 0.05048076923076923 0.09495192307692307
0 0.9242788461538461 0.2247596153846154 0.04807692307692308 0.08653846153846154
0 0.9411057692307693 0.1778846153846154 0.052884615384615384 0.08774038461538461
0 0.9675480769230769 0.1466346153846154 0.05889423076923077 0.0889423076923077
0 0.9855769230769231 0.22596153846153846 0.027644230769230768 0.09014423076923077
0 0.8762019230769231 0.015625 0.03485576923076923 0.030048076923076924
0 0.8449519230769231 0.03245192307692308 0.054086538461538464 0.06370192307692307
0 0.8293269230769231 0.0625 0.052884615384615384 0.09495192307692307
0 0.8088942307692307 0.09615384615384616 0.04927884615384615 0.09254807692307693
0 0.7896634615384616 0.1310096153846154 0.046875 0.09615384615384616
0 0.7692307692307693 0.16706730769230768 0.04326923076923077 0.08653846153846154
0 0.7487980769230769 0.19831730769230768 0.051682692307692304 0.0889423076923077
0 0.7307692307692307 0.24158653846153846 0.052884615384615384 0.09495192307692307
0 0.7079326923076923 0.2776442307692308 0.05048076923076923 0.09254807692307693
0 0.6923076923076923 0.31850961538461536 0.05048076923076923 0.0889423076923077
0 0.6706730769230769 0.3605769230769231 0.052884615384615384 0.0889423076923077
0 0.65625 0.4050480769230769 0.054086538461538464 0.09975961538461539
0 0.6334134615384616 0.4483173076923077 0.04807692307692308 0.0889423076923077
0 0.7944711538461539 0.014423076923076924 0.03485576923076923 0.027644230769230768
0 0.7620192307692307 0.027644230769230768 0.051682692307692304 0.055288461538461536
0 0.7475961538461539 0.055288461538461536 0.04807692307692308 0.0829326923076923
0 0.7223557692307693 0.0829326923076923 0.051682692307692304 0.08774038461538461
0 0.7043269230769231 0.11899038461538461 0.051682692307692304 0.0985576923076923
0 0.6850961538461539 0.16346153846153846 0.051682692307692304 0.09014423076923077
0 0.6550480769230769 0.08052884615384616 0.04927884615384615 0.09254807692307693
0 0.6634615384615384 0.20192307692307693 0.052884615384615384 0.09014423076923077
0 0.6418269230769231 0.24158653846153846 0.05048076923076923 0.08653846153846154
0 0.6189903846153846 0.2764423076923077 0.052884615384615384 0.08774038461538461
0 0.6021634615384616 0.31850961538461536 0.04807692307692308 0.08774038461538461
0 0.5817307692307693 0.3605769230769231 0.052884615384615384 0.09014423076923077
0 0.5564903846153846 0.3954326923076923 0.054086538461538464 0.09014423076923077
0 0.5348557692307693 0.4375 0.052884615384615384 0.09254807692307693
0 0.5084134615384616 0.4723557692307692 0.04927884615384615 0.08173076923076923
0 0.4891826923076923 0.5192307692307693 0.056490384615384616 0.0985576923076923
0 0.46634615384615385 0.5600961538461539 0.05048076923076923 0.09014423076923077
0 0.4375 0.5997596153846154 0.056490384615384616 0.0985576923076923
0 0.4170673076923077 0.6466346153846154 0.052884615384615384 0.0889423076923077
0 0.39663461538461536 0.6899038461538461 0.057692307692307696 0.09975961538461539
0 0.3713942307692308 0.7283653846153846 0.05048076923076923 0.07932692307692307
0 0.35336538461538464 0.7776442307692307 0.054086538461538464 0.09615384615384616
0 0.33413461538461536 0.8185096153846154 0.05889423076923077 0.10096153846153846
0 0.3112980769230769 0.859375 0.055288461538461536 0.09735576923076923
0 0.28846153846153844 0.8990384615384616 0.055288461538461536 0.10096153846153846
0 0.265625 0.9399038461538461 0.057692307692307696 0.09735576923076923
0 0.24639423076923078 0.9663461538461539 0.06129807692307692 0.06370192307692307
0 0.20793269230769232 0.9855769230769231 0.03125 0.025240384615384616
0 0.30288461538461536 0.9831730769230769 0.03485576923076923 0.030048076923076924
0 0.3401442307692308 0.9651442307692307 0.056490384615384616 0.06490384615384616
0 0.36177884615384615 0.9459134615384616 0.052884615384615384 0.09134615384615384
0 0.38341346153846156 0.9038461538461539 0.054086538461538464 0.09975961538461539
0 0.4026442307692308 0.8581730769230769 0.055288461538461536 0.09735576923076923
0 0.4254807692307692 0.8161057692307693 0.052884615384615384 0.09495192307692307
0 0.4495192307692308 0.7788461538461539 0.05048076923076923 0.09134615384615384
0 0.47596153846153844 0.7355769230769231 0.055288461538461536 0.09615384615384616
0 0.5012019230769231 0.6995192307692307 0.052884615384615384 0.09254807692307693
0 0.5216346153846154 0.6514423076923077 0.055288461538461536 0.09615384615384616
0 0.5432692307692307 0.6129807692307693 0.056490384615384616 0.09615384615384616
0 0.5685096153846154 0.5709134615384616 0.052884615384615384 0.09254807692307693
0 0.5853365384615384 0.5264423076923077 0.05889423076923077 0.10336538461538461
0 0.6105769230769231 0.4855769230769231 0.04927884615384615 0.09014423076923077
0 0.5168269230769231 0.2536057692307692 0.04807692307692308 0.09735576923076923
0 0.5841346153846154 0.016826923076923076 0.04807692307692308 0.03365384615384615
0 0.5612980769230769 0.036057692307692304 0.04927884615384615 0.07211538461538461
0 0.4963942307692308 0.019230769230769232 0.04567307692307692 0.038461538461538464
0 0.5408653846153846 0.07091346153846154 0.052884615384615384 0.09495192307692307
0 0.5192307692307693 0.10096153846153846 0.055288461538461536 0.09615384615384616
0 0.46274038461538464 0.030048076923076924 0.05048076923076923 0.06009615384615385
0 0.44591346153846156 0.06129807692307692 0.055288461538461536 0.09254807692307693
0 0.4963942307692308 0.14302884615384615 0.055288461538461536 0.0985576923076923
0 0.47475961538461536 0.18389423076923078 0.054086538461538464 0.08774038461538461
0 0.42427884615384615 0.10336538461538461 0.056490384615384616 0.09615384615384616
0 0.45072115384615385 0.21634615384615385 0.056490384615384616 0.0985576923076923
0 0.4050480769230769 0.140625 0.051682692307692304 0.08774038461538461
0 0.3762019230769231 0.17548076923076922 0.052884615384615384 0.09134615384615384
0 0.4230769230769231 0.25600961538461536 0.054086538461538464 0.09254807692307693
0 0.4074519230769231 0.3016826923076923 0.057692307692307696 0.09254807692307693
0 0.35697115384615385 0.22115384615384615 0.052884615384615384 0.09014423076923077
0 0.38221153846153844 0.34134615384615385 0.05048076923076923 0.0829326923076923
0 0.33413461538461536 0.2620192307692308 0.055288461538461536 0.09495192307692307
0 0.3125 0.30408653846153844 0.057692307692307696 0.0985576923076923
0 0.359375 0.3858173076923077 0.056490384615384616 0.09615384615384616
0 0.33653846153846156 0.43149038461538464 0.055288461538461536 0.09134615384615384
0 0.28846153846153844 0.34615384615384615 0.05048076923076923 0.09014423076923077
0 0.3161057692307692 0.4675480769230769 0.04807692307692308 0.08774038461538461
0 0.2668269230769231 0.390625 0.056490384615384616 0.10336538461538461
0 0.29447115384615385 0.515625 0.056490384615384616 0.09014423076923077
0 0.24278846153846154 0.43509615384615385 0.055288461538461536 0.09495192307692307
0 0.21995192307692307 0.47115384615384615 0.05048076923076923 0.09254807692307693
0 0.27163461538461536 0.5552884615384616 0.055288461538461536 0.09615384615384616
0 0.24879807692307693 0.5949519230769231 0.057692307692307696 0.09615384615384616
0 0.19591346153846154 0.5084134615384616 0.055288461538461536 0.09495192307692307
0 0.2283653846153846 0.6394230769230769 0.057692307692307696 0.09615384615384616
0 0.17307692307692307 0.5516826923076923 0.052884615384615384 0.08653846153846154
0 0.20192307692307693 0.671875 0.056490384615384616 0.0985576923076923
0 0.2548076923076923 0.7427884615384616 0.056490384615384616 0.1045673076923077
0 0.18028846153846154 0.7223557692307693 0.06009615384615385 0.10096153846153846
0 0.15865384615384615 0.7608173076923077 0.055288461538461536 0.09735576923076923
0 0.1346153846153846 0.8004807692307693 0.056490384615384616 0.09975961538461539
0 0.11057692307692307 0.8365384615384616 0.06129807692307692 0.10576923076923077
0 0.09014423076923077 0.8954326923076923 0.05889423076923077 0.09735576923076923
0 0.06610576923076923 0.9362980769230769 0.06009615384615385 0.09254807692307693
0 0.046875 0.9615384615384616 0.06850961538461539 0.07451923076923077
0 0.014423076923076924 0.9831730769230769 0.027644230769230768 0.030048076923076924
0 0.013221153846153846 0.9122596153846154 0.026442307692307692 0.07451923076923077
0 0.020432692307692308 0.8485576923076923 0.040865384615384616 0.09254807692307693
0 0.03485576923076923 0.8064903846153846 0.057692307692307696 0.10096153846153846
0 0.06370192307692307 0.7644230769230769 0.055288461538461536 0.09735576923076923
0 0.0829326923076923 0.7199519230769231 0.054086538461538464 0.09735576923076923
0 0.10817307692307693 0.6766826923076923 0.056490384615384616 0.09495192307692307
0 0.12620192307692307 0.6346153846153846 0.055288461538461536 0.10336538461538461
0 0.14903846153846154 0.5889423076923077 0.04807692307692308 0.08774038461538461
0 0.04326923076923077 0.4110576923076923 0.06610576923076923 0.09975961538461539
0 0.027644230769230768 0.4567307692307692 0.055288461538461536 0.10096153846153846
0 0.016826923076923076 0.5108173076923077 0.03245192307692308 0.07692307692307693
0 0.006009615384615385 0.5685096153846154 0.010817307692307692 0.046875
0 0.10817307692307693 0.36899038461538464 0.057692307692307696 0.10096153846153846
0 0.15625 0.2776442307692308 0.054086538461538464 0.09014423076923077
0 0.20673076923076922 0.18509615384615385 0.057692307692307696 0.10697115384615384
0 0.25721153846153844 0.10336538461538461 0.052884615384615384 0.09134615384615384
0 0.30649038461538464 0.027644230769230768 0.04447115384615385 0.055288461538461536