0 0.6586538461538461 0.6081730769230769 0.03485576923076923 0.09254807692307693
0 0.6262019230769231 0.6418269230769231 0.038461538461538464 0.1045673076923077
0 0.5949519230769231 0.6526442307692307 0.039663461538461536 0.11658653846153846
0 0.5637019230769231 0.6538461538461539 0.040865384615384616 0.10817307692307693
0 0.5324519230769231 0.6634615384615384 0.03485576923076923 0.1045673076923077
0 0.5036057692307693 0.6862980769230769 0.036057692307692304 0.09134615384615384
0 0.4675480769230769 0.6875 0.03485576923076923 0.09014423076923077
0 0.4411057692307692 0.7067307692307693 0.03485576923076923 0.10697115384615384
0 0.4050480769230769 0.7235576923076923 0.037259615384615384 0.09495192307692307
0 0.3798076923076923 0.7596153846153846 0.037259615384615384 0.1045673076923077
0 0.34975961538461536 0.7776442307692307 0.038461538461538464 0.10576923076923077
0 0.3161057692307692 0.7836538461538461 0.039663461538461536 0.10697115384615384
0 0.28125 0.796875 0.038461538461538464 0.10336538461538461
0 0.24759615384615385 0.8125 0.040865384615384616 0.11298076923076923
0 0.2127403846153846 0.8293269230769231 0.038461538461538464 0.109375
0 0.18028846153846154 0.8509615384615384 0.04326923076923077 0.11899038461538461
0 0.1466346153846154 0.8762019230769231 0.04567307692307692 0.11658653846153846
0 0.11298076923076923 0.8930288461538461 0.042067307692307696 0.1141826923076923
0 0.07932692307692307 0.9194711538461539 0.04326923076923077 0.09254807692307693
0 0.040865384615384616 0.9278846153846154 0.052884615384615384 0.125
0 0.014423076923076924 0.9362980769230769 0.027644230769230768 0.12139423076923077
0 0.6490384615384616 0.9447115384615384 0.038461538461538464 0.10817307692307693
0 0.6129807692307693 0.9459134615384616 0.037259615384615384 0.1045673076923077
0 0.5829326923076923 0.9567307692307693 0.03485576923076923 0.08173076923076923
0 0.5516826923076923 0.9627403846153846 0.03485576923076923 0.07211538461538461
0 0.5168269230769231 0.9735576923076923 0.028846153846153848 0.05048076923076923