0 0.5949519230769231 0.609375 0.03125 0.10817307692307693
0 0.6286057692307693 0.5961538461538461 0.03125 0.09735576923076923
0 0.6634615384615384 0.5985576923076923 0.03245192307692308 0.11057692307692307
0 0.6935096153846154 0.5889423076923077 0.026442307692307692 0.09495192307692307
0 0.7259615384615384 0.5865384615384616 0.03245192307692308 0.11899038461538461
0 0.7596153846153846 0.5793269230769231 0.030048076923076924 0.12620192307692307
0 0.7908653846153846 0.5817307692307693 0.03125 0.11057692307692307
0 0.8221153846153846 0.5721153846153846 0.03245192307692308 0.1141826923076923
0 0.8533653846153846 0.5649038461538461 0.03365384615384615 0.11538461538461539
0 0.8822115384615384 0.5637019230769231 0.03245192307692308 0.11298076923076923
0 0.9146634615384616 0.5612980769230769 0.03365384615384615 0.10336538461538461
0 0.9459134615384616 0.5528846153846154 0.040865384615384616 0.11538461538461539
0 0.9759615384615384 0.5420673076923077 0.039663461538461536 0.10336538461538461
0 0.9939903846153846 0.5360576923076923 0.009615384615384616 0.09975961538461539
0 0.9819711538461539 0.6682692307692307 0.03245192307692308 0.1045673076923077
0 0.6706730769230769 0.7151442307692307 0.028846153846153848 0.10336538461538461
0 0.7019230769230769 0.7175480769230769 0.03245192307692308 0.11778846153846154
0 0.7355769230769231 0.7163461538461539 0.03485576923076923 0.109375
0 0.765625 0.7115384615384616 0.028846153846153848 0.1045673076923077
0 0.7956730769230769 0.7019230769230769 0.03245192307692308 0.10697115384615384
0 0.8293269230769231 0.6935096153846154 0.030048076923076924 0.1141826923076923
0 0.8605769230769231 0.6911057692307693 0.027644230769230768 0.10697115384615384
0 0.8894230769230769 0.6850961538461539 0.03245192307692308 0.1141826923076923
0 0.921875 0.6862980769230769 0.03245192307692308 0.10697115384615384
0 0.9519230769230769 0.6754807692307693 0.030048076923076924 0.09615384615384616
0 0.7415865384615384 0.9555288461538461 0.03245192307692308 0.08413461538461539
0 0.7704326923076923 0.9459134615384616 0.027644230769230768 0.1045673076923077
0 0.8028846153846154 0.9435096153846154 0.03485576923076923 0.11057692307692307
0 0.8365384615384616 0.9362980769230769 0.03485576923076923 0.109375
0 0.8689903846153846 0.9399038461538461 0.030048076923076924 0.11538461538461539
0 0.9002403846153846 0.9338942307692307 0.03365384615384615 0.10096153846153846
0 0.9302884615384616 0.9278846153846154 0.03485576923076923 0.10697115384615384
0 0.9639423076923077 0.9134615384615384 0.03245192307692308 0.10697115384615384
0 0.9879807692307693 0.9170673076923077 0.02283653846153846 0.12139423076923077
0 0.5348557692307693 0.671875 0.03485576923076923 0.12259615384615384
0 0.4699519230769231 0.8245192307692307 0.0625 0.054086538461538464
0 0.4483173076923077 0.7403846153846154 0.06490384615384616 0.05889423076923077
0 0.4495192307692308 0.6550480769230769 0.0733173076923077 0.05889423076923077
0 0.44471153846153844 0.5721153846153846 0.06971153846153846 0.06129807692307692
0 0.4362980769230769 0.4026442307692308 0.0625 0.06129807692307692
0 0.421875 0.24278846153846154 0.06370192307692307 0.055288461538461536
0 0.4230769230769231 0.15504807692307693 0.0625 0.06009615384615385
0 0.5817307692307693 0.3449519230769231 0.028846153846153848 0.11057692307692307
0 0.6177884615384616 0.33774038461538464 0.030048076923076924 0.11658653846153846
0 0.6502403846153846 0.33052884615384615 0.028846153846153848 0.12379807692307693
0 0.6826923076923077 0.3401442307692308 0.030048076923076924 0.11658653846153846
0 0.7139423076923077 0.328125 0.03245192307692308 0.11899038461538461
0 0.7463942307692307 0.33052884615384615 0.03125 0.11057692307692307
0 0.7776442307692307 0.31971153846153844 0.03125 0.11658653846153846
0 0.8100961538461539 0.3161057692307692 0.028846153846153848 0.10336538461538461
0 0.8401442307692307 0.31009615384615385 0.03125 0.11298076923076923
0 0.5769230769230769 0.22596153846153846 0.03125 0.10576923076923077
0 0.6105769230769231 0.21153846153846154 0.03245192307692308 0.11298076923076923
0 0.6430288461538461 0.20793269230769232 0.03245192307692308 0.1141826923076923
0 0.6766826923076923 0.2127403846153846 0.03125 0.11057692307692307
0 0.7067307692307693 0.19591346153846154 0.03245192307692308 0.11298076923076923
0 0.7379807692307693 0.18870192307692307 0.03125 0.10697115384615384
0 0.7692307692307693 0.1935096153846154 0.03125 0.10096153846153846
0 0.8004807692307693 0.1935096153846154 0.03245192307692308 0.10576923076923077
0 0.8389423076923077 0.09495192307692307 0.042067307692307696 0.09735576923076923
0 0.8617788461538461 0.18028846153846154 0.037259615384615384 0.10817307692307693
0 0.8918269230769231 0.17668269230769232 0.03365384615384615 0.109375
0 0.9230769230769231 0.17668269230769232 0.036057692307692304 0.1045673076923077
0 0.9555288461538461 0.171875 0.037259615384615384 0.1045673076923077
0 0.9831730769230769 0.16346153846153846 0.03245192307692308 0.109375
0 0.9867788461538461 0.2932692307692308 0.02403846153846154 0.10697115384615384
0 0.9651442307692307 0.3004807692307692 0.038461538461538464 0.1045673076923077
0 0.9314903846153846 0.2932692307692308 0.03125 0.1141826923076923
0 0.8990384615384616 0.3004807692307692 0.03365384615384615 0.11538461538461539
0 0.8689903846153846 0.30649038461538464 0.030048076923076924 0.09975961538461539
0 0.4170673076923077 0.02403846153846154 0.03485576923076923 0.04807692307692308
0 0.4735576923076923 0.02283653846153846 0.028846153846153848 0.04567307692307692
0 0.5216346153846154 0.018028846153846152 0.028846153846153848 0.036057692307692304
0 0.5661057692307693 0.009615384615384616 0.02403846153846154 0.019230769230769232
0 0.6129807692307693 0.01201923076923077 0.025240384615384616 0.02403846153846154
0 0.6622596153846154 0.006009615384615385 0.025240384615384616 0.01201923076923077