0 0.6887019230769231 0.33052884615384615 0.03485576923076923 0.09254807692307693
0 0.6574519230769231 0.3641826923076923 0.038461538461538464 0.10336538461538461
0 0.6262019230769231 0.3762019230769231 0.038461538461538464 0.11658653846153846
0 0.5949519230769231 0.3762019230769231 0.038461538461538464 0.10576923076923077
0 0.5612980769230769 0.3858173076923077 0.037259615384615384 0.10096153846153846
0 0.5360576923076923 0.4098557692307692 0.03245192307692308 0.09134615384615384
0 0.5012019230769231 0.4110576923076923 0.03125 0.08653846153846154
0 0.4735576923076923 0.43028846153846156 0.036057692307692304 0.10336538461538461
0 0.4411057692307692 0.44471153846153844 0.038461538461538464 0.09014423076923077
0 0.41346153846153844 0.47836538461538464 0.037259615384615384 0.1045673076923077
0 0.38461538461538464 0.4987980769230769 0.037259615384615384 0.10697115384615384
0 0.35096153846153844 0.5024038461538461 0.037259615384615384 0.1045673076923077
0 0.31850961538461536 0.5168269230769231 0.036057692307692304 0.09735576923076923
0 0.2860576923076923 0.5348557692307693 0.038461538461538464 0.1141826923076923
0 0.2536057692307692 0.5504807692307693 0.037259615384615384 0.109375
0 0.21995192307692307 0.5721153846153846 0.042067307692307696 0.1141826923076923
0 0.18870192307692307 0.5949519230769231 0.04567307692307692 0.10697115384615384
0 0.15504807692307693 0.6129807692307693 0.042067307692307696 0.1045673076923077
0 0.12379807692307693 0.6394230769230769 0.039663461538461536 0.09254807692307693
0 0.08653846153846154 0.6430288461538461 0.05048076923076923 0.11778846153846154
0 0.05048076923076923 0.6574519230769231 0.04807692307692308 0.11778846153846154
0 0.019230769230769232 0.6742788461538461 0.038461538461538464 0.10817307692307693
0 0.6838942307692307 0.6610576923076923 0.04326923076923077 0.109375
0 0.6466346153846154 0.6694711538461539 0.038461538461538464 0.10576923076923077
0 0.6189903846153846 0.6875 0.037259615384615384 0.10096153846153846
0 0.5877403846153846 0.703125 0.037259615384615384 0.10817307692307693
0 0.5576923076923077 0.7247596153846154 0.039663461538461536 0.1045673076923077
0 0.5288461538461539 0.75 0.037259615384615384 0.10697115384615384
0 0.5 0.7644230769230769 0.037259615384615384 0.10697115384615384
0 0.46634615384615385 0.7764423076923077 0.038461538461538464 0.1045673076923077
0 0.4338942307692308 0.7932692307692307 0.037259615384615384 0.1141826923076923
0 0.4050480769230769 0.8149038461538461 0.042067307692307696 0.109375
0 0.3737980769230769 0.8413461538461539 0.042067307692307696 0.12139423076923077
0 0.3389423076923077 0.8485576923076923 0.038461538461538464 0.1141826923076923
0 0.30649038461538464 0.8641826923076923 0.04447115384615385 0.11538461538461539
0 0.27403846153846156 0.890625 0.04326923076923077 0.11778846153846154
0 0.2403846153846154 0.9074519230769231 0.04326923076923077 0.12139423076923077
0 0.2091346153846154 0.9194711538461539 0.04447115384615385 0.12259615384615384
0 0.17307692307692307 0.9362980769230769 0.04447115384615385 0.12379807692307693
0 0.1346153846153846 0.9459134615384616 0.037259615384615384 0.10576923076923077
0 0.10096153846153846 0.9567307692307693 0.04326923076923077 0.0829326923076923
0 0.06490384615384616 0.9723557692307693 0.037259615384615384 0.052884615384615384
0 0.6754807692307693 0.7487980769230769 0.052884615384615384 0.06129807692307692
0 0.6177884615384616 0.7764423076923077 0.056490384615384616 0.06610576923076923
0 0.5576923076923077 0.8221153846153846 0.05889423076923077 0.07211538461538461
0 0.49278846153846156 0.8605769230769231 0.0625 0.07451923076923077
0 0.4230769230769231 0.9002403846153846 0.05889423076923077 0.07692307692307693
0 0.36538461538461536 0.9387019230769231 0.04927884615384615 0.06610576923076923
0 0.30408653846153844 0.9663461538461539 0.06610576923076923 0.0625
0 0.7764423076923077 0.8677884615384616 0.04326923076923077 0.109375
0 0.7439903846153846 0.8954326923076923 0.039663461538461536 0.109375
0 0.7211538461538461 0.9266826923076923 0.039663461538461536 0.10817307692307693
0 0.6911057692307693 0.9447115384615384 0.037259615384615384 0.10697115384615384
0 0.6598557692307693 0.9519230769230769 0.036057692307692304 0.09254807692307693
0 0.6334134615384616 0.9579326923076923 0.036057692307692304 0.08052884615384616
0 0.6009615384615384 0.9639423076923077 0.03365384615384615 0.06850961538461539