0 0.7079326923076923 0.6802884615384616 0.027644230769230768 0.10817307692307693
0 0.7103365384615384 0.5661057692307693 0.028846153846153848 0.109375
0 0.7740384615384616 0.5588942307692307 0.030048076923076924 0.11778846153846154
0 0.7427884615384616 0.6790865384615384 0.026442307692307692 0.109375
0 0.6237980769230769 0.3004807692307692 0.025240384615384616 0.11057692307692307
0 0.7019230769230769 0.9290865384615384 0.027644230769230768 0.10697115384615384
0 0.734375 0.9230769230769231 0.027644230769230768 0.09014423076923077
0 0.7415865384615384 0.5564903846153846 0.028846153846153848 0.11057692307692307
0 0.8353365384615384 0.5564903846153846 0.025240384615384616 0.11057692307692307
0 0.8040865384615384 0.5661057692307693 0.030048076923076924 0.10817307692307693
0 0.8629807692307693 0.6875 0.027644230769230768 0.1045673076923077
0 0.8641826923076923 0.5540865384615384 0.028846153846153848 0.10096153846153846
0 0.8930288461538461 0.5600961538461539 0.027644230769230768 0.10096153846153846
0 0.921875 0.5649038461538461 0.030048076923076924 0.10096153846153846
0 0.9230769230769231 0.6838942307692307 0.03125 0.09615384615384616
0 0.5637019230769231 0.3004807692307692 0.04326923076923077 0.109375
0 0.5637019230769231 0.9543269230769231 0.06971153846153846 0.052884615384615384
0 0.5661057692307693 0.8762019230769231 0.06850961538461539 0.055288461538461536
0 0.7151442307692307 0.2932692307692308 0.028846153846153848 0.11057692307692307
0 0.7596153846153846 0.3088942307692308 0.030048076923076924 0.11298076923076923
0 0.8088942307692307 0.31009615384615385 0.030048076923076924 0.10096153846153846
0 0.8497596153846154 0.30528846153846156 0.025240384615384616 0.09615384615384616
0 0.9338942307692307 0.3233173076923077 0.027644230769230768 0.10096153846153846
0 0.9807692307692307 0.3233173076923077 0.03245192307692308 0.10817307692307693
0 0.9795673076923077 0.5612980769230769 0.03365384615384615 0.10576923076923077
0 0.9507211538461539 0.6802884615384616 0.03245192307692308 0.10697115384615384
0 0.8016826923076923 0.6875 0.028846153846153848 0.10817307692307693
0 0.7716346153846154 0.6766826923076923 0.028846153846153848 0.11298076923076923
0 0.8317307692307693 0.6802884615384616 0.030048076923076924 0.11057692307692307
0 0.9831730769230769 0.6838942307692307 0.03125 0.09615384615384616
0 0.7668269230769231 0.9302884615384616 0.028846153846153848 0.10576923076923077
0 0.7956730769230769 0.9230769230769231 0.026442307692307692 0.09014423076923077
0 0.8257211538461539 0.9254807692307693 0.030048076923076924 0.11057692307692307
0 0.8581730769230769 0.9230769230769231 0.030048076923076924 0.1141826923076923
0 0.8882211538461539 0.9314903846153846 0.030048076923076924 0.10817307692307693
0 0.9182692307692307 0.9278846153846154 0.030048076923076924 0.11298076923076923
0 0.9495192307692307 0.9278846153846154 0.03245192307692308 0.11658653846153846
0 0.9795673076923077 0.9338942307692307 0.030048076923076924 0.10697115384615384
0 0.9951923076923077 0.9314903846153846 0.007211538461538462 0.09134615384615384
0 0.6706730769230769 0.30288461538461536 0.027644230769230768 0.11899038461538461
0 0.5685096153846154 0.47115384615384615 0.06370192307692307 0.04807692307692308
0 0.5637019230769231 0.5552884615384616 0.06129807692307692 0.054086538461538464
0 0.5685096153846154 0.7139423076923077 0.06009615384615385 0.051682692307692304
0 0.8918269230769231 0.6802884615384616 0.030048076923076924 0.11298076923076923
0 0.7680288461538461 0.9927884615384616 0.02403846153846154 0.009615384615384616
0 0.7980769230769231 0.9927884615384616 0.025240384615384616 0.010817307692307692
0 0.9206730769230769 0.9927884615384616 0.02403846153846154 0.009615384615384616