0 0.5576923076923077 0.3713942307692308 0.06370192307692307 0.051682692307692304
0 0.6995192307692307 0.3737980769230769 0.055288461538461536 0.04567307692307692
0 0.5637019230769231 0.3137019230769231 0.055288461538461536 0.04807692307692308
0 0.7644230769230769 0.37259615384615385 0.06610576923076923 0.051682692307692304
0 0.7644230769230769 0.31490384615384615 0.06129807692307692 0.04807692307692308
0 0.7019230769230769 0.31971153846153844 0.06129807692307692 0.04567307692307692
0 0.4855769230769231 0.3737980769230769 0.06009615384615385 0.052884615384615384
0 0.484375 0.31490384615384615 0.05889423076923077 0.04807692307692308
0 0.4831730769230769 0.2644230769230769 0.056490384615384616 0.04567307692307692
0 0.5540865384615384 0.20432692307692307 0.055288461538461536 0.051682692307692304
0 0.4831730769230769 0.21153846153846154 0.05889423076923077 0.054086538461538464
0 0.5552884615384616 0.1502403846153846 0.054086538461538464 0.051682692307692304
0 0.484375 0.15504807692307693 0.05889423076923077 0.052884615384615384
0 0.4807692307692308 0.10336538461538461 0.05889423076923077 0.04807692307692308
0 0.5504807692307693 0.10096153846153846 0.056490384615384616 0.04807692307692308
0 0.5444711538461539 0.046875 0.056490384615384616 0.056490384615384616
0 0.47836538461538464 0.052884615384615384 0.057692307692307696 0.05889423076923077
0 0.47475961538461536 0.01201923076923077 0.056490384615384616 0.02403846153846154
0 0.5408653846153846 0.009615384615384616 0.056490384615384616 0.019230769230769232
0 0.7596153846153846 0.265625 0.055288461538461536 0.046875
0 0.6995192307692307 0.2668269230769231 0.05889423076923077 0.056490384615384616
0 0.7644230769230769 0.21153846153846154 0.06009615384615385 0.051682692307692304
0 0.6971153846153846 0.21153846153846154 0.0625 0.051682692307692304
0 0.6935096153846154 0.15865384615384615 0.06009615384615385 0.046875
0 0.7620192307692307 0.15504807692307693 0.054086538461538464 0.046875
0 0.7572115384615384 0.10336538461538461 0.057692307692307696 0.04326923076923077
0 0.6862980769230769 0.10697115384615384 0.056490384615384616 0.04807692307692308
0 0.6862980769230769 0.055288461538461536 0.05889423076923077 0.05048076923076923
0 0.7560096153846154 0.056490384615384616 0.057692307692307696 0.051682692307692304
0 0.7524038461538461 0.016826923076923076 0.057692307692307696 0.03365384615384615
0 0.6838942307692307 0.014423076923076924 0.06370192307692307 0.028846153846153848
0 0.34134615384615385 0.3870192307692308 0.0625 0.04807692307692308
0 0.33413461538461536 0.3269230769230769 0.06009615384615385 0.04326923076923077
0 0.3389423076923077 0.2764423076923077 0.06129807692307692 0.04567307692307692
0 0.33653846153846156 0.21754807692307693 0.057692307692307696 0.052884615384615384
0 0.33052884615384615 0.16706730769230768 0.05889423076923077 0.05048076923076923
0 0.33653846153846156 0.11538461538461539 0.055288461538461536 0.051682692307692304
0 0.33052884615384615 0.06129807692307692 0.051682692307692304 0.051682692307692304
0 0.33052884615384615 0.016826923076923076 0.05889423076923077 0.03365384615384615
0 0.2668269230769231 0.020432692307692308 0.06009615384615385 0.040865384615384616
0 0.2620192307692308 0.06850961538461539 0.054086538461538464 0.04807692307692308
0 0.2644230769230769 0.11778846153846154 0.055288461538461536 0.04807692307692308
0 0.2668269230769231 0.17067307692307693 0.057692307692307696 0.04807692307692308
0 0.26322115384615385 0.22355769230769232 0.056490384615384616 0.055288461538461536
0 0.26322115384615385 0.2824519230769231 0.06009615384615385 0.052884615384615384
0 0.2620192307692308 0.33653846153846156 0.056490384615384616 0.04807692307692308
0 0.2692307692307692 0.39302884615384615 0.06129807692307692 0.046875
0 0.14903846153846154 0.4375 0.03125 0.11057692307692307
0 0.14423076923076922 0.3161057692307692 0.030048076923076924 0.09975961538461539
0 0.1466346153846154 0.18870192307692307 0.030048076923076924 0.109375
0 0.14783653846153846 0.056490384615384616 0.027644230769230768 0.10096153846153846
0 0.1502403846153846 0.7860576923076923 0.03125 0.11298076923076923
0 0.1502403846153846 0.9182692307692307 0.030048076923076924 0.1141826923076923
0 0.8918269230769231 0.010817307692307692 0.055288461538461536 0.021634615384615384
0 0.8978365384615384 0.05048076923076923 0.06370192307692307 0.04807692307692308
0 0.8954326923076923 0.10336538461538461 0.06490384615384616 0.05048076923076923
0 0.9002403846153846 0.15264423076923078 0.06009615384615385 0.04567307692307692
0 0.9050480769230769 0.203125 0.06129807692307692 0.04807692307692308
0 0.9002403846153846 0.2536057692307692 0.05889423076923077 0.051682692307692304
0 0.9050480769230769 0.30408653846153844 0.06129807692307692 0.046875
0 0.9110576923076923 0.359375 0.06129807692307692 0.046875
0 0.9110576923076923 0.41346153846153844 0.06490384615384616 0.04567307692307692
0 0.9182692307692307 0.4651442307692308 0.05889423076923077 0.04567307692307692
0 0.9206730769230769 0.6009615384615384 0.056490384615384616 0.04447115384615385
0 0.921875 0.6538461538461539 0.06129807692307692 0.04567307692307692
0 0.9266826923076923 0.7127403846153846 0.06370192307692307 0.05048076923076923
0 0.9254807692307693 0.7620192307692307 0.06129807692307692 0.04567307692307692
0 0.9314903846153846 0.8125 0.05889423076923077 0.04567307692307692
0 0.9314903846153846 0.8689903846153846 0.06610576923076923 0.05048076923076923
0 0.9314903846153846 0.9254807692307693 0.0673076923076923 0.056490384615384616
0 0.9387019230769231 0.9759615384615384 0.0733173076923077 0.04447115384615385
0 0.7740384615384616 0.6045673076923077 0.055288461538461536 0.046875
0 0.7740384615384616 0.6598557692307693 0.056490384615384616 0.054086538461538464
0 0.7800480769230769 0.7151442307692307 0.057692307692307696 0.05048076923076923
0 0.7728365384615384 0.7764423076923077 0.05889423076923077 0.05048076923076923
0 0.7788461538461539 0.8245192307692307 0.057692307692307696 0.04807692307692308
0 0.7800480769230769 0.8762019230769231 0.05889423076923077 0.046875
0 0.7824519230769231 0.9807692307692307 0.055288461538461536 0.036057692307692304
0 0.7175480769230769 0.9891826923076923 0.052884615384615384 0.019230769230769232
0 0.7103365384615384 0.9447115384615384 0.056490384615384616 0.05048076923076923
0 0.7103365384615384 0.8858173076923077 0.0625 0.052884615384615384
0 0.7043269230769231 0.828125 0.06129807692307692 0.04807692307692308
0 0.7127403846153846 0.7199519230769231 0.06490384615384616 0.046875
0 0.7091346153846154 0.6670673076923077 0.06129807692307692 0.051682692307692304
0 0.7079326923076923 0.6069711538461539 0.06129807692307692 0.04447115384615385
0 0.5612980769230769 0.6213942307692307 0.055288461538461536 0.051682692307692304
0 0.5588942307692307 0.6754807692307693 0.06129807692307692 0.05048076923076923
0 0.5564903846153846 0.7319711538461539 0.05048076923076923 0.051682692307692304
0 0.5637019230769231 0.7872596153846154 0.055288461538461536 0.04807692307692308
0 0.5685096153846154 0.8425480769230769 0.06129807692307692 0.052884615384615384
0 0.5661057692307693 0.8966346153846154 0.056490384615384616 0.05048076923076923
0 0.5673076923076923 0.9519230769230769 0.06129807692307692 0.04807692307692308
0 0.5637019230769231 0.9903846153846154 0.056490384615384616 0.015625
0 0.49278846153846156 0.9903846153846154 0.06129807692307692 0.016826923076923076
0 0.4951923076923077 0.9543269230769231 0.052884615384615384 0.04567307692307692
0 0.4963942307692308 0.9014423076923077 0.06009615384615385 0.05048076923076923
0 0.4951923076923077 0.8473557692307693 0.05889423076923077 0.051682692307692304
0 0.4831730769230769 0.7920673076923077 0.055288461538461536 0.046875
0 0.4807692307692308 0.7331730769230769 0.05889423076923077 0.04807692307692308
0 0.4831730769230769 0.6790865384615384 0.06610576923076923 0.04807692307692308
0 0.48197115384615385 0.6225961538461539 0.0625 0.05048076923076923
0 0.43028846153846156 0.8004807692307693 0.030048076923076924 0.109375
0 0.34134615384615385 0.6213942307692307 0.06009615384615385 0.056490384615384616
0 0.3473557692307692 0.6802884615384616 0.06009615384615385 0.04807692307692308
0 0.3485576923076923 0.7379807692307693 0.05889423076923077 0.046875
0 0.3485576923076923 0.7932692307692307 0.0625 0.046875
0 0.35336538461538464 0.8545673076923077 0.06129807692307692 0.054086538461538464
0 0.34975961538461536 0.9074519230769231 0.05889423076923077 0.046875
0 0.3473557692307692 0.9555288461538461 0.05889423076923077 0.051682692307692304
0 0.3449519230769231 0.9915865384615384 0.055288461538461536 0.014423076923076924
0 0.27524038461538464 0.9651442307692307 0.055288461538461536 0.055288461538461536
0 0.2776442307692308 0.9050480769230769 0.05889423076923077 0.051682692307692304
0 0.27524038461538464 0.8485576923076923 0.056490384615384616 0.04447115384615385
0 0.2692307692307692 0.7944711538461539 0.05889423076923077 0.04447115384615385
0 0.2692307692307692 0.7355769230769231 0.05889423076923077 0.04567307692307692
0 0.2692307692307692 0.6778846153846154 0.05889423076923077 0.052884615384615384
0 0.27163461538461536 0.6225961538461539 0.06129807692307692 0.04567307692307692
0 0.7127403846153846 0.7788461538461539 0.056490384615384616 0.046875