0 0.6538461538461539 0.02283653846153846 0.0673076923076923 0.04567307692307692
0 0.6610576923076923 0.07091346153846154 0.06009615384615385 0.055288461538461536
0 0.6622596153846154 0.12379807692307693 0.054086538461538464 0.056490384615384616
0 0.6658653846153846 0.18028846153846154 0.06610576923076923 0.05048076923076923
0 0.6622596153846154 0.23317307692307693 0.05889423076923077 0.055288461538461536
0 0.6610576923076923 0.28725961538461536 0.057692307692307696 0.054086538461538464
0 0.6838942307692307 0.3425480769230769 0.06129807692307692 0.055288461538461536
0 0.6598557692307693 0.39903846153846156 0.06009615384615385 0.052884615384615384
0 0.6778846153846154 0.4579326923076923 0.06610576923076923 0.05048076923076923
0 0.6778846153846154 0.515625 0.0625 0.04807692307692308
0 0.6742788461538461 0.5721153846153846 0.052884615384615384 0.046875
0 0.6706730769230769 0.6225961538461539 0.052884615384615384 0.04807692307692308
0 0.6778846153846154 0.6802884615384616 0.06129807692307692 0.04807692307692308
0 0.6766826923076923 0.7379807692307693 0.055288461538461536 0.054086538461538464
0 0.6802884615384616 0.7956730769230769 0.06129807692307692 0.052884615384615384
0 0.6838942307692307 0.8509615384615384 0.0625 0.054086538461538464
0 0.6923076923076923 0.9050480769230769 0.06129807692307692 0.05048076923076923
0 0.6887019230769231 0.9627403846153846 0.06129807692307692 0.056490384615384616
0 0.5528846153846154 0.09615384615384616 0.025240384615384616 0.10336538461538461
0 0.5528846153846154 0.20552884615384615 0.02403846153846154 0.10336538461538461
0 0.5612980769230769 0.31850961538461536 0.026442307692307692 0.10697115384615384
0 0.5637019230769231 0.44471153846153844 0.026442307692307692 0.11778846153846154
0 0.5637019230769231 0.5637019230769231 0.027644230769230768 0.11057692307692307
0 0.5673076923076923 0.6706730769230769 0.025240384615384616 0.09735576923076923
0 0.5697115384615384 0.7824519230769231 0.02403846153846154 0.11057692307692307
0 0.5721153846153846 0.8942307692307693 0.026442307692307692 0.10096153846153846
0 0.5757211538461539 0.9759615384615384 0.02403846153846154 0.04326923076923077
0 0.5060096153846154 0.056490384615384616 0.05889423076923077 0.0625
0 0.5012019230769231 0.125 0.06009615384615385 0.04567307692307692
0 0.5012019230769231 0.1778846153846154 0.05889423076923077 0.051682692307692304
0 0.5012019230769231 0.23557692307692307 0.06129807692307692 0.046875
0 0.5060096153846154 0.2956730769230769 0.06009615384615385 0.05048076923076923
0 0.5132211538461539 0.3485576923076923 0.06129807692307692 0.04807692307692308
0 0.5096153846153846 0.40865384615384615 0.057692307692307696 0.046875
0 0.5096153846153846 0.4651442307692308 0.057692307692307696 0.04567307692307692
0 0.5108173076923077 0.5252403846153846 0.0625 0.04807692307692308
0 0.5132211538461539 0.5817307692307693 0.06370192307692307 0.052884615384615384
0 0.5168269230769231 0.6370192307692307 0.0673076923076923 0.04807692307692308
0 0.5144230769230769 0.6959134615384616 0.06610576923076923 0.052884615384615384
0 0.5144230769230769 0.7524038461538461 0.06490384615384616 0.051682692307692304
0 0.5180288461538461 0.8137019230769231 0.06009615384615385 0.06129807692307692
0 0.5192307692307693 0.8713942307692307 0.0673076923076923 0.05889423076923077
0 0.5180288461538461 0.9254807692307693 0.06610576923076923 0.04807692307692308
0 0.5168269230769231 0.9759615384615384 0.06490384615384616 0.04447115384615385
0 0.3317307692307692 0.02283653846153846 0.06129807692307692 0.04567307692307692
0 0.33052884615384615 0.078125 0.06850961538461539 0.051682692307692304
0 0.32091346153846156 0.13581730769230768 0.0625 0.055288461538461536
0 0.31850961538461536 0.19110576923076922 0.06009615384615385 0.056490384615384616
0 0.3245192307692308 0.24759615384615385 0.052884615384615384 0.054086538461538464
0 0.3161057692307692 0.3112980769230769 0.052884615384615384 0.046875
0 0.31971153846153844 0.3629807692307692 0.0625 0.05048076923076923
0 0.31971153846153844 0.421875 0.054086538461538464 0.04807692307692308
0 0.3329326923076923 0.47836538461538464 0.06129807692307692 0.05048076923076923
0 0.33413461538461536 0.5336538461538461 0.06009615384615385 0.051682692307692304
0 0.33052884615384615 0.5901442307692307 0.06129807692307692 0.051682692307692304
0 0.328125 0.6490384615384616 0.055288461538461536 0.04807692307692308
0 0.328125 0.7067307692307693 0.0625 0.054086538461538464
0 0.3293269230769231 0.765625 0.06129807692307692 0.051682692307692304
0 0.33413461538461536 0.8221153846153846 0.06370192307692307 0.04807692307692308
0 0.33774038461538464 0.8834134615384616 0.06370192307692307 0.052884615384615384
0 0.3401442307692308 0.9411057692307693 0.06490384615384616 0.052884615384615384
0 0.34615384615384615 0.9831730769230769 0.055288461538461536 0.028846153846153848