0 0.9903846153846154 0.8605769230769231 0.016826923076923076 0.10336538461538461
0 0.9723557692307693 0.8653846153846154 0.038461538461538464 0.1141826923076923
0 0.9915865384615384 0.9603365384615384 0.01201923076923077 0.07932692307692307
0 0.4519230769230769 0.234375 0.027644230769230768 0.10697115384615384
0 0.48677884615384615 0.21995192307692307 0.030048076923076924 0.09975961538461539
0 0.5180288461538461 0.23918269230769232 0.027644230769230768 0.10336538461538461
0 0.5492788461538461 0.2439903846153846 0.028846153846153848 0.0985576923076923
0 0.5829326923076923 0.2512019230769231 0.030048076923076924 0.1045673076923077
0 0.6129807692307693 0.24278846153846154 0.027644230769230768 0.11057692307692307
0 0.6430288461538461 0.24879807692307693 0.028846153846153848 0.11298076923076923
0 0.6730769230769231 0.25 0.030048076923076924 0.109375
0 0.703125 0.24759615384615385 0.027644230769230768 0.1045673076923077
0 0.7331730769230769 0.24639423076923078 0.03125 0.1141826923076923
0 0.7632211538461539 0.24879807692307693 0.030048076923076924 0.10697115384615384
0 0.7908653846153846 0.24639423076923078 0.030048076923076924 0.10576923076923077
0 0.8197115384615384 0.24278846153846154 0.030048076923076924 0.1045673076923077
0 0.8497596153846154 0.24759615384615385 0.030048076923076924 0.10096153846153846
0 0.8774038461538461 0.23317307692307693 0.028846153846153848 0.09615384615384616
0 0.9074519230769231 0.2283653846153846 0.03245192307692308 0.10096153846153846
0 0.9375 0.23197115384615385 0.027644230769230768 0.10336538461538461
0 0.9651442307692307 0.2403846153846154 0.026442307692307692 0.09615384615384616
0 0.9879807692307693 0.2403846153846154 0.021634615384615384 0.0985576923076923
0 0.41947115384615385 0.24639423076923078 0.030048076923076924 0.10697115384615384
0 0.38461538461538464 0.24278846153846154 0.025240384615384616 0.109375
0 0.35336538461538464 0.25 0.027644230769230768 0.11538461538461539
0 0.32211538461538464 0.25721153846153844 0.027644230769230768 0.10576923076923077
0 0.28846153846153844 0.25721153846153844 0.027644230769230768 0.10096153846153846
0 0.1310096153846154 0.2608173076923077 0.03125 0.11899038461538461
0 0.0985576923076923 0.25841346153846156 0.030048076923076924 0.10697115384615384
0 0.06850961538461539 0.2608173076923077 0.030048076923076924 0.11899038461538461
0 0.03365384615384615 0.25600961538461536 0.03125 0.1141826923076923
0 0.007211538461538462 0.25841346153846156 0.014423076923076924 0.109375
0 0.9915865384615384 0.018028846153846152 0.01201923076923077 0.036057692307692304
0 0.9747596153846154 0.019230769230769232 0.03125 0.038461538461538464
0 0.9435096153846154 0.008413461538461538 0.030048076923076924 0.016826923076923076
0 0.9134615384615384 0.009615384615384616 0.030048076923076924 0.019230769230769232
0 0.8822115384615384 0.009615384615384616 0.030048076923076924 0.019230769230769232
0 0.8509615384615384 0.008413461538461538 0.027644230769230768 0.016826923076923076
0 0.8221153846153846 0.007211538461538462 0.027644230769230768 0.014423076923076924
0 0.7932692307692307 0.008413461538461538 0.028846153846153848 0.016826923076923076
0 0.7668269230769231 0.009615384615384616 0.02403846153846154 0.019230769230769232
0 0.7415865384615384 0.020432692307692308 0.026442307692307692 0.040865384615384616
0 0.7103365384615384 0.014423076923076924 0.030048076923076924 0.027644230769230768
0 0.6802884615384616 0.018028846153846152 0.03365384615384615 0.036057692307692304
0 0.6502403846153846 0.010817307692307692 0.027644230769230768 0.021634615384615384
0 0.6189903846153846 0.018028846153846152 0.03125 0.036057692307692304
0 0.5865384615384616 0.014423076923076924 0.028846153846153848 0.027644230769230768
0 0.5588942307692307 0.014423076923076924 0.025240384615384616 0.028846153846153848
0 0.5276442307692307 0.009615384615384616 0.028846153846153848 0.019230769230769232
0 0.49278846153846156 0.010817307692307692 0.027644230769230768 0.021634615384615384
0 0.46153846153846156 0.009615384615384616 0.030048076923076924 0.019230769230769232
0 0.43028846153846156 0.018028846153846152 0.028846153846153848 0.036057692307692304
0 0.39663461538461536 0.02283653846153846 0.028846153846153848 0.04567307692307692
0 0.36778846153846156 0.02283653846153846 0.030048076923076924 0.04567307692307692
0 0.33413461538461536 0.02403846153846154 0.030048076923076924 0.04807692307692308
0 0.3016826923076923 0.027644230769230768 0.027644230769230768 0.055288461538461536
0 0.27163461538461536 0.030048076923076924 0.027644230769230768 0.06009615384615385
0 0.23918269230769232 0.030048076923076924 0.03125 0.06009615384615385
0 0.20673076923076922 0.03125 0.030048076923076924 0.0625
0 0.17307692307692307 0.03245192307692308 0.030048076923076924 0.06370192307692307
0 0.9891826923076923 0.4831730769230769 0.019230769230769232 0.10336538461538461
0 0.9891826923076923 0.6009615384615384 0.019230769230769232 0.09735576923076923
0 0.9651442307692307 0.4735576923076923 0.03485576923076923 0.10096153846153846
0 0.9362980769230769 0.4855769230769231 0.030048076923076924 0.09975961538461539
0 0.9423076923076923 0.6009615384615384 0.03125 0.10336538461538461
0 0.9675480769230769 0.5973557692307693 0.030048076923076924 0.09735576923076923
0 0.9098557692307693 0.4855769230769231 0.030048076923076924 0.09495192307692307
0 0.9098557692307693 0.6057692307692307 0.027644230769230768 0.09975961538461539
0 0.8822115384615384 0.484375 0.027644230769230768 0.10096153846153846
0 0.8810096153846154 0.5985576923076923 0.030048076923076924 0.10336538461538461
0 0.8545673076923077 0.4879807692307692 0.028846153846153848 0.09735576923076923
0 0.8533653846153846 0.5925480769230769 0.026442307692307692 0.09975961538461539
0 0.8269230769230769 0.6045673076923077 0.028846153846153848 0.10697115384615384
0 0.8257211538461539 0.484375 0.030048076923076924 0.09975961538461539
0 0.7980769230769231 0.4831730769230769 0.025240384615384616 0.09495192307692307
0 0.7680288461538461 0.49038461538461536 0.030048076923076924 0.10336538461538461
0 0.7980769230769231 0.6129807692307693 0.030048076923076924 0.09975961538461539
0 0.7391826923076923 0.49759615384615385 0.026442307692307692 0.1141826923076923
0 0.7091346153846154 0.5 0.027644230769230768 0.10817307692307693
0 0.7680288461538461 0.6141826923076923 0.028846153846153848 0.09615384615384616
0 0.6790865384615384 0.5024038461538461 0.027644230769230768 0.10576923076923077
0 0.7403846153846154 0.6153846153846154 0.03245192307692308 0.109375
0 0.7091346153846154 0.6189903846153846 0.027644230769230768 0.10697115384615384
0 0.6490384615384616 0.4987980769230769 0.026442307692307692 0.1045673076923077
0 0.6778846153846154 0.6225961538461539 0.026442307692307692 0.10817307692307693
0 0.6466346153846154 0.6237980769230769 0.025240384615384616 0.10576923076923077
0 0.6165865384615384 0.5060096153846154 0.028846153846153848 0.109375
0 0.6153846153846154 0.6346153846153846 0.027644230769230768 0.11057692307692307
0 0.5853365384615384 0.515625 0.02403846153846154 0.1045673076923077
0 0.5853365384615384 0.6394230769230769 0.025240384615384616 0.10336538461538461
0 0.5504807692307693 0.5012019230769231 0.030048076923076924 0.1045673076923077
0 0.5552884615384616 0.6370192307692307 0.027644230769230768 0.10697115384615384
0 0.5192307692307693 0.5108173076923077 0.026442307692307692 0.10817307692307693
0 0.5192307692307693 0.640625 0.027644230769230768 0.1045673076923077
0 0.47475961538461536 0.5120192307692307 0.026442307692307692 0.11658653846153846
0 0.3605769230769231 0.6466346153846154 0.030048076923076924 0.12259615384615384
0 0.33052884615384615 0.6466346153846154 0.027644230769230768 0.11298076923076923
0 0.296875 0.515625 0.028846153846153848 0.10697115384615384
0 0.2620192307692308 0.5144230769230769 0.027644230769230768 0.11057692307692307
0 0.23076923076923078 0.5288461538461539 0.03125 0.10697115384615384
0 0.296875 0.6466346153846154 0.030048076923076924 0.109375
0 0.2644230769230769 0.6430288461538461 0.030048076923076924 0.11298076923076923
0 0.1971153846153846 0.5036057692307693 0.030048076923076924 0.11298076923076923
0 0.23317307692307693 0.6526442307692307 0.030048076923076924 0.09975961538461539
0 0.20192307692307693 0.6514423076923077 0.028846153846153848 0.1045673076923077
0 0.17067307692307693 0.6466346153846154 0.036057692307692304 0.1141826923076923
0 0.1658653846153846 0.5192307692307693 0.030048076923076924 0.1045673076923077
0 0.13341346153846154 0.5252403846153846 0.03245192307692308 0.11298076923076923
0 0.10216346153846154 0.5192307692307693 0.030048076923076924 0.10817307692307693
0 0.07091346153846154 0.5168269230769231 0.03125 0.09495192307692307
0 0.10697115384615384 0.6418269230769231 0.03245192307692308 0.11658653846153846
0 0.13701923076923078 0.6490384615384616 0.03125 0.10697115384615384
0 0.038461538461538464 0.5192307692307693 0.03485576923076923 0.10697115384615384
0 0.07451923076923077 0.6466346153846154 0.03245192307692308 0.10096153846153846
0 0.040865384615384616 0.6598557692307693 0.03245192307692308 0.09975961538461539
0 0.01201923076923077 0.6586538461538461 0.02403846153846154 0.10336538461538461
0 0.010817307692307692 0.5264423076923077 0.021634615384615384 0.10817307692307693
0 0.9411057692307693 0.8569711538461539 0.03245192307692308 0.11298076923076923
0 0.9723557692307693 0.9663461538461539 0.03365384615384615 0.06370192307692307
0 0.9423076923076923 0.9699519230769231 0.03245192307692308 0.05889423076923077
0 0.9122596153846154 0.9723557692307693 0.03245192307692308 0.052884615384615384
0 0.8822115384615384 0.9723557692307693 0.030048076923076924 0.051682692307692304
0 0.8533653846153846 0.9759615384615384 0.03125 0.04447115384615385
0 0.8245192307692307 0.9783653846153846 0.030048076923076924 0.040865384615384616
0 0.7680288461538461 0.9711538461538461 0.027644230769230768 0.055288461538461536
0 0.7403846153846154 0.9747596153846154 0.026442307692307692 0.04567307692307692
0 0.5528846153846154 0.9891826923076923 0.027644230769230768 0.019230769230769232
0 0.5216346153846154 0.9855769230769231 0.025240384615384616 0.025240384615384616
0 0.49038461538461536 0.9891826923076923 0.02403846153846154 0.018028846153846152
0 0.45913461538461536 0.9903846153846154 0.026442307692307692 0.015625
0 0.42908653846153844 0.9891826923076923 0.025240384615384616 0.019230769230769232
0 0.3605769230769231 0.9831730769230769 0.030048076923076924 0.030048076923076924
0 0.33052884615384615 0.9903846153846154 0.02403846153846154 0.015625
0 0.296875 0.9879807692307693 0.025240384615384616 0.020432692307692308
0 0.2668269230769231 0.9879807692307693 0.027644230769230768 0.021634615384615384
0 0.23557692307692307 0.9891826923076923 0.028846153846153848 0.019230769230769232
0 0.20432692307692307 0.9831730769230769 0.027644230769230768 0.030048076923076924
0 0.13701923076923078 0.9855769230769231 0.030048076923076924 0.02403846153846154
0 0.10576923076923077 0.9891826923076923 0.03125 0.019230769230769232
0 0.07451923076923077 0.9939903846153846 0.02403846153846154 0.008413461538461538
0 0.042067307692307696 0.9927884615384616 0.02403846153846154 0.010817307692307692
0 0.9146634615384616 0.8497596153846154 0.03365384615384615 0.1045673076923077
0 0.8810096153846154 0.875 0.03245192307692308 0.0985576923076923
0 0.8509615384615384 0.8665865384615384 0.025240384615384616 0.0985576923076923
0 0.8245192307692307 0.8653846153846154 0.027644230769230768 0.08413461538461539
0 0.7956730769230769 0.8629807692307693 0.030048076923076924 0.09254807692307693
0 0.7644230769230769 0.8641826923076923 0.027644230769230768 0.10697115384615384
0 0.7367788461538461 0.8689903846153846 0.027644230769230768 0.09735576923076923
0 0.7079326923076923 0.8810096153846154 0.027644230769230768 0.10576923076923077
0 0.6754807692307693 0.8846153846153846 0.027644230769230768 0.1045673076923077
0 0.5216346153846154 0.9122596153846154 0.027644230769230768 0.11298076923076923
0 0.4891826923076923 0.9134615384615384 0.027644230769230768 0.11057692307692307
0 0.4567307692307692 0.9050480769230769 0.028846153846153848 0.11057692307692307
0 0.4254807692307692 0.9050480769230769 0.027644230769230768 0.11057692307692307
0 0.39302884615384615 0.9038461538461539 0.03125 0.10697115384615384
0 0.3605769230769231 0.9074519230769231 0.027644230769230768 0.11057692307692307
0 0.328125 0.9122596153846154 0.027644230769230768 0.1141826923076923
0 0.2956730769230769 0.9086538461538461 0.027644230769230768 0.09615384615384616
0 0.2620192307692308 0.9122596153846154 0.027644230769230768 0.11899038461538461
0 0.23197115384615385 0.9038461538461539 0.028846153846153848 0.11057692307692307
0 0.19951923076923078 0.9074519230769231 0.030048076923076924 0.11538461538461539
0 0.16826923076923078 0.9086538461538461 0.028846153846153848 0.1045673076923077
0 0.1346153846153846 0.9086538461538461 0.028846153846153848 0.09615384615384616
0 0.10216346153846154 0.9050480769230769 0.030048076923076924 0.10576923076923077
0 0.06971153846153846 0.9170673076923077 0.030048076923076924 0.10697115384615384
0 0.03485576923076923 0.9110576923076923 0.03485576923076923 0.109375
0 0.009615384615384616 0.9350961538461539 0.019230769230769232 0.125