0 0.6550480769230769 0.14302884615384615 0.06009615384615385 0.055288461538461536
0 0.6598557692307693 0.20552884615384615 0.06370192307692307 0.052884615384615384
0 0.6670673076923077 0.2644230769230769 0.06129807692307692 0.052884615384615384
0 0.6706730769230769 0.31850961538461536 0.055288461538461536 0.054086538461538464
0 0.671875 0.375 0.06370192307692307 0.05048076923076923
0 0.6658653846153846 0.42788461538461536 0.057692307692307696 0.042067307692307696
0 0.6634615384615384 0.4795673076923077 0.056490384615384616 0.046875
0 0.6887019230769231 0.5384615384615384 0.06009615384615385 0.05048076923076923
0 0.6634615384615384 0.5961538461538461 0.05889423076923077 0.04807692307692308
0 0.6814903846153846 0.6586538461538461 0.06850961538461539 0.052884615384615384
0 0.6814903846153846 0.7139423076923077 0.05889423076923077 0.05048076923076923
0 0.6754807692307693 0.7692307692307693 0.055288461538461536 0.051682692307692304
0 0.6730769230769231 0.8233173076923077 0.054086538461538464 0.05048076923076923
0 0.6790865384615384 0.8774038461538461 0.06129807692307692 0.052884615384615384
0 0.6778846153846154 0.9338942307692307 0.056490384615384616 0.051682692307692304
0 0.6814903846153846 0.9807692307692307 0.06610576923076923 0.03485576923076923
0 0.5564903846153846 0.28725961538461536 0.025240384615384616 0.10817307692307693
0 0.5564903846153846 0.39903846153846156 0.028846153846153848 0.10697115384615384
0 0.5637019230769231 0.5168269230769231 0.030048076923076924 0.1141826923076923
0 0.5673076923076923 0.6394230769230769 0.026442307692307692 0.11658653846153846
0 0.5661057692307693 0.7668269230769231 0.027644230769230768 0.11899038461538461
0 0.5697115384615384 0.8725961538461539 0.02403846153846154 0.09615384615384616
0 0.5721153846153846 0.9615384615384616 0.027644230769230768 0.07451923076923077
0 0.5096153846153846 0.2536057692307692 0.056490384615384616 0.054086538461538464
0 0.5048076923076923 0.31971153846153844 0.06129807692307692 0.051682692307692304
0 0.5072115384615384 0.3737980769230769 0.06009615384615385 0.046875
0 0.5072115384615384 0.43028846153846156 0.06129807692307692 0.046875
0 0.5120192307692307 0.4891826923076923 0.057692307692307696 0.04807692307692308
0 0.5168269230769231 0.5480769230769231 0.06009615384615385 0.055288461538461536
0 0.5144230769230769 0.6069711538461539 0.057692307692307696 0.04447115384615385
0 0.5132211538461539 0.6634615384615384 0.05889423076923077 0.04447115384615385
0 0.5132211538461539 0.7223557692307693 0.06370192307692307 0.046875
0 0.5168269230769231 0.7776442307692307 0.06370192307692307 0.055288461538461536
0 0.5192307692307693 0.8365384615384616 0.06370192307692307 0.054086538461538464
0 0.5144230769230769 0.8954326923076923 0.06129807692307692 0.05889423076923077
0 0.515625 0.9519230769230769 0.0625 0.05048076923076923
0 0.5192307692307693 0.9879807692307693 0.06129807692307692 0.020432692307692308
0 0.32211538461538464 0.14423076923076922 0.055288461538461536 0.052884615384615384
0 0.33533653846153844 0.21153846153846154 0.06129807692307692 0.055288461538461536
0 0.3329326923076923 0.26802884615384615 0.06610576923076923 0.051682692307692304
0 0.32091346153846156 0.3245192307692308 0.06490384615384616 0.051682692307692304
0 0.31971153846153844 0.3858173076923077 0.06129807692307692 0.04807692307692308
0 0.3269230769230769 0.4411057692307692 0.051682692307692304 0.046875
0 0.31850961538461536 0.5060096153846154 0.052884615384615384 0.046875
0 0.32211538461538464 0.5600961538461539 0.06129807692307692 0.04807692307692308
0 0.32211538461538464 0.6213942307692307 0.054086538461538464 0.055288461538461536
0 0.3329326923076923 0.6754807692307693 0.06129807692307692 0.051682692307692304
0 0.33653846153846156 0.734375 0.05889423076923077 0.046875
0 0.33052884615384615 0.7920673076923077 0.06129807692307692 0.051682692307692304
0 0.3293269230769231 0.8485576923076923 0.06009615384615385 0.051682692307692304
0 0.33052884615384615 0.9086538461538461 0.06370192307692307 0.052884615384615384
0 0.3317307692307692 0.9663461538461539 0.06490384615384616 0.051682692307692304