0 0.65625 0.5697115384615384 0.036057692307692304 0.09615384615384616
0 0.6262019230769231 0.6045673076923077 0.038461538461538464 0.10336538461538461
0 0.5925480769230769 0.6141826923076923 0.039663461538461536 0.1141826923076923
0 0.5600961538461539 0.6141826923076923 0.038461538461538464 0.11057692307692307
0 0.5276442307692307 0.6262019230769231 0.038461538461538464 0.10096153846153846
0 0.5012019230769231 0.6466346153846154 0.030048076923076924 0.0889423076923077
0 0.4639423076923077 0.6466346153846154 0.03125 0.08653846153846154
0 0.4375 0.6682692307692307 0.036057692307692304 0.10817307692307693
0 0.4050480769230769 0.6814903846153846 0.03485576923076923 0.09014423076923077
0 0.37740384615384615 0.7163461538461539 0.038461538461538464 0.1045673076923077
0 0.3449519230769231 0.7379807692307693 0.038461538461538464 0.10576923076923077
0 0.3125 0.7403846153846154 0.038461538461538464 0.109375
0 0.2776442307692308 0.7512019230769231 0.037259615384615384 0.10817307692307693
0 0.2439903846153846 0.7692307692307693 0.040865384615384616 0.1141826923076923
0 0.21033653846153846 0.7872596153846154 0.038461538461538464 0.11538461538461539
0 0.17548076923076922 0.8052884615384616 0.04326923076923077 0.11658653846153846
0 0.14423076923076922 0.8305288461538461 0.04447115384615385 0.11538461538461539
0 0.11057692307692307 0.8473557692307693 0.040865384615384616 0.11538461538461539
0 0.07692307692307693 0.8725961538461539 0.04326923076923077 0.09735576923076923
0 0.037259615384615384 0.8810096153846154 0.055288461538461536 0.12139423076923077
0 0.013221153846153846 0.890625 0.025240384615384616 0.11778846153846154
0 0.6454326923076923 0.9110576923076923 0.039663461538461536 0.11538461538461539
0 0.6105769230769231 0.9122596153846154 0.038461538461538464 0.11298076923076923
0 0.5817307692307693 0.9302884615384616 0.036057692307692304 0.10576923076923077
0 0.5492788461538461 0.9435096153846154 0.036057692307692304 0.11057692307692307
0 0.5192307692307693 0.9555288461538461 0.03485576923076923 0.08413461538461539
0 0.4855769230769231 0.9663461538461539 0.03245192307692308 0.0625
0 0.45552884615384615 0.9759615384615384 0.03245192307692308 0.04447115384615385
0 0.6370192307692307 0.9783653846153846 0.056490384615384616 0.040865384615384616