0 0.7439903846153846 0.08052884615384616 0.03485576923076923 0.09735576923076923
0 0.7151442307692307 0.11538461538461539 0.038461538461538464 0.10096153846153846
0 0.6850961538461539 0.12740384615384615 0.040865384615384616 0.11057692307692307
0 0.6526442307692307 0.12379807692307693 0.038461538461538464 0.10336538461538461
0 0.6237980769230769 0.13701923076923078 0.038461538461538464 0.09975961538461539
0 0.5961538461538461 0.16105769230769232 0.037259615384615384 0.0889423076923077
0 0.5612980769230769 0.1658653846153846 0.03245192307692308 0.09134615384615384
0 0.5348557692307693 0.18389423076923078 0.038461538461538464 0.10697115384615384
0 0.5036057692307693 0.1971153846153846 0.037259615384615384 0.09254807692307693
0 0.4795673076923077 0.23076923076923078 0.037259615384615384 0.1045673076923077
0 0.45072115384615385 0.25 0.038461538461538464 0.09975961538461539
0 0.4170673076923077 0.25841346153846156 0.038461538461538464 0.10697115384615384
0 0.38461538461538464 0.2692307692307692 0.036057692307692304 0.09615384615384616
0 0.35336538461538464 0.2860576923076923 0.037259615384615384 0.10817307692307693
0 0.32091346153846156 0.30528846153846156 0.037259615384615384 0.109375
0 0.29086538461538464 0.3269230769230769 0.040865384615384616 0.1141826923076923
0 0.25841346153846156 0.3485576923076923 0.04326923076923077 0.11298076923076923
0 0.22596153846153846 0.36778846153846156 0.04326923076923077 0.10817307692307693
0 0.19471153846153846 0.3942307692307692 0.040865384615384616 0.08653846153846154
0 0.16105769230769232 0.40024038461538464 0.05048076923076923 0.11778846153846154
0 0.12740384615384615 0.41225961538461536 0.046875 0.11538461538461539
0 0.09134615384615384 0.42908653846153844 0.04567307692307692 0.10817307692307693
0 0.05889423076923077 0.45913461538461536 0.04927884615384615 0.10576923076923077
0 0.025240384615384616 0.4675480769230769 0.05048076923076923 0.10817307692307693
0 0.7439903846153846 0.4050480769230769 0.04447115384615385 0.10096153846153846
0 0.7091346153846154 0.41346153846153844 0.038461538461538464 0.1045673076923077
0 0.6826923076923077 0.4338942307692308 0.037259615384615384 0.09615384615384616
0 0.6514423076923077 0.44711538461538464 0.037259615384615384 0.1045673076923077
0 0.6237980769230769 0.4699519230769231 0.040865384615384616 0.10096153846153846
0 0.59375 0.5012019230769231 0.038461538461538464 0.10336538461538461
0 0.5661057692307693 0.5108173076923077 0.038461538461538464 0.0985576923076923
0 0.5348557692307693 0.5240384615384616 0.037259615384615384 0.09975961538461539
0 0.5024038461538461 0.5420673076923077 0.038461538461538464 0.10697115384615384
0 0.47475961538461536 0.5612980769230769 0.039663461538461536 0.10817307692307693
0 0.44471153846153844 0.5877403846153846 0.040865384615384616 0.1141826923076923
0 0.4110576923076923 0.5985576923076923 0.038461538461538464 0.10817307692307693
0 0.3798076923076923 0.6105769230769231 0.042067307692307696 0.10817307692307693
0 0.3473557692307692 0.6370192307692307 0.04326923076923077 0.11057692307692307
0 0.3137019230769231 0.6550480769230769 0.04567307692307692 0.11538461538461539
0 0.2848557692307692 0.6670673076923077 0.042067307692307696 0.11658653846153846
0 0.2512019230769231 0.6838942307692307 0.04326923076923077 0.11899038461538461
0 0.2127403846153846 0.6983173076923077 0.038461538461538464 0.10697115384615384
0 0.1814903846153846 0.7259615384615384 0.04567307692307692 0.11778846153846154
0 0.1502403846153846 0.7524038461538461 0.04567307692307692 0.11298076923076923
0 0.1201923076923077 0.7788461538461539 0.042067307692307696 0.1141826923076923
0 0.0889423076923077 0.8004807692307693 0.04567307692307692 0.11778846153846154
0 0.055288461538461536 0.8137019230769231 0.04567307692307692 0.11538461538461539
0 0.020432692307692308 0.8221153846153846 0.040865384615384616 0.12259615384615384
0 0.8377403846153846 0.609375 0.04326923076923077 0.10817307692307693
0 0.8076923076923077 0.6418269230769231 0.04326923076923077 0.1045673076923077
0 0.7824519230769231 0.6670673076923077 0.040865384615384616 0.10697115384615384
0 0.7548076923076923 0.6862980769230769 0.038461538461538464 0.10336538461538461
0 0.7259615384615384 0.7067307692307693 0.038461538461538464 0.11057692307692307
0 0.6995192307692307 0.7151442307692307 0.037259615384615384 0.09975961538461539
0 0.6706730769230769 0.7247596153846154 0.038461538461538464 0.10096153846153846
0 0.6478365384615384 0.7824519230769231 0.038461538461538464 0.10697115384615384
0 0.6129807692307693 0.7596153846153846 0.038461538461538464 0.10096153846153846
0 0.5853365384615384 0.8125 0.039663461538461536 0.1141826923076923
0 0.5540865384615384 0.8245192307692307 0.040865384615384616 0.109375
0 0.5216346153846154 0.8341346153846154 0.03485576923076923 0.09615384615384616
0 0.49158653846153844 0.8449519230769231 0.03485576923076923 0.0985576923076923
0 0.46274038461538464 0.8737980769230769 0.040865384615384616 0.11298076923076923
0 0.4326923076923077 0.8894230769230769 0.037259615384615384 0.10336538461538461
0 0.4014423076923077 0.9134615384615384 0.039663461538461536 0.109375
0 0.3713942307692308 0.9375 0.042067307692307696 0.11298076923076923
0 0.3401442307692308 0.9567307692307693 0.037259615384615384 0.08173076923076923
0 0.30649038461538464 0.9615384615384616 0.038461538461538464 0.0733173076923077
0 0.27283653846153844 0.9711538461538461 0.03485576923076923 0.055288461538461536
0 0.7379807692307693 0.49158653846153844 0.055288461538461536 0.06009615384615385
0 0.6802884615384616 0.5204326923076923 0.052884615384615384 0.06490384615384616
0 0.6237980769230769 0.5721153846153846 0.05889423076923077 0.06971153846153846
0 0.5612980769230769 0.6081730769230769 0.06129807692307692 0.07091346153846154
0 0.4951923076923077 0.6466346153846154 0.057692307692307696 0.06971153846153846
0 0.4375 0.6838942307692307 0.05048076923076923 0.0625
0 0.3786057692307692 0.7175480769230769 0.0625 0.07692307692307693
0 0.31490384615384615 0.7584134615384616 0.06129807692307692 0.07091346153846154
0 0.24879807692307693 0.7980769230769231 0.06370192307692307 0.07932692307692307
0 0.1778846153846154 0.8449519230769231 0.06971153846153846 0.08653846153846154
0 0.11057692307692307 0.8810096153846154 0.06490384615384616 0.08173076923076923
0 0.038461538461538464 0.921875 0.07211538461538461 0.08173076923076923