0 0.49399038461538464 0.3004807692307692 0.057692307692307696 0.05048076923076923
0 0.49759615384615385 0.35697115384615385 0.0673076923076923 0.052884615384615384
0 0.4987980769230769 0.41346153846153844 0.06129807692307692 0.04807692307692308
0 0.5012019230769231 0.47115384615384615 0.06129807692307692 0.054086538461538464
0 0.5012019230769231 0.5264423076923077 0.06129807692307692 0.04567307692307692
0 0.5 0.5805288461538461 0.06490384615384616 0.055288461538461536
0 0.49759615384615385 0.6442307692307693 0.06370192307692307 0.052884615384615384
0 0.43028846153846156 0.5336538461538461 0.055288461538461536 0.05048076923076923
0 0.42427884615384615 0.4795673076923077 0.06610576923076923 0.052884615384615384
0 0.43028846153846156 0.4230769230769231 0.05889423076923077 0.04567307692307692
0 0.27524038461538464 0.5985576923076923 0.06370192307692307 0.04567307692307692
0 0.2764423076923077 0.6538461538461539 0.06370192307692307 0.04807692307692308
0 0.2776442307692308 0.5456730769230769 0.055288461538461536 0.055288461538461536
0 0.2776442307692308 0.4855769230769231 0.06009615384615385 0.046875
0 0.4182692307692308 0.3088942307692308 0.06370192307692307 0.056490384615384616
0 0.4206730769230769 0.3641826923076923 0.055288461538461536 0.051682692307692304
0 0.4254807692307692 0.5913461538461539 0.06129807692307692 0.046875
0 0.42908653846153844 0.6442307692307693 0.06610576923076923 0.055288461538461536
0 0.49399038461538464 0.24879807692307693 0.056490384615384616 0.054086538461538464
0 0.41466346153846156 0.2512019230769231 0.06009615384615385 0.054086538461538464
0 0.48677884615384615 0.1935096153846154 0.06009615384615385 0.055288461538461536
0 0.41586538461538464 0.19831730769230768 0.055288461538461536 0.04567307692307692
0 0.41466346153846156 0.14543269230769232 0.06129807692307692 0.05048076923076923
0 0.4855769230769231 0.13701923076923078 0.06490384615384616 0.05048076923076923
0 0.484375 0.0829326923076923 0.06129807692307692 0.055288461538461536
0 0.4182692307692308 0.0889423076923077 0.06129807692307692 0.054086538461538464
0 0.4170673076923077 0.03485576923076923 0.057692307692307696 0.04807692307692308
0 0.4855769230769231 0.028846153846153848 0.06370192307692307 0.051682692307692304
0 0.26802884615384615 0.01201923076923077 0.0625 0.02403846153846154
0 0.27524038461538464 0.051682692307692304 0.06129807692307692 0.05048076923076923
0 0.27884615384615385 0.09975961538461539 0.052884615384615384 0.04807692307692308
0 0.27283653846153844 0.15504807692307693 0.05889423076923077 0.052884615384615384
0 0.27163461538461536 0.20793269230769232 0.0673076923076923 0.054086538461538464
0 0.2692307692307692 0.265625 0.06129807692307692 0.046875
0 0.27163461538461536 0.31971153846153844 0.05889423076923077 0.046875
0 0.26802884615384615 0.37259615384615385 0.056490384615384616 0.04807692307692308
0 0.27403846153846156 0.42908653846153844 0.06129807692307692 0.05048076923076923
0 0.13221153846153846 0.03365384615384615 0.05889423076923077 0.051682692307692304
0 0.14182692307692307 0.0889423076923077 0.06490384615384616 0.054086538461538464
0 0.22235576923076922 0.5444711538461539 0.030048076923076924 0.10817307692307693
0 0.2283653846153846 0.6670673076923077 0.030048076923076924 0.10336538461538461
0 0.28725961538461536 0.7139423076923077 0.06009615384615385 0.05048076923076923
0 0.27884615384615385 0.7692307692307693 0.06009615384615385 0.04807692307692308
0 0.20793269230769232 0.7680288461538461 0.05889423076923077 0.04807692307692308
0 0.07572115384615384 0.7331730769230769 0.03245192307692308 0.11057692307692307
0 0.08052884615384616 0.859375 0.03365384615384615 0.10817307692307693
0 0.08173076923076923 0.9627403846153846 0.03365384615384615 0.07091346153846154
0 0.2127403846153846 0.8293269230769231 0.0673076923076923 0.05048076923076923
0 0.2824519230769231 0.8269230769230769 0.05889423076923077 0.051682692307692304
0 0.28125 0.8822115384615384 0.06009615384615385 0.051682692307692304
0 0.2127403846153846 0.8858173076923077 0.054086538461538464 0.05048076923076923
0 0.21153846153846154 0.9399038461538461 0.06610576923076923 0.052884615384615384
0 0.20793269230769232 0.9855769230769231 0.06129807692307692 0.025240384615384616
0 0.2800480769230769 0.9831730769230769 0.056490384615384616 0.030048076923076924
0 0.2800480769230769 0.9375 0.06129807692307692 0.051682692307692304
0 0.4338942307692308 0.7067307692307693 0.06850961538461539 0.056490384615384616
0 0.5036057692307693 0.6995192307692307 0.055288461538461536 0.04567307692307692
0 0.5036057692307693 0.7536057692307693 0.0625 0.051682692307692304
0 0.43149038461538464 0.7644230769230769 0.05889423076923077 0.046875
0 0.5012019230769231 0.8100961538461539 0.06370192307692307 0.054086538461538464
0 0.43149038461538464 0.8161057692307693 0.0625 0.055288461538461536
0 0.5036057692307693 0.8653846153846154 0.0625 0.052884615384615384
0 0.4338942307692308 0.8713942307692307 0.06129807692307692 0.05048076923076923
0 0.4338942307692308 0.9254807692307693 0.06129807692307692 0.051682692307692304
0 0.5048076923076923 0.9182692307692307 0.06129807692307692 0.051682692307692304
0 0.5060096153846154 0.9735576923076923 0.06129807692307692 0.04807692307692308
0 0.4362980769230769 0.9795673076923077 0.06009615384615385 0.038461538461538464
0 0.6550480769230769 0.859375 0.054086538461538464 0.040865384615384616
0 0.65625 0.9182692307692307 0.06370192307692307 0.05048076923076923
0 0.7259615384615384 0.9098557692307693 0.055288461538461536 0.04807692307692308
0 0.7283653846153846 0.9651442307692307 0.06129807692307692 0.051682692307692304
0 0.65625 0.9723557692307693 0.06129807692307692 0.052884615384615384
0 0.8737980769230769 0.9831730769230769 0.06370192307692307 0.028846153846153848
0 0.8774038461538461 0.9411057692307693 0.06370192307692307 0.054086538461538464
0 0.8725961538461539 0.8846153846153846 0.056490384615384616 0.046875
0 0.8653846153846154 0.7824519230769231 0.05048076923076923 0.046875
0 0.8677884615384616 0.7295673076923077 0.05889423076923077 0.05048076923076923
0 0.8629807692307693 0.6670673076923077 0.06129807692307692 0.054086538461538464
0 0.8617788461538461 0.6141826923076923 0.06370192307692307 0.04567307692307692
0 0.8605769230769231 0.5625 0.06009615384615385 0.05048076923076923
0 0.8605769230769231 0.5036057692307693 0.056490384615384616 0.054086538461538464
0 0.8605769230769231 0.4519230769230769 0.06370192307692307 0.052884615384615384
0 0.8605769230769231 0.39903846153846156 0.06129807692307692 0.05048076923076923
0 0.8581730769230769 0.3425480769230769 0.0673076923076923 0.055288461538461536
0 0.8533653846153846 0.29086538461538464 0.06490384615384616 0.04807692307692308
0 0.8557692307692307 0.2403846153846154 0.057692307692307696 0.052884615384615384
0 0.8545673076923077 0.1875 0.0625 0.04807692307692308
0 0.8473557692307693 0.13581730769230768 0.06610576923076923 0.05048076923076923
0 0.8425480769230769 0.08173076923076923 0.05048076923076923 0.046875
0 0.8365384615384616 0.027644230769230768 0.06009615384615385 0.054086538461538464
0 0.6911057692307693 0.03245192307692308 0.056490384615384616 0.05048076923076923
0 0.6286057692307693 0.038461538461538464 0.055288461538461536 0.04807692307692308
0 0.6262019230769231 0.009615384615384616 0.057692307692307696 0.018028846153846152
0 0.6983173076923077 0.0889423076923077 0.06009615384615385 0.05048076923076923
0 0.7019230769230769 0.13942307692307693 0.06490384615384616 0.051682692307692304
0 0.6298076923076923 0.09134615384615384 0.046875 0.04807692307692308
0 0.6286057692307693 0.14543269230769232 0.055288461538461536 0.046875
0 0.6346153846153846 0.19591346153846154 0.05889423076923077 0.051682692307692304
0 0.7007211538461539 0.19471153846153846 0.04807692307692308 0.04447115384615385
0 0.7091346153846154 0.24759615384615385 0.0625 0.04807692307692308
0 0.6322115384615384 0.25240384615384615 0.05889423076923077 0.05048076923076923
0 0.6454326923076923 0.3088942307692308 0.06490384615384616 0.04807692307692308
0 0.7139423076923077 0.30528846153846156 0.06129807692307692 0.05048076923076923
0 0.7151442307692307 0.3581730769230769 0.06009615384615385 0.051682692307692304
0 0.6490384615384616 0.3605769230769231 0.06129807692307692 0.04807692307692308
0 0.6502403846153846 0.41346153846153844 0.05889423076923077 0.04567307692307692
0 0.7199519230769231 0.41225961538461536 0.06370192307692307 0.042067307692307696
0 0.7247596153846154 0.4699519230769231 0.05889423076923077 0.046875
0 0.6514423076923077 0.47475961538461536 0.06129807692307692 0.04567307692307692
0 0.6478365384615384 0.5336538461538461 0.056490384615384616 0.04567307692307692
0 0.7247596153846154 0.5240384615384616 0.06370192307692307 0.04807692307692308
0 0.7235576923076923 0.5793269230769231 0.06370192307692307 0.04807692307692308
0 0.7211538461538461 0.640625 0.054086538461538464 0.046875
0 0.6526442307692307 0.5889423076923077 0.06370192307692307 0.052884615384615384
0 0.6574519230769231 0.6454326923076923 0.057692307692307696 0.05048076923076923
0 0.6526442307692307 0.7139423076923077 0.0625 0.052884615384615384
0 0.71875 0.6995192307692307 0.05889423076923077 0.04807692307692308