0 0.2980769230769231 0.5889423076923077 0.078125 0.07091346153846154
0 0.3870192307692308 0.5721153846153846 0.07451923076923077 0.06610576923076923
0 0.38100961538461536 0.5036057692307693 0.0889423076923077 0.0733173076923077
0 0.28725961538461536 0.5144230769230769 0.08774038461538461 0.078125
0 0.7596153846153846 0.890625 0.052884615384615384 0.08653846153846154
0 0.10216346153846154 0.6213942307692307 0.09975961538461539 0.078125
0 0.109375 0.6983173076923077 0.08413461538461539 0.07091346153846154
0 0.10817307692307693 0.7680288461538461 0.08774038461538461 0.06850961538461539
0 0.10576923076923077 0.8425480769230769 0.10096153846153846 0.07932692307692307
0 0.10096153846153846 0.9194711538461539 0.09975961538461539 0.0733173076923077
0 0.390625 0.6502403846153846 0.09014423076923077 0.07451923076923077
0 0.3858173076923077 0.7307692307692307 0.09735576923076923 0.06971153846153846
0 0.3918269230769231 0.8100961538461539 0.07451923076923077 0.06850961538461539
0 0.28725961538461536 0.828125 0.10336538461538461 0.08173076923076923
0 0.29447115384615385 0.9074519230769231 0.09495192307692307 0.07932692307692307
0 0.38822115384615385 0.890625 0.08173076923076923 0.07091346153846154
0 0.5576923076923077 0.5625 0.09014423076923077 0.06850961538461539
0 0.5745192307692307 0.6370192307692307 0.09014423076923077 0.0733173076923077
0 0.5817307692307693 0.7163461538461539 0.08052884615384616 0.07091346153846154
0 0.5817307692307693 0.7908653846153846 0.09014423076923077 0.06971153846153846
0 0.5805288461538461 0.8665865384615384 0.09975961538461539 0.06610576923076923
0 0.7367788461538461 0.7716346153846154 0.07451923076923077 0.11899038461538461
0 0.7271634615384616 0.6730769230769231 0.08173076923076923 0.1346153846153846
0 0.7247596153846154 0.5829326923076923 0.08653846153846154 0.12379807692307693
0 0.7319711538461539 0.5012019230769231 0.06610576923076923 0.11057692307692307
0 0.7295673076923077 0.4110576923076923 0.0733173076923077 0.11298076923076923
0 0.7163461538461539 0.2920673076923077 0.08173076923076923 0.1466346153846154
0 0.09134615384615384 0.5384615384615384 0.0889423076923077 0.078125
0 0.02283653846153846 0.5480769230769231 0.04567307692307692 0.06490384615384616
0 0.09254807692307693 0.453125 0.10096153846153846 0.07692307692307693
0 0.021634615384615384 0.46153846153846156 0.04326923076923077 0.06971153846153846
0 0.02403846153846154 0.3786057692307692 0.046875 0.0829326923076923
0 0.09134615384615384 0.375 0.10216346153846154 0.07211538461538461
0 0.2776442307692308 0.34615384615384615 0.09014423076923077 0.0733173076923077
0 0.3786057692307692 0.3329326923076923 0.09014423076923077 0.07692307692307693
0 0.38100961538461536 0.4206730769230769 0.09014423076923077 0.07692307692307693
0 0.2824519230769231 0.4254807692307692 0.09014423076923077 0.06610576923076923
0 0.39663461538461536 0.9627403846153846 0.09975961538461539 0.07211538461538461
0 0.2956730769230769 0.9735576923076923 0.09495192307692307 0.04807692307692308
0 0.109375 0.9747596153846154 0.10096153846153846 0.046875
0 0.5877403846153846 0.9362980769230769 0.09375 0.08173076923076923
0 0.7620192307692307 0.9567307692307693 0.08413461538461539 0.0829326923076923
0 0.5697115384615384 0.47836538461538464 0.08653846153846154 0.06971153846153846
0 0.5649038461538461 0.39903846153846156 0.08774038461538461 0.06490384615384616
0 0.5637019230769231 0.31971153846153844 0.09134615384615384 0.07692307692307693