0 0.9783653846153846 0.2283653846153846 0.040865384615384616 0.15865384615384615
0 0.8942307692307693 0.234375 0.05048076923076923 0.15504807692307693
0 0.90625 0.7175480769230769 0.054086538461538464 0.17307692307692307
0 0.8449519230769231 0.23918269230769232 0.04927884615384615 0.16826923076923078
0 0.8004807692307693 0.23557692307692307 0.040865384615384616 0.140625
0 0.8137019230769231 0.6935096153846154 0.046875 0.18389423076923078
0 0.7572115384615384 0.25721153846153844 0.04326923076923077 0.16346153846153846
0 0.7055288461538461 0.24879807692307693 0.04447115384615385 0.15144230769230768
0 0.71875 0.6983173076923077 0.04326923076923077 0.17067307692307693
0 0.6682692307692307 0.7127403846153846 0.04326923076923077 0.16346153846153846
0 0.6213942307692307 0.7163461538461539 0.040865384615384616 0.16826923076923078
0 0.5709134615384616 0.6959134615384616 0.038461538461538464 0.1502403846153846
0 0.65625 0.25 0.04447115384615385 0.1778846153846154
0 0.6105769230769231 0.2536057692307692 0.04447115384615385 0.17067307692307693
0 0.5216346153846154 0.7175480769230769 0.04447115384615385 0.16826923076923078
0 0.4723557692307692 0.7199519230769231 0.040865384615384616 0.1658653846153846
0 0.5637019230769231 0.25841346153846156 0.042067307692307696 0.15745192307692307
0 0.5168269230769231 0.25841346153846156 0.04326923076923077 0.15745192307692307
0 0.46274038461538464 0.2512019230769231 0.040865384615384616 0.15504807692307693
0 0.4230769230769231 0.7223557692307693 0.040865384615384616 0.16706730769230768
0 0.3737980769230769 0.7199519230769231 0.040865384615384616 0.17067307692307693
0 0.41346153846153844 0.25 0.038461538461538464 0.15865384615384615
0 0.36778846153846156 0.24759615384615385 0.040865384615384616 0.15264423076923078
0 0.31971153846153844 0.25 0.037259615384615384 0.1622596153846154
0 0.27163461538461536 0.2512019230769231 0.04807692307692308 0.171875
0 0.2247596153846154 0.26802884615384615 0.040865384615384616 0.14903846153846154
0 0.32572115384615385 0.734375 0.04807692307692308 0.16706730769230768
0 0.27403846153846156 0.7355769230769231 0.04447115384615385 0.171875
0 0.17908653846153846 0.26802884615384615 0.04567307692307692 0.1658653846153846
0 0.12980769230769232 0.2860576923076923 0.04927884615384615 0.15985576923076922
0 0.08413461538461539 0.28846153846153844 0.04447115384615385 0.1658653846153846
0 0.039663461538461536 0.27884615384615385 0.052884615384615384 0.1658653846153846
0 0.008413461538461538 0.2956730769230769 0.016826923076923076 0.1658653846153846
0 0.2283653846153846 0.7295673076923077 0.04326923076923077 0.15144230769230768
0 0.18269230769230768 0.7331730769230769 0.040865384615384616 0.15504807692307693
0 0.13221153846153846 0.7319711538461539 0.04807692307692308 0.17067307692307693
0 0.08774038461538461 0.7487980769230769 0.04567307692307692 0.13701923076923078
0 0.040865384615384616 0.7427884615384616 0.04807692307692308 0.15985576923076922
0 0.008413461538461538 0.7223557692307693 0.016826923076923076 0.16346153846153846