0 0.6802884615384616 0.9314903846153846 0.06370192307692307 0.06009615384615385
0 0.6766826923076923 0.8810096153846154 0.0625 0.04807692307692308
0 0.6706730769230769 0.8245192307692307 0.06009615384615385 0.05048076923076923
0 0.6838942307692307 0.765625 0.06129807692307692 0.056490384615384616
0 0.6814903846153846 0.7091346153846154 0.05048076923076923 0.051682692307692304
0 0.6862980769230769 0.6574519230769231 0.06370192307692307 0.05048076923076923
0 0.6754807692307693 0.6009615384615384 0.06370192307692307 0.055288461538461536
0 0.6682692307692307 0.5432692307692307 0.056490384615384616 0.051682692307692304
0 0.6694711538461539 0.4879807692307692 0.06009615384615385 0.04807692307692308
0 0.6682692307692307 0.43149038461538464 0.06009615384615385 0.046875
0 0.6646634615384616 0.3762019230769231 0.06370192307692307 0.051682692307692304
0 0.6634615384615384 0.3245192307692308 0.06129807692307692 0.054086538461538464
0 0.6658653846153846 0.265625 0.0673076923076923 0.056490384615384616
0 0.6622596153846154 0.2091346153846154 0.06129807692307692 0.051682692307692304
0 0.6610576923076923 0.15384615384615385 0.06129807692307692 0.054086538461538464
0 0.6658653846153846 0.0985576923076923 0.057692307692307696 0.051682692307692304
0 0.6550480769230769 0.04447115384615385 0.06370192307692307 0.052884615384615384
0 0.4891826923076923 0.013221153846153846 0.06490384615384616 0.026442307692307692
0 0.49278846153846156 0.052884615384615384 0.0625 0.06009615384615385
0 0.3088942307692308 0.018028846153846152 0.06610576923076923 0.036057692307692304
0 0.3137019230769231 0.06490384615384616 0.06370192307692307 0.055288461538461536
0 0.3161057692307692 0.12259615384615384 0.06009615384615385 0.05048076923076923
0 0.32211538461538464 0.1778846153846154 0.052884615384615384 0.04567307692307692
0 0.3161057692307692 0.234375 0.06850961538461539 0.055288461538461536
0 0.3173076923076923 0.2932692307692308 0.06610576923076923 0.04807692307692308
0 0.3173076923076923 0.35096153846153844 0.057692307692307696 0.046875
0 0.32572115384615385 0.4098557692307692 0.0625 0.04807692307692308
0 0.3245192307692308 0.4699519230769231 0.06129807692307692 0.051682692307692304
0 0.31971153846153844 0.5252403846153846 0.06009615384615385 0.046875
0 0.31850961538461536 0.5877403846153846 0.0625 0.052884615384615384
0 0.32091346153846156 0.6418269230769231 0.06610576923076923 0.04807692307692308
0 0.3317307692307692 0.6959134615384616 0.07572115384615384 0.06009615384615385
0 0.3389423076923077 0.7560096153846154 0.06009615384615385 0.04807692307692308
0 0.34134615384615385 0.8125 0.052884615384615384 0.05048076923076923
0 0.3389423076923077 0.8713942307692307 0.06610576923076923 0.056490384615384616
0 0.34615384615384615 0.9278846153846154 0.06370192307692307 0.054086538461538464
0 0.3425480769230769 0.9759615384615384 0.052884615384615384 0.04447115384615385
0 0.49278846153846156 0.10697115384615384 0.06610576923076923 0.051682692307692304
0 0.49038461538461536 0.16706730769230768 0.06370192307692307 0.052884615384615384
0 0.4891826923076923 0.22956730769230768 0.05889423076923077 0.04807692307692308
0 0.49399038461538464 0.2860576923076923 0.06129807692307692 0.054086538461538464
0 0.5012019230769231 0.34134615384615385 0.0625 0.051682692307692304
0 0.5072115384615384 0.3954326923076923 0.06009615384615385 0.051682692307692304
0 0.5096153846153846 0.4519230769230769 0.06129807692307692 0.05048076923076923
0 0.5084134615384616 0.5060096153846154 0.05889423076923077 0.046875
0 0.5060096153846154 0.5649038461538461 0.0673076923076923 0.056490384615384616
0 0.5060096153846154 0.6225961538461539 0.0625 0.04807692307692308
0 0.5072115384615384 0.6790865384615384 0.06129807692307692 0.055288461538461536
0 0.5168269230769231 0.7307692307692307 0.06129807692307692 0.054086538461538464
0 0.5144230769230769 0.7944711538461539 0.056490384615384616 0.055288461538461536
0 0.5168269230769231 0.8497596153846154 0.05048076923076923 0.04807692307692308
0 0.5168269230769231 0.9086538461538461 0.04807692307692308 0.055288461538461536
0 0.5240384615384616 0.9639423076923077 0.0673076923076923 0.06490384615384616
0 0.5480769230769231 0.0829326923076923 0.027644230769230768 0.109375
0 0.5516826923076923 0.19831730769230768 0.030048076923076924 0.10576923076923077
0 0.5552884615384616 0.32091346153846156 0.03125 0.109375
0 0.5588942307692307 0.43509615384615385 0.025240384615384616 0.09975961538461539
0 0.5600961538461539 0.5528846153846154 0.025240384615384616 0.1045673076923077
0 0.5637019230769231 0.6730769230769231 0.030048076923076924 0.10817307692307693
0 0.5673076923076923 0.7872596153846154 0.025240384615384616 0.1045673076923077
0 0.5697115384615384 0.9098557692307693 0.026442307692307692 0.11658653846153846
0 0.6802884615384616 0.9807692307692307 0.06129807692307692 0.036057692307692304