0 0.2403846153846154 0.5949519230769231 0.08173076923076923 0.056490384615384616
0 0.6201923076923077 0.5901442307692307 0.07932692307692307 0.0625
0 0.7127403846153846 0.5925480769230769 0.08173076923076923 0.05889423076923077
0 0.9254807692307693 0.5805288461538461 0.07932692307692307 0.0625
0 0.09975961538461539 0.5877403846153846 0.07692307692307693 0.05889423076923077
0 0.025240384615384616 0.5889423076923077 0.05048076923076923 0.06129807692307692
0 0.02403846153846154 0.9302884615384616 0.04807692307692308 0.13581730769230768
0 0.0673076923076923 0.9230769230769231 0.040865384615384616 0.1502403846153846
0 0.109375 0.9302884615384616 0.04326923076923077 0.1346153846153846
0 0.1502403846153846 0.9266826923076923 0.040865384615384616 0.14302884615384615
0 0.19230769230769232 0.9278846153846154 0.037259615384615384 0.14182692307692307
0 0.23076923076923078 0.9230769230769231 0.038461538461538464 0.1502403846153846
0 0.27163461538461536 0.9362980769230769 0.03485576923076923 0.12379807692307693
0 0.3137019230769231 0.9254807692307693 0.038461538461538464 0.14543269230769232
0 0.3581730769230769 0.9290865384615384 0.03245192307692308 0.13942307692307693
0 0.3954326923076923 0.9302884615384616 0.037259615384615384 0.1346153846153846
0 0.4387019230769231 0.9314903846153846 0.038461538461538464 0.13221153846153846
0 0.48197115384615385 0.9290865384615384 0.03485576923076923 0.13701923076923078
0 0.5216346153846154 0.9278846153846154 0.03485576923076923 0.13221153846153846
0 0.5625 0.9230769230769231 0.036057692307692304 0.14903846153846154
0 0.6105769230769231 0.9350961538461539 0.038461538461538464 0.12620192307692307
0 0.6502403846153846 0.9158653846153846 0.037259615384615384 0.1310096153846154
0 0.6899038461538461 0.9134615384615384 0.036057692307692304 0.140625
0 0.7307692307692307 0.9098557692307693 0.03245192307692308 0.08653846153846154
0 0.7704326923076923 0.9074519230769231 0.03485576923076923 0.13701923076923078
0 0.8100961538461539 0.9134615384615384 0.037259615384615384 0.1310096153846154
0 0.8497596153846154 0.9038461538461539 0.037259615384615384 0.1466346153846154
0 0.890625 0.9086538461538461 0.037259615384615384 0.14182692307692307
0 0.9302884615384616 0.9110576923076923 0.038461538461538464 0.1045673076923077
0 0.9723557692307693 0.9038461538461539 0.042067307692307696 0.12379807692307693
0 0.9939903846153846 0.9086538461538461 0.009615384615384616 0.13581730769230768