0 0.5216346153846154 0.8137019230769231 0.057692307692307696 0.04326923076923077
0 0.7403846153846154 0.9807692307692307 0.057692307692307696 0.036057692307692304
0 0.6682692307692307 0.9819711538461539 0.04927884615384615 0.03245192307692308
0 0.7403846153846154 0.9302884615384616 0.055288461538461536 0.05048076923076923
0 0.6658653846153846 0.8786057692307693 0.055288461538461536 0.04447115384615385
0 0.6706730769230769 0.9338942307692307 0.06370192307692307 0.046875
0 0.6694711538461539 0.7067307692307693 0.04807692307692308 0.04447115384615385
0 0.7379807692307693 0.8221153846153846 0.056490384615384616 0.04807692307692308
0 0.7451923076923077 0.8737980769230769 0.057692307692307696 0.04807692307692308
0 0.6658653846153846 0.8245192307692307 0.06370192307692307 0.04807692307692308
0 0.6682692307692307 0.765625 0.055288461538461536 0.05048076923076923
0 0.5216346153846154 0.4735576923076923 0.06009615384615385 0.052884615384615384
0 0.5216346153846154 0.4182692307692308 0.056490384615384616 0.05048076923076923
0 0.5240384615384616 0.3605769230769231 0.057692307692307696 0.04807692307692308
0 0.45552884615384615 0.3581730769230769 0.05889423076923077 0.052884615384615384
0 0.44711538461538464 0.4170673076923077 0.05889423076923077 0.05048076923076923
0 0.4543269230769231 0.47115384615384615 0.06009615384615385 0.052884615384615384
0 0.45072115384615385 0.5276442307692307 0.055288461538461536 0.051682692307692304
0 0.4495192307692308 0.8112980769230769 0.05889423076923077 0.046875
0 0.4519230769230769 0.8677884615384616 0.06490384615384616 0.05048076923076923
0 0.5216346153846154 0.8677884615384616 0.06129807692307692 0.046875
0 0.5216346153846154 0.9266826923076923 0.06129807692307692 0.04567307692307692
0 0.4543269230769231 0.921875 0.06009615384615385 0.051682692307692304
0 0.5216346153846154 0.9795673076923077 0.06129807692307692 0.037259615384615384
0 0.4519230769230769 0.9759615384615384 0.06129807692307692 0.04447115384615385
0 0.75 0.7139423076923077 0.052884615384615384 0.04807692307692308
0 0.7536057692307693 0.6598557692307693 0.06129807692307692 0.051682692307692304
0 0.6742788461538461 0.6586538461538461 0.057692307692307696 0.046875
0 0.75 0.6045673076923077 0.057692307692307696 0.04567307692307692
0 0.6790865384615384 0.5985576923076923 0.056490384615384616 0.04567307692307692
0 0.6670673076923077 0.5360576923076923 0.05889423076923077 0.046875
0 0.3112980769230769 0.9735576923076923 0.06129807692307692 0.05048076923076923
0 0.3088942307692308 0.9194711538461539 0.06009615384615385 0.054086538461538464
0 0.3076923076923077 0.8641826923076923 0.0625 0.054086538461538464
0 0.3088942307692308 0.8052884615384616 0.06009615384615385 0.04326923076923077
0 0.3088942307692308 0.75 0.05889423076923077 0.04567307692307692
0 0.30649038461538464 0.6935096153846154 0.06009615384615385 0.04807692307692308
0 0.31009615384615385 0.6370192307692307 0.057692307692307696 0.046875
0 0.30288461538461536 0.578125 0.055288461538461536 0.05048076923076923
0 0.3004807692307692 0.5192307692307693 0.06129807692307692 0.04807692307692308
0 0.30408653846153844 0.4651442307692308 0.05889423076923077 0.05048076923076923
0 0.3112980769230769 0.41225961538461536 0.057692307692307696 0.05048076923076923
0 0.3125 0.3581730769230769 0.056490384615384616 0.052884615384615384
0 0.3112980769230769 0.3016826923076923 0.06129807692307692 0.056490384615384616
0 0.15985576923076922 0.2764423076923077 0.06129807692307692 0.052884615384615384
0 0.1622596153846154 0.33052884615384615 0.05889423076923077 0.04807692307692308
0 0.1622596153846154 0.390625 0.05889423076923077 0.052884615384615384
0 0.1502403846153846 0.4411057692307692 0.06129807692307692 0.046875
0 0.15384615384615385 0.4987980769230769 0.06129807692307692 0.05048076923076923
0 0.1502403846153846 0.5504807692307693 0.06370192307692307 0.051682692307692304
0 0.1466346153846154 0.609375 0.06129807692307692 0.04567307692307692
0 0.14543269230769232 0.6670673076923077 0.05889423076923077 0.04807692307692308
0 0.1502403846153846 0.7716346153846154 0.05889423076923077 0.04447115384615385
0 0.16346153846153846 0.8269230769230769 0.052884615384615384 0.04567307692307692
0 0.1502403846153846 0.8846153846153846 0.06490384615384616 0.046875
0 0.15865384615384615 0.9411057692307693 0.057692307692307696 0.04567307692307692
0 0.14543269230769232 0.9855769230769231 0.06370192307692307 0.025240384615384616
0 0.3112980769230769 0.24759615384615385 0.06009615384615385 0.055288461538461536
0 0.45072115384615385 0.24879807692307693 0.05889423076923077 0.051682692307692304
0 0.4567307692307692 0.30408653846153844 0.057692307692307696 0.046875
0 0.5216346153846154 0.30649038461538464 0.05889423076923077 0.05048076923076923
0 0.5240384615384616 0.25 0.05889423076923077 0.051682692307692304
0 0.7487980769230769 0.4855769230769231 0.055288461538461536 0.05048076923076923
0 0.7463942307692307 0.4338942307692308 0.05889423076923077 0.052884615384615384
0 0.6730769230769231 0.4795673076923077 0.0625 0.04807692307692308
0 0.6778846153846154 0.4230769230769231 0.0625 0.051682692307692304
0 0.7415865384615384 0.375 0.057692307692307696 0.04807692307692308
0 0.6766826923076923 0.36899038461538464 0.06009615384615385 0.04807692307692308
0 0.6754807692307693 0.3137019230769231 0.057692307692307696 0.04807692307692308
0 0.7367788461538461 0.3137019230769231 0.052884615384615384 0.051682692307692304
0 0.7331730769230769 0.2608173076923077 0.05048076923076923 0.04567307692307692
0 0.6730769230769231 0.2620192307692308 0.06129807692307692 0.046875
0 0.8834134615384616 0.8209134615384616 0.06490384615384616 0.046875
0 0.8810096153846154 0.7668269230769231 0.05889423076923077 0.05048076923076923
0 0.8918269230769231 0.7067307692307693 0.0625 0.04807692307692308
0 0.8918269230769231 0.6514423076923077 0.06129807692307692 0.04447115384615385
0 0.8894230769230769 0.5973557692307693 0.055288461538461536 0.04807692307692308
0 0.8846153846153846 0.5444711538461539 0.06129807692307692 0.05048076923076923
0 0.8786057692307693 0.49158653846153844 0.06009615384615385 0.04447115384615385
0 0.8786057692307693 0.43509615384615385 0.057692307692307696 0.04807692307692308
0 0.8786057692307693 0.3858173076923077 0.05889423076923077 0.05048076923076923
0 0.8846153846153846 0.3329326923076923 0.05889423076923077 0.052884615384615384
0 0.8774038461538461 0.2764423076923077 0.05889423076923077 0.054086538461538464
0 0.8846153846153846 0.22235576923076922 0.06009615384615385 0.054086538461538464
0 0.8822115384615384 0.16947115384615385 0.055288461538461536 0.054086538461538464
0 0.8846153846153846 0.11298076923076923 0.06490384615384616 0.054086538461538464
0 0.15985576923076922 0.22355769230769232 0.06129807692307692 0.05048076923076923
0 0.15985576923076922 0.16947115384615385 0.06370192307692307 0.05048076923076923
0 0.15745192307692307 0.11658653846153846 0.07091346153846154 0.04807692307692308
0 0.4519230769230769 0.5865384615384616 0.05889423076923077 0.04326923076923077
0 0.5192307692307693 0.5901442307692307 0.06009615384615385 0.05048076923076923
0 0.5240384615384616 0.5336538461538461 0.056490384615384616 0.04567307692307692
0 0.5132211538461539 0.6442307692307693 0.056490384615384616 0.046875
0 0.45072115384615385 0.6418269230769231 0.056490384615384616 0.046875
0 0.5180288461538461 0.7019230769230769 0.06009615384615385 0.05048076923076923
0 0.44711538461538464 0.6983173076923077 0.057692307692307696 0.04567307692307692
0 0.44711538461538464 0.7524038461538461 0.055288461538461536 0.046875
0 0.5216346153846154 0.7560096153846154 0.055288461538461536 0.04807692307692308
0 0.1622596153846154 0.06370192307692307 0.056490384615384616 0.05048076923076923
0 0.16826923076923078 0.018028846153846152 0.0625 0.036057692307692304
0 0.30528846153846156 0.030048076923076924 0.056490384615384616 0.051682692307692304
0 0.44711538461538464 0.038461538461538464 0.06129807692307692 0.052884615384615384
0 0.4495192307692308 0.006009615384615385 0.055288461538461536 0.010817307692307692
0 0.5036057692307693 0.040865384615384616 0.025240384615384616 0.08173076923076923
0 0.5348557692307693 0.036057692307692304 0.02403846153846154 0.07211538461538461
0 0.5661057692307693 0.03485576923076923 0.02283653846153846 0.06971153846153846
0 0.5949519230769231 0.03485576923076923 0.026442307692307692 0.06971153846153846
0 0.6262019230769231 0.036057692307692304 0.02403846153846154 0.07211538461538461
0 0.6574519230769231 0.039663461538461536 0.026442307692307692 0.07932692307692307
0 0.6899038461538461 0.036057692307692304 0.026442307692307692 0.07211538461538461
0 0.7175480769230769 0.038461538461538464 0.02283653846153846 0.07692307692307693
0 0.7439903846153846 0.04447115384615385 0.026442307692307692 0.0889423076923077
0 0.7752403846153846 0.04567307692307692 0.027644230769230768 0.09014423076923077
0 0.8040865384615384 0.04447115384615385 0.027644230769230768 0.0889423076923077
0 0.8365384615384616 0.036057692307692304 0.03125 0.07211538461538461