0 0.5793269230769231 0.38221153846153844 0.03485576923076923 0.1310096153846154
0 0.5384615384615384 0.3858173076923077 0.03485576923076923 0.1310096153846154
0 0.6262019230769231 0.7235576923076923 0.040865384615384616 0.19831730769230768
0 0.5180288461538461 0.7391826923076923 0.036057692307692304 0.12620192307692307
0 0.4807692307692308 0.7163461538461539 0.03485576923076923 0.12259615384615384
0 0.5012019230769231 0.359375 0.03245192307692308 0.12740384615384615
0 0.46274038461538464 0.36899038461538464 0.03245192307692308 0.12620192307692307
0 0.42788461538461536 0.36778846153846156 0.03245192307692308 0.125
0 0.3641826923076923 0.7572115384615384 0.037259615384615384 0.12860576923076922
0 0.2932692307692308 0.7391826923076923 0.037259615384615384 0.13701923076923078
0 0.6646634615384616 0.7235576923076923 0.03245192307692308 0.12620192307692307
0 0.7019230769230769 0.7151442307692307 0.03365384615384615 0.12860576923076922
0 0.31850961538461536 0.3870192307692308 0.03485576923076923 0.13701923076923078
0 0.3557692307692308 0.3737980769230769 0.03245192307692308 0.12259615384615384
0 0.6526442307692307 0.3737980769230769 0.03365384615384615 0.13221153846153846
0 0.6875 0.3605769230769231 0.03245192307692308 0.11057692307692307
0 0.7259615384615384 0.3545673076923077 0.03365384615384615 0.12139423076923077
0 0.7608173076923077 0.3581730769230769 0.03485576923076923 0.12379807692307693
0 0.7980769230769231 0.34615384615384615 0.03365384615384615 0.12139423076923077
0 0.8353365384615384 0.3485576923076923 0.039663461538461536 0.12139423076923077
0 0.8701923076923077 0.35096153846153844 0.038461538461538464 0.12379807692307693
0 0.6322115384615384 0.1622596153846154 0.07211538461538461 0.06370192307692307
0 0.8894230769230769 0.019230769230769232 0.03485576923076923 0.038461538461538464
0 0.9242788461538461 0.6706730769230769 0.039663461538461536 0.11778846153846154
0 0.8810096153846154 0.6850961538461539 0.036057692307692304 0.12379807692307693
0 0.8449519230769231 0.6887019230769231 0.036057692307692304 0.09735576923076923
0 0.8088942307692307 0.6754807692307693 0.038461538461538464 0.12740384615384615
0 0.7740384615384616 0.703125 0.036057692307692304 0.12259615384615384
0 0.7379807692307693 0.6983173076923077 0.03245192307692308 0.12620192307692307
0 0.22115384615384615 0.7391826923076923 0.03245192307692308 0.13221153846153846
0 0.18509615384615385 0.75 0.03485576923076923 0.12259615384615384
0 0.15144230769230768 0.7512019230769231 0.03365384615384615 0.11899038461538461
0 0.11538461538461539 0.7355769230769231 0.036057692307692304 0.109375
0 0.07932692307692307 0.7560096153846154 0.036057692307692304 0.125
0 0.04447115384615385 0.7524038461538461 0.03245192307692308 0.12259615384615384
0 0.013221153846153846 0.7560096153846154 0.026442307692307692 0.12379807692307693
0 0.2824519230769231 0.38221153846153844 0.030048076923076924 0.10576923076923077
0 0.24879807692307693 0.4026442307692308 0.03245192307692308 0.12860576923076922
0 0.2091346153846154 0.39663461538461536 0.03365384615384615 0.11778846153846154
0 0.17307692307692307 0.40384615384615385 0.037259615384615384 0.13581730769230768
0 0.13822115384615385 0.40865384615384615 0.03245192307692308 0.12860576923076922
0 0.10576923076923077 0.41346153846153844 0.03485576923076923 0.11658653846153846
0 0.07211538461538461 0.4170673076923077 0.038461538461538464 0.11778846153846154
0 0.03485576923076923 0.41225961538461536 0.037259615384615384 0.1141826923076923
0 0.008413461538461538 0.41346153846153844 0.016826923076923076 0.1201923076923077
0 0.03245192307692308 0.07091346153846154 0.039663461538461536 0.13341346153846154
0 0.06850961538461539 0.056490384615384616 0.038461538461538464 0.109375
0 0.8557692307692307 0.03485576923076923 0.03365384615384615 0.06971153846153846
0 0.8185096153846154 0.037259615384615384 0.03125 0.07451923076923077
0 0.7824519230769231 0.036057692307692304 0.036057692307692304 0.07211538461538461
0 0.7487980769230769 0.03485576923076923 0.03485576923076923 0.06971153846153846
0 0.7115384615384616 0.040865384615384616 0.03125 0.08052884615384616
0 0.6754807692307693 0.040865384615384616 0.030048076923076924 0.08052884615384616
0 0.6418269230769231 0.036057692307692304 0.028846153846153848 0.07211538461538461
0 0.6081730769230769 0.040865384615384616 0.03125 0.08052884615384616
0 0.5721153846153846 0.03485576923076923 0.030048076923076924 0.06971153846153846
0 0.5348557692307693 0.03365384615384615 0.03245192307692308 0.06610576923076923
0 0.4963942307692308 0.04567307692307692 0.030048076923076924 0.09134615384615384
0 0.45913461538461536 0.04326923076923077 0.03245192307692308 0.08653846153846154
0 0.42427884615384615 0.042067307692307696 0.03125 0.0829326923076923
0 0.3125 0.04567307692307692 0.03125 0.09014423076923077
0 0.2776442307692308 0.05048076923076923 0.028846153846153848 0.09975961538461539
0 0.23918269230769232 0.054086538461538464 0.036057692307692304 0.10817307692307693
0 0.20432692307692307 0.052884615384615384 0.03245192307692308 0.10576923076923077
0 0.13701923076923078 0.055288461538461536 0.038461538461538464 0.11057692307692307