0 0.6129807692307693 0.24278846153846154 0.030048076923076924 0.11658653846153846
0 0.6117788461538461 0.3737980769230769 0.027644230769230768 0.11538461538461539
0 0.6057692307692307 0.5528846153846154 0.027644230769230768 0.11298076923076923
0 0.5997596153846154 0.6911057692307693 0.027644230769230768 0.08653846153846154
0 0.6033653846153846 0.7956730769230769 0.026442307692307692 0.109375
0 0.453125 0.5649038461538461 0.06009615384615385 0.055288461538461536
0 0.46153846153846156 0.625 0.056490384615384616 0.04807692307692308
0 0.46153846153846156 0.6814903846153846 0.06009615384615385 0.05048076923076923
0 0.4543269230769231 0.7355769230769231 0.05889423076923077 0.04807692307692308
0 0.45072115384615385 0.7920673076923077 0.055288461538461536 0.05048076923076923
0 0.44471153846153844 0.8473557692307693 0.06129807692307692 0.04807692307692308
0 0.45072115384615385 0.9014423076923077 0.052884615384615384 0.052884615384615384
0 0.46033653846153844 0.9555288461538461 0.046875 0.04807692307692308
0 0.3870192307692308 0.4855769230769231 0.05889423076923077 0.056490384615384616
0 0.2980769230769231 0.28365384615384615 0.05889423076923077 0.05889423076923077
0 0.21153846153846154 0.33052884615384615 0.06009615384615385 0.06490384615384616
0 0.21394230769230768 0.3942307692307692 0.06370192307692307 0.07211538461538461
0 0.21033653846153846 0.4579326923076923 0.055288461538461536 0.08052884615384616
0 0.20072115384615385 0.5120192307692307 0.05889423076923077 0.07211538461538461
0 0.20192307692307693 0.5829326923076923 0.05889423076923077 0.08052884615384616
0 0.19831730769230768 0.6454326923076923 0.06370192307692307 0.06971153846153846
0 0.19951923076923078 0.7091346153846154 0.06009615384615385 0.06850961538461539
0 0.20192307692307693 0.7716346153846154 0.06610576923076923 0.07211538461538461
0 0.19471153846153846 0.8341346153846154 0.06610576923076923 0.0733173076923077
0 0.19951923076923078 0.9026442307692307 0.0625 0.06971153846153846
0 0.19591346153846154 0.9639423076923077 0.05889423076923077 0.06370192307692307
0 0.3317307692307692 0.6153846153846154 0.05889423076923077 0.06850961538461539
0 0.3317307692307692 0.6778846153846154 0.052884615384615384 0.0625
0 0.3161057692307692 0.7391826923076923 0.05889423076923077 0.06370192307692307
0 0.32091346153846156 0.7944711538461539 0.056490384615384616 0.06009615384615385
0 0.31971153846153844 0.9543269230769231 0.056490384615384616 0.06370192307692307