0 0.34975961538461536 0.39302884615384615 0.026442307692307692 0.109375
0 0.38221153846153844 0.39663461538461536 0.025240384615384616 0.09975961538461539
0 0.41225961538461536 0.4170673076923077 0.030048076923076924 0.1045673076923077
0 0.44471153846153844 0.4170673076923077 0.027644230769230768 0.10697115384615384
0 0.47475961538461536 0.40865384615384615 0.026442307692307692 0.10697115384615384
0 0.5048076923076923 0.41225961538461536 0.025240384615384616 0.10096153846153846
0 0.5372596153846154 0.41346153846153844 0.027644230769230768 0.10096153846153846
0 0.40024038461538464 0.15384615384615385 0.025240384615384616 0.10336538461538461
0 0.42908653846153844 0.14903846153846154 0.027644230769230768 0.11899038461538461
0 0.4326923076923077 0.6694711538461539 0.027644230769230768 0.10576923076923077
0 0.4639423076923077 0.6766826923076923 0.02403846153846154 0.09975961538461539
0 0.4963942307692308 0.671875 0.027644230769230768 0.10576923076923077
0 0.5300480769230769 0.6574519230769231 0.026442307692307692 0.10697115384615384
0 0.5588942307692307 0.6838942307692307 0.027644230769230768 0.10336538461538461
0 0.5901442307692307 0.6682692307692307 0.028846153846153848 0.10576923076923077
0 0.3425480769230769 0.6634615384615384 0.02403846153846154 0.10576923076923077
0 0.37259615384615385 0.671875 0.026442307692307692 0.0985576923076923
0 0.4026442307692308 0.6887019230769231 0.025240384615384616 0.10336538461538461
0 0.5685096153846154 0.41346153846153844 0.025240384615384616 0.10096153846153846
0 0.46274038461538464 0.15264423076923078 0.025240384615384616 0.10576923076923077
0 0.3713942307692308 0.15865384615384615 0.025240384615384616 0.10096153846153846
0 0.32091346153846156 0.40024038461538464 0.030048076923076924 0.109375
0 0.28846153846153844 0.39663461538461536 0.030048076923076924 0.109375
0 0.25961538461538464 0.39903846153846156 0.025240384615384616 0.0985576923076923
0 0.2283653846153846 0.39903846153846156 0.03245192307692308 0.10697115384615384
0 0.31009615384615385 0.6706730769230769 0.030048076923076924 0.11538461538461539
0 0.27884615384615385 0.6706730769230769 0.027644230769230768 0.10096153846153846
0 0.2512019230769231 0.6598557692307693 0.027644230769230768 0.109375
0 0.21995192307692307 0.6538461538461539 0.03245192307692308 0.11057692307692307
0 0.6225961538461539 0.6670673076923077 0.026442307692307692 0.1045673076923077
0 0.6550480769230769 0.6694711538461539 0.030048076923076924 0.09254807692307693
0 0.6838942307692307 0.6706730769230769 0.025240384615384616 0.09254807692307693
0 0.7163461538461539 0.6682692307692307 0.027644230769230768 0.09254807692307693
0 0.7439903846153846 0.6610576923076923 0.02403846153846154 0.09134615384615384
0 0.7740384615384616 0.6634615384615384 0.028846153846153848 0.09495192307692307
0 0.8052884615384616 0.6682692307692307 0.027644230769230768 0.09495192307692307
0 0.22956730769230768 0.7572115384615384 0.06129807692307692 0.04807692307692308
0 0.2283653846153846 0.8088942307692307 0.055288461538461536 0.051682692307692304
0 0.22956730769230768 0.8653846153846154 0.056490384615384616 0.046875
0 0.22956730769230768 0.9182692307692307 0.05889423076923077 0.05048076923076923
0 0.22596153846153846 0.9735576923076923 0.06009615384615385 0.05048076923076923
0 0.09375 0.9903846153846154 0.025240384615384616 0.015625
0 0.06129807692307692 0.9927884615384616 0.021634615384615384 0.010817307692307692
0 0.03245192307692308 0.9915865384615384 0.021634615384615384 0.014423076923076924
0 0.006009615384615385 0.9903846153846154 0.01201923076923077 0.015625
0 0.10096153846153846 0.7824519230769231 0.03125 0.10697115384615384
0 0.10336538461538461 0.6538461538461539 0.028846153846153848 0.09975961538461539
0 0.07451923076923077 0.6658653846153846 0.030048076923076924 0.10096153846153846
0 0.04326923076923077 0.6586538461538461 0.03485576923076923 0.10697115384615384
0 0.015625 0.6442307692307693 0.030048076923076924 0.1045673076923077
0 0.014423076923076924 0.7680288461538461 0.028846153846153848 0.0985576923076923
0 0.039663461538461536 0.7788461538461539 0.03125 0.10336538461538461
0 0.06971153846153846 0.7752403846153846 0.030048076923076924 0.1045673076923077
0 0.11057692307692307 0.41225961538461536 0.03245192307692308 0.10576923076923077
0 0.08173076923076923 0.4098557692307692 0.030048076923076924 0.11298076923076923
0 0.051682692307692304 0.4098557692307692 0.030048076923076924 0.09735576923076923
0 0.021634615384615384 0.4110576923076923 0.03245192307692308 0.09735576923076923
0 0.006009615384615385 0.39663461538461536 0.010817307692307692 0.10096153846153846
0 0.055288461538461536 0.27163461538461536 0.056490384615384616 0.055288461538461536
0 0.016826923076923076 0.1310096153846154 0.03365384615384615 0.10576923076923077
0 0.04567307692307692 0.15144230769230768 0.036057692307692304 0.1045673076923077
0 0.07692307692307693 0.1502403846153846 0.027644230769230768 0.10576923076923077
0 0.10576923076923077 0.14182692307692307 0.028846153846153848 0.09975961538461539
0 0.13341346153846154 0.14182692307692307 0.025240384615384616 0.10697115384615384
0 0.16105769230769232 0.14423076923076922 0.030048076923076924 0.1141826923076923
0 0.19230769230769232 0.13942307692307693 0.03125 0.11778846153846154
0 0.22235576923076922 0.14423076923076922 0.028846153846153848 0.09254807692307693
0 0.2548076923076923 0.15384615384615385 0.030048076923076924 0.10576923076923077
0 0.2860576923076923 0.15865384615384615 0.03125 0.10336538461538461
0 0.3425480769230769 0.14903846153846154 0.027644230769230768 0.10697115384615384
0 0.49399038461538464 0.15264423076923078 0.026442307692307692 0.0985576923076923
0 0.5252403846153846 0.15985576923076922 0.02403846153846154 0.09495192307692307
0 0.5576923076923077 0.17307692307692307 0.02403846153846154 0.09615384615384616
0 0.5865384615384616 0.17908653846153846 0.02403846153846154 0.11298076923076923
0 0.6165865384615384 0.1814903846153846 0.026442307692307692 0.10336538461538461
0 0.6466346153846154 0.17908653846153846 0.02403846153846154 0.09495192307692307
0 0.7079326923076923 0.17548076923076922 0.027644230769230768 0.11298076923076923
0 0.7379807692307693 0.18028846153846154 0.027644230769230768 0.109375
0 0.7668269230769231 0.18509615384615385 0.028846153846153848 0.10096153846153846
0 0.7980769230769231 0.1875 0.025240384615384616 0.10576923076923077
0 0.8269230769230769 0.1875 0.027644230769230768 0.10697115384615384
0 0.8569711538461539 0.19471153846153846 0.03245192307692308 0.1045673076923077
0 0.8870192307692307 0.19831730769230768 0.027644230769230768 0.1045673076923077
0 0.9158653846153846 0.20432692307692307 0.027644230769230768 0.09495192307692307
0 0.9471153846153846 0.20793269230769232 0.03485576923076923 0.109375
0 0.5985576923076923 0.41346153846153844 0.025240384615384616 0.11298076923076923
0 0.6322115384615384 0.41586538461538464 0.026442307692307692 0.09975961538461539
0 0.6622596153846154 0.43028846153846156 0.028846153846153848 0.10576923076923077
0 0.6935096153846154 0.4254807692307692 0.027644230769230768 0.10697115384615384
0 0.7223557692307693 0.4375 0.030048076923076924 0.10336538461538461
0 0.7536057692307693 0.421875 0.026442307692307692 0.09975961538461539
0 0.7824519230769231 0.4182692307692308 0.027644230769230768 0.09495192307692307
0 0.8100961538461539 0.4375 0.027644230769230768 0.10576923076923077
0 0.8401442307692307 0.44350961538461536 0.03125 0.10336538461538461
0 0.8713942307692307 0.4362980769230769 0.03365384615384615 0.10817307692307693