0 0.6694711538461539 0.028846153846153848 0.05889423076923077 0.05048076923076923
0 0.671875 0.07932692307692307 0.056490384615384616 0.056490384615384616
0 0.6778846153846154 0.13341346153846154 0.0625 0.051682692307692304
0 0.6730769230769231 0.18509615384615385 0.056490384615384616 0.046875
0 0.6706730769230769 0.23557692307692307 0.057692307692307696 0.05048076923076923
0 0.6935096153846154 0.2932692307692308 0.06370192307692307 0.05048076923076923
0 0.6730769230769231 0.34615384615384615 0.05889423076923077 0.04807692307692308
0 0.6935096153846154 0.4050480769230769 0.06610576923076923 0.051682692307692304
0 0.6911057692307693 0.4639423076923077 0.06490384615384616 0.04807692307692308
0 0.6862980769230769 0.5204326923076923 0.055288461538461536 0.046875
0 0.6862980769230769 0.5745192307692307 0.057692307692307696 0.046875
0 0.6923076923076923 0.6322115384615384 0.06129807692307692 0.05048076923076923
0 0.6911057692307693 0.6875 0.06129807692307692 0.05048076923076923
0 0.6947115384615384 0.7439903846153846 0.06490384615384616 0.05048076923076923
0 0.6995192307692307 0.8016826923076923 0.06370192307692307 0.055288461538461536
0 0.7079326923076923 0.8581730769230769 0.06129807692307692 0.04447115384615385
0 0.7043269230769231 0.9170673076923077 0.06490384615384616 0.05048076923076923
0 0.7067307692307693 0.9735576923076923 0.06370192307692307 0.05048076923076923
0 0.5612980769230769 0.056490384615384616 0.025240384615384616 0.10576923076923077
0 0.5625 0.16105769230769232 0.026442307692307692 0.10336538461538461
0 0.5697115384615384 0.27524038461538464 0.030048076923076924 0.10817307692307693
0 0.5757211538461539 0.3918269230769231 0.027644230769230768 0.11538461538461539
0 0.5769230769230769 0.515625 0.028846153846153848 0.11298076923076923
0 0.5817307692307693 0.6225961538461539 0.027644230769230768 0.0889423076923077
0 0.5841346153846154 0.7319711538461539 0.028846153846153848 0.11298076923076923
0 0.5865384615384616 0.8473557692307693 0.027644230769230768 0.10817307692307693
0 0.59375 0.9543269230769231 0.030048076923076924 0.08774038461538461
0 0.515625 0.026442307692307692 0.06009615384615385 0.052884615384615384
0 0.5120192307692307 0.08413461538461539 0.06129807692307692 0.046875
0 0.5144230769230769 0.1346153846153846 0.056490384615384616 0.054086538461538464
0 0.5144230769230769 0.19110576923076922 0.06009615384615385 0.051682692307692304
0 0.5192307692307693 0.24759615384615385 0.05889423076923077 0.051682692307692304
0 0.5240384615384616 0.30408653846153844 0.06009615384615385 0.046875
0 0.5240384615384616 0.35697115384615385 0.05889423076923077 0.04567307692307692
0 0.5228365384615384 0.41346153846153844 0.06009615384615385 0.04447115384615385
0 0.5240384615384616 0.4735576923076923 0.06370192307692307 0.04807692307692308
0 0.5264423076923077 0.5276442307692307 0.06009615384615385 0.051682692307692304
0 0.5324519230769231 0.5877403846153846 0.06370192307692307 0.05048076923076923
0 0.5264423076923077 0.6442307692307693 0.06490384615384616 0.051682692307692304
0 0.5276442307692307 0.6995192307692307 0.06129807692307692 0.046875
0 0.5300480769230769 0.7608173076923077 0.06490384615384616 0.05048076923076923
0 0.5348557692307693 0.8221153846153846 0.0673076923076923 0.052884615384615384
0 0.5324519230769231 0.8774038461538461 0.06610576923076923 0.04807692307692308
0 0.53125 0.9375 0.0625 0.06009615384615385
0 0.5276442307692307 0.9855769230769231 0.056490384615384616 0.025240384615384616
0 0.3557692307692308 0.9879807692307693 0.06610576923076923 0.020432692307692308
0 0.3605769230769231 0.9459134615384616 0.054086538461538464 0.05889423076923077
0 0.3557692307692308 0.8918269230769231 0.06370192307692307 0.046875
0 0.35336538461538464 0.8317307692307693 0.06610576923076923 0.051682692307692304
0 0.34975961538461536 0.7752403846153846 0.06370192307692307 0.05048076923076923
0 0.3449519230769231 0.7163461538461539 0.06490384615384616 0.046875
0 0.3449519230769231 0.6586538461538461 0.06129807692307692 0.055288461538461536
0 0.3449519230769231 0.6009615384615384 0.056490384615384616 0.04807692307692308
0 0.34615384615384615 0.5408653846153846 0.06009615384615385 0.05048076923076923
0 0.34975961538461536 0.48197115384615385 0.05889423076923077 0.04567307692307692
0 0.3473557692307692 0.42908653846153844 0.06009615384615385 0.04447115384615385
0 0.33653846153846156 0.37740384615384615 0.052884615384615384 0.04567307692307692
0 0.33533653846153844 0.31971153846153844 0.06009615384615385 0.054086538461538464
0 0.33533653846153844 0.2692307692307692 0.051682692307692304 0.04567307692307692
0 0.3401442307692308 0.20673076923076922 0.052884615384615384 0.051682692307692304
0 0.33533653846153844 0.15504807692307693 0.06129807692307692 0.05048076923076923
0 0.33774038461538464 0.09975961538461539 0.06129807692307692 0.051682692307692304
0 0.34615384615384615 0.04447115384615385 0.06490384615384616 0.054086538461538464
0 0.3485576923076923 0.009615384615384616 0.06129807692307692 0.018028846153846152