0 0.6838942307692307 0.6766826923076923 0.027644230769230768 0.10817307692307693
0 0.6862980769230769 0.5625 0.028846153846153848 0.109375
0 0.7512019230769231 0.5540865384615384 0.030048076923076924 0.11778846153846154
0 0.7199519230769231 0.6754807692307693 0.026442307692307692 0.109375
0 0.6009615384615384 0.2956730769230769 0.025240384615384616 0.11057692307692307
0 0.6466346153846154 0.29447115384615385 0.027644230769230768 0.11778846153846154
0 0.6778846153846154 0.9254807692307693 0.027644230769230768 0.10697115384615384
0 0.7115384615384616 0.9194711538461539 0.027644230769230768 0.09014423076923077
0 0.7427884615384616 0.9290865384615384 0.025240384615384616 0.10576923076923077
0 0.7716346153846154 0.9230769230769231 0.02403846153846154 0.08774038461538461
0 0.7175480769230769 0.5528846153846154 0.028846153846153848 0.11057692307692307
0 0.8112980769230769 0.5528846153846154 0.025240384615384616 0.11057692307692307
0 0.7800480769230769 0.5625 0.030048076923076924 0.10817307692307693
0 0.8341346153846154 0.921875 0.03125 0.11658653846153846
0 0.8016826923076923 0.9206730769230769 0.030048076923076924 0.10576923076923077
0 0.8401442307692307 0.6838942307692307 0.027644230769230768 0.1045673076923077
0 0.8401442307692307 0.5504807692307693 0.028846153846153848 0.10096153846153846
0 0.8689903846153846 0.5552884615384616 0.027644230769230768 0.10096153846153846
0 0.8990384615384616 0.5612980769230769 0.030048076923076924 0.10096153846153846
0 0.8689903846153846 0.6802884615384616 0.030048076923076924 0.11057692307692307
0 0.8990384615384616 0.6790865384615384 0.03125 0.09615384615384616
0 0.9855769230769231 0.6790865384615384 0.025240384615384616 0.1045673076923077
0 0.5396634615384616 0.2956730769230769 0.04326923076923077 0.109375
0 0.5408653846153846 0.9495192307692307 0.06971153846153846 0.052884615384615384
0 0.5420673076923077 0.8725961538461539 0.06850961538461539 0.055288461538461536
0 0.5432692307692307 0.7091346153846154 0.06009615384615385 0.04807692307692308
0 0.5372596153846154 0.5516826923076923 0.06129807692307692 0.04807692307692308
0 0.5432692307692307 0.46634615384615385 0.06129807692307692 0.05048076923076923
0 0.6911057692307693 0.28846153846153844 0.028846153846153848 0.11057692307692307
0 0.7367788461538461 0.30408653846153844 0.030048076923076924 0.11298076923076923
0 0.7848557692307693 0.30528846153846156 0.030048076923076924 0.10096153846153846
0 0.8269230769230769 0.3016826923076923 0.025240384615384616 0.09615384615384616
0 0.9110576923076923 0.31971153846153844 0.027644230769230768 0.10096153846153846
0 0.9567307692307693 0.31971153846153844 0.03245192307692308 0.10817307692307693
0 0.9867788461538461 0.32211538461538464 0.02403846153846154 0.10697115384615384
0 0.9567307692307693 0.5564903846153846 0.03365384615384615 0.10576923076923077
0 0.9855769230769231 0.5564903846153846 0.025240384615384616 0.10336538461538461
0 0.9867788461538461 0.7692307692307693 0.02403846153846154 0.04567307692307692
0 0.8629807692307693 0.9278846153846154 0.027644230769230768 0.1045673076923077
0 0.8930288461538461 0.9254807692307693 0.030048076923076924 0.11057692307692307
0 0.9254807692307693 0.9230769230769231 0.03125 0.1141826923076923
0 0.953125 0.9278846153846154 0.030048076923076924 0.11057692307692307
0 0.984375 0.9290865384615384 0.030048076923076924 0.0985576923076923
0 0.9519230769230769 0.9915865384615384 0.025240384615384616 0.014423076923076924
0 0.9242788461538461 0.9927884615384616 0.02403846153846154 0.010817307692307692
0 0.8954326923076923 0.9903846153846154 0.025240384615384616 0.016826923076923076
0 0.8605769230769231 0.9915865384615384 0.025240384615384616 0.01201923076923077
0 0.7740384615384616 0.9903846153846154 0.026442307692307692 0.016826923076923076
0 0.7439903846153846 0.9915865384615384 0.027644230769230768 0.014423076923076924
0 0.9278846153846154 0.6766826923076923 0.03245192307692308 0.10697115384615384
0 0.9567307692307693 0.6778846153846154 0.028846153846153848 0.09615384615384616
0 0.7776442307692307 0.6838942307692307 0.028846153846153848 0.10817307692307693
0 0.7487980769230769 0.671875 0.028846153846153848 0.11298076923076923
0 0.8076923076923077 0.6766826923076923 0.030048076923076924 0.11057692307692307