0 0.30649038461538464 0.05889423076923077 0.06971153846153846 0.06610576923076923
0 0.39783653846153844 0.054086538461538464 0.06971153846153846 0.06009615384615385
0 0.4807692307692308 0.054086538461538464 0.06370192307692307 0.056490384615384616
0 0.6069711538461539 0.07091346153846154 0.06850961538461539 0.06490384615384616
0 0.5216346153846154 0.35096153846153844 0.028846153846153848 0.12740384615384615
0 0.48677884615384615 0.3557692307692308 0.036057692307692304 0.12259615384615384
0 0.44711538461538464 0.3473557692307692 0.03245192307692308 0.12860576923076922
0 0.4110576923076923 0.35697115384615385 0.03125 0.13221153846153846
0 0.37259615384615385 0.3473557692307692 0.03245192307692308 0.12259615384615384
0 0.33052884615384615 0.33653846153846156 0.03245192307692308 0.11057692307692307
0 0.2932692307692308 0.34975961538461536 0.03485576923076923 0.13221153846153846
0 0.2512019230769231 0.3581730769230769 0.036057692307692304 0.125
0 0.24879807692307693 0.49158653846153844 0.038461538461538464 0.13221153846153846
0 0.30649038461538464 0.6225961538461539 0.037259615384615384 0.10697115384615384
0 0.3449519230769231 0.6370192307692307 0.042067307692307696 0.12620192307692307
0 0.3786057692307692 0.6237980769230769 0.038461538461538464 0.11057692307692307
0 0.13822115384615385 0.056490384615384616 0.0733173076923077 0.06129807692307692
0 0.06850961538461539 0.05048076923076923 0.07451923076923077 0.056490384615384616
0 0.5625 0.3545673076923077 0.028846153846153848 0.125
0 0.5973557692307693 0.3485576923076923 0.027644230769230768 0.12379807692307693
0 0.6334134615384616 0.3713942307692308 0.028846153846153848 0.12379807692307693
0 0.6706730769230769 0.35336538461538464 0.03245192307692308 0.12620192307692307
0 0.7079326923076923 0.3605769230769231 0.03125 0.12139423076923077
0 0.7403846153846154 0.36899038461538464 0.03245192307692308 0.12259615384615384
0 0.7824519230769231 0.38100961538461536 0.039663461538461536 0.1346153846153846
0 0.8137019230769231 0.36778846153846156 0.028846153846153848 0.11658653846153846
0 0.8425480769230769 0.3713942307692308 0.03125 0.10817307692307693
0 0.8762019230769231 0.37259615384615385 0.03245192307692308 0.1346153846153846
0 0.9146634615384616 0.390625 0.036057692307692304 0.11899038461538461
0 0.9471153846153846 0.36899038461538464 0.030048076923076924 0.11658653846153846
0 0.9819711538461539 0.37259615384615385 0.03485576923076923 0.11538461538461539
0 0.921875 0.09254807692307693 0.06129807692307692 0.06850961538461539
0 0.9807692307692307 0.10336538461538461 0.03485576923076923 0.06490384615384616
0 0.9266826923076923 0.6454326923076923 0.042067307692307696 0.1141826923076923
0 0.8894230769230769 0.6370192307692307 0.040865384615384616 0.12259615384615384
0 0.8221153846153846 0.6394230769230769 0.04567307692307692 0.1141826923076923
0 0.6466346153846154 0.6394230769230769 0.04326923076923077 0.11899038461538461
0 0.6033653846153846 0.6310096153846154 0.04447115384615385 0.12139423076923077
0 0.5721153846153846 0.6358173076923077 0.038461538461538464 0.125
0 0.5348557692307693 0.6346153846153846 0.04326923076923077 0.12379807692307693
0 0.7788461538461539 0.8834134615384616 0.05048076923076923 0.12139423076923077
0 0.6971153846153846 0.8786057692307693 0.051682692307692304 0.12740384615384615
0 0.65625 0.8810096153846154 0.04447115384615385 0.11298076923076923
0 0.5300480769230769 0.8834134615384616 0.052884615384615384 0.14182692307692307
0 0.4831730769230769 0.8954326923076923 0.038461538461538464 0.1310096153846154
0 0.44350961538461536 0.8834134615384616 0.040865384615384616 0.11778846153846154
0 0.40024038461538464 0.8894230769230769 0.04567307692307692 0.12139423076923077
0 0.31850961538461536 0.8834134615384616 0.046875 0.1141826923076923
0 0.2800480769230769 0.8725961538461539 0.038461538461538464 0.12740384615384615
0 0.23677884615384615 0.8846153846153846 0.04567307692307692 0.12139423076923077
0 0.19951923076923078 0.8677884615384616 0.04447115384615385 0.11778846153846154
0 0.1658653846153846 0.8533653846153846 0.04567307692307692 0.11778846153846154
0 0.9783653846153846 0.8725961538461539 0.040865384615384616 0.125