0 0.027644230769230768 0.06490384615384616 0.03485576923076923 0.10817307692307693
0 0.030048076923076924 0.18629807692307693 0.036057692307692304 0.109375
0 0.03245192307692308 0.3161057692307692 0.03245192307692308 0.09615384615384616
0 0.03125 0.4387019230769231 0.03485576923076923 0.10096153846153846
0 0.16466346153846154 0.013221153846153846 0.06009615384615385 0.026442307692307692
0 0.15985576923076922 0.052884615384615384 0.055288461538461536 0.05048076923076923
0 0.16346153846153846 0.10576923076923077 0.057692307692307696 0.051682692307692304
0 0.1622596153846154 0.15865384615384615 0.0625 0.054086538461538464
0 0.15865384615384615 0.2127403846153846 0.056490384615384616 0.04447115384615385
0 0.16346153846153846 0.2644230769230769 0.05889423076923077 0.054086538461538464
0 0.1622596153846154 0.3233173076923077 0.05889423076923077 0.052884615384615384
0 0.1658653846153846 0.3762019230769231 0.06009615384615385 0.04807692307692308
0 0.16105769230769232 0.4338942307692308 0.056490384615384616 0.04807692307692308
0 0.16466346153846154 0.4855769230769231 0.06370192307692307 0.051682692307692304
0 0.16706730769230768 0.5420673076923077 0.06370192307692307 0.05048076923076923
0 0.17427884615384615 0.5997596153846154 0.06009615384615385 0.051682692307692304
0 0.17427884615384615 0.6574519230769231 0.06009615384615385 0.04567307692307692
0 0.23076923076923078 0.009615384615384616 0.0625 0.019230769230769232
0 0.23317307692307693 0.04567307692307692 0.055288461538461536 0.056490384615384616
0 0.23317307692307693 0.09975961538461539 0.05889423076923077 0.051682692307692304
0 0.22596153846153846 0.15264423076923078 0.057692307692307696 0.04807692307692308
0 0.23317307692307693 0.203125 0.06610576923076923 0.054086538461538464
0 0.23317307692307693 0.2620192307692308 0.06129807692307692 0.05889423076923077
0 0.23557692307692307 0.31850961538461536 0.056490384615384616 0.051682692307692304
0 0.23798076923076922 0.3713942307692308 0.055288461538461536 0.05048076923076923
0 0.23918269230769232 0.4266826923076923 0.055288461538461536 0.05048076923076923
0 0.2403846153846154 0.47836538461538464 0.0625 0.04807692307692308
0 0.23197115384615385 0.5360576923076923 0.06370192307692307 0.055288461538461536
0 0.2439903846153846 0.5925480769230769 0.06610576923076923 0.051682692307692304
0 0.3737980769230769 0.009615384615384616 0.054086538461538464 0.018028846153846152
0 0.44591346153846156 0.008413461538461538 0.055288461538461536 0.016826923076923076
0 0.44591346153846156 0.038461538461538464 0.05889423076923077 0.051682692307692304
0 0.3762019230769231 0.04326923076923077 0.056490384615384616 0.04807692307692308
0 0.4519230769230769 0.09134615384615384 0.05889423076923077 0.051682692307692304
0 0.3786057692307692 0.09134615384615384 0.05889423076923077 0.04807692307692308
0 0.3786057692307692 0.14543269230769232 0.055288461538461536 0.046875
0 0.4519230769230769 0.14543269230769232 0.05889423076923077 0.05048076923076923
0 0.4495192307692308 0.19831730769230768 0.0625 0.052884615384615384
0 0.3762019230769231 0.19831730769230768 0.05889423076923077 0.056490384615384616
0 0.4495192307692308 0.2512019230769231 0.057692307692307696 0.051682692307692304
0 0.3762019230769231 0.25600961538461536 0.055288461538461536 0.054086538461538464
0 0.38341346153846156 0.3112980769230769 0.051682692307692304 0.05048076923076923
0 0.4519230769230769 0.30649038461538464 0.06129807692307692 0.056490384615384616
0 0.4567307692307692 0.3629807692307692 0.05889423076923077 0.052884615384615384
0 0.38461538461538464 0.36538461538461536 0.06490384615384616 0.055288461538461536
0 0.38461538461538464 0.4230769230769231 0.06129807692307692 0.052884615384615384
0 0.46153846153846156 0.4170673076923077 0.06129807692307692 0.04807692307692308
0 0.45913461538461536 0.47475961538461536 0.0625 0.052884615384615384
0 0.3870192307692308 0.4807692307692308 0.06370192307692307 0.054086538461538464
0 0.3942307692307692 0.5288461538461539 0.06009615384615385 0.04447115384615385
0 0.46153846153846156 0.5324519230769231 0.06009615384615385 0.04807692307692308
0 0.4675480769230769 0.5865384615384616 0.05048076923076923 0.05048076923076923
0 0.3870192307692308 0.5841346153846154 0.06370192307692307 0.051682692307692304
0 0.38221153846153844 0.640625 0.06370192307692307 0.054086538461538464
0 0.4651442307692308 0.640625 0.06009615384615385 0.054086538461538464
0 0.5901442307692307 0.030048076923076924 0.052884615384615384 0.04807692307692308
0 0.6550480769230769 0.030048076923076924 0.055288461538461536 0.051682692307692304
0 0.6610576923076923 0.08653846153846154 0.057692307692307696 0.052884615384615384
0 0.5913461538461539 0.0829326923076923 0.06009615384615385 0.055288461538461536
0 0.59375 0.13942307692307693 0.057692307692307696 0.05048076923076923
0 0.6622596153846154 0.140625 0.054086538461538464 0.052884615384615384
0 0.6622596153846154 0.19110576923076922 0.05048076923076923 0.04807692307692308
0 0.5949519230769231 0.1971153846153846 0.0625 0.056490384615384616
0 0.6021634615384616 0.2512019230769231 0.06009615384615385 0.04807692307692308
0 0.6045673076923077 0.3016826923076923 0.06370192307692307 0.04807692307692308
0 0.6634615384615384 0.2956730769230769 0.05048076923076923 0.04807692307692308
0 0.6670673076923077 0.2439903846153846 0.057692307692307696 0.04807692307692308
0 0.6045673076923077 0.3545673076923077 0.06129807692307692 0.052884615384615384
0 0.6706730769230769 0.34975961538461536 0.06490384615384616 0.05889423076923077
0 0.6742788461538461 0.4074519230769231 0.055288461538461536 0.055288461538461536
0 0.6057692307692307 0.4074519230769231 0.0625 0.051682692307692304
0 0.6081730769230769 0.46634615384615385 0.06129807692307692 0.046875
0 0.6766826923076923 0.4579326923076923 0.0625 0.051682692307692304
0 0.6778846153846154 0.5120192307692307 0.06009615384615385 0.05048076923076923
0 0.6057692307692307 0.5192307692307693 0.06129807692307692 0.051682692307692304
0 0.6754807692307693 0.5721153846153846 0.05889423076923077 0.052884615384615384
0 0.6057692307692307 0.5793269230769231 0.05889423076923077 0.054086538461538464
0 0.6153846153846154 0.6358173076923077 0.06129807692307692 0.04567307692307692
0 0.6802884615384616 0.6286057692307693 0.05889423076923077 0.051682692307692304
0 0.8016826923076923 0.037259615384615384 0.057692307692307696 0.051682692307692304
0 0.8076923076923077 0.09134615384615384 0.057692307692307696 0.051682692307692304
0 0.8112980769230769 0.140625 0.056490384615384616 0.04807692307692308
0 0.8112980769230769 0.19110576923076922 0.04807692307692308 0.04567307692307692
0 0.8137019230769231 0.24278846153846154 0.0625 0.05048076923076923
0 0.8161057692307693 0.2980769230769231 0.05889423076923077 0.054086538461538464
0 0.8125 0.3485576923076923 0.05889423076923077 0.04567307692307692
0 0.8149038461538461 0.4014423076923077 0.056490384615384616 0.05048076923076923
0 0.8137019230769231 0.45552884615384615 0.055288461538461536 0.05048076923076923
0 0.8233173076923077 0.5108173076923077 0.05889423076923077 0.05048076923076923
0 0.8269230769230769 0.5661057692307693 0.06370192307692307 0.052884615384615384
0 0.8269230769230769 0.6141826923076923 0.057692307692307696 0.04326923076923077
0 0.8233173076923077 0.6658653846153846 0.056490384615384616 0.05048076923076923
0 0.8245192307692307 0.7199519230769231 0.056490384615384616 0.051682692307692304
0 0.8245192307692307 0.7752403846153846 0.056490384615384616 0.051682692307692304
0 0.7848557692307693 0.8725961538461539 0.030048076923076924 0.10336538461538461
0 0.7572115384615384 0.8665865384615384 0.026442307692307692 0.09014423076923077
0 0.7259615384615384 0.8665865384615384 0.030048076923076924 0.09495192307692307
0 0.6971153846153846 0.8689903846153846 0.025240384615384616 0.10576923076923077
0 0.6490384615384616 0.8677884615384616 0.05889423076923077 0.054086538461538464
0 0.4699519230769231 0.8365384615384616 0.06370192307692307 0.052884615384615384
0 0.6418269230769231 0.9254807692307693 0.056490384615384616 0.046875
0 0.6478365384615384 0.9747596153846154 0.056490384615384616 0.04567307692307692
0 0.5132211538461539 0.8846153846153846 0.05048076923076923 0.054086538461538464
0 0.5072115384615384 0.9471153846153846 0.06129807692307692 0.05889423076923077
0 0.5144230769230769 0.9855769230769231 0.06370192307692307 0.025240384615384616
0 0.44471153846153844 0.8930288461538461 0.06009615384615385 0.051682692307692304
0 0.44350961538461536 0.953125 0.055288461538461536 0.052884615384615384
0 0.44591346153846156 0.9891826923076923 0.05889423076923077 0.019230769230769232
0 0.2644230769230769 0.8497596153846154 0.05889423076923077 0.05048076923076923
0 0.296875 0.9026442307692307 0.06009615384615385 0.05048076923076923
0 0.30528846153846156 0.9555288461538461 0.05889423076923077 0.05048076923076923
0 0.30408653846153844 0.9915865384615384 0.05048076923076923 0.014423076923076924
0 0.23798076923076922 0.9915865384615384 0.05889423076923077 0.014423076923076924
0 0.23798076923076922 0.9579326923076923 0.055288461538461536 0.04807692307692308
0 0.23317307692307693 0.9074519230769231 0.05889423076923077 0.054086538461538464