0 0.38461538461538464 0.921875 0.08533653846153846 0.08413461538461539
0 0.38100961538461536 0.7704326923076923 0.08774038461538461 0.0733173076923077
0 0.3870192307692308 0.8461538461538461 0.08774038461538461 0.0733173076923077
0 0.11177884615384616 0.9014423076923077 0.08653846153846154 0.07932692307692307
0 0.2848557692307692 0.8052884615384616 0.08653846153846154 0.07692307692307693
0 0.2800480769230769 0.7259615384615384 0.07211538461538461 0.0829326923076923
0 0.28365384615384615 0.6502403846153846 0.06971153846153846 0.07692307692307693
0 0.28125 0.578125 0.0829326923076923 0.08052884615384616
0 0.3737980769230769 0.5552884615384616 0.09014423076923077 0.07932692307692307
0 0.36899038461538464 0.6490384615384616 0.07932692307692307 0.06850961538461539
0 0.7896634615384616 0.6045673076923077 0.07572115384615384 0.12860576923076922
0 0.8822115384615384 0.7956730769230769 0.07211538461538461 0.13581730769230768
0 0.9134615384615384 0.8677884615384616 0.07211538461538461 0.14423076923076922
0 0.9747596153846154 0.4891826923076923 0.04807692307692308 0.13221153846153846
0 0.5817307692307693 0.9314903846153846 0.08774038461538461 0.08413461538461539
0 0.10576923076923077 0.8209134615384616 0.09014423076923077 0.07451923076923077
0 0.025240384615384616 0.8377403846153846 0.04927884615384615 0.0733173076923077
0 0.03485576923076923 0.9134615384615384 0.06610576923076923 0.0733173076923077
0 0.10576923076923077 0.6778846153846154 0.09375 0.07451923076923077
0 0.02403846153846154 0.6899038461538461 0.04326923076923077 0.06490384615384616
0 0.10216346153846154 0.6057692307692307 0.08533653846153846 0.06610576923076923
0 0.030048076923076924 0.6153846153846154 0.056490384615384616 0.07211538461538461
0 0.09735576923076923 0.5264423076923077 0.0985576923076923 0.07211538461538461
0 0.025240384615384616 0.5348557692307693 0.046875 0.0733173076923077
0 0.09375 0.4483173076923077 0.09495192307692307 0.08052884615384616
0 0.02403846153846154 0.46153846153846156 0.04567307692307692 0.06850961538461539
0 0.2668269230769231 0.5012019230769231 0.078125 0.07211538461538461
0 0.2932692307692308 0.9543269230769231 0.08173076923076923 0.0733173076923077
0 0.8653846153846154 0.7151442307692307 0.06610576923076923 0.11658653846153846
0 0.8377403846153846 0.6526442307692307 0.06850961538461539 0.12379807692307693
0 0.7644230769230769 0.5372596153846154 0.08173076923076923 0.1502403846153846
0 0.7307692307692307 0.47836538461538464 0.07211538461538461 0.13942307692307693
0 0.9651442307692307 0.4026442307692308 0.06850961538461539 0.12740384615384615
0 0.9387019230769231 0.3449519230769231 0.07932692307692307 0.13581730769230768
0 0.9074519230769231 0.28365384615384615 0.07692307692307693 0.13581730769230768
0 0.8786057692307693 0.21995192307692307 0.07692307692307693 0.13341346153846154
0 0.8497596153846154 0.16346153846153846 0.07211538461538461 0.12620192307692307
0 0.8221153846153846 0.10576923076923077 0.06610576923076923 0.11538461538461539
0 0.7872596153846154 0.054086538461538464 0.07211538461538461 0.10817307692307693
0 0.7427884615384616 0.027644230769230768 0.057692307692307696 0.055288461538461536
0 0.8822115384615384 0.03125 0.06490384615384616 0.0625
0 0.9158653846153846 0.05889423076923077 0.06971153846153846 0.11658653846153846
0 0.9447115384615384 0.11057692307692307 0.08173076923076923 0.13221153846153846
0 0.3918269230769231 0.9819711538461539 0.09254807692307693 0.03365384615384615
0 0.5829326923076923 0.984375 0.08533653846153846 0.027644230769230768
0 0.03125 0.9711538461538461 0.0625 0.054086538461538464
0 0.0733173076923077 0.056490384615384616 0.06129807692307692 0.11298076923076923
0 0.03485576923076923 0.06129807692307692 0.05889423076923077 0.12259615384615384