0 0.6622596153846154 0.030048076923076924 0.06009615384615385 0.055288461538461536
0 0.6646634615384616 0.0829326923076923 0.056490384615384616 0.054086538461538464
0 0.6682692307692307 0.140625 0.06370192307692307 0.054086538461538464
0 0.6634615384615384 0.19110576923076922 0.056490384615384616 0.055288461538461536
0 0.6622596153846154 0.24278846153846154 0.056490384615384616 0.05048076923076923
0 0.6862980769230769 0.3016826923076923 0.0625 0.051682692307692304
0 0.6622596153846154 0.3581730769230769 0.056490384615384616 0.052884615384615384
0 0.6814903846153846 0.41586538461538464 0.06490384615384616 0.05048076923076923
0 0.6802884615384616 0.4735576923076923 0.0625 0.052884615384615384
0 0.6754807692307693 0.5288461538461539 0.054086538461538464 0.046875
0 0.6742788461538461 0.5817307692307693 0.052884615384615384 0.04326923076923077
0 0.6814903846153846 0.6394230769230769 0.06129807692307692 0.051682692307692304
0 0.6790865384615384 0.6959134615384616 0.056490384615384616 0.046875
0 0.6838942307692307 0.7560096153846154 0.06009615384615385 0.055288461538461536
0 0.6875 0.8064903846153846 0.0625 0.052884615384615384
0 0.6947115384615384 0.8629807692307693 0.057692307692307696 0.04807692307692308
0 0.6911057692307693 0.9206730769230769 0.06009615384615385 0.051682692307692304
0 0.6911057692307693 0.9747596153846154 0.0625 0.046875
0 0.5528846153846154 0.056490384615384616 0.025240384615384616 0.1045673076923077
0 0.5528846153846154 0.1658653846153846 0.027644230769230768 0.1045673076923077
0 0.5637019230769231 0.2776442307692308 0.030048076923076924 0.11658653846153846
0 0.5661057692307693 0.4014423076923077 0.027644230769230768 0.11899038461538461
0 0.5673076923076923 0.5204326923076923 0.027644230769230768 0.109375
0 0.5697115384615384 0.6286057692307693 0.027644230769230768 0.09615384615384616
0 0.5721153846153846 0.7391826923076923 0.027644230769230768 0.11899038461538461
0 0.5757211538461539 0.8557692307692307 0.026442307692307692 0.109375
0 0.5793269230769231 0.9555288461538461 0.027644230769230768 0.08413461538461539
0 0.5072115384615384 0.02403846153846154 0.057692307692307696 0.04807692307692308
0 0.5036057692307693 0.08413461538461539 0.0625 0.05048076923076923
0 0.5048076923076923 0.13942307692307693 0.055288461538461536 0.054086538461538464
0 0.5060096153846154 0.1935096153846154 0.06129807692307692 0.054086538461538464
0 0.5096153846153846 0.2512019230769231 0.05889423076923077 0.052884615384615384
0 0.5168269230769231 0.3088942307692308 0.06009615384615385 0.052884615384615384
0 0.5144230769230769 0.3641826923076923 0.054086538461538464 0.051682692307692304
0 0.5120192307692307 0.4206730769230769 0.05889423076923077 0.04807692307692308
0 0.5120192307692307 0.47596153846153844 0.0625 0.04807692307692308
0 0.5168269230769231 0.5360576923076923 0.06370192307692307 0.052884615384615384
0 0.5204326923076923 0.5925480769230769 0.0625 0.051682692307692304
0 0.515625 0.6526442307692307 0.06370192307692307 0.04807692307692308
0 0.515625 0.7079326923076923 0.05889423076923077 0.052884615384615384
0 0.5192307692307693 0.7692307692307693 0.06370192307692307 0.055288461538461536
0 0.5216346153846154 0.8305288461538461 0.06610576923076923 0.055288461538461536
0 0.5192307692307693 0.8846153846153846 0.06971153846153846 0.046875
0 0.5192307692307693 0.9411057692307693 0.06850961538461539 0.055288461538461536
0 0.5144230769230769 0.9855769230769231 0.056490384615384616 0.025240384615384616
0 0.3329326923076923 0.040865384615384616 0.06490384615384616 0.051682692307692304
0 0.3245192307692308 0.09735576923076923 0.06129807692307692 0.052884615384615384
0 0.3245192307692308 0.15384615384615385 0.06129807692307692 0.052884615384615384
0 0.33052884615384615 0.20793269230769232 0.052884615384615384 0.052884615384615384
0 0.32091346153846156 0.2692307692307692 0.051682692307692304 0.046875
0 0.3245192307692308 0.32091346153846156 0.05889423076923077 0.05048076923076923
0 0.3245192307692308 0.38221153846153844 0.052884615384615384 0.046875
0 0.33653846153846156 0.43509615384615385 0.06009615384615385 0.052884615384615384
0 0.3401442307692308 0.4891826923076923 0.06009615384615385 0.046875
0 0.33533653846153844 0.5456730769230769 0.05889423076923077 0.051682692307692304
0 0.3317307692307692 0.6057692307692307 0.056490384615384616 0.04567307692307692
0 0.33413461538461536 0.6610576923076923 0.06129807692307692 0.054086538461538464
0 0.3317307692307692 0.7223557692307693 0.06129807692307692 0.04807692307692308
0 0.33774038461538464 0.7788461538461539 0.06370192307692307 0.05048076923076923
0 0.3425480769230769 0.8377403846153846 0.06490384615384616 0.056490384615384616
0 0.34134615384615385 0.8966346153846154 0.06129807692307692 0.052884615384615384
0 0.3473557692307692 0.9519230769230769 0.054086538461538464 0.051682692307692304