0 0.421875 0.3233173076923077 0.06370192307692307 0.051682692307692304
0 0.49278846153846156 0.3161057692307692 0.06370192307692307 0.054086538461538464
0 0.4963942307692308 0.37259615384615385 0.06129807692307692 0.054086538461538464
0 0.4254807692307692 0.3786057692307692 0.06129807692307692 0.04807692307692308
0 0.4963942307692308 0.42788461538461536 0.06129807692307692 0.04807692307692308
0 0.4230769230769231 0.4362980769230769 0.06129807692307692 0.04807692307692308
0 0.6466346153846154 0.36899038461538464 0.054086538461538464 0.05048076923076923
0 0.7247596153846154 0.48197115384615385 0.06129807692307692 0.05048076923076923
0 0.6514423076923077 0.4855769230769231 0.06129807692307692 0.051682692307692304
0 0.5012019230769231 0.4891826923076923 0.06129807692307692 0.055288461538461536
0 0.49399038461538464 0.2091346153846154 0.052884615384615384 0.051682692307692304
0 0.42427884615384615 0.21394230769230768 0.06490384615384616 0.05889423076923077
0 0.421875 0.2692307692307692 0.057692307692307696 0.046875
0 0.49399038461538464 0.25961538461538464 0.0625 0.05048076923076923
0 0.4891826923076923 0.15384615384615385 0.06370192307692307 0.055288461538461536
0 0.4206730769230769 0.15504807692307693 0.06370192307692307 0.05889423076923077
0 0.41586538461538464 0.10096153846153846 0.057692307692307696 0.04807692307692308
0 0.49158653846153844 0.0985576923076923 0.06370192307692307 0.055288461538461536
0 0.49158653846153844 0.04447115384615385 0.05889423076923077 0.04807692307692308
0 0.4230769230769231 0.051682692307692304 0.04807692307692308 0.052884615384615384
0 0.41586538461538464 0.016826923076923076 0.0673076923076923 0.03365384615384615
0 0.49278846153846156 0.013221153846153846 0.0625 0.026442307692307692
0 0.7235576923076923 0.36658653846153844 0.057692307692307696 0.054086538461538464
0 0.7211538461538461 0.42788461538461536 0.057692307692307696 0.05048076923076923
0 0.6490384615384616 0.43149038461538464 0.06490384615384616 0.04807692307692308
0 0.6514423076923077 0.5420673076923077 0.06129807692307692 0.051682692307692304
0 0.7271634615384616 0.5360576923076923 0.06129807692307692 0.05048076923076923
0 0.6442307692307693 0.2283653846153846 0.0625 0.051682692307692304
0 0.7115384615384616 0.21754807692307693 0.055288461538461536 0.054086538461538464
0 0.7103365384615384 0.15865384615384615 0.051682692307692304 0.05048076923076923
0 0.7115384615384616 0.10336538461538461 0.06129807692307692 0.05048076923076923
0 0.7091346153846154 0.04567307692307692 0.06009615384615385 0.051682692307692304
0 0.7091346153846154 0.010817307692307692 0.056490384615384616 0.021634615384615384
0 0.6394230769230769 0.014423076923076924 0.057692307692307696 0.028846153846153848
0 0.6358173076923077 0.054086538461538464 0.056490384615384616 0.04807692307692308
0 0.6418269230769231 0.10697115384615384 0.06129807692307692 0.054086538461538464
0 0.6466346153846154 0.1622596153846154 0.05889423076923077 0.051682692307692304
0 0.8461538461538461 0.036057692307692304 0.05889423076923077 0.04807692307692308
0 0.8473557692307693 0.09134615384615384 0.05889423076923077 0.052884615384615384
0 0.8497596153846154 0.140625 0.06129807692307692 0.04807692307692308
0 0.8521634615384616 0.1935096153846154 0.06129807692307692 0.052884615384615384
0 0.8569711538461539 0.25600961538461536 0.057692307692307696 0.051682692307692304
0 0.8569711538461539 0.30649038461538464 0.052884615384615384 0.051682692307692304
0 0.8653846153846154 0.4110576923076923 0.056490384615384616 0.05048076923076923
0 0.8713942307692307 0.46634615384615385 0.06009615384615385 0.04567307692307692
0 0.8689903846153846 0.5216346153846154 0.06370192307692307 0.04567307692307692
0 0.8737980769230769 0.5745192307692307 0.056490384615384616 0.04326923076923077
0 0.8774038461538461 0.6322115384615384 0.06129807692307692 0.05048076923076923
0 0.8737980769230769 0.6850961538461539 0.06129807692307692 0.04807692307692308
0 0.8762019230769231 0.7355769230769231 0.06009615384615385 0.04447115384615385
0 0.8822115384615384 0.7944711538461539 0.06129807692307692 0.051682692307692304
0 0.8822115384615384 0.8461538461538461 0.06490384615384616 0.04807692307692308
0 0.8894230769230769 0.9014423076923077 0.057692307692307696 0.04807692307692308
0 0.7295673076923077 0.5901442307692307 0.056490384615384616 0.04807692307692308
0 0.6598557692307693 0.6033653846153846 0.06129807692307692 0.05048076923076923
0 0.6622596153846154 0.6622596153846154 0.06370192307692307 0.052884615384615384
0 0.7331730769230769 0.6502403846153846 0.0625 0.054086538461538464
0 0.7271634615384616 0.7079326923076923 0.05889423076923077 0.04807692307692308
0 0.6622596153846154 0.7163461538461539 0.06370192307692307 0.054086538461538464
0 0.6658653846153846 0.7716346153846154 0.0625 0.05048076923076923
0 0.7307692307692307 0.7620192307692307 0.06370192307692307 0.05048076923076923
0 0.7307692307692307 0.8209134615384616 0.06610576923076923 0.055288461538461536
0 0.6634615384615384 0.8293269230769231 0.056490384615384616 0.04807692307692308
0 0.42788461538461536 0.49759615384615385 0.05889423076923077 0.055288461538461536
0 0.5072115384615384 0.546875 0.0625 0.054086538461538464
0 0.43028846153846156 0.5552884615384616 0.06129807692307692 0.05048076923076923
0 0.5120192307692307 0.6009615384615384 0.05889423076923077 0.051682692307692304
0 0.43509615384615385 0.6129807692307693 0.06490384615384616 0.05048076923076923
0 0.5120192307692307 0.6598557692307693 0.05889423076923077 0.054086538461538464
0 0.4338942307692308 0.6730769230769231 0.06370192307692307 0.052884615384615384
0 0.43509615384615385 0.7295673076923077 0.06009615384615385 0.04447115384615385
0 0.4375 0.7824519230769231 0.06129807692307692 0.05048076923076923
0 0.5216346153846154 0.7764423076923077 0.05889423076923077 0.051682692307692304
0 0.515625 0.8365384615384616 0.06490384615384616 0.05889423076923077
0 0.4411057692307692 0.8401442307692307 0.06370192307692307 0.054086538461538464
0 0.28966346153846156 0.859375 0.06610576923076923 0.054086538461538464
0 0.27884615384615385 0.7956730769230769 0.06129807692307692 0.046875
0 0.28365384615384615 0.7415865384615384 0.06129807692307692 0.051682692307692304
0 0.2800480769230769 0.6802884615384616 0.06129807692307692 0.05048076923076923
0 0.27283653846153844 0.625 0.06370192307692307 0.051682692307692304
0 0.2776442307692308 0.5685096153846154 0.06009615384615385 0.04807692307692308
0 0.20192307692307693 0.5709134615384616 0.05889423076923077 0.04807692307692308
0 0.20192307692307693 0.6310096153846154 0.06129807692307692 0.04807692307692308
0 0.203125 0.6862980769230769 0.0625 0.05048076923076923
0 0.20432692307692307 0.7463942307692307 0.06490384615384616 0.051682692307692304
0 0.203125 0.8052884615384616 0.06129807692307692 0.054086538461538464
0 0.21514423076923078 0.8641826923076923 0.06610576923076923 0.046875
0 0.2692307692307692 0.5084134615384616 0.06009615384615385 0.051682692307692304
0 0.2692307692307692 0.4519230769230769 0.06009615384615385 0.04807692307692308
0 0.27163461538461536 0.3954326923076923 0.06129807692307692 0.051682692307692304
0 0.27403846153846156 0.3389423076923077 0.06370192307692307 0.051682692307692304
0 0.27163461538461536 0.2824519230769231 0.05889423076923077 0.046875
0 0.28125 0.2247596153846154 0.0625 0.051682692307692304
0 0.19951923076923078 0.2860576923076923 0.05889423076923077 0.052884615384615384
0 0.20432692307692307 0.34615384615384615 0.06370192307692307 0.052884615384615384
0 0.12620192307692307 0.421875 0.03485576923076923 0.10817307692307693
0 0.06850961538461539 0.25240384615384615 0.03365384615384615 0.1045673076923077
0 0.0733173076923077 0.38100961538461536 0.03485576923076923 0.11057692307692307
0 0.07451923076923077 0.5012019230769231 0.03125 0.10576923076923077
0 0.07451923076923077 0.6466346153846154 0.03245192307692308 0.11658653846153846
0 0.07692307692307693 0.7860576923076923 0.03365384615384615 0.11057692307692307
0 0.08173076923076923 0.9158653846153846 0.03365384615384615 0.11658653846153846
0 0.21995192307692307 0.1814903846153846 0.027644230769230768 0.0985576923076923
0 0.21754807692307693 0.06610576923076923 0.030048076923076924 0.10697115384615384
0 0.27403846153846156 0.018028846153846152 0.05889423076923077 0.036057692307692304
0 0.27403846153846156 0.06370192307692307 0.055288461538461536 0.052884615384615384
0 0.27163461538461536 0.11658653846153846 0.0625 0.054086538461538464
0 0.2704326923076923 0.171875 0.06009615384615385 0.05048076923076923