0 0.6129807692307693 0.21634615384615385 0.09134615384615384 0.07091346153846154
0 0.6177884615384616 0.2980769230769231 0.08653846153846154 0.07211538461538461
0 0.6237980769230769 0.45552884615384615 0.09014423076923077 0.078125
0 0.5324519230769231 0.4483173076923077 0.0889423076923077 0.0733173076923077
0 0.5168269230769231 0.5360576923076923 0.09975961538461539 0.07451923076923077
0 0.6177884615384616 0.5384615384615384 0.08774038461538461 0.06971153846153846
0 0.3245192307692308 0.5096153846153846 0.09975961538461539 0.07692307692307693
0 0.2127403846153846 0.5024038461538461 0.08173076923076923 0.06370192307692307
0 0.6237980769230769 0.08052884615384616 0.08653846153846154 0.0733173076923077
0 0.5360576923076923 0.14182692307692307 0.08774038461538461 0.07451923076923077
0 0.6298076923076923 0.02403846153846154 0.0829326923076923 0.046875
0 0.5372596153846154 0.02283653846153846 0.08173076923076923 0.04567307692307692
0 0.8052884615384616 0.04326923076923077 0.09014423076923077 0.07211538461538461
0 0.8870192307692307 0.03485576923076923 0.06850961538461539 0.06490384615384616
0 0.8846153846153846 0.1045673076923077 0.078125 0.06370192307692307
0 0.875 0.171875 0.08533653846153846 0.06850961538461539
0 0.8834134615384616 0.24639423076923078 0.08052884615384616 0.07091346153846154
0 0.8858173076923077 0.32091346153846156 0.08052884615384616 0.07091346153846154
0 0.7956730769230769 0.3125 0.08774038461538461 0.06971153846153846
0 0.8798076923076923 0.4074519230769231 0.08413461538461539 0.07211538461538461
0 0.8822115384615384 0.48197115384615385 0.0673076923076923 0.06490384615384616
0 0.8786057692307693 0.5685096153846154 0.08774038461538461 0.06610576923076923
0 0.796875 0.48197115384615385 0.08774038461538461 0.06850961538461539
0 0.7896634615384616 0.5564903846153846 0.09134615384615384 0.06490384615384616
0 0.03125 0.15985576923076922 0.0625 0.07932692307692307
0 0.02403846153846154 0.49278846153846156 0.04807692307692308 0.06370192307692307
0 0.19951923076923078 0.9086538461538461 0.09495192307692307 0.07451923076923077
0 0.31490384615384615 0.9170673076923077 0.09375 0.07932692307692307
0 0.19591346153846154 0.9783653846153846 0.10096153846153846 0.040865384615384616
0 0.30528846153846156 0.9807692307692307 0.09495192307692307 0.03485576923076923
0 0.5072115384615384 0.9362980769230769 0.09495192307692307 0.078125
0 0.6021634615384616 0.9447115384615384 0.09014423076923077 0.078125
0 0.78125 0.9471153846153846 0.08413461538461539 0.06971153846153846
0 0.8762019230769231 0.9543269230769231 0.0889423076923077 0.07932692307692307