0 0.7403846153846154 0.2932692307692308 0.07932692307692307 0.06971153846153846
0 0.11899038461538461 0.35336538461538464 0.06971153846153846 0.06370192307692307
0 0.11538461538461539 0.43990384615384615 0.08533653846153846 0.06490384615384616
0 0.1045673076923077 0.6105769230769231 0.08413461538461539 0.06370192307692307
0 0.10817307692307693 0.6959134615384616 0.08533653846153846 0.06370192307692307
0 0.09615384615384616 0.9399038461538461 0.08052884615384616 0.06971153846153846
0 0.4254807692307692 0.703125 0.08774038461538461 0.07091346153846154
0 0.32091346153846156 0.45552884615384615 0.08653846153846154 0.06850961538461539
0 0.33653846153846156 0.203125 0.08774038461538461 0.07091346153846154
0 0.4338942307692308 0.21394230769230768 0.0829326923076923 0.07091346153846154
0 0.33653846153846156 0.018028846153846152 0.038461538461538464 0.036057692307692304
0 0.6430288461538461 0.38100961538461536 0.08052884615384616 0.06850961538461539
0 0.6346153846153846 0.13581730769230768 0.09495192307692307 0.0733173076923077
0 0.7427884615384616 0.1502403846153846 0.08653846153846154 0.0829326923076923
0 0.7427884615384616 0.2283653846153846 0.08653846153846154 0.06971153846153846
0 0.7475961538461539 0.4639423076923077 0.08173076923076923 0.06971153846153846
0 0.6370192307692307 0.5564903846153846 0.09134615384615384 0.06490384615384616
0 0.8581730769230769 0.5120192307692307 0.06490384615384616 0.14543269230769232
0 0.9338942307692307 0.5252403846153846 0.09134615384615384 0.06610576923076923
0 0.9879807692307693 0.5348557692307693 0.021634615384615384 0.0625
0 0.984375 0.6730769230769231 0.030048076923076924 0.06971153846153846
0 0.9879807692307693 0.75 0.02283653846153846 0.06370192307692307
0 0.9867788461538461 0.8185096153846154 0.02403846153846154 0.06490384615384616
0 0.9855769230769231 0.8894230769230769 0.027644230769230768 0.06850961538461539
0 0.9326923076923077 0.8149038461538461 0.08653846153846154 0.06850961538461539
0 0.9338942307692307 0.9591346153846154 0.09134615384615384 0.07692307692307693
0 0.9314903846153846 0.4483173076923077 0.07932692307692307 0.06009615384615385
0 0.984375 0.45552884615384615 0.030048076923076924 0.06490384615384616
0 0.9867788461538461 0.32091346153846156 0.025240384615384616 0.06610576923076923
0 0.9326923076923077 0.31971153846153844 0.07692307692307693 0.054086538461538464
0 0.9314903846153846 0.24639423076923078 0.09014423076923077 0.06009615384615385
0 0.984375 0.25240384615384615 0.030048076923076924 0.054086538461538464
0 0.9855769230769231 0.1778846153846154 0.027644230769230768 0.0733173076923077
0 0.9290865384615384 0.17668269230769232 0.08774038461538461 0.06490384615384616
0 0.9254807692307693 0.09975961538461539 0.08173076923076923 0.06850961538461539
0 0.9819711538461539 0.10576923076923077 0.03365384615384615 0.06490384615384616