0 0.38100961538461536 0.5552884615384616 0.04326923076923077 0.13341346153846154
0 0.4182692307692308 0.5420673076923077 0.05048076923076923 0.1502403846153846
0 0.4639423076923077 0.5168269230769231 0.04447115384615385 0.14903846153846154
0 0.5480769230769231 0.4879807692307692 0.040865384615384616 0.16826923076923078
0 0.5925480769230769 0.48197115384615385 0.040865384615384616 0.13701923076923078
0 0.6370192307692307 0.4699519230769231 0.040865384615384616 0.13341346153846154
0 0.6802884615384616 0.46634615384615385 0.037259615384615384 0.14423076923076922
0 0.33774038461538464 0.5661057692307693 0.037259615384615384 0.13701923076923078
0 0.2283653846153846 0.15504807692307693 0.06490384615384616 0.10817307692307693
0 0.18629807692307693 0.11298076923076923 0.04927884615384615 0.11658653846153846
0 0.12139423076923077 0.13221153846153846 0.056490384615384616 0.14302884615384615
0 0.042067307692307696 0.15985576923076922 0.06129807692307692 0.15504807692307693
0 0.07211538461538461 0.5709134615384616 0.09134615384615384 0.07692307692307693
0 0.06971153846153846 0.7836538461538461 0.10336538461538461 0.08774038461538461
0 0.34975961538461536 0.9831730769230769 0.037259615384615384 0.028846153846153848
0 0.39903846153846156 0.9759615384615384 0.037259615384615384 0.04447115384615385
0 0.44591346153846156 0.9711538461538461 0.03485576923076923 0.054086538461538464
0 0.49038461538461536 0.9615384615384616 0.042067307692307696 0.07451923076923077
0 0.5841346153846154 0.9519230769230769 0.040865384615384616 0.09254807692307693
0 0.6298076923076923 0.953125 0.039663461538461536 0.09014423076923077
0 0.6670673076923077 0.9314903846153846 0.04807692307692308 0.13341346153846154
0 0.7644230769230769 0.828125 0.04447115384615385 0.14903846153846154
0 0.8112980769230769 0.8137019230769231 0.046875 0.15384615384615385
0 0.8485576923076923 0.7956730769230769 0.04927884615384615 0.15264423076923078
0 0.9230769230769231 0.7764423076923077 0.052884615384615384 0.16105769230769232
0 0.9627403846153846 0.7608173076923077 0.055288461538461536 0.16105769230769232
0 0.9855769230769231 0.7439903846153846 0.027644230769230768 0.13942307692307693