0 0.9855769230769231 0.23197115384615385 0.027644230769230768 0.15264423076923078
0 0.9495192307692307 0.23557692307692307 0.04567307692307692 0.17307692307692307
0 0.9050480769230769 0.2283653846153846 0.04807692307692308 0.1346153846153846
0 0.8581730769230769 0.24639423076923078 0.04447115384615385 0.1658653846153846
0 0.8076923076923077 0.23317307692307693 0.04326923076923077 0.14543269230769232
0 0.9867788461538461 0.7223557692307693 0.025240384615384616 0.17548076923076922
0 0.9074519230769231 0.6875 0.04927884615384615 0.18509615384615385
0 0.7572115384615384 0.22956730769230768 0.04807692307692308 0.17668269230769232
0 0.8125 0.6862980769230769 0.04326923076923077 0.16706730769230768
0 0.7620192307692307 0.6959134615384616 0.04326923076923077 0.16947115384615385
0 0.7151442307692307 0.6959134615384616 0.04326923076923077 0.16826923076923078
0 0.6658653846153846 0.671875 0.037259615384615384 0.1502403846153846
0 0.6153846153846154 0.6899038461538461 0.042067307692307696 0.16826923076923078
0 0.5673076923076923 0.6899038461538461 0.040865384615384616 0.16826923076923078
0 0.5168269230769231 0.6899038461538461 0.040865384615384616 0.16706730769230768
0 0.4651442307692308 0.6802884615384616 0.038461538461538464 0.17307692307692307
0 0.41466346153846156 0.6935096153846154 0.042067307692307696 0.171875
0 0.359375 0.6935096153846154 0.039663461538461536 0.1778846153846154
0 0.3112980769230769 0.6838942307692307 0.038461538461538464 0.15865384615384615
0 0.2668269230769231 0.6862980769230769 0.040865384615384616 0.15384615384615385
0 0.21514423076923078 0.6778846153846154 0.046875 0.17067307692307693
0 0.16826923076923078 0.6911057692307693 0.042067307692307696 0.1346153846153846
0 0.12139423076923077 0.6838942307692307 0.04567307692307692 0.16346153846153846
0 0.07211538461538461 0.6550480769230769 0.04567307692307692 0.16346153846153846
0 0.025240384615384616 0.6730769230769231 0.05048076923076923 0.16947115384615385
0 0.7127403846153846 0.22956730769230768 0.04326923076923077 0.1658653846153846
0 0.6658653846153846 0.23076923076923078 0.040865384615384616 0.15504807692307693
0 0.6201923076923077 0.2247596153846154 0.04326923076923077 0.15865384615384615
0 0.5649038461538461 0.21514423076923078 0.039663461538461536 0.15264423076923078
0 0.5168269230769231 0.2091346153846154 0.038461538461538464 0.15504807692307693
0 0.4699519230769231 0.203125 0.040865384615384616 0.15985576923076922
0 0.4182692307692308 0.19951923076923078 0.039663461538461536 0.16706730769230768
0 0.36899038461538464 0.1971153846153846 0.046875 0.17067307692307693
0 0.31850961538461536 0.21153846153846154 0.040865384615384616 0.14903846153846154
0 0.27403846153846156 0.20793269230769232 0.04567307692307692 0.16826923076923078
0 0.22235576923076922 0.22115384615384615 0.04326923076923077 0.16346153846153846
0 0.17548076923076922 0.22596153846153846 0.04567307692307692 0.16346153846153846
0 0.12980769230769232 0.2091346153846154 0.04567307692307692 0.15985576923076922
0 0.07932692307692307 0.21995192307692307 0.04927884615384615 0.16346153846153846