0 0.3557692307692308 0.7536057692307693 0.042067307692307696 0.1814903846153846
0 0.4110576923076923 0.7175480769230769 0.042067307692307696 0.18028846153846154
0 0.46274038461538464 0.7415865384615384 0.039663461538461536 0.1622596153846154
0 0.6598557692307693 0.7704326923076923 0.040865384615384616 0.16826923076923078
0 0.6105769230769231 0.7668269230769231 0.038461538461538464 0.16826923076923078
0 0.5612980769230769 0.765625 0.039663461538461536 0.15264423076923078
0 0.5120192307692307 0.7560096153846154 0.042067307692307696 0.17548076923076922
0 0.30528846153846156 0.75 0.046875 0.1778846153846154
0 0.7151442307692307 0.7620192307692307 0.04447115384615385 0.1658653846153846
0 0.11177884615384616 0.7235576923076923 0.04927884615384615 0.15745192307692307
0 0.0673076923076923 0.7259615384615384 0.05048076923076923 0.1658653846153846
0 0.020432692307692308 0.7319711538461539 0.039663461538461536 0.16706730769230768
0 0.25961538461538464 0.7319711538461539 0.04567307692307692 0.17307692307692307
0 0.7620192307692307 0.7475961538461539 0.046875 0.1935096153846154
0 0.8100961538461539 0.7668269230769231 0.04567307692307692 0.16947115384615385
0 0.8605769230769231 0.765625 0.04567307692307692 0.15144230769230768
0 0.9110576923076923 0.7175480769230769 0.051682692307692304 0.171875
0 0.9699519230769231 0.75 0.05889423076923077 0.1778846153846154