0 0.18990384615384615 0.5252403846153846 0.04447115384615385 0.12860576923076922
0 0.30288461538461536 0.24879807692307693 0.038461538461538464 0.13942307692307693
0 0.34134615384615385 0.22956730769230768 0.03365384615384615 0.12259615384615384
0 0.38100961538461536 0.23317307692307693 0.030048076923076924 0.12860576923076922
0 0.3737980769230769 0.8028846153846154 0.06490384615384616 0.15264423076923078
0 0.2704326923076923 0.5300480769230769 0.04567307692307692 0.140625
0 0.3125 0.5408653846153846 0.038461538461538464 0.13221153846153846
0 0.47475961538461536 0.5528846153846154 0.04447115384615385 0.125
0 0.5144230769230769 0.5504807692307693 0.04927884615384615 0.13701923076923078
0 0.4987980769230769 0.25 0.03245192307692308 0.12139423076923077
0 0.46153846153846156 0.23798076923076922 0.030048076923076924 0.12620192307692307
0 0.4206730769230769 0.23798076923076922 0.028846153846153848 0.08052884615384616
0 0.41346153846153844 0.8088942307692307 0.05048076923076923 0.12139423076923077
0 0.5084134615384616 0.8161057692307693 0.05889423076923077 0.1346153846153846
0 0.5516826923076923 0.8149038461538461 0.057692307692307696 0.13221153846153846
0 0.5949519230769231 0.5685096153846154 0.04326923076923077 0.12379807692307693
0 0.6370192307692307 0.5625 0.040865384615384616 0.1310096153846154
0 0.6742788461538461 0.5504807692307693 0.04447115384615385 0.12860576923076922
0 0.7115384615384616 0.5480769230769231 0.04447115384615385 0.14182692307692307
0 0.7524038461538461 0.5588942307692307 0.04567307692307692 0.1310096153846154
0 0.578125 0.2512019230769231 0.030048076923076924 0.12860576923076922
0 0.5384615384615384 0.24639423076923078 0.03365384615384615 0.13581730769230768
0 0.25961538461538464 0.23076923076923078 0.038461538461538464 0.14302884615384615
0 0.22235576923076922 0.23076923076923078 0.036057692307692304 0.12139423076923077
0 0.18629807692307693 0.234375 0.03485576923076923 0.13581730769230768
0 0.14182692307692307 0.24158653846153846 0.04807692307692308 0.14903846153846154
0 0.13942307692307693 0.7884615384615384 0.056490384615384616 0.1310096153846154
0 0.052884615384615384 0.7800480769230769 0.06129807692307692 0.13581730769230768
0 0.020432692307692308 0.7764423076923077 0.040865384615384616 0.11778846153846154
0 0.014423076923076924 0.5168269230769231 0.028846153846153848 0.125
0 0.109375 0.23197115384615385 0.036057692307692304 0.12860576923076922
0 0.07451923076923077 0.22355769230769232 0.037259615384615384 0.125
0 0.03365384615384615 0.21634615384615385 0.04326923076923077 0.13221153846153846
0 0.007211538461538462 0.23557692307692307 0.013221153846153846 0.13341346153846154
0 0.6177884615384616 0.2644230769230769 0.03245192307692308 0.10697115384615384
0 0.6574519230769231 0.2608173076923077 0.030048076923076924 0.11899038461538461
0 0.6959134615384616 0.2704326923076923 0.03485576923076923 0.13581730769230768
0 0.7355769230769231 0.265625 0.03365384615384615 0.13942307692307693
0 0.7728365384615384 0.2620192307692308 0.03485576923076923 0.1310096153846154
0 0.8088942307692307 0.27884615384615385 0.03485576923076923 0.11899038461538461
0 0.8461538461538461 0.29086538461538464 0.03245192307692308 0.12620192307692307
0 0.90625 0.4579326923076923 0.038461538461538464 0.13581730769230768
0 0.9387019230769231 0.07932692307692307 0.0829326923076923 0.07091346153846154
0 0.6033653846153846 0.8125 0.056490384615384616 0.13581730769230768
0 0.6394230769230769 0.8329326923076923 0.054086538461538464 0.13341346153846154
0 0.6862980769230769 0.8293269230769231 0.056490384615384616 0.12620192307692307
0 0.7319711538461539 0.8317307692307693 0.055288461538461536 0.13341346153846154
0 0.7800480769230769 0.8293269230769231 0.06009615384615385 0.13701923076923078
0 0.8173076923076923 0.8377403846153846 0.052884615384615384 0.1141826923076923
0 0.8581730769230769 0.8461538461538461 0.05889423076923077 0.14182692307692307
0 0.90625 0.8149038461538461 0.051682692307692304 0.12379807692307693
0 0.9435096153846154 0.8209134615384616 0.04927884615384615 0.11538461538461539
0 0.9783653846153846 0.8449519230769231 0.039663461538461536 0.12379807692307693