0 0.6117788461538461 0.6971153846153846 0.042067307692307696 0.1658653846153846
0 0.5588942307692307 0.6995192307692307 0.039663461538461536 0.1502403846153846
0 0.40865384615384615 0.7091346153846154 0.04567307692307692 0.17908653846153846
0 0.35697115384615385 0.7079326923076923 0.04567307692307692 0.17067307692307693
0 0.5228365384615384 0.21394230769230768 0.042067307692307696 0.15264423076923078
0 0.08173076923076923 0.17668269230769232 0.055288461538461536 0.1502403846153846
0 0.47475961538461536 0.203125 0.042067307692307696 0.17067307692307693
0 0.5685096153846154 0.21995192307692307 0.042067307692307696 0.1658653846153846
0 0.6177884615384616 0.23076923076923078 0.042067307692307696 0.16706730769230768
0 0.6706730769230769 0.21754807692307693 0.04326923076923077 0.16826923076923078
0 0.4266826923076923 0.1935096153846154 0.040865384615384616 0.15865384615384615
0 0.37740384615384615 0.16826923076923078 0.04567307692307692 0.17908653846153846
0 0.3245192307692308 0.203125 0.04567307692307692 0.1778846153846154
0 0.27403846153846156 0.19110576923076922 0.04326923076923077 0.17548076923076922
0 0.2283653846153846 0.18389423076923078 0.04567307692307692 0.17548076923076922
0 0.037259615384615384 0.18028846153846154 0.055288461538461536 0.15144230769230768
0 0.7175480769230769 0.2127403846153846 0.04447115384615385 0.1875
0 0.7644230769230769 0.23557692307692307 0.046875 0.171875
0 0.8161057692307693 0.23798076923076922 0.040865384615384616 0.15384615384615385
0 0.8617788461538461 0.203125 0.04807692307692308 0.16105769230769232
0 0.9158653846153846 0.23197115384615385 0.056490384615384616 0.17067307692307693
0 0.8149038461538461 0.7127403846153846 0.04807692307692308 0.16947115384615385
0 0.765625 0.7067307692307693 0.04567307692307692 0.17067307692307693
0 0.7127403846153846 0.6959134615384616 0.04326923076923077 0.17668269230769232
0 0.6610576923076923 0.7091346153846154 0.04447115384615385 0.17548076923076922
0 0.3076923076923077 0.6622596153846154 0.04326923076923077 0.17548076923076922
0 0.25721153846153844 0.6682692307692307 0.04447115384615385 0.17548076923076922
0 0.21033653846153846 0.6574519230769231 0.046875 0.1658653846153846
0 0.11778846153846154 0.6526442307692307 0.04567307692307692 0.15985576923076922
0 0.06610576923076923 0.6574519230769231 0.052884615384615384 0.17908653846153846
0 0.02403846153846154 0.6502403846153846 0.046875 0.1466346153846154