0 0.65625 0.052884615384615384 0.03365384615384615 0.10576923076923077
0 0.6466346153846154 0.359375 0.03245192307692308 0.11298076923076923
0 0.640625 0.5096153846153846 0.03245192307692308 0.11298076923076923
0 0.6346153846153846 0.640625 0.030048076923076924 0.11057692307692307
0 0.6862980769230769 0.6887019230769231 0.0673076923076923 0.07211538461538461
0 0.6370192307692307 0.7932692307692307 0.03125 0.1141826923076923
0 0.4951923076923077 0.02403846153846154 0.06610576923076923 0.04807692307692308
0 0.49278846153846156 0.0829326923076923 0.06129807692307692 0.052884615384615384
0 0.4987980769230769 0.14302884615384615 0.054086538461538464 0.052884615384615384
0 0.5096153846153846 0.20192307692307693 0.04807692307692308 0.05048076923076923
0 0.5024038461538461 0.25961538461538464 0.056490384615384616 0.052884615384615384
0 0.4963942307692308 0.3713942307692308 0.06129807692307692 0.054086538461538464
0 0.484375 0.43509615384615385 0.06610576923076923 0.05889423076923077
0 0.49038461538461536 0.6694711538461539 0.052884615384615384 0.055288461538461536
0 0.484375 0.8413461538461539 0.0673076923076923 0.055288461538461536
0 0.36177884615384615 0.03365384615384615 0.05889423076923077 0.06610576923076923
0 0.3605769230769231 0.19831730769230768 0.056490384615384616 0.06850961538461539
0 0.36177884615384615 0.2608173076923077 0.056490384615384616 0.07091346153846154
0 0.34615384615384615 0.6165865384615384 0.06009615384615385 0.06370192307692307
0 0.34375 0.7379807692307693 0.0673076923076923 0.06971153846153846
0 0.2091346153846154 0.9459134615384616 0.06610576923076923 0.09134615384615384
0 0.20432692307692307 0.9795673076923077 0.06129807692307692 0.038461538461538464
0 0.2127403846153846 0.8810096153846154 0.0673076923076923 0.078125
0 0.21514423076923078 0.8125 0.06610576923076923 0.078125
0 0.21754807692307693 0.7439903846153846 0.057692307692307696 0.07211538461538461
0 0.21995192307692307 0.671875 0.06850961538461539 0.08052884615384616
0 0.22115384615384615 0.6045673076923077 0.06490384615384616 0.06610576923076923
0 0.21754807692307693 0.5300480769230769 0.0625 0.08653846153846154
0 0.22235576923076922 0.47836538461538464 0.06129807692307692 0.07451923076923077
0 0.22716346153846154 0.4098557692307692 0.06490384615384616 0.07451923076923077
0 0.2283653846153846 0.3473557692307692 0.06490384615384616 0.0733173076923077
0 0.22716346153846154 0.2668269230769231 0.05889423076923077 0.07451923076923077
0 0.22956730769230768 0.20793269230769232 0.0673076923076923 0.078125
0 0.23557692307692307 0.14423076923076922 0.06610576923076923 0.07451923076923077
0 0.23076923076923078 0.07211538461538461 0.06490384615384616 0.07932692307692307
0 0.2403846153846154 0.02283653846153846 0.06129807692307692 0.04567307692307692