0 0.9026442307692307 0.6177884615384616 0.052884615384615384 0.1466346153846154
0 0.8605769230769231 0.6225961538461539 0.04927884615384615 0.1466346153846154
0 0.8197115384615384 0.6310096153846154 0.046875 0.14182692307692307
0 0.7740384615384616 0.6466346153846154 0.04807692307692308 0.15384615384615385
0 0.7283653846153846 0.6754807692307693 0.052884615384615384 0.16706730769230768
0 0.6778846153846154 0.6754807692307693 0.04326923076923077 0.15144230769230768
0 0.8894230769230769 0.44591346153846156 0.04567307692307692 0.1466346153846154
0 0.8497596153846154 0.4519230769230769 0.05048076923076923 0.1466346153846154
0 0.8052884615384616 0.45913461538461536 0.04927884615384615 0.14903846153846154
0 0.7584134615384616 0.4675480769230769 0.046875 0.15144230769230768
0 0.7103365384615384 0.47596153846153844 0.05048076923076923 0.14903846153846154
0 0.6634615384615384 0.4963942307692308 0.04447115384615385 0.14903846153846154
0 0.4963942307692308 0.7295673076923077 0.04447115384615385 0.1622596153846154
0 0.4338942307692308 0.5504807692307693 0.046875 0.15865384615384615
0 0.4495192307692308 0.7283653846153846 0.042067307692307696 0.16947115384615385
0 0.703125 0.14182692307692307 0.0889423076923077 0.07692307692307693
0 0.8365384615384616 0.20793269230769232 0.08052884615384616 0.12620192307692307
0 0.47836538461538464 0.5012019230769231 0.04567307692307692 0.15504807692307693
0 0.29086538461538464 0.5769230769230769 0.04567307692307692 0.16826923076923078
0 0.34134615384615385 0.5769230769230769 0.04567307692307692 0.15504807692307693
0 0.38461538461538464 0.5540865384615384 0.04807692307692308 0.15865384615384615
0 0.40024038461538464 0.7355769230769231 0.04807692307692308 0.16346153846153846
0 0.3545673076923077 0.7415865384615384 0.04326923076923077 0.14543269230769232
0 0.3088942307692308 0.765625 0.04326923076923077 0.1310096153846154
0 0.26322115384615385 0.7824519230769231 0.051682692307692304 0.15504807692307693
0 0.21754807692307693 0.8137019230769231 0.04326923076923077 0.12620192307692307
0 0.17307692307692307 0.7932692307692307 0.052884615384615384 0.16826923076923078
0 0.12860576923076922 0.8016826923076923 0.04927884615384615 0.14903846153846154
0 0.08413461538461539 0.8137019230769231 0.052884615384615384 0.12860576923076922
0 0.037259615384615384 0.8293269230769231 0.051682692307692304 0.1466346153846154
0 0.010817307692307692 0.8377403846153846 0.021634615384615384 0.1466346153846154
0 0.24879807692307693 0.5889423076923077 0.04807692307692308 0.1622596153846154
0 0.20192307692307693 0.6045673076923077 0.04567307692307692 0.15144230769230768
0 0.15985576923076922 0.6105769230769231 0.04447115384615385 0.15264423076923078
0 0.11298076923076923 0.6310096153846154 0.04567307692307692 0.14543269230769232
0 0.07211538461538461 0.6514423076923077 0.04927884615384615 0.1466346153846154
0 0.02403846153846154 0.6610576923076923 0.04807692307692308 0.15745192307692307
0 0.6237980769230769 0.1045673076923077 0.052884615384615384 0.140625
0 0.5793269230769231 0.11658653846153846 0.04807692307692308 0.15985576923076922
0 0.5324519230769231 0.11778846153846154 0.04807692307692308 0.1622596153846154
0 0.44591346153846156 0.13581730769230768 0.04807692307692308 0.13221153846153846
0 0.4026442307692308 0.15745192307692307 0.04567307692307692 0.16706730769230768
0 0.3581730769230769 0.16105769230769232 0.04326923076923077 0.1310096153846154
0 0.3112980769230769 0.17307692307692307 0.04326923076923077 0.13221153846153846
0 0.2247596153846154 0.20793269230769232 0.04927884615384615 0.15264423076923078
0 0.17548076923076922 0.21394230769230768 0.04927884615384615 0.15504807692307693
0 0.1346153846153846 0.23317307692307693 0.04567307692307692 0.14543269230769232
0 0.09134615384615384 0.24759615384615385 0.05048076923076923 0.15985576923076922
0 0.9699519230769231 0.41225961538461536 0.05889423076923077 0.1310096153846154
0 0.9507211538461539 0.6141826923076923 0.054086538461538464 0.1622596153846154
0 0.9831730769230769 0.5961538461538461 0.03245192307692308 0.17548076923076922
0 0.9759615384615384 0.9459134615384616 0.04447115384615385 0.1045673076923077
0 0.9338942307692307 0.9615384615384616 0.04807692307692308 0.0733173076923077
0 0.8918269230769231 0.9615384615384616 0.054086538461538464 0.07451923076923077
0 0.84375 0.9699519230769231 0.040865384615384616 0.056490384615384616
0 0.8004807692307693 0.9735576923076923 0.040865384615384616 0.05048076923076923
0 0.6911057692307693 0.9627403846153846 0.052884615384615384 0.07211538461538461