0 0.6574519230769231 0.054086538461538464 0.0625 0.055288461538461536
0 0.6622596153846154 0.11778846153846154 0.06129807692307692 0.055288461538461536
0 0.6706730769230769 0.17307692307692307 0.05889423076923077 0.056490384615384616
0 0.671875 0.23076923076923078 0.056490384615384616 0.052884615384615384
0 0.6742788461538461 0.28725961538461536 0.06490384615384616 0.051682692307692304
0 0.6706730769230769 0.3389423076923077 0.056490384615384616 0.04807692307692308
0 0.6682692307692307 0.39302884615384615 0.056490384615384616 0.05048076923076923
0 0.6899038461538461 0.453125 0.06370192307692307 0.04447115384615385
0 0.6682692307692307 0.5072115384615384 0.05889423076923077 0.04807692307692308
0 0.6862980769230769 0.5649038461538461 0.06610576923076923 0.04807692307692308
0 0.6838942307692307 0.6274038461538461 0.0625 0.05048076923076923
0 0.6802884615384616 0.6802884615384616 0.051682692307692304 0.04807692307692308
0 0.6778846153846154 0.7379807692307693 0.055288461538461536 0.04807692307692308
0 0.6838942307692307 0.7944711538461539 0.06009615384615385 0.051682692307692304
0 0.6802884615384616 0.8473557692307693 0.054086538461538464 0.05048076923076923
0 0.6875 0.9038461538461539 0.06370192307692307 0.055288461538461536
0 0.6899038461538461 0.9627403846153846 0.06370192307692307 0.055288461538461536
0 0.5588942307692307 0.20192307692307693 0.025240384615384616 0.10336538461538461
0 0.5600961538461539 0.31009615384615385 0.027644230769230768 0.09975961538461539
0 0.5685096153846154 0.42908653846153844 0.028846153846153848 0.1141826923076923
0 0.5697115384615384 0.5516826923076923 0.030048076923076924 0.11899038461538461
0 0.5697115384615384 0.6766826923076923 0.027644230769230768 0.1141826923076923
0 0.5733173076923077 0.7800480769230769 0.02403846153846154 0.09254807692307693
0 0.5757211538461539 0.8930288461538461 0.027644230769230768 0.1141826923076923
0 0.5793269230769231 0.9747596153846154 0.025240384615384616 0.046875
0 0.5120192307692307 0.1658653846153846 0.06009615384615385 0.06129807692307692
0 0.5072115384615384 0.23076923076923078 0.0625 0.04807692307692308
0 0.5096153846153846 0.28725961538461536 0.06009615384615385 0.04807692307692308
0 0.5096153846153846 0.3425480769230769 0.0625 0.04807692307692308
0 0.5132211538461539 0.4026442307692308 0.06009615384615385 0.052884615384615384
0 0.5192307692307693 0.45913461538461536 0.06370192307692307 0.054086538461538464
0 0.5180288461538461 0.5168269230769231 0.057692307692307696 0.04807692307692308
0 0.5168269230769231 0.5745192307692307 0.05889423076923077 0.04807692307692308
0 0.5168269230769231 0.6346153846153846 0.06370192307692307 0.05048076923076923
0 0.5192307692307693 0.6899038461538461 0.06370192307692307 0.056490384615384616
0 0.5228365384615384 0.75 0.06610576923076923 0.052884615384615384
0 0.5192307692307693 0.8088942307692307 0.06370192307692307 0.054086538461538464
0 0.5192307692307693 0.8605769230769231 0.06370192307692307 0.052884615384615384
0 0.5216346153846154 0.9194711538461539 0.0625 0.06009615384615385
0 0.5240384615384616 0.9735576923076923 0.06610576923076923 0.04807692307692308
0 0.3269230769230769 0.05889423076923077 0.057692307692307696 0.054086538461538464
0 0.33653846153846156 0.12379807692307693 0.06129807692307692 0.052884615384615384
0 0.33653846153846156 0.18509615384615385 0.06610576923076923 0.052884615384615384
0 0.32572115384615385 0.2403846153846154 0.06129807692307692 0.052884615384615384
0 0.3245192307692308 0.2980769230769231 0.06129807692307692 0.04807692307692308
0 0.33052884615384615 0.3545673076923077 0.052884615384615384 0.051682692307692304
0 0.32211538461538464 0.4182692307692308 0.054086538461538464 0.04326923076923077
0 0.32572115384615385 0.4723557692307692 0.06129807692307692 0.052884615384615384
0 0.3245192307692308 0.5336538461538461 0.051682692307692304 0.052884615384615384
0 0.33653846153846156 0.5865384615384616 0.06129807692307692 0.051682692307692304
0 0.3401442307692308 0.6442307692307693 0.0625 0.05048076923076923
0 0.33653846153846156 0.703125 0.06009615384615385 0.052884615384615384
0 0.33413461538461536 0.7620192307692307 0.057692307692307696 0.04807692307692308
0 0.33413461538461536 0.8197115384615384 0.06370192307692307 0.046875
0 0.33533653846153844 0.8762019230769231 0.06370192307692307 0.051682692307692304
0 0.33774038461538464 0.9362980769230769 0.06490384615384616 0.052884615384615384
0 0.34375 0.9807692307692307 0.06370192307692307 0.03485576923076923