0 0.39663461538461536 0.28365384615384615 0.04326923076923077 0.16947115384615385
0 0.44350961538461536 0.2860576923076923 0.04447115384615385 0.16947115384615385
0 0.4423076923076923 0.734375 0.040865384615384616 0.15384615384615385
0 0.3918269230769231 0.7560096153846154 0.042067307692307696 0.1814903846153846
0 0.4963942307692308 0.7596153846153846 0.04326923076923077 0.17548076923076922
0 0.5925480769230769 0.2764423076923077 0.04326923076923077 0.15745192307692307
0 0.5396634615384616 0.2776442307692308 0.04326923076923077 0.18629807692307693
0 0.49278846153846156 0.2800480769230769 0.040865384615384616 0.17668269230769232
0 0.6490384615384616 0.2860576923076923 0.04326923076923077 0.17067307692307693
0 0.6947115384615384 0.265625 0.040865384615384616 0.14182692307692307
0 0.7427884615384616 0.27524038461538464 0.04567307692307692 0.18028846153846154
0 0.7920673076923077 0.2668269230769231 0.04567307692307692 0.15865384615384615
0 0.8846153846153846 0.265625 0.052884615384615384 0.16105769230769232
0 0.9302884615384616 0.27403846153846156 0.04927884615384615 0.15384615384615385
0 0.9747596153846154 0.2692307692307692 0.04927884615384615 0.16105769230769232
0 0.9447115384615384 0.7235576923076923 0.04927884615384615 0.16947115384615385
0 0.9831730769230769 0.7608173076923077 0.03245192307692308 0.16826923076923078
0 0.7932692307692307 0.7740384615384616 0.04927884615384615 0.17548076923076922
0 0.6983173076923077 0.7439903846153846 0.04326923076923077 0.19110576923076922
0 0.5985576923076923 0.7475961538461539 0.042067307692307696 0.17908653846153846
0 0.5444711538461539 0.7560096153846154 0.040865384615384616 0.17307692307692307
0 0.3425480769230769 0.7524038461538461 0.039663461538461536 0.16947115384615385
0 0.29086538461538464 0.7536057692307693 0.04447115384615385 0.16947115384615385
0 0.2439903846153846 0.7475961538461539 0.04447115384615385 0.17307692307692307
0 0.19591346153846154 0.7584134615384616 0.04567307692307692 0.17067307692307693
0 0.14423076923076922 0.7584134615384616 0.04807692307692308 0.1778846153846154
0 0.09975961538461539 0.75 0.04807692307692308 0.15745192307692307
0 0.052884615384615384 0.7524038461538461 0.046875 0.15745192307692307
0 0.014423076923076924 0.75 0.028846153846153848 0.17307692307692307
0 0.3401442307692308 0.27524038461538464 0.04447115384615385 0.15264423076923078
0 0.2932692307692308 0.27524038461538464 0.042067307692307696 0.15865384615384615
0 0.24639423076923078 0.2692307692307692 0.04567307692307692 0.15745192307692307
0 0.20072115384615385 0.2692307692307692 0.04326923076923077 0.15985576923076922
0 0.1502403846153846 0.2704326923076923 0.05048076923076923 0.171875
0 0.10336538461538461 0.2848557692307692 0.04326923076923077 0.1502403846153846
0 0.05889423076923077 0.2848557692307692 0.05048076923076923 0.16947115384615385
0 0.016826923076923076 0.2980769230769231 0.03245192307692308 0.16826923076923078