0 0.8846153846153846 0.35096153846153844 0.057692307692307696 0.05889423076923077
0 0.7211538461538461 0.1045673076923077 0.03245192307692308 0.12259615384615384
0 0.7175480769230769 0.24278846153846154 0.028846153846153848 0.11778846153846154
0 0.7115384615384616 0.4026442307692308 0.028846153846153848 0.12259615384615384
0 0.5697115384615384 0.1622596153846154 0.056490384615384616 0.051682692307692304
0 0.5745192307692307 0.2247596153846154 0.056490384615384616 0.05048076923076923
0 0.5745192307692307 0.27884615384615385 0.05889423076923077 0.054086538461538464
0 0.5733173076923077 0.33413461538461536 0.05889423076923077 0.04447115384615385
0 0.5721153846153846 0.390625 0.05889423076923077 0.051682692307692304
0 0.5697115384615384 0.4495192307692308 0.06370192307692307 0.046875
0 0.5661057692307693 0.5096153846153846 0.06129807692307692 0.054086538461538464
0 0.5673076923076923 0.5697115384615384 0.0625 0.04447115384615385
0 0.5661057692307693 0.625 0.06129807692307692 0.05048076923076923
0 0.5637019230769231 0.6850961538461539 0.05889423076923077 0.051682692307692304
0 0.5661057692307693 0.7415865384615384 0.06610576923076923 0.04807692307692308
0 0.5588942307692307 0.7980769230769231 0.05889423076923077 0.046875
0 0.5745192307692307 0.014423076923076924 0.06129807692307692 0.027644230769230768
0 0.43149038461538464 0.3016826923076923 0.05889423076923077 0.07932692307692307
0 0.42788461538461536 0.5985576923076923 0.052884615384615384 0.06971153846153846
0 0.4254807692307692 0.6574519230769231 0.06009615384615385 0.07091346153846154
0 0.4254807692307692 0.7175480769230769 0.05889423076923077 0.07091346153846154
0 0.2956730769230769 0.7584134615384616 0.056490384615384616 0.07211538461538461
0 0.3016826923076923 0.8317307692307693 0.052884615384615384 0.06971153846153846
0 0.2956730769230769 0.8942307692307693 0.051682692307692304 0.0733173076923077
0 0.2980769230769231 0.9639423076923077 0.06610576923076923 0.06971153846153846
0 0.2956730769230769 0.6947115384615384 0.05889423076923077 0.07692307692307693
0 0.2956730769230769 0.6322115384615384 0.055288461538461536 0.07211538461538461
0 0.30528846153846156 0.5661057692307693 0.051682692307692304 0.06610576923076923
0 0.30528846153846156 0.5060096153846154 0.04567307692307692 0.06971153846153846
0 0.296875 0.43028846153846156 0.052884615384615384 0.06370192307692307
0 0.30528846153846156 0.3713942307692308 0.04807692307692308 0.07091346153846154
0 0.3088942307692308 0.3016826923076923 0.04447115384615385 0.06370192307692307
0 0.3088942307692308 0.23317307692307693 0.056490384615384616 0.08052884615384616
0 0.3076923076923077 0.16346153846153846 0.056490384615384616 0.08653846153846154
0 0.30649038461538464 0.09735576923076923 0.06009615384615385 0.08653846153846154
0 0.3137019230769231 0.040865384615384616 0.056490384615384616 0.08173076923076923