0 0.3629807692307692 0.8894230769230769 0.046875 0.15745192307692307
0 0.6622596153846154 0.7512019230769231 0.038461538461538464 0.1658653846153846
0 0.6153846153846154 0.7572115384615384 0.04326923076923077 0.16105769230769232
0 0.5612980769230769 0.7355769230769231 0.04326923076923077 0.17307692307692307
0 0.4182692307692308 0.7115384615384616 0.04567307692307692 0.1622596153846154
0 0.36778846153846156 0.7079326923076923 0.04447115384615385 0.15504807692307693
0 0.7067307692307693 0.7680288461538461 0.04447115384615385 0.1658653846153846
0 0.21995192307692307 0.8581730769230769 0.04567307692307692 0.15985576923076922
0 0.2668269230769231 0.8677884615384616 0.04807692307692308 0.15745192307692307
0 0.3137019230769231 0.875 0.040865384615384616 0.14302884615384615
0 0.32211538461538464 0.7079326923076923 0.04447115384615385 0.15985576923076922
0 0.27283653846153844 0.6971153846153846 0.04927884615384615 0.16346153846153846
0 0.2247596153846154 0.6814903846153846 0.04567307692307692 0.16947115384615385
0 0.17908653846153846 0.671875 0.05048076923076923 0.16346153846153846
0 0.1346153846153846 0.6598557692307693 0.04807692307692308 0.1622596153846154
0 0.09014423076923077 0.6454326923076923 0.052884615384615384 0.17908653846153846
0 0.17067307692307693 0.8545673076923077 0.04447115384615385 0.14903846153846154
0 0.12620192307692307 0.8545673076923077 0.042067307692307696 0.1466346153846154
0 0.07451923076923077 0.8161057692307693 0.046875 0.15384615384615385
0 0.39783653846153844 0.30649038461538464 0.04567307692307692 0.16826923076923078
0 0.44471153846153844 0.3125 0.040865384615384616 0.15384615384615385
0 0.49278846153846156 0.31490384615384615 0.042067307692307696 0.1658653846153846
0 0.5432692307692307 0.33052884615384615 0.04326923076923077 0.1622596153846154
0 0.6346153846153846 0.3425480769230769 0.040865384615384616 0.13942307692307693
0 0.6838942307692307 0.35336538461538464 0.040865384615384616 0.1346153846153846
0 0.7259615384615384 0.3737980769230769 0.042067307692307696 0.16826923076923078
0 0.7716346153846154 0.37259615384615385 0.040865384615384616 0.1346153846153846
0 0.8509615384615384 0.39302884615384615 0.046875 0.16826923076923078
0 0.8930288461538461 0.41346153846153844 0.04447115384615385 0.1622596153846154
0 0.9387019230769231 0.4230769230769231 0.04567307692307692 0.15264423076923078
0 0.9783653846153846 0.4855769230769231 0.040865384615384616 0.07211538461538461
0 0.7524038461538461 0.7403846153846154 0.04326923076923077 0.15985576923076922
0 0.4651442307692308 0.7247596153846154 0.04447115384615385 0.15745192307692307
0 0.5168269230769231 0.7307692307692307 0.04326923076923077 0.171875
0 0.4098557692307692 0.9002403846153846 0.04567307692307692 0.17307692307692307
0 0.4519230769230769 0.9362980769230769 0.040865384615384616 0.12379807692307693
0 0.5060096153846154 0.9230769230769231 0.04567307692307692 0.1502403846153846
0 0.5540865384615384 0.9302884615384616 0.04447115384615385 0.13581730769230768
0 0.6009615384615384 0.9254807692307693 0.04326923076923077 0.14543269230769232
0 0.6490384615384616 0.9290865384615384 0.052884615384615384 0.13942307692307693
0 0.6959134615384616 0.9314903846153846 0.04447115384615385 0.13221153846153846
0 0.7403846153846154 0.9447115384615384 0.04326923076923077 0.10697115384615384
0 0.9230769230769231 0.8137019230769231 0.04567307692307692 0.15745192307692307
0 0.9723557692307693 0.8197115384615384 0.05048076923076923 0.16105769230769232
0 0.9675480769230769 0.9639423076923077 0.052884615384615384 0.06971153846153846
0 0.9158653846153846 0.9555288461538461 0.04567307692307692 0.08413461538461539
0 0.016826923076923076 0.34975961538461536 0.03365384615384615 0.11899038461538461