0 0.48677884615384615 0.3557692307692308 0.04326923076923077 0.16346153846153846
0 0.5348557692307693 0.3605769230769231 0.040865384615384616 0.15865384615384615
0 0.5925480769230769 0.37259615384615385 0.04326923076923077 0.16947115384615385
0 0.6394230769230769 0.375 0.04447115384615385 0.16947115384615385
0 0.6875 0.3737980769230769 0.04447115384615385 0.17548076923076922
0 0.7331730769230769 0.3713942307692308 0.04567307692307692 0.18509615384615385
0 0.7848557692307693 0.3713942307692308 0.04447115384615385 0.15745192307692307
0 0.8365384615384616 0.3858173076923077 0.04567307692307692 0.16826923076923078
0 0.8822115384615384 0.3629807692307692 0.046875 0.14302884615384615
0 0.9278846153846154 0.37259615384615385 0.04927884615384615 0.17548076923076922
0 0.9759615384615384 0.36538461538461536 0.046875 0.15504807692307693
0 0.9747596153846154 0.8689903846153846 0.04807692307692308 0.18389423076923078
0 0.8846153846153846 0.8365384615384616 0.051682692307692304 0.18870192307692307
0 0.7860576923076923 0.8365384615384616 0.04567307692307692 0.17668269230769232
0 0.7355769230769231 0.8449519230769231 0.04326923076923077 0.17067307692307693
0 0.6887019230769231 0.8485576923076923 0.042067307692307696 0.16947115384615385
0 0.6382211538461539 0.8233173076923077 0.040865384615384616 0.15384615384615385
0 0.5877403846153846 0.8449519230769231 0.042067307692307696 0.1814903846153846
0 0.5372596153846154 0.8449519230769231 0.039663461538461536 0.16947115384615385
0 0.4855769230769231 0.8473557692307693 0.040865384615384616 0.171875
0 0.4362980769230769 0.8377403846153846 0.04326923076923077 0.17307692307692307
0 0.3858173076923077 0.8485576923076923 0.04326923076923077 0.171875
0 0.3317307692307692 0.8473557692307693 0.039663461538461536 0.17908653846153846
0 0.2848557692307692 0.8377403846153846 0.040865384615384616 0.15985576923076922
0 0.23798076923076922 0.8413461538461539 0.040865384615384616 0.15865384615384615
0 0.18629807692307693 0.8341346153846154 0.04927884615384615 0.16947115384615385
0 0.140625 0.8461538461538461 0.04447115384615385 0.13701923076923078
0 0.09375 0.8377403846153846 0.05048076923076923 0.1622596153846154
0 0.04326923076923077 0.8088942307692307 0.05048076923076923 0.16826923076923078
0 0.009615384615384616 0.8317307692307693 0.019230769230769232 0.16826923076923078
0 0.4375 0.34975961538461536 0.039663461538461536 0.16105769230769232
0 0.3870192307692308 0.34975961538461536 0.039663461538461536 0.16947115384615385
0 0.33653846153846156 0.3485576923076923 0.046875 0.1778846153846154
0 0.28725961538461536 0.3629807692307692 0.040865384615384616 0.15504807692307693
0 0.24158653846153846 0.3605769230769231 0.046875 0.171875
0 0.19110576923076922 0.3737980769230769 0.04567307692307692 0.17067307692307693
0 0.14543269230769232 0.3762019230769231 0.046875 0.16706730769230768
0 0.09975961538461539 0.3641826923076923 0.05048076923076923 0.16346153846153846
0 0.04807692307692308 0.37259615384615385 0.055288461538461536 0.1658653846153846