0 0.5637019230769231 0.2403846153846154 0.042067307692307696 0.16346153846153846
0 0.5132211538461539 0.23557692307692307 0.040865384615384616 0.15865384615384615
0 0.4651442307692308 0.23076923076923078 0.037259615384615384 0.15504807692307693
0 0.41346153846153844 0.2439903846153846 0.037259615384615384 0.15384615384615385
0 0.36658653846153844 0.23918269230769232 0.039663461538461536 0.15144230769230768
0 0.31971153846153844 0.24639423076923078 0.038461538461538464 0.13581730769230768
0 0.27524038461538464 0.2608173076923077 0.042067307692307696 0.15865384615384615
0 0.18389423076923078 0.2692307692307692 0.04447115384615385 0.16105769230769232
0 0.13701923076923078 0.27163461538461536 0.04567307692307692 0.15504807692307693
0 0.09375 0.23918269230769232 0.04447115384615385 0.15144230769230768
0 0.04807692307692308 0.24879807692307693 0.04567307692307692 0.1502403846153846
0 0.015625 0.2439903846153846 0.03125 0.15625
0 0.6237980769230769 0.6658653846153846 0.039663461538461536 0.15384615384615385
0 0.5649038461538461 0.6766826923076923 0.040865384615384616 0.15865384615384615
0 0.5132211538461539 0.6814903846153846 0.036057692307692304 0.12860576923076922
0 0.46634615384615385 0.6598557692307693 0.040865384615384616 0.1622596153846154
0 0.41947115384615385 0.6899038461538461 0.039663461538461536 0.15384615384615385
0 0.3713942307692308 0.6814903846153846 0.038461538461538464 0.16706730769230768
0 0.3233173076923077 0.6935096153846154 0.040865384615384616 0.1622596153846154
0 0.2776442307692308 0.6971153846153846 0.039663461538461536 0.15985576923076922
0 0.22235576923076922 0.6947115384615384 0.055288461538461536 0.25240384615384615
0 0.09975961538461539 0.7019230769230769 0.04567307692307692 0.16105769230769232
0 0.056490384615384616 0.6706730769230769 0.04447115384615385 0.15865384615384615