0 0.6598557692307693 0.13581730769230768 0.03245192307692308 0.1141826923076923
0 0.6526442307692307 0.2776442307692308 0.030048076923076924 0.09254807692307693
0 0.6574519230769231 0.390625 0.030048076923076924 0.11538461538461539
0 0.6466346153846154 0.7127403846153846 0.026442307692307692 0.1141826923076923
0 0.6394230769230769 0.859375 0.03245192307692308 0.1141826923076923
0 0.6310096153846154 0.9675480769230769 0.03125 0.06009615384615385
0 0.49399038461538464 0.7259615384615384 0.05889423076923077 0.055288461538461536
0 0.4831730769230769 0.7908653846153846 0.06490384615384616 0.055288461538461536
0 0.5 0.6129807692307693 0.057692307692307696 0.054086538461538464
0 0.5036057692307693 0.5528846153846154 0.04927884615384615 0.04447115384615385
0 0.4951923076923077 0.49278846153846156 0.06009615384615385 0.054086538461538464
0 0.49038461538461536 0.4338942307692308 0.06370192307692307 0.046875
0 0.4963942307692308 0.37259615384615385 0.056490384615384616 0.052884615384615384
0 0.5036057692307693 0.31971153846153844 0.06129807692307692 0.054086538461538464
0 0.5096153846153846 0.265625 0.06370192307692307 0.052884615384615384
0 0.5096153846153846 0.20432692307692307 0.0625 0.04807692307692308
0 0.5 0.14182692307692307 0.0625 0.052884615384615384
0 0.43149038461538464 0.05889423076923077 0.0625 0.052884615384615384
0 0.3713942307692308 0.1875 0.06129807692307692 0.07091346153846154
0 0.3713942307692308 0.25240384615384615 0.05889423076923077 0.0625
0 0.3605769230769231 0.3137019230769231 0.06370192307692307 0.06850961538461539
0 0.3605769230769231 0.37740384615384615 0.056490384615384616 0.06610576923076923
0 0.35697115384615385 0.5504807692307693 0.052884615384615384 0.06370192307692307
0 0.3605769230769231 0.609375 0.0625 0.07091346153846154
0 0.34134615384615385 0.9675480769230769 0.05889423076923077 0.06129807692307692
0 0.21394230769230768 0.9567307692307693 0.0673076923076923 0.06850961538461539
0 0.21153846153846154 0.8846153846153846 0.06850961538461539 0.08774038461538461
0 0.21634615384615385 0.828125 0.06490384615384616 0.0829326923076923
0 0.22115384615384615 0.7584134615384616 0.06610576923076923 0.07091346153846154
0 0.2247596153846154 0.6971153846153846 0.06129807692307692 0.06610576923076923
0 0.21995192307692307 0.6165865384615384 0.06129807692307692 0.078125
0 0.22596153846153846 0.5564903846153846 0.06610576923076923 0.07692307692307693
0 0.23197115384615385 0.49038461538461536 0.06610576923076923 0.07211538461538461
0 0.2283653846153846 0.4206730769230769 0.0673076923076923 0.0829326923076923
0 0.234375 0.35096153846153844 0.06971153846153846 0.07932692307692307
0 0.23317307692307693 0.28365384615384615 0.06370192307692307 0.08173076923076923
0 0.23798076923076922 0.22235576923076922 0.05889423076923077 0.07211538461538461
0 0.23798076923076922 0.14903846153846154 0.06129807692307692 0.07451923076923077
0 0.23677884615384615 0.078125 0.06610576923076923 0.078125
0 0.24759615384615385 0.03485576923076923 0.057692307692307696 0.06971153846153846