0 0.35336538461538464 0.2824519230769231 0.03365384615384615 0.13581730769230768
0 0.3112980769230769 0.27524038461538464 0.03485576923076923 0.12379807692307693
0 0.27163461538461536 0.2608173076923077 0.03485576923076923 0.13581730769230768
0 0.23317307692307693 0.2668269230769231 0.03485576923076923 0.14302884615384615
0 0.07451923076923077 0.26802884615384615 0.038461538461538464 0.13221153846153846
0 0.036057692307692304 0.2620192307692308 0.040865384615384616 0.14182692307692307
0 0.2512019230769231 0.5769230769230769 0.052884615384615384 0.140625
0 0.20793269230769232 0.5661057692307693 0.051682692307692304 0.15384615384615385
0 0.16826923076923078 0.5661057692307693 0.04807692307692308 0.1346153846153846
0 0.04807692307692308 0.8377403846153846 0.056490384615384616 0.13221153846153846
0 0.09975961538461539 0.828125 0.056490384615384616 0.13701923076923078
0 0.1310096153846154 0.8545673076923077 0.06129807692307692 0.13701923076923078
0 0.18509615384615385 0.8497596153846154 0.04927884615384615 0.12259615384615384
0 0.22716346153846154 0.8509615384615384 0.056490384615384616 0.12860576923076922
0 0.2800480769230769 0.8569711538461539 0.06129807692307692 0.140625
0 0.3245192307692308 0.8677884615384616 0.05048076923076923 0.11899038461538461
0 0.36899038461538464 0.875 0.05889423076923077 0.14302884615384615
0 0.4230769230769231 0.8473557692307693 0.04927884615384615 0.13341346153846154
0 0.4639423076923077 0.8557692307692307 0.05048076923076923 0.12139423076923077
0 0.5096153846153846 0.8774038461538461 0.04567307692307692 0.13221153846153846
0 0.1310096153846154 0.5793269230769231 0.04567307692307692 0.1346153846153846
0 0.09014423076923077 0.5865384615384616 0.05048076923076923 0.12139423076923077
0 0.15264423076923078 0.27163461538461536 0.038461538461538464 0.125
0 0.19110576923076922 0.27884615384615385 0.038461538461538464 0.13942307692307693
0 0.1141826923076923 0.2776442307692308 0.036057692307692304 0.10817307692307693
0 0.018028846153846152 0.8341346153846154 0.03485576923076923 0.13221153846153846
0 0.019230769230769232 0.5709134615384616 0.037259615384615384 0.13942307692307693
0 0.007211538461538462 0.2692307692307692 0.013221153846153846 0.12379807692307693
0 0.4567307692307692 0.052884615384615384 0.08413461538461539 0.07211538461538461
0 0.41346153846153844 0.46153846153846156 0.037259615384615384 0.14903846153846154