0 0.9375 0.5721153846153846 0.07451923076923077 0.0625
0 0.7175480769230769 0.5829326923076923 0.08052884615384616 0.06009615384615385
0 0.6237980769230769 0.5817307692307693 0.08052884615384616 0.06850961538461539
0 0.23557692307692307 0.5817307692307693 0.08413461538461539 0.06370192307692307
0 0.09254807692307693 0.5769230769230769 0.08173076923076923 0.05889423076923077
0 0.021634615384615384 0.5745192307692307 0.042067307692307696 0.05889423076923077
0 0.9783653846153846 0.9038461538461539 0.040865384615384616 0.13701923076923078
0 0.9375 0.9110576923076923 0.040865384615384616 0.11538461538461539
0 0.8978365384615384 0.9074519230769231 0.036057692307692304 0.14302884615384615
0 0.8569711538461539 0.9026442307692307 0.037259615384615384 0.15745192307692307
0 0.8161057692307693 0.9110576923076923 0.037259615384615384 0.13581730769230768
0 0.7764423076923077 0.9074519230769231 0.03485576923076923 0.14302884615384615
0 0.7367788461538461 0.9086538461538461 0.03485576923076923 0.09615384615384616
0 0.6947115384615384 0.9134615384615384 0.03485576923076923 0.1466346153846154
0 0.6550480769230769 0.9134615384615384 0.03365384615384615 0.13942307692307693
0 0.6129807692307693 0.9314903846153846 0.037259615384615384 0.13221153846153846
0 0.5637019230769231 0.921875 0.036057692307692304 0.15264423076923078
0 0.5240384615384616 0.9266826923076923 0.03365384615384615 0.13221153846153846
0 0.4831730769230769 0.9278846153846154 0.03365384615384615 0.140625
0 0.4375 0.9314903846153846 0.038461538461538464 0.13221153846153846
0 0.3954326923076923 0.9290865384615384 0.036057692307692304 0.13701923076923078
0 0.3557692307692308 0.9266826923076923 0.03485576923076923 0.14423076923076922
0 0.31009615384615385 0.921875 0.040865384615384616 0.15264423076923078
0 0.26802884615384615 0.9338942307692307 0.037259615384615384 0.1310096153846154
0 0.22596153846153846 0.9206730769230769 0.038461538461538464 0.15264423076923078
0 0.18629807692307693 0.9254807692307693 0.037259615384615384 0.14423076923076922
0 0.14423076923076922 0.921875 0.038461538461538464 0.15264423076923078
0 0.10216346153846154 0.9266826923076923 0.042067307692307696 0.14423076923076922
0 0.05889423076923077 0.9206730769230769 0.04567307692307692 0.15504807692307693
0 0.019230769230769232 0.9266826923076923 0.038461538461538464 0.14302884615384615