0 0.4495192307692308 0.08774038461538461 0.08533653846153846 0.06850961538461539
0 0.4519230769230769 0.15745192307692307 0.0733173076923077 0.06370192307692307
0 0.13942307692307693 0.2283653846153846 0.08052884615384616 0.07091346153846154
0 0.5408653846153846 0.030048076923076924 0.08653846153846154 0.05889423076923077
0 0.5396634615384616 0.10096153846153846 0.08653846153846154 0.06971153846153846
0 0.5432692307692307 0.38461538461538464 0.07932692307692307 0.06610576923076923
0 0.5384615384615384 0.30649038461538464 0.0889423076923077 0.06610576923076923
0 0.5432692307692307 0.171875 0.0829326923076923 0.06850961538461539
0 0.44591346153846156 0.4519230769230769 0.08774038461538461 0.06610576923076923
0 0.44350961538461536 0.5324519230769231 0.09134615384615384 0.06850961538461539
0 0.5384615384615384 0.6105769230769231 0.08173076923076923 0.06850961538461539
0 0.5360576923076923 0.6862980769230769 0.08653846153846154 0.06370192307692307
0 0.4411057692307692 0.6838942307692307 0.08653846153846154 0.06490384615384616
0 0.5324519230769231 0.7608173076923077 0.08533653846153846 0.06490384615384616
0 0.4411057692307692 0.8329326923076923 0.0889423076923077 0.07692307692307693
0 0.5204326923076923 0.9122596153846154 0.09495192307692307 0.07692307692307693
0 0.2512019230769231 0.15745192307692307 0.08774038461538461 0.06850961538461539
0 0.24879807692307693 0.07451923076923077 0.09495192307692307 0.07932692307692307
0 0.2512019230769231 0.018028846153846152 0.09375 0.036057692307692304
0 0.1466346153846154 0.016826923076923076 0.09495192307692307 0.03365384615384615
0 0.2439903846153846 0.3112980769230769 0.09014423076923077 0.06610576923076923
0 0.3293269230769231 0.2704326923076923 0.0889423076923077 0.10697115384615384
0 0.453125 0.026442307692307692 0.08653846153846154 0.052884615384615384
0 0.4423076923076923 0.3004807692307692 0.07932692307692307 0.07091346153846154
0 0.44591346153846156 0.375 0.09615384615384616 0.07692307692307693
0 0.5360576923076923 0.5336538461538461 0.09375 0.06610576923076923
0 0.5276442307692307 0.9735576923076923 0.09014423076923077 0.04807692307692308
0 0.7091346153846154 0.03485576923076923 0.08173076923076923 0.06971153846153846
0 0.7199519230769231 0.10817307692307693 0.07932692307692307 0.0733173076923077
0 0.71875 0.1778846153846154 0.07091346153846154 0.06971153846153846
0 0.7175480769230769 0.24879807692307693 0.07692307692307693 0.06610576923076923
0 0.7175480769230769 0.32211538461538464 0.08774038461538461 0.06971153846153846
0 0.7175480769230769 0.46274038461538464 0.0829326923076923 0.06971153846153846
0 0.7163461538461539 0.6165865384615384 0.08653846153846154 0.06490384615384616
0 0.7211538461538461 0.6935096153846154 0.09254807692307693 0.06971153846153846
0 0.7115384615384616 0.9723557692307693 0.09014423076923077 0.052884615384615384
0 0.8064903846153846 0.10817307692307693 0.08413461538461539 0.0733173076923077
0 0.7992788461538461 0.19471153846153846 0.07451923076923077 0.06971153846153846
0 0.8064903846153846 0.3112980769230769 0.08173076923076923 0.07091346153846154
0 0.8064903846153846 0.38100961538461536 0.08413461538461539 0.07091346153846154
0 0.8076923076923077 0.4543269230769231 0.07932692307692307 0.06610576923076923
0 0.8052884615384616 0.5288461538461539 0.08533653846153846 0.06850961538461539
0 0.8052884615384616 0.6045673076923077 0.08413461538461539 0.06971153846153846
0 0.8064903846153846 0.6766826923076923 0.06850961538461539 0.0625
0 0.8028846153846154 0.7512019230769231 0.078125 0.06129807692307692
0 0.7932692307692307 0.8245192307692307 0.08774038461538461 0.06610576923076923
0 0.8016826923076923 0.8990384615384616 0.08413461538461539 0.06610576923076923
0 0.8052884615384616 0.9711538461538461 0.0829326923076923 0.054086538461538464
0 0.9699519230769231 0.49278846153846156 0.05889423076923077 0.07211538461538461
0 0.9675480769230769 0.5697115384615384 0.0625 0.06971153846153846
0 0.9699519230769231 0.6430288461538461 0.057692307692307696 0.06850961538461539
0 0.9735576923076923 0.7163461538461539 0.051682692307692304 0.06610576923076923
0 0.9723557692307693 0.7860576923076923 0.054086538461538464 0.06971153846153846
0 0.9651442307692307 0.8605769230769231 0.0673076923076923 0.06850961538461539
0 0.9699519230769231 0.9387019230769231 0.056490384615384616 0.078125
0 0.9663461538461539 0.9879807692307693 0.06490384615384616 0.020432692307692308
0 0.13221153846153846 0.40384615384615385 0.09014423076923077 0.06490384615384616