0 0.5336538461538461 0.5612980769230769 0.057692307692307696 0.04807692307692308
0 0.4675480769230769 0.5588942307692307 0.056490384615384616 0.051682692307692304
0 0.46634615384615385 0.5084134615384616 0.06129807692307692 0.05048076923076923
0 0.5324519230769231 0.5060096153846154 0.06129807692307692 0.04807692307692308
0 0.5324519230769231 0.453125 0.055288461538461536 0.04567307692307692
0 0.46274038461538464 0.453125 0.056490384615384616 0.04807692307692308
0 0.6730769230769231 0.5144230769230769 0.051682692307692304 0.04326923076923077
0 0.4675480769230769 0.6189903846153846 0.06129807692307692 0.04807692307692308
0 0.4675480769230769 0.6730769230769231 0.05889423076923077 0.046875
0 0.6730769230769231 0.46153846153846156 0.06129807692307692 0.05048076923076923
0 0.6814903846153846 0.5649038461538461 0.06009615384615385 0.04807692307692308
0 0.5408653846153846 0.7331730769230769 0.06129807692307692 0.04807692307692308
0 0.5420673076923077 0.7860576923076923 0.057692307692307696 0.04447115384615385
0 0.4699519230769231 0.7295673076923077 0.06129807692307692 0.052884615384615384
0 0.47475961538461536 0.7860576923076923 0.05889423076923077 0.05048076923076923
0 0.46153846153846156 0.3942307692307692 0.056490384615384616 0.04807692307692308
0 0.5324519230769231 0.3954326923076923 0.056490384615384616 0.051682692307692304
0 0.6730769230769231 0.4026442307692308 0.052884615384615384 0.05048076923076923
0 0.7524038461538461 0.35336538461538464 0.05048076923076923 0.046875
0 0.6754807692307693 0.3473557692307692 0.046875 0.04807692307692308
0 0.32572115384615385 0.6754807692307693 0.06370192307692307 0.04567307692307692
0 0.45913461538461536 0.34134615384615385 0.056490384615384616 0.051682692307692304
0 0.5276442307692307 0.3401442307692308 0.057692307692307696 0.052884615384615384
0 0.5216346153846154 0.28725961538461536 0.056490384615384616 0.04447115384615385
0 0.46153846153846156 0.2860576923076923 0.052884615384615384 0.051682692307692304
0 0.46153846153846156 0.234375 0.056490384615384616 0.05048076923076923
0 0.5252403846153846 0.23557692307692307 0.06129807692307692 0.052884615384615384
0 0.6778846153846154 0.296875 0.05889423076923077 0.04807692307692308
0 0.75 0.24759615384615385 0.056490384615384616 0.04807692307692308
0 0.7536057692307693 0.2980769230769231 0.05889423076923077 0.04807692307692308
0 0.8786057692307693 0.19110576923076922 0.06009615384615385 0.05048076923076923
0 0.5336538461538461 0.6790865384615384 0.05889423076923077 0.046875
0 0.5348557692307693 0.6225961538461539 0.06129807692307692 0.04807692307692308
0 0.6802884615384616 0.6790865384615384 0.05889423076923077 0.04807692307692308
0 0.6802884615384616 0.625 0.04807692307692308 0.046875
0 0.75 0.6165865384615384 0.057692307692307696 0.051682692307692304
0 0.7487980769230769 0.5625 0.056490384615384616 0.04567307692307692
0 0.7439903846153846 0.45552884615384615 0.051682692307692304 0.04807692307692308
0 0.7524038461538461 0.5072115384615384 0.057692307692307696 0.05048076923076923
0 0.890625 0.2956730769230769 0.06129807692307692 0.05048076923076923
0 0.8870192307692307 0.24158653846153846 0.056490384615384616 0.04567307692307692
0 0.8894230769230769 0.34975961538461536 0.06009615384615385 0.051682692307692304
0 0.8990384615384616 0.6694711538461539 0.06370192307692307 0.05048076923076923
0 0.8990384615384616 0.6105769230769231 0.05889423076923077 0.046875
0 0.6875 0.7379807692307693 0.05889423076923077 0.04807692307692308
0 0.7536057692307693 0.9495192307692307 0.055288461538461536 0.04807692307692308
0 0.7596153846153846 0.9891826923076923 0.056490384615384616 0.018028846153846152
0 0.8978365384615384 0.9855769230769231 0.055288461538461536 0.02403846153846154
0 0.8942307692307693 0.9447115384615384 0.06129807692307692 0.051682692307692304
0 0.8942307692307693 0.890625 0.06490384615384616 0.052884615384615384
0 0.8966346153846154 0.8365384615384616 0.06370192307692307 0.052884615384615384
0 0.8930288461538461 0.7836538461538461 0.055288461538461536 0.046875
0 0.8978365384615384 0.7247596153846154 0.06610576923076923 0.05048076923076923
0 0.8737980769230769 0.13942307692307693 0.057692307692307696 0.04567307692307692
0 0.8713942307692307 0.08774038461538461 0.057692307692307696 0.054086538461538464
0 0.8713942307692307 0.037259615384615384 0.05889423076923077 0.04567307692307692
0 0.8762019230769231 0.008413461538461538 0.06129807692307692 0.016826923076923076
0 0.7379807692307693 0.03485576923076923 0.055288461538461536 0.052884615384615384
0 0.6730769230769231 0.028846153846153848 0.05889423076923077 0.05048076923076923
0 0.6754807692307693 0.08173076923076923 0.06129807692307692 0.051682692307692304
0 0.7427884615384616 0.08653846153846154 0.056490384615384616 0.05048076923076923
0 0.7463942307692307 0.13942307692307693 0.055288461538461536 0.052884615384615384
0 0.6730769230769231 0.13221153846153846 0.0625 0.04807692307692308
0 0.6694711538461539 0.18389423076923078 0.057692307692307696 0.05048076923076923
0 0.6814903846153846 0.24278846153846154 0.055288461538461536 0.046875
0 0.5348557692307693 0.9543269230769231 0.06129807692307692 0.05048076923076923
0 0.5300480769230769 0.18028846153846154 0.055288461538461536 0.04447115384615385
0 0.46033653846153844 0.1814903846153846 0.056490384615384616 0.05048076923076923
0 0.5276442307692307 0.12620192307692307 0.057692307692307696 0.052884615384615384
0 0.46153846153846156 0.12620192307692307 0.057692307692307696 0.05048076923076923
0 0.4567307692307692 0.07692307692307693 0.06129807692307692 0.046875
0 0.5252403846153846 0.07451923076923077 0.054086538461538464 0.05048076923076923
0 0.5276442307692307 0.02403846153846154 0.055288461538461536 0.04807692307692308
0 0.46033653846153844 0.02403846153846154 0.056490384615384616 0.04807692307692308
0 0.32211538461538464 0.027644230769230768 0.055288461538461536 0.054086538461538464
0 0.32211538461538464 0.07932692307692307 0.055288461538461536 0.051682692307692304
0 0.3161057692307692 0.1310096153846154 0.05889423076923077 0.04807692307692308
0 0.3137019230769231 0.18028846153846154 0.057692307692307696 0.05048076923076923
0 0.3161057692307692 0.23557692307692307 0.055288461538461536 0.05048076923076923
0 0.32211538461538464 0.2920673076923077 0.05889423076923077 0.04807692307692308
0 0.32091346153846156 0.34615384615384615 0.05889423076923077 0.04807692307692308
0 0.32211538461538464 0.40024038461538464 0.057692307692307696 0.04807692307692308
0 0.32211538461538464 0.45552884615384615 0.05889423076923077 0.046875
0 0.32211538461538464 0.5144230769230769 0.06370192307692307 0.05048076923076923
0 0.3245192307692308 0.5661057692307693 0.06129807692307692 0.051682692307692304
0 0.32572115384615385 0.6225961538461539 0.06009615384615385 0.04567307692307692
0 0.32211538461538464 0.7331730769230769 0.06129807692307692 0.05048076923076923
0 0.4651442307692308 0.8473557692307693 0.057692307692307696 0.051682692307692304
0 0.5396634615384616 0.8413461538461539 0.056490384615384616 0.04807692307692308
0 0.5432692307692307 0.8966346153846154 0.05889423076923077 0.04807692307692308
0 0.4699519230769231 0.9014423076923077 0.057692307692307696 0.051682692307692304
0 0.4675480769230769 0.9735576923076923 0.06129807692307692 0.05048076923076923
0 0.3269230769230769 0.7860576923076923 0.057692307692307696 0.046875
0 0.3233173076923077 0.8401442307692307 0.054086538461538464 0.051682692307692304
0 0.32211538461538464 0.8966346153846154 0.055288461538461536 0.04807692307692308
0 0.3112980769230769 0.9519230769230769 0.055288461538461536 0.046875
0 0.31971153846153844 0.9903846153846154 0.056490384615384616 0.016826923076923076
0 0.17427884615384615 0.016826923076923076 0.06129807692307692 0.03365384615384615
0 0.17548076923076922 0.06129807692307692 0.05889423076923077 0.051682692307692304
0 0.16346153846153846 0.1141826923076923 0.0625 0.05048076923076923
0 0.16826923076923078 0.16826923076923078 0.0625 0.04807692307692308
0 0.1658653846153846 0.21995192307692307 0.06370192307692307 0.051682692307692304
0 0.16105769230769232 0.27524038461538464 0.06129807692307692 0.051682692307692304
0 0.15985576923076922 0.33052884615384615 0.05889423076923077 0.046875
0 0.1658653846153846 0.43149038461538464 0.057692307692307696 0.04447115384615385
0 0.1778846153846154 0.4855769230769231 0.054086538461538464 0.04807692307692308
0 0.16706730769230768 0.5444711538461539 0.06129807692307692 0.05048076923076923
0 0.17548076923076922 0.5961538461538461 0.057692307692307696 0.04447115384615385
0 0.16346153846153846 0.6526442307692307 0.06370192307692307 0.05048076923076923
0 0.1658653846153846 0.7079326923076923 0.06850961538461539 0.04807692307692308
0 0.1658653846153846 0.7668269230769231 0.06370192307692307 0.051682692307692304
0 0.17307692307692307 0.8197115384615384 0.05889423076923077 0.04447115384615385
0 0.16826923076923078 0.8737980769230769 0.06009615384615385 0.051682692307692304
0 0.1658653846153846 0.9302884615384616 0.06129807692307692 0.04807692307692308
0 0.1658653846153846 0.9819711538461539 0.06370192307692307 0.03365384615384615
0 0.5348557692307693 0.9903846153846154 0.055288461538461536 0.015625