0 0.6286057692307693 0.027644230769230768 0.06129807692307692 0.05048076923076923
0 0.6346153846153846 0.08173076923076923 0.05889423076923077 0.04567307692307692
0 0.6358173076923077 0.13942307692307693 0.057692307692307696 0.046875
0 0.6382211538461539 0.19591346153846154 0.06009615384615385 0.05048076923076923
0 0.6346153846153846 0.24879807692307693 0.057692307692307696 0.05048076923076923
0 0.6286057692307693 0.3016826923076923 0.05889423076923077 0.046875
0 0.6526442307692307 0.35697115384615385 0.06009615384615385 0.051682692307692304
0 0.6298076923076923 0.41346153846153844 0.05889423076923077 0.04807692307692308
0 0.6466346153846154 0.4735576923076923 0.06370192307692307 0.051682692307692304
0 0.6442307692307693 0.5324519230769231 0.0625 0.05048076923076923
0 0.6394230769230769 0.5865384615384616 0.052884615384615384 0.04567307692307692
0 0.6370192307692307 0.6418269230769231 0.051682692307692304 0.04807692307692308
0 0.6430288461538461 0.6959134615384616 0.05889423076923077 0.04567307692307692
0 0.640625 0.7475961538461539 0.055288461538461536 0.04807692307692308
0 0.6454326923076923 0.8040865384615384 0.0625 0.05048076923076923
0 0.5228365384615384 0.10697115384615384 0.026442307692307692 0.10697115384615384
0 0.5240384615384616 0.21995192307692307 0.025240384615384616 0.09975961538461539
0 0.5300480769230769 0.33413461538461536 0.027644230769230768 0.1141826923076923
0 0.5300480769230769 0.45552884615384615 0.025240384615384616 0.11658653846153846
0 0.5300480769230769 0.5841346153846154 0.028846153846153848 0.11658653846153846
0 0.5336538461538461 0.6887019230769231 0.02403846153846154 0.09254807692307693
0 0.5360576923076923 0.796875 0.027644230769230768 0.109375
0 0.47596153846153844 0.07091346153846154 0.056490384615384616 0.06009615384615385
0 0.47115384615384615 0.13701923076923078 0.0625 0.051682692307692304
0 0.4723557692307692 0.19471153846153846 0.057692307692307696 0.051682692307692304
0 0.4723557692307692 0.25 0.06009615384615385 0.04567307692307692
0 0.47596153846153844 0.3088942307692308 0.05889423076923077 0.052884615384615384
0 0.4807692307692308 0.36538461538461536 0.06009615384615385 0.052884615384615384
0 0.47836538461538464 0.4254807692307692 0.057692307692307696 0.05048076923076923
0 0.47836538461538464 0.4807692307692308 0.056490384615384616 0.04807692307692308
0 0.47716346153846156 0.5384615384615384 0.05889423076923077 0.05048076923076923
0 0.4807692307692308 0.5925480769230769 0.06490384615384616 0.052884615384615384
0 0.484375 0.6526442307692307 0.06129807692307692 0.054086538461538464
0 0.4795673076923077 0.7091346153846154 0.06370192307692307 0.055288461538461536
0 0.4807692307692308 0.7644230769230769 0.0625 0.04807692307692308
0 0.4831730769230769 0.8233173076923077 0.06129807692307692 0.05889423076923077
0 0.3004807692307692 0.025240384615384616 0.06129807692307692 0.05048076923076923
0 0.2980769230769231 0.08413461538461539 0.06610576923076923 0.054086538461538464
0 0.28725961538461536 0.14302884615384615 0.06129807692307692 0.051682692307692304
0 0.2848557692307692 0.20192307692307693 0.06370192307692307 0.04807692307692308
0 0.29086538461538464 0.25841346153846156 0.055288461538461536 0.04807692307692308
0 0.2824519230769231 0.32211538461538464 0.055288461538461536 0.04447115384615385
0 0.28725961538461536 0.3762019230769231 0.06370192307692307 0.04807692307692308
0 0.2860576923076923 0.4362980769230769 0.054086538461538464 0.054086538461538464
0 0.29927884615384615 0.49038461538461536 0.0625 0.052884615384615384
0 0.3004807692307692 0.546875 0.06009615384615385 0.055288461538461536
0 0.2956730769230769 0.6057692307692307 0.06370192307692307 0.051682692307692304
0 0.2932692307692308 0.6634615384615384 0.05889423076923077 0.051682692307692304
0 0.2956730769230769 0.7223557692307693 0.06370192307692307 0.052884615384615384
0 0.2980769230769231 0.8377403846153846 0.06610576923076923 0.054086538461538464
0 0.6490384615384616 0.8629807692307693 0.06129807692307692 0.052884615384615384
0 0.4831730769230769 0.8834134615384616 0.06370192307692307 0.05889423076923077
0 0.30408653846153844 0.890625 0.06370192307692307 0.05048076923076923
0 0.6550480769230769 0.9170673076923077 0.06009615384615385 0.04807692307692308
0 0.5384615384615384 0.9074519230769231 0.028846153846153848 0.10697115384615384
0 0.4831730769230769 0.9375 0.06610576923076923 0.046875
0 0.29927884615384615 0.7800480769230769 0.06129807692307692 0.04807692307692308
0 0.6514423076923077 0.9735576923076923 0.06129807692307692 0.04807692307692308
0 0.484375 0.9831730769230769 0.06610576923076923 0.030048076923076924
0 0.30649038461538464 0.953125 0.06129807692307692 0.054086538461538464