0 0.43990384615384615 0.7223557692307693 0.06490384615384616 0.054086538461538464
0 0.5793269230769231 0.8317307692307693 0.052884615384615384 0.051682692307692304
0 0.5829326923076923 0.7752403846153846 0.06370192307692307 0.051682692307692304
0 0.3737980769230769 0.7211538461538461 0.05889423076923077 0.04807692307692308
0 0.3737980769230769 0.6682692307692307 0.06129807692307692 0.055288461538461536
0 0.6574519230769231 0.828125 0.057692307692307696 0.05048076923076923
0 0.37259615384615385 0.609375 0.06129807692307692 0.05048076923076923
0 0.4411057692307692 0.6057692307692307 0.06129807692307692 0.046875
0 0.4423076923076923 0.6634615384615384 0.06129807692307692 0.046875
0 0.4423076923076923 0.4963942307692308 0.06129807692307692 0.052884615384615384
0 0.37740384615384615 0.5 0.06009615384615385 0.051682692307692304
0 0.43990384615384615 0.5504807692307693 0.06370192307692307 0.051682692307692304
0 0.5841346153846154 0.7139423076923077 0.05889423076923077 0.04807692307692308
0 0.6550480769230769 0.7127403846153846 0.056490384615384616 0.04807692307692308
0 0.6526442307692307 0.7704326923076923 0.0673076923076923 0.046875
0 0.36899038461538464 0.7824519230769231 0.0625 0.046875
0 0.3737980769230769 0.8389423076923077 0.06009615384615385 0.051682692307692304
0 0.3762019230769231 0.4387019230769231 0.051682692307692304 0.04807692307692308
0 0.4411057692307692 0.4387019230769231 0.05889423076923077 0.05048076923076923
0 0.5865384615384616 0.6586538461538461 0.06129807692307692 0.046875
0 0.6586538461538461 0.6574519230769231 0.056490384615384616 0.042067307692307696
0 0.6574519230769231 0.5985576923076923 0.0625 0.05048076923076923
0 0.7896634615384616 0.8221153846153846 0.0625 0.052884615384615384
0 0.7896634615384616 0.7692307692307693 0.056490384615384616 0.04447115384615385
0 0.7872596153846154 0.7115384615384616 0.06370192307692307 0.052884615384615384
0 0.7872596153846154 0.6586538461538461 0.06370192307692307 0.04447115384615385
0 0.7872596153846154 0.6009615384615384 0.06490384615384616 0.05048076923076923
0 0.5865384615384616 0.6033653846153846 0.056490384615384616 0.051682692307692304
0 0.7848557692307693 0.5444711538461539 0.06370192307692307 0.05048076923076923
0 0.6514423076923077 0.5432692307692307 0.06129807692307692 0.051682692307692304
0 0.5817307692307693 0.546875 0.05889423076923077 0.04807692307692308
0 0.5841346153846154 0.49278846153846156 0.056490384615384616 0.046875
0 0.6490384615384616 0.4855769230769231 0.05889423076923077 0.05048076923076923
0 0.6466346153846154 0.4362980769230769 0.057692307692307696 0.05048076923076923
0 0.5829326923076923 0.43509615384615385 0.06129807692307692 0.04807692307692308
0 0.4375 0.3786057692307692 0.057692307692307696 0.051682692307692304
0 0.36778846153846156 0.5552884615384616 0.055288461538461536 0.05048076923076923
0 0.44350961538461536 0.8389423076923077 0.06370192307692307 0.05048076923076923
0 0.25721153846153844 0.8713942307692307 0.03125 0.09134615384615384
0 0.2536057692307692 0.7475961538461539 0.030048076923076924 0.09735576923076923
0 0.2512019230769231 0.625 0.030048076923076924 0.11778846153846154
0 0.25240384615384615 0.484375 0.030048076923076924 0.10576923076923077
0 0.25240384615384615 0.3762019230769231 0.027644230769230768 0.0985576923076923
0 0.25721153846153844 0.25600961538461536 0.030048076923076924 0.1141826923076923
0 0.3713942307692308 0.38461538461538464 0.06129807692307692 0.05048076923076923
0 0.4375 0.32211538461538464 0.057692307692307696 0.04567307692307692
0 0.3713942307692308 0.3293269230769231 0.055288461538461536 0.052884615384615384
0 0.37740384615384615 0.27163461538461536 0.056490384615384616 0.052884615384615384
0 0.4375 0.2644230769230769 0.06370192307692307 0.054086538461538464
0 0.4411057692307692 0.21394230769230768 0.05889423076923077 0.051682692307692304
0 0.3737980769230769 0.21995192307692307 0.05889423076923077 0.051682692307692304
0 0.375 0.1658653846153846 0.06009615384615385 0.052884615384615384
0 0.4411057692307692 0.15985576923076922 0.055288461538461536 0.054086538461538464
0 0.5841346153846154 0.38100961538461536 0.057692307692307696 0.05048076923076923
0 0.6490384615384616 0.37740384615384615 0.06129807692307692 0.052884615384615384
0 0.6466346153846154 0.31971153846153844 0.05889423076923077 0.05048076923076923
0 0.5817307692307693 0.32211538461538464 0.06370192307692307 0.052884615384615384
0 0.5793269230769231 0.2668269230769231 0.05889423076923077 0.04807692307692308
0 0.6466346153846154 0.2644230769230769 0.054086538461538464 0.04807692307692308
0 0.6466346153846154 0.21394230769230768 0.057692307692307696 0.052884615384615384
0 0.5841346153846154 0.21153846153846154 0.056490384615384616 0.056490384615384616
0 0.5793269230769231 0.15384615384615385 0.05889423076923077 0.054086538461538464
0 0.6466346153846154 0.15865384615384615 0.057692307692307696 0.051682692307692304
0 0.6478365384615384 0.10697115384615384 0.06009615384615385 0.052884615384615384
0 0.6418269230769231 0.051682692307692304 0.05889423076923077 0.056490384615384616
0 0.5841346153846154 0.10336538461538461 0.05889423076923077 0.05048076923076923
0 0.5817307692307693 0.052884615384615384 0.052884615384615384 0.05048076923076923
0 0.4423076923076923 0.10817307692307693 0.055288461538461536 0.05048076923076923
0 0.37740384615384615 0.10697115384615384 0.06129807692307692 0.06009615384615385
0 0.3786057692307692 0.054086538461538464 0.052884615384615384 0.04807692307692308
0 0.44471153846153844 0.054086538461538464 0.05889423076923077 0.054086538461538464
0 0.7716346153846154 0.054086538461538464 0.056490384615384616 0.052884615384615384
0 0.7776442307692307 0.109375 0.055288461538461536 0.052884615384615384
0 0.7788461538461539 0.16346153846153846 0.057692307692307696 0.054086538461538464
0 0.7824519230769231 0.22115384615384615 0.06129807692307692 0.052884615384615384
0 0.7752403846153846 0.27403846153846156 0.05889423076923077 0.054086538461538464
0 0.7800480769230769 0.328125 0.05889423076923077 0.05048076923076923
0 0.7788461538461539 0.38221153846153844 0.055288461538461536 0.05048076923076923
0 0.7872596153846154 0.4338942307692308 0.05048076923076923 0.04567307692307692
0 0.7836538461538461 0.49038461538461536 0.05048076923076923 0.05048076923076923
0 0.43509615384615385 0.7824519230769231 0.06009615384615385 0.04807692307692308
0 0.2536057692307692 0.9675480769230769 0.03365384615384615 0.06129807692307692
0 0.375 0.953125 0.0673076923076923 0.046875
0 0.44350961538461536 0.9495192307692307 0.06129807692307692 0.05048076923076923
0 0.4411057692307692 0.8918269230769231 0.056490384615384616 0.04567307692307692
0 0.3737980769230769 0.8954326923076923 0.06009615384615385 0.04567307692307692
0 0.3762019230769231 0.9903846153846154 0.057692307692307696 0.016826923076923076
0 0.44471153846153844 0.9903846153846154 0.0625 0.016826923076923076
0 0.5841346153846154 0.9447115384615384 0.05889423076923077 0.05048076923076923
0 0.65625 0.9399038461538461 0.06370192307692307 0.05048076923076923
0 0.6598557692307693 0.984375 0.06009615384615385 0.026442307692307692
0 0.7896634615384616 0.9819711538461539 0.06009615384615385 0.03245192307692308
0 0.5793269230769231 0.9891826923076923 0.06370192307692307 0.019230769230769232
0 0.7872596153846154 0.9375 0.06370192307692307 0.05048076923076923
0 0.7860576923076923 0.8822115384615384 0.06370192307692307 0.055288461538461536
0 0.65625 0.8858173076923077 0.06129807692307692 0.052884615384615384
0 0.5841346153846154 0.8894230769230769 0.0673076923076923 0.04567307692307692
0 0.3762019230769231 0.015625 0.06009615384615385 0.030048076923076924
0 0.4411057692307692 0.01201923076923077 0.05889423076923077 0.02403846153846154
0 0.5841346153846154 0.013221153846153846 0.0625 0.026442307692307692
0 0.6502403846153846 0.013221153846153846 0.05048076923076923 0.026442307692307692
0 0.7800480769230769 0.013221153846153846 0.06009615384615385 0.026442307692307692
0 0.8233173076923077 0.027644230769230768 0.030048076923076924 0.055288461538461536
0 0.8557692307692307 0.026442307692307692 0.027644230769230768 0.052884615384615384
0 0.8870192307692307 0.025240384615384616 0.026442307692307692 0.05048076923076923
0 0.9146634615384616 0.030048076923076924 0.025240384615384616 0.06009615384615385