0 0.49399038461538464 0.2439903846153846 0.03485576923076923 0.13701923076923078
0 0.4495192307692308 0.23317307692307693 0.03485576923076923 0.12860576923076922
0 0.4098557692307692 0.22115384615384615 0.036057692307692304 0.140625
0 0.5949519230769231 0.027644230769230768 0.0829326923076923 0.054086538461538464
0 0.3918269230769231 0.5420673076923077 0.055288461538461536 0.13942307692307693
0 0.32572115384615385 0.8149038461538461 0.052884615384615384 0.12860576923076922
0 0.36778846153846156 0.8197115384615384 0.057692307692307696 0.13701923076923078
0 0.4675480769230769 0.8341346153846154 0.04807692307692308 0.12259615384615384
0 0.5108173076923077 0.8413461538461539 0.05889423076923077 0.14423076923076922
0 0.5649038461538461 0.8100961538461539 0.051682692307692304 0.1310096153846154
0 0.6069711538461539 0.8161057692307693 0.04927884615384615 0.125
0 0.6538461538461539 0.8377403846153846 0.04807692307692308 0.12620192307692307
0 0.3245192307692308 0.234375 0.038461538461538464 0.13581730769230768
0 0.2860576923076923 0.23076923076923078 0.03485576923076923 0.12860576923076922
0 0.24639423076923078 0.23798076923076922 0.03485576923076923 0.10817307692307693
0 0.20552884615384615 0.2283653846153846 0.037259615384615384 0.13341346153846154
0 0.1658653846153846 0.22355769230769232 0.039663461538461536 0.140625
0 0.12860576923076922 0.22956730769230768 0.037259615384615384 0.12259615384615384
0 0.0889423076923077 0.22235576923076922 0.040865384615384616 0.13341346153846154
0 0.3449519230769231 0.5288461538461539 0.04927884615384615 0.15384615384615385
0 0.30528846153846156 0.5348557692307693 0.05048076923076923 0.13942307692307693
0 0.265625 0.5456730769230769 0.046875 0.13701923076923078
0 0.2247596153846154 0.5528846153846154 0.04807692307692308 0.12740384615384615
0 0.14302884615384615 0.5372596153846154 0.056490384615384616 0.13942307692307693
0 0.10336538461538461 0.5432692307692307 0.054086538461538464 0.12740384615384615
0 0.14182692307692307 0.8052884615384616 0.05889423076923077 0.13341346153846154
0 0.18509615384615385 0.8052884615384616 0.054086538461538464 0.1346153846153846
0 0.23557692307692307 0.8004807692307693 0.056490384615384616 0.14182692307692307
0 0.27283653846153844 0.8209134615384616 0.055288461538461536 0.12860576923076922
0 0.4206730769230769 0.8233173076923077 0.05889423076923077 0.14423076923076922
0 0.5588942307692307 0.4230769230769231 0.037259615384615384 0.1502403846153846
0 0.04326923076923077 0.8028846153846154 0.054086538461538464 0.12379807692307693
0 0.018028846153846152 0.7944711538461539 0.03485576923076923 0.15144230769230768
0 0.046875 0.22235576923076922 0.038461538461538464 0.08173076923076923
0 0.014423076923076924 0.22235576923076922 0.028846153846153848 0.13701923076923078
0 0.36899038461538464 0.2283653846153846 0.03365384615384615 0.1466346153846154