0 0.5685096153846154 0.890625 0.06009615384615385 0.052884615384615384
0 0.6382211538461539 0.8894230769230769 0.06370192307692307 0.054086538461538464
0 0.5709134615384616 0.8341346153846154 0.0625 0.051682692307692304
0 0.3581730769230769 0.7235576923076923 0.05889423076923077 0.056490384615384616
0 0.42788461538461536 0.7211538461538461 0.06129807692307692 0.052884615384615384
0 0.43028846153846156 0.6658653846153846 0.0625 0.051682692307692304
0 0.3605769230769231 0.6682692307692307 0.056490384615384616 0.052884615384615384
0 0.3605769230769231 0.6141826923076923 0.05889423076923077 0.054086538461538464
0 0.42788461538461536 0.6081730769230769 0.05889423076923077 0.056490384615384616
0 0.4254807692307692 0.5516826923076923 0.051682692307692304 0.05048076923076923
0 0.4266826923076923 0.5012019230769231 0.057692307692307696 0.05048076923076923
0 0.35336538461538464 0.8990384615384616 0.05889423076923077 0.05048076923076923
0 0.35336538461538464 0.8401442307692307 0.052884615384615384 0.04567307692307692
0 0.3545673076923077 0.7848557692307693 0.057692307692307696 0.051682692307692304
0 0.42908653846153844 0.7788461538461539 0.06370192307692307 0.05048076923076923
0 0.42427884615384615 0.8365384615384616 0.06009615384615385 0.04807692307692308
0 0.42788461538461536 0.8954326923076923 0.0625 0.056490384615384616
0 0.5733173076923077 0.7752403846153846 0.06370192307692307 0.051682692307692304
0 0.6418269230769231 0.7776442307692307 0.06129807692307692 0.046875
0 0.640625 0.8317307692307693 0.054086538461538464 0.04807692307692308
0 0.6418269230769231 0.546875 0.05889423076923077 0.054086538461538464
0 0.6370192307692307 0.6057692307692307 0.056490384615384616 0.051682692307692304
0 0.6370192307692307 0.6634615384615384 0.057692307692307696 0.05048076923076923
0 0.6370192307692307 0.7175480769230769 0.06129807692307692 0.04807692307692308
0 0.5673076923076923 0.6045673076923077 0.06370192307692307 0.051682692307692304
0 0.5709134615384616 0.6658653846153846 0.055288461538461536 0.05048076923076923
0 0.5721153846153846 0.7247596153846154 0.06129807692307692 0.05048076923076923
0 0.4266826923076923 0.4411057692307692 0.06129807692307692 0.052884615384615384
0 0.5625 0.49399038461538464 0.06129807692307692 0.055288461538461536
0 0.5673076923076923 0.5528846153846154 0.05889423076923077 0.046875
0 0.7704326923076923 0.6045673076923077 0.05889423076923077 0.04807692307692308
0 0.7740384615384616 0.6598557692307693 0.06610576923076923 0.051682692307692304
0 0.7752403846153846 0.8317307692307693 0.06129807692307692 0.04807692307692308
0 0.7728365384615384 0.8822115384615384 0.06129807692307692 0.04807692307692308
0 0.7764423076923077 0.7764423076923077 0.0625 0.052884615384615384
0 0.7752403846153846 0.7151442307692307 0.05889423076923077 0.04807692307692308
0 0.6430288461538461 0.49038461538461536 0.05889423076923077 0.052884615384615384
0 0.36177884615384615 0.5528846153846154 0.0625 0.05048076923076923
0 0.3605769230769231 0.49399038461538464 0.056490384615384616 0.051682692307692304
0 0.3605769230769231 0.4387019230769231 0.06610576923076923 0.054086538461538464
0 0.359375 0.38221153846153844 0.06129807692307692 0.05889423076923077
0 0.42427884615384615 0.38100961538461536 0.055288461538461536 0.055288461538461536
0 0.4266826923076923 0.3233173076923077 0.06370192307692307 0.055288461538461536
0 0.3605769230769231 0.3269230769230769 0.05889423076923077 0.04807692307692308
0 0.41947115384615385 0.2704326923076923 0.05889423076923077 0.05048076923076923
0 0.3545673076923077 0.27403846153846156 0.057692307692307696 0.054086538461538464
0 0.5673076923076923 0.4338942307692308 0.056490384615384616 0.054086538461538464
0 0.6394230769230769 0.43149038461538464 0.06009615384615385 0.051682692307692304
0 0.6370192307692307 0.3762019230769231 0.06129807692307692 0.051682692307692304
0 0.5661057692307693 0.37740384615384615 0.06490384615384616 0.04807692307692308
0 0.5625 0.3245192307692308 0.052884615384615384 0.052884615384615384
0 0.5661057692307693 0.2644230769230769 0.06370192307692307 0.051682692307692304
0 0.6358173076923077 0.2644230769230769 0.0625 0.054086538461538464
0 0.640625 0.31971153846153844 0.05889423076923077 0.04807692307692308
0 0.5661057692307693 0.2091346153846154 0.05889423076923077 0.05048076923076923
0 0.6370192307692307 0.2091346153846154 0.056490384615384616 0.05048076923076923
0 0.6382211538461539 0.15384615384615385 0.055288461538461536 0.054086538461538464
0 0.5673076923076923 0.15504807692307693 0.05889423076923077 0.05048076923076923
0 0.5673076923076923 0.10336538461538461 0.055288461538461536 0.05048076923076923
0 0.6370192307692307 0.09975961538461539 0.0625 0.05048076923076923
0 0.6310096153846154 0.04807692307692308 0.057692307692307696 0.051682692307692304
0 0.5637019230769231 0.054086538461538464 0.05889423076923077 0.05048076923076923
0 0.5661057692307693 0.013221153846153846 0.06009615384615385 0.026442307692307692
0 0.6286057692307693 0.009615384615384616 0.0625 0.019230769230769232
0 0.21153846153846154 0.8389423076923077 0.06610576923076923 0.052884615384615384
0 0.2127403846153846 0.8966346153846154 0.0673076923076923 0.04807692307692308
0 0.21754807692307693 0.9555288461538461 0.06610576923076923 0.051682692307692304
0 0.21754807692307693 0.9915865384615384 0.05889423076923077 0.01201923076923077
0 0.35697115384615385 0.9903846153846154 0.05889423076923077 0.016826923076923076
0 0.4254807692307692 0.9879807692307693 0.06370192307692307 0.020432692307692308
0 0.4254807692307692 0.953125 0.06009615384615385 0.04807692307692308
0 0.3581730769230769 0.953125 0.06370192307692307 0.05048076923076923
0 0.4951923076923077 0.9591346153846154 0.030048076923076924 0.07692307692307693
0 0.5709134615384616 0.9483173076923077 0.06009615384615385 0.051682692307692304
0 0.6370192307692307 0.9447115384615384 0.05889423076923077 0.05048076923076923
0 0.6394230769230769 0.9855769230769231 0.06370192307692307 0.025240384615384616
0 0.5709134615384616 0.9903846153846154 0.0625 0.016826923076923076
0 0.7740384615384616 0.9819711538461539 0.06490384615384616 0.03245192307692308
0 0.7740384615384616 0.9387019230769231 0.05889423076923077 0.052884615384615384
0 0.2403846153846154 0.734375 0.030048076923076924 0.11057692307692307
0 0.23918269230769232 0.6129807692307693 0.030048076923076924 0.10576923076923077
0 0.23798076923076922 0.484375 0.030048076923076924 0.11899038461538461
0 0.24278846153846154 0.36778846153846156 0.030048076923076924 0.10336538461538461
0 0.24278846153846154 0.2439903846153846 0.030048076923076924 0.09014423076923077
0 0.24158653846153846 0.12860576923076922 0.030048076923076924 0.11538461538461539
0 0.2439903846153846 0.026442307692307692 0.03245192307692308 0.052884615384615384
0 0.3605769230769231 0.21514423076923078 0.056490384615384616 0.055288461538461536
0 0.42427884615384615 0.21394230769230768 0.06490384615384616 0.054086538461538464
0 0.42788461538461536 0.15985576923076922 0.057692307692307696 0.052884615384615384
0 0.3605769230769231 0.16105769230769232 0.06129807692307692 0.055288461538461536
0 0.4254807692307692 0.1045673076923077 0.05889423076923077 0.054086538461538464
0 0.359375 0.10697115384615384 0.06009615384615385 0.052884615384615384
0 0.3557692307692308 0.056490384615384616 0.055288461538461536 0.055288461538461536
0 0.4254807692307692 0.05048076923076923 0.06129807692307692 0.052884615384615384
0 0.43028846153846156 0.01201923076923077 0.05889423076923077 0.02403846153846154
0 0.3641826923076923 0.014423076923076924 0.05889423076923077 0.028846153846153848
0 0.7572115384615384 0.014423076923076924 0.052884615384615384 0.028846153846153848
0 0.7608173076923077 0.056490384615384616 0.06129807692307692 0.051682692307692304
0 0.765625 0.10817307692307693 0.06370192307692307 0.051682692307692304
0 0.7668269230769231 0.16346153846153846 0.06129807692307692 0.051682692307692304
0 0.7668269230769231 0.21995192307692307 0.06129807692307692 0.055288461538461536
0 0.7692307692307693 0.27163461538461536 0.055288461538461536 0.04567307692307692
0 0.7704326923076923 0.3269230769230769 0.0625 0.05048076923076923
0 0.7668269230769231 0.38341346153846156 0.06370192307692307 0.055288461538461536
0 0.7680288461538461 0.4387019230769231 0.05889423076923077 0.05048076923076923
0 0.7740384615384616 0.4891826923076923 0.05889423076923077 0.04567307692307692
0 0.7716346153846154 0.5456730769230769 0.05889423076923077 0.052884615384615384