0 0.4879807692307692 0.5961538461538461 0.05889423076923077 0.04807692307692308
0 0.4855769230769231 0.5444711538461539 0.056490384615384616 0.04567307692307692
0 0.4855769230769231 0.49158653846153844 0.05889423076923077 0.054086538461538464
0 0.265625 0.6165865384615384 0.056490384615384616 0.04807692307692308
0 0.27283653846153844 0.6730769230769231 0.06129807692307692 0.046875
0 0.7776442307692307 0.8846153846153846 0.055288461538461536 0.046875
0 0.7776442307692307 0.9399038461538461 0.056490384615384616 0.054086538461538464
0 0.5612980769230769 0.9555288461538461 0.06129807692307692 0.05048076923076923
0 0.7127403846153846 0.9471153846153846 0.06009615384615385 0.04807692307692308
0 0.5637019230769231 0.9026442307692307 0.055288461538461536 0.04447115384615385
0 0.4855769230769231 0.9639423076923077 0.06490384615384616 0.046875
0 0.27524038461538464 0.9038461538461539 0.06129807692307692 0.04807692307692308
0 0.3425480769230769 0.6706730769230769 0.0625 0.05048076923076923
0 0.48677884615384615 0.4338942307692308 0.06129807692307692 0.052884615384615384
0 0.33533653846153844 0.609375 0.05889423076923077 0.04567307692307692
0 0.3389423076923077 0.5540865384615384 0.056490384615384616 0.04807692307692308
0 0.33653846153846156 0.4963942307692308 0.05889423076923077 0.051682692307692304
0 0.3317307692307692 0.44350961538461536 0.057692307692307696 0.052884615384615384
0 0.2668269230769231 0.4483173076923077 0.05889423076923077 0.05048076923076923
0 0.2644230769230769 0.5012019230769231 0.06009615384615385 0.05048076923076923
0 0.2644230769230769 0.5600961538461539 0.06009615384615385 0.04807692307692308
0 0.33653846153846156 0.3894230769230769 0.055288461538461536 0.04807692307692308
0 0.7115384615384616 0.8858173076923077 0.05889423076923077 0.04567307692307692
0 0.484375 0.9050480769230769 0.0625 0.04807692307692308
0 0.3449519230769231 0.9050480769230769 0.06129807692307692 0.056490384615384616
0 0.35096153846153844 0.9627403846153846 0.06129807692307692 0.05048076923076923
0 0.27163461538461536 0.9591346153846154 0.06129807692307692 0.051682692307692304
0 0.9290865384615384 0.9314903846153846 0.0625 0.04807692307692308
0 0.9266826923076923 0.8774038461538461 0.057692307692307696 0.04567307692307692
0 0.5588942307692307 0.4807692307692308 0.056490384615384616 0.04807692307692308
0 0.4879807692307692 0.6550480769230769 0.05889423076923077 0.051682692307692304
0 0.5612980769230769 0.6538461538461539 0.0625 0.051682692307692304
0 0.5661057692307693 0.5961538461538461 0.055288461538461536 0.046875
0 0.14423076923076922 0.5949519230769231 0.030048076923076924 0.10576923076923077
0 0.9362980769230769 0.9807692307692307 0.06490384615384616 0.03485576923076923
0 0.7824519230769231 0.9831730769230769 0.06009615384615385 0.028846153846153848
0 0.7151442307692307 0.984375 0.06490384615384616 0.026442307692307692
0 0.14423076923076922 0.3233173076923077 0.026442307692307692 0.10576923076923077
0 0.14783653846153846 0.7163461538461539 0.030048076923076924 0.11057692307692307
0 0.14302884615384615 0.46153846153846156 0.028846153846153848 0.11298076923076923
0 0.14302884615384615 0.09014423076923077 0.028846153846153848 0.09975961538461539
0 0.14423076923076922 0.20552884615384615 0.028846153846153848 0.1045673076923077
0 0.26322115384615385 0.390625 0.056490384615384616 0.05048076923076923
0 0.25961538461538464 0.33653846153846156 0.055288461538461536 0.052884615384615384
0 0.265625 0.27884615384615385 0.0625 0.052884615384615384
0 0.3293269230769231 0.3317307692307692 0.055288461538461536 0.05048076923076923
0 0.3293269230769231 0.2764423076923077 0.056490384615384616 0.051682692307692304
0 0.3317307692307692 0.22235576923076922 0.056490384615384616 0.05048076923076923
0 0.265625 0.2283653846153846 0.05048076923076923 0.054086538461538464
0 0.2668269230769231 0.171875 0.06009615384615385 0.04807692307692308
0 0.2644230769230769 0.11899038461538461 0.056490384615384616 0.05048076923076923
0 0.3317307692307692 0.11658653846153846 0.056490384615384616 0.04807692307692308
0 0.3425480769230769 0.06370192307692307 0.05889423076923077 0.04807692307692308
0 0.33533653846153844 0.16826923076923078 0.057692307692307696 0.04807692307692308
0 0.3329326923076923 0.018028846153846152 0.056490384615384616 0.036057692307692304
0 0.28846153846153844 0.036057692307692304 0.028846153846153848 0.07211538461538461
0 0.47475961538461536 0.014423076923076924 0.06009615384615385 0.028846153846153848
0 0.5384615384615384 0.015625 0.0625 0.030048076923076924
0 0.5432692307692307 0.054086538461538464 0.051682692307692304 0.04807692307692308
0 0.47836538461538464 0.056490384615384616 0.06370192307692307 0.054086538461538464
0 0.5588942307692307 0.4230769230769231 0.054086538461538464 0.04807692307692308
0 0.5552884615384616 0.37259615384615385 0.06009615384615385 0.051682692307692304
0 0.4807692307692308 0.3762019230769231 0.05889423076923077 0.05048076923076923
0 0.4795673076923077 0.32091346153846156 0.06129807692307692 0.051682692307692304
0 0.5492788461538461 0.3161057692307692 0.05889423076923077 0.05048076923076923
0 0.5456730769230769 0.25841346153846156 0.05889423076923077 0.056490384615384616
0 0.47596153846153844 0.2644230769230769 0.057692307692307696 0.046875
0 0.5456730769230769 0.20552884615384615 0.05889423076923077 0.04807692307692308
0 0.4795673076923077 0.21153846153846154 0.057692307692307696 0.05048076923076923
0 0.47596153846153844 0.16105769230769232 0.05889423076923077 0.052884615384615384
0 0.5432692307692307 0.15504807692307693 0.06129807692307692 0.05048076923076923
0 0.5432692307692307 0.10336538461538461 0.057692307692307696 0.05048076923076923
0 0.47475961538461536 0.10817307692307693 0.054086538461538464 0.04807692307692308
0 0.6887019230769231 0.020432692307692308 0.057692307692307696 0.040865384615384616
0 0.7487980769230769 0.019230769230769232 0.05048076923076923 0.038461538461538464
0 0.8846153846153846 0.01201923076923077 0.06129807692307692 0.02403846153846154
0 0.8894230769230769 0.04567307692307692 0.06129807692307692 0.05889423076923077
0 0.8942307692307693 0.1045673076923077 0.05889423076923077 0.052884615384615384
0 0.8918269230769231 0.15745192307692307 0.052884615384615384 0.051682692307692304
0 0.6875 0.0733173076923077 0.06370192307692307 0.055288461538461536
0 0.6887019230769231 0.20793269230769232 0.052884615384615384 0.046875
0 0.7620192307692307 0.20793269230769232 0.056490384615384616 0.046875
0 0.7584134615384616 0.265625 0.054086538461538464 0.04807692307692308
0 0.6911057692307693 0.2668269230769231 0.06009615384615385 0.04807692307692308
0 0.6935096153846154 0.31850961538461536 0.05889423076923077 0.046875
0 0.7644230769230769 0.31850961538461536 0.056490384615384616 0.04807692307692308
0 0.7668269230769231 0.36899038461538464 0.056490384615384616 0.046875
0 0.6935096153846154 0.375 0.057692307692307696 0.05048076923076923
0 0.7007211538461539 0.42908653846153844 0.06129807692307692 0.04807692307692308
0 0.7704326923076923 0.421875 0.054086538461538464 0.051682692307692304
0 0.7728365384615384 0.4807692307692308 0.06129807692307692 0.05048076923076923
0 0.765625 0.5360576923076923 0.056490384615384616 0.046875
0 0.7716346153846154 0.5901442307692307 0.06370192307692307 0.05048076923076923
0 0.7704326923076923 0.6490384615384616 0.06610576923076923 0.052884615384615384
0 0.7091346153846154 0.5949519230769231 0.05889423076923077 0.04807692307692308
0 0.7055288461538461 0.6526442307692307 0.056490384615384616 0.04447115384615385
0 0.7043269230769231 0.4891826923076923 0.06129807692307692 0.051682692307692304
0 0.7055288461538461 0.5420673076923077 0.06129807692307692 0.051682692307692304
0 0.9014423076923077 0.25600961538461536 0.055288461538461536 0.051682692307692304
0 0.90625 0.3112980769230769 0.06370192307692307 0.046875
0 0.9050480769230769 0.3629807692307692 0.06370192307692307 0.05048076923076923
0 0.9086538461538461 0.4170673076923077 0.06009615384615385 0.04447115384615385
0 0.9134615384615384 0.4675480769230769 0.06370192307692307 0.04807692307692308
0 0.9098557692307693 0.5216346153846154 0.05889423076923077 0.04567307692307692
0 0.9134615384615384 0.5721153846153846 0.06009615384615385 0.04326923076923077
0 0.9194711538461539 0.6274038461538461 0.06129807692307692 0.04567307692307692
0 0.9206730769230769 0.6838942307692307 0.06370192307692307 0.046875
0 0.9254807692307693 0.7391826923076923 0.06009615384615385 0.04567307692307692