0 0.6358173076923077 0.17307692307692307 0.06490384615384616 0.051682692307692304
0 0.6418269230769231 0.23918269230769232 0.0625 0.054086538461538464
0 0.6490384615384616 0.2932692307692308 0.06009615384615385 0.04807692307692308
0 0.6490384615384616 0.3545673076923077 0.05889423076923077 0.052884615384615384
0 0.6526442307692307 0.40865384615384615 0.06370192307692307 0.052884615384615384
0 0.6466346153846154 0.45913461538461536 0.057692307692307696 0.04807692307692308
0 0.6430288461538461 0.5144230769230769 0.057692307692307696 0.04567307692307692
0 0.6658653846153846 0.5721153846153846 0.0625 0.05048076923076923
0 0.6418269230769231 0.6262019230769231 0.055288461538461536 0.04447115384615385
0 0.6598557692307693 0.6875 0.06370192307692307 0.04807692307692308
0 0.6574519230769231 0.7427884615384616 0.06129807692307692 0.056490384615384616
0 0.6550480769230769 0.8004807692307693 0.055288461538461536 0.042067307692307696
0 0.6502403846153846 0.8509615384615384 0.054086538461538464 0.05048076923076923
0 0.6550480769230769 0.9050480769230769 0.06129807692307692 0.052884615384615384
0 0.6550480769230769 0.9627403846153846 0.057692307692307696 0.052884615384615384
0 0.5372596153846154 0.31971153846153844 0.027644230769230768 0.10336538461538461
0 0.5372596153846154 0.43028846153846156 0.02403846153846154 0.109375
0 0.5432692307692307 0.5480769230769231 0.030048076923076924 0.11538461538461539
0 0.5432692307692307 0.671875 0.026442307692307692 0.1141826923076923
0 0.5444711538461539 0.7956730769230769 0.028846153846153848 0.11658653846153846
0 0.5456730769230769 0.9014423076923077 0.027644230769230768 0.09735576923076923
0 0.5480769230769231 0.9747596153846154 0.030048076923076924 0.046875
0 0.49038461538461536 0.2848557692307692 0.05889423076923077 0.05048076923076923
0 0.4855769230769231 0.3473557692307692 0.06370192307692307 0.04326923076923077
0 0.48677884615384615 0.40384615384615385 0.056490384615384616 0.05048076923076923
0 0.4855769230769231 0.4639423076923077 0.06370192307692307 0.046875
0 0.4891826923076923 0.5252403846153846 0.06009615384615385 0.05048076923076923
0 0.4951923076923077 0.578125 0.06009615384615385 0.04326923076923077
0 0.49399038461538464 0.6334134615384616 0.057692307692307696 0.051682692307692304
0 0.49038461538461536 0.6911057692307693 0.05889423076923077 0.051682692307692304
0 0.49038461538461536 0.7512019230769231 0.06129807692307692 0.04807692307692308
0 0.49399038461538464 0.8040865384615384 0.06129807692307692 0.04567307692307692
0 0.4963942307692308 0.8653846153846154 0.06370192307692307 0.051682692307692304
0 0.49278846153846156 0.9230769230769231 0.06129807692307692 0.055288461538461536
0 0.49399038461538464 0.9747596153846154 0.0673076923076923 0.046875
0 0.30288461538461536 0.17067307692307693 0.06009615384615385 0.054086538461538464
0 0.3137019230769231 0.23798076923076922 0.06129807692307692 0.04807692307692308
0 0.3125 0.296875 0.06850961538461539 0.052884615384615384
0 0.30288461538461536 0.35697115384615385 0.0625 0.05048076923076923
0 0.3004807692307692 0.41586538461538464 0.06370192307692307 0.05048076923076923
0 0.30649038461538464 0.4723557692307692 0.054086538461538464 0.05048076923076923
0 0.2980769230769231 0.5372596153846154 0.054086538461538464 0.04447115384615385
0 0.30288461538461536 0.5889423076923077 0.06370192307692307 0.05048076923076923
0 0.3004807692307692 0.6490384615384616 0.056490384615384616 0.05048076923076923
0 0.3112980769230769 0.7019230769230769 0.06129807692307692 0.051682692307692304
0 0.3137019230769231 0.7596153846153846 0.0625 0.05048076923076923
0 0.3088942307692308 0.8161057692307693 0.0625 0.054086538461538464
0 0.30649038461538464 0.8774038461538461 0.05889423076923077 0.055288461538461536
0 0.30649038461538464 0.9338942307692307 0.06370192307692307 0.054086538461538464
0 0.3076923076923077 0.9819711538461539 0.0673076923076923 0.03245192307692308