0 0.9387019230769231 0.9591346153846154 0.09134615384615384 0.078125
0 0.9459134615384616 0.8846153846153846 0.08653846153846154 0.07211538461538461
0 0.9459134615384616 0.8064903846153846 0.08774038461538461 0.07451923076923077
0 0.9399038461538461 0.7259615384615384 0.09134615384615384 0.078125
0 0.8449519230769231 0.7331730769230769 0.0829326923076923 0.06610576923076923
0 0.8473557692307693 0.8221153846153846 0.08653846153846154 0.06971153846153846
0 0.8485576923076923 0.9014423076923077 0.0829326923076923 0.07091346153846154
0 0.2439903846153846 0.8149038461538461 0.08052884615384616 0.0625
0 0.2439903846153846 0.890625 0.09254807692307693 0.06971153846153846
0 0.042067307692307696 0.9050480769230769 0.08413461538461539 0.078125
0 0.039663461538461536 0.9795673076923077 0.07932692307692307 0.037259615384615384
0 0.3485576923076923 0.875 0.07451923076923077 0.07451923076923077
0 0.3557692307692308 0.9555288461538461 0.07451923076923077 0.0733173076923077
0 0.5552884615384616 0.9399038461538461 0.09014423076923077 0.06971153846153846
0 0.5480769230769231 0.8557692307692307 0.0889423076923077 0.07091346153846154
0 0.5444711538461539 0.7740384615384616 0.09254807692307693 0.07091346153846154
0 0.6514423076923077 0.765625 0.09014423076923077 0.06850961538461539
0 0.9230769230769231 0.3329326923076923 0.08653846153846154 0.06370192307692307
0 0.8317307692307693 0.35096153846153844 0.09014423076923077 0.078125
0 0.8293269230769231 0.26802884615384615 0.09495192307692307 0.07692307692307693
0 0.9194711538461539 0.25600961538461536 0.08413461538461539 0.06490384615384616
0 0.9122596153846154 0.1814903846153846 0.09254807692307693 0.07692307692307693
0 0.8245192307692307 0.19471153846153846 0.078125 0.06490384615384616
0 0.9146634615384616 0.10576923076923077 0.08774038461538461 0.06850961538461539
0 0.9098557692307693 0.030048076923076924 0.09134615384615384 0.06009615384615385
0 0.6490384615384616 0.375 0.08653846153846154 0.06009615384615385
0 0.5516826923076923 0.3737980769230769 0.08774038461538461 0.078125
0 0.5408653846153846 0.2956730769230769 0.09375 0.06850961538461539
0 0.6370192307692307 0.2860576923076923 0.08173076923076923 0.06971153846153846
0 0.6286057692307693 0.125 0.09254807692307693 0.07932692307692307
0 0.5228365384615384 0.14302884615384615 0.08413461538461539 0.0733173076923077