0 0.6742788461538461 0.021634615384615384 0.03125 0.04326923076923077
0 0.6694711538461539 0.10817307692307693 0.027644230769230768 0.11057692307692307
0 0.6742788461538461 0.2536057692307692 0.027644230769230768 0.1141826923076923
0 0.6706730769230769 0.4110576923076923 0.030048076923076924 0.12139423076923077
0 0.6658653846153846 0.5480769230769231 0.028846153846153848 0.11658653846153846
0 0.6598557692307693 0.7079326923076923 0.026442307692307692 0.11778846153846154
0 0.8341346153846154 0.6502403846153846 0.055288461538461536 0.052884615384615384
0 0.5288461538461539 0.13701923076923078 0.04927884615384615 0.054086538461538464
0 0.5252403846153846 0.3088942307692308 0.05889423076923077 0.056490384615384616
0 0.5216346153846154 0.47475961538461536 0.056490384615384616 0.046875
0 0.5252403846153846 0.5336538461538461 0.054086538461538464 0.051682692307692304
0 0.5240384615384616 0.5877403846153846 0.05889423076923077 0.04807692307692308
0 0.5240384615384616 0.6442307692307693 0.057692307692307696 0.04807692307692308
0 0.5204326923076923 0.703125 0.05889423076923077 0.04447115384615385
0 0.5180288461538461 0.7596153846153846 0.06129807692307692 0.054086538461538464
0 0.515625 0.8161057692307693 0.06370192307692307 0.046875
0 0.5144230769230769 0.8737980769230769 0.06129807692307692 0.054086538461538464
0 0.5132211538461539 0.9290865384615384 0.06129807692307692 0.046875
0 0.5120192307692307 0.9807692307692307 0.05889423076923077 0.036057692307692304
0 0.3894230769230769 0.09134615384615384 0.06009615384615385 0.07211538461538461
0 0.3894230769230769 0.20552884615384615 0.06490384615384616 0.07932692307692307
0 0.38221153846153844 0.609375 0.06009615384615385 0.07451923076923077
0 0.37740384615384615 0.9026442307692307 0.05889423076923077 0.07692307692307693
0 0.3737980769230769 0.9615384615384616 0.06009615384615385 0.07211538461538461
0 0.2644230769230769 0.026442307692307692 0.0625 0.052884615384615384
0 0.2668269230769231 0.08052884615384616 0.06370192307692307 0.06971153846153846
0 0.2668269230769231 0.1466346153846154 0.06129807692307692 0.07692307692307693
0 0.2608173076923077 0.21995192307692307 0.06370192307692307 0.06971153846153846
0 0.2620192307692308 0.2824519230769231 0.0673076923076923 0.078125
0 0.2620192307692308 0.35096153846153844 0.06370192307692307 0.08653846153846154
0 0.25600961538461536 0.4098557692307692 0.06490384615384616 0.08413461538461539
0 0.2536057692307692 0.4735576923076923 0.06370192307692307 0.08173076923076923
0 0.25841346153846156 0.5456730769230769 0.06129807692307692 0.07451923076923077
0 0.25721153846153844 0.6165865384615384 0.051682692307692304 0.06009615384615385
0 0.2512019230769231 0.6802884615384616 0.056490384615384616 0.07211538461538461
0 0.2439903846153846 0.7463942307692307 0.056490384615384616 0.05889423076923077
0 0.24879807692307693 0.8112980769230769 0.06009615384615385 0.06610576923076923
0 0.2512019230769231 0.8786057692307693 0.05889423076923077 0.06129807692307692
0 0.2439903846153846 0.9375 0.056490384615384616 0.07211538461538461