0 0.4699519230769231 0.4735576923076923 0.046875 0.13221153846153846
0 0.5516826923076923 0.47475961538461536 0.04927884615384615 0.1466346153846154
0 0.5973557692307693 0.4807692307692308 0.04326923076923077 0.13942307692307693
0 0.49399038461538464 0.16826923076923078 0.03245192307692308 0.12740384615384615
0 0.5348557692307693 0.16706730769230768 0.036057692307692304 0.14903846153846154
0 0.5793269230769231 0.18028846153846154 0.036057692307692304 0.140625
0 0.6189903846153846 0.1622596153846154 0.03125 0.1310096153846154
0 0.7596153846153846 0.484375 0.04927884615384615 0.1310096153846154
0 0.8004807692307693 0.47836538461538464 0.04807692307692308 0.13701923076923078
0 0.8762019230769231 0.49399038461538464 0.04447115384615385 0.125
0 0.9170673076923077 0.4891826923076923 0.04447115384615385 0.1310096153846154
0 0.9543269230769231 0.4735576923076923 0.04807692307692308 0.12860576923076922
0 0.9807692307692307 0.47115384615384615 0.030048076923076924 0.140625
0 0.8521634615384616 0.1778846153846154 0.03485576923076923 0.12860576923076922
0 0.8149038461538461 0.171875 0.036057692307692304 0.13701923076923078
0 0.6574519230769231 0.1622596153846154 0.03245192307692308 0.13221153846153846
0 0.4567307692307692 0.16826923076923078 0.03485576923076923 0.1346153846153846
0 0.41225961538461536 0.17908653846153846 0.038461538461538464 0.15745192307692307
0 0.3713942307692308 0.17067307692307693 0.03365384615384615 0.13942307692307693
0 0.33413461538461536 0.1622596153846154 0.030048076923076924 0.1346153846153846
0 0.2932692307692308 0.15985576923076922 0.036057692307692304 0.13942307692307693
0 0.2536057692307692 0.18389423076923078 0.03485576923076923 0.13341346153846154
0 0.21394230769230768 0.1622596153846154 0.037259615384615384 0.14182692307692307
0 0.17548076923076922 0.16947115384615385 0.03485576923076923 0.13221153846153846
0 0.1346153846153846 0.17067307692307693 0.040865384615384616 0.14182692307692307
0 0.09495192307692307 0.171875 0.040865384615384616 0.140625
0 0.055288461538461536 0.1658653846153846 0.04326923076923077 0.13942307692307693
0 0.6634615384615384 0.7427884615384616 0.06370192307692307 0.14423076923076922
0 0.703125 0.7512019230769231 0.05048076923076923 0.12740384615384615
0 0.8004807692307693 0.7439903846153846 0.056490384615384616 0.12860576923076922
0 0.8425480769230769 0.7463942307692307 0.057692307692307696 0.13221153846153846
0 0.8918269230769231 0.7331730769230769 0.0625 0.13341346153846154
0 0.9254807692307693 0.7512019230769231 0.055288461538461536 0.11899038461538461
0 0.9711538461538461 0.7487980769230769 0.04927884615384615 0.1310096153846154
0 0.6971153846153846 0.16826923076923078 0.03365384615384615 0.08052884615384616
0 0.019230769230769232 0.17908653846153846 0.038461538461538464 0.1466346153846154
0 0.2644230769230769 0.47596153846153844 0.05048076923076923 0.13341346153846154
0 0.21754807692307693 0.46634615384615385 0.05048076923076923 0.1346153846153846
0 0.18389423076923078 0.4735576923076923 0.04567307692307692 0.13341346153846154
0 0.14543269230769232 0.47115384615384615 0.051682692307692304 0.1346153846153846
0 0.054086538461538464 0.7487980769230769 0.04807692307692308 0.12740384615384615
0 0.015625 0.7620192307692307 0.030048076923076924 0.14302884615384615
0 0.14302884615384615 0.7415865384615384 0.05889423076923077 0.14182692307692307
0 0.09495192307692307 0.75 0.04567307692307692 0.125
0 0.2800480769230769 0.7475961538461539 0.05048076923076923 0.1310096153846154
0 0.32572115384615385 0.7475961538461539 0.055288461538461536 0.13942307692307693
0 0.4206730769230769 0.7536057692307693 0.051682692307692304 0.1346153846153846
0 0.8894230769230769 0.18990384615384615 0.03485576923076923 0.1045673076923077
0 0.9314903846153846 0.1814903846153846 0.038461538461538464 0.11899038461538461
0 0.96875 0.18870192307692307 0.040865384615384616 0.13221153846153846
0 0.9951923076923077 0.18509615384615385 0.007211538461538462 0.13701923076923078
0 0.7379807692307693 0.16706730769230768 0.036057692307692304 0.125
0 0.7752403846153846 0.1778846153846154 0.036057692307692304 0.11658653846153846