0 0.015625 0.16706730769230768 0.03125 0.09975961538461539
0 0.046875 0.16706730769230768 0.030048076923076924 0.10096153846153846
0 0.07451923076923077 0.17067307692307693 0.028846153846153848 0.1045673076923077
0 0.1045673076923077 0.17548076923076922 0.03125 0.10817307692307693
0 0.1346153846153846 0.18028846153846154 0.027644230769230768 0.09254807692307693
0 0.171875 0.17908653846153846 0.030048076923076924 0.1045673076923077
0 0.08533653846153846 0.4098557692307692 0.03485576923076923 0.10576923076923077
0 0.051682692307692304 0.4182692307692308 0.03245192307692308 0.09975961538461539
0 0.021634615384615384 0.41346153846153844 0.03245192307692308 0.10697115384615384
0 0.006009615384615385 0.3954326923076923 0.01201923076923077 0.10096153846153846
0 0.015625 0.6418269230769231 0.030048076923076924 0.10576923076923077