0 0.6153846153846154 0.8966346153846154 0.06850961538461539 0.10096153846153846
0 0.5913461538461539 0.7932692307692307 0.08413461538461539 0.10576923076923077
0 0.5769230769230769 0.6935096153846154 0.08413461538461539 0.11658653846153846
0 0.5853365384615384 0.6081730769230769 0.06850961538461539 0.09975961538461539
0 0.5769230769230769 0.5180288461538461 0.08173076923076923 0.11298076923076923
0 0.5721153846153846 0.4375 0.06971153846153846 0.10336538461538461
0 0.41947115384615385 0.35096153846153844 0.0829326923076923 0.0625
0 0.4254807692307692 0.421875 0.08173076923076923 0.06370192307692307
0 0.42908653846153844 0.5 0.08653846153846154 0.06850961538461539
0 0.4254807692307692 0.5721153846153846 0.08653846153846154 0.06610576923076923
0 0.43028846153846156 0.640625 0.08774038461538461 0.06971153846153846
0 0.4411057692307692 0.7199519230769231 0.09014423076923077 0.078125
0 0.4411057692307692 0.7848557692307693 0.08413461538461539 0.06850961538461539
0 0.44471153846153844 0.9314903846153846 0.0829326923076923 0.078125
0 0.2439903846153846 0.375 0.09134615384615384 0.06370192307692307
0 0.24278846153846154 0.453125 0.0889423076923077 0.06370192307692307
0 0.24158653846153846 0.5276442307692307 0.07091346153846154 0.06490384615384616
0 0.24759615384615385 0.5901442307692307 0.07572115384615384 0.06370192307692307
0 0.24639423076923078 0.6658653846153846 0.09254807692307693 0.06850961538461539
0 0.25600961538461536 0.7391826923076923 0.06971153846153846 0.05889423076923077
0 0.25721153846153844 0.8052884615384616 0.08052884615384616 0.078125
0 0.2644230769230769 0.8810096153846154 0.08774038461538461 0.06850961538461539
0 0.18870192307692307 0.25961538461538464 0.09975961538461539 0.0733173076923077
0 0.15264423076923078 0.38461538461538464 0.08653846153846154 0.07091346153846154
0 0.15144230769230768 0.4675480769230769 0.09014423076923077 0.07451923076923077
0 0.16346153846153846 0.5300480769230769 0.08774038461538461 0.06610576923076923
0 0.16466346153846154 0.5985576923076923 0.08774038461538461 0.0625
0 0.15745192307692307 0.6730769230769231 0.08533653846153846 0.06490384615384616
0 0.16826923076923078 0.7475961538461539 0.07932692307692307 0.06610576923076923
0 0.17067307692307693 0.8185096153846154 0.08413461538461539 0.06490384615384616
0 0.1778846153846154 0.890625 0.08533653846153846 0.07091346153846154
0 0.02283653846153846 0.8341346153846154 0.04447115384615385 0.06971153846153846
0 0.02283653846153846 0.7596153846153846 0.04447115384615385 0.07091346153846154
0 0.019230769230769232 0.6995192307692307 0.038461538461538464 0.0625
0 0.019230769230769232 0.5552884615384616 0.037259615384615384 0.07211538461538461
0 0.019230769230769232 0.47596153846153844 0.037259615384615384 0.06610576923076923
0 0.016826923076923076 0.4014423076923077 0.03245192307692308 0.07091346153846154
0 0.2283653846153846 0.019230769230769232 0.08413461538461539 0.038461538461538464
0 0.6322115384615384 0.9735576923076923 0.055288461538461536 0.04807692307692308