0 0.8449519230769231 0.6526442307692307 0.056490384615384616 0.054086538461538464
0 0.6682692307692307 0.7127403846153846 0.030048076923076924 0.109375
0 0.6766826923076923 0.5516826923076923 0.030048076923076924 0.11658653846153846
0 0.6802884615384616 0.41225961538461536 0.036057692307692304 0.11658653846153846
0 0.6814903846153846 0.25721153846153844 0.03125 0.11538461538461539
0 0.6766826923076923 0.1141826923076923 0.030048076923076924 0.11658653846153846
0 0.6802884615384616 0.021634615384615384 0.03245192307692308 0.04326923076923077
0 0.5372596153846154 0.14423076923076922 0.04927884615384615 0.055288461538461536
0 0.5324519230769231 0.3112980769230769 0.0625 0.054086538461538464
0 0.5288461538461539 0.4795673076923077 0.057692307692307696 0.04567307692307692
0 0.5324519230769231 0.5372596153846154 0.052884615384615384 0.05048076923076923
0 0.5324519230769231 0.5961538461538461 0.057692307692307696 0.05048076923076923
0 0.5324519230769231 0.6514423076923077 0.05889423076923077 0.04567307692307692
0 0.5300480769230769 0.7079326923076923 0.05889423076923077 0.04807692307692308
0 0.5276442307692307 0.7668269230769231 0.06370192307692307 0.04807692307692308
0 0.5240384615384616 0.8233173076923077 0.06370192307692307 0.04567307692307692
0 0.5240384615384616 0.8822115384615384 0.06129807692307692 0.05048076923076923
0 0.5240384615384616 0.9375 0.06129807692307692 0.051682692307692304
0 0.5204326923076923 0.9831730769230769 0.06129807692307692 0.030048076923076924
0 0.3942307692307692 0.0985576923076923 0.06370192307692307 0.078125
0 0.3942307692307692 0.21394230769230768 0.06610576923076923 0.078125
0 0.3894230769230769 0.6213942307692307 0.05889423076923077 0.07692307692307693
0 0.3870192307692308 0.9134615384615384 0.05889423076923077 0.06971153846153846
0 0.38461538461538464 0.9675480769230769 0.06009615384615385 0.06009615384615385
0 0.2692307692307692 0.030048076923076924 0.057692307692307696 0.06009615384615385
0 0.27163461538461536 0.08774038461538461 0.06129807692307692 0.07091346153846154
0 0.27283653846153844 0.15384615384615385 0.06009615384615385 0.07932692307692307
0 0.2668269230769231 0.22596153846153846 0.06610576923076923 0.06850961538461539
0 0.26802884615384615 0.2920673076923077 0.06490384615384616 0.08052884615384616
0 0.26802884615384615 0.3629807692307692 0.0625 0.08413461538461539
0 0.2620192307692308 0.4206730769230769 0.0625 0.08653846153846154
0 0.25721153846153844 0.4831730769230769 0.06370192307692307 0.08653846153846154
0 0.26322115384615385 0.5528846153846154 0.06850961538461539 0.08173076923076923
0 0.2620192307692308 0.6274038461538461 0.055288461538461536 0.06971153846153846
0 0.25841346153846156 0.6911057692307693 0.057692307692307696 0.07091346153846154
0 0.2536057692307692 0.7572115384615384 0.056490384615384616 0.06129807692307692
0 0.25961538461538464 0.8233173076923077 0.055288461538461536 0.06370192307692307
0 0.25961538461538464 0.890625 0.05889423076923077 0.05889423076923077
0 0.2548076923076923 0.9519230769230769 0.055288461538461536 0.06850961538461539