0 0.5841346153846154 0.24639423076923078 0.03485576923076923 0.125
0 0.6237980769230769 0.2512019230769231 0.03485576923076923 0.13942307692307693
0 0.5216346153846154 0.5697115384615384 0.04927884615384615 0.1310096153846154
0 0.4375 0.5516826923076923 0.052884615384615384 0.140625
0 0.5432692307692307 0.2512019230769231 0.03245192307692308 0.10576923076923077
0 0.39783653846153844 0.5588942307692307 0.04927884615384615 0.12740384615384615
0 0.6935096153846154 0.5540865384615384 0.051682692307692304 0.13942307692307693
0 0.6478365384615384 0.5456730769230769 0.05048076923076923 0.15264423076923078
0 0.6057692307692307 0.5480769230769231 0.04807692307692308 0.13942307692307693
0 0.5637019230769231 0.5612980769230769 0.04567307692307692 0.13942307692307693
0 0.4987980769230769 0.2403846153846154 0.03365384615384615 0.13701923076923078
0 0.45913461538461536 0.234375 0.036057692307692304 0.140625
0 0.41947115384615385 0.24278846153846154 0.03365384615384615 0.12620192307692307
0 0.3786057692307692 0.23317307692307693 0.036057692307692304 0.1310096153846154
0 0.33774038461538464 0.234375 0.03365384615384615 0.08413461538461539
0 0.2980769230769231 0.23557692307692307 0.037259615384615384 0.13341346153846154
0 0.25961538461538464 0.234375 0.038461538461538464 0.12620192307692307
0 0.21995192307692307 0.25721153846153844 0.040865384615384616 0.13942307692307693
0 0.13822115384615385 0.24278846153846154 0.040865384615384616 0.12259615384615384
0 0.23317307692307693 0.5504807692307693 0.04567307692307692 0.1346153846153846
0 0.19230769230769232 0.5444711538461539 0.051682692307692304 0.14543269230769232
0 0.2980769230769231 0.8149038461538461 0.0625 0.15384615384615385
0 0.6682692307692307 0.2439903846153846 0.03245192307692308 0.14182692307692307
0 0.7055288461538461 0.23918269230769232 0.03365384615384615 0.13701923076923078
0 0.11177884615384616 0.5456730769230769 0.052884615384615384 0.12740384615384615
0 0.1778846153846154 0.2403846153846154 0.038461538461538464 0.14302884615384615
0 0.09975961538461539 0.24278846153846154 0.039663461538461536 0.1346153846153846
0 0.052884615384615384 0.25600961538461536 0.055288461538461536 0.15504807692307693
0 0.018028846153846152 0.24639423076923078 0.036057692307692304 0.13701923076923078
0 0.06009615384615385 0.8221153846153846 0.06610576923076923 0.13942307692307693
0 0.7451923076923077 0.25240384615384615 0.03485576923076923 0.12740384615384615
0 0.7836538461538461 0.2620192307692308 0.03365384615384615 0.13221153846153846
0 0.8737980769230769 0.04326923076923077 0.08173076923076923 0.07451923076923077
0 0.8485576923076923 0.4362980769230769 0.036057692307692304 0.14182692307692307
0 0.9350961538461539 0.8245192307692307 0.052884615384615384 0.11298076923076923
0 0.8930288461538461 0.8112980769230769 0.04807692307692308 0.11899038461538461
0 0.8545673076923077 0.8064903846153846 0.052884615384615384 0.12740384615384615
0 0.8064903846153846 0.8401442307692307 0.056490384615384616 0.14302884615384615
0 0.7644230769230769 0.8341346153846154 0.05048076923076923 0.11658653846153846
0 0.7223557692307693 0.8293269230769231 0.06370192307692307 0.140625
0 0.671875 0.8305288461538461 0.05889423076923077 0.13581730769230768
0 0.34134615384615385 0.8221153846153846 0.04807692307692308 0.12620192307692307
0 0.4411057692307692 0.8305288461538461 0.055288461538461536 0.13942307692307693
0 0.48677884615384615 0.828125 0.057692307692307696 0.13942307692307693
0 0.5384615384615384 0.8149038461538461 0.056490384615384616 0.13341346153846154
0 0.5769230769230769 0.8413461538461539 0.052884615384615384 0.13581730769230768
0 0.6262019230769231 0.8269230769230769 0.054086538461538464 0.12379807692307693