0 0.36538461538461536 0.06370192307692307 0.08533653846153846 0.06850961538461539
0 0.36778846153846156 0.13341346153846154 0.0733173076923077 0.06370192307692307
0 0.36177884615384615 0.42788461538461536 0.08774038461538461 0.06610576923076923
0 0.3557692307692308 0.8100961538461539 0.0889423076923077 0.07692307692307693
0 0.1658653846153846 0.13341346153846154 0.08774038461538461 0.06850961538461539
0 0.16346153846153846 0.051682692307692304 0.09495192307692307 0.07932692307692307
0 0.15985576923076922 0.28725961538461536 0.09014423076923077 0.06610576923076923
0 0.3581730769230769 0.2764423076923077 0.07932692307692307 0.07091346153846154
0 0.36177884615384615 0.35096153846153844 0.09615384615384616 0.07692307692307693
0 0.44591346153846156 0.7415865384615384 0.09014423076923077 0.0625
0 0.45072115384615385 0.6622596153846154 0.08653846153846154 0.06370192307692307
0 0.35336538461538464 0.6598557692307693 0.08413461538461539 0.0625
0 0.3557692307692308 0.5084134615384616 0.0889423076923077 0.06610576923076923
0 0.4495192307692308 0.5084134615384616 0.09375 0.06610576923076923
0 0.23076923076923078 0.23798076923076922 0.09134615384615384 0.09615384615384616
0 0.056490384615384616 0.2127403846153846 0.08413461538461539 0.078125
0 0.046875 0.38221153846153844 0.09254807692307693 0.06610576923076923
0 0.16826923076923078 0.010817307692307692 0.0829326923076923 0.021634615384615384
0 0.36778846153846156 0.014423076923076924 0.08413461538461539 0.028846153846153848
0 0.4579326923076923 0.018028846153846152 0.09014423076923077 0.036057692307692304
0 0.6286057692307693 0.02283653846153846 0.08052884615384616 0.04567307692307692
0 0.6370192307692307 0.08173076923076923 0.08413461538461539 0.06850961538461539
0 0.7283653846153846 0.0829326923076923 0.08533653846153846 0.08052884615384616
0 0.7223557692307693 0.16706730769230768 0.07451923076923077 0.07091346153846154
0 0.6370192307692307 0.15384615384615385 0.07091346153846154 0.06971153846153846
0 0.45913461538461536 0.14423076923076922 0.08533653846153846 0.06610576923076923
0 0.4579326923076923 0.06971153846153846 0.0829326923076923 0.06850961538461539
0 0.4567307692307692 0.359375 0.08173076923076923 0.06490384615384616
0 0.4519230769230769 0.2776442307692308 0.09254807692307693 0.07211538461538461
0 0.45072115384615385 0.5901442307692307 0.08052884615384616 0.06610576923076923
0 0.6358173076923077 0.5925480769230769 0.08653846153846154 0.06971153846153846
0 0.6358173076923077 0.4375 0.0829326923076923 0.06850961538461539
0 0.6358173076923077 0.2956730769230769 0.08774038461538461 0.07091346153846154
0 0.6346153846153846 0.22235576923076922 0.07451923076923077 0.0625
0 0.7271634615384616 0.2848557692307692 0.08173076923076923 0.07211538461538461
0 0.7307692307692307 0.3557692307692308 0.08413461538461539 0.07091346153846154
0 0.7283653846153846 0.43028846153846156 0.0829326923076923 0.06850961538461539
0 0.7271634615384616 0.5060096153846154 0.08653846153846154 0.06850961538461539
0 0.7283653846153846 0.5817307692307693 0.08413461538461539 0.06610576923076923
0 0.7283653846153846 0.6586538461538461 0.06971153846153846 0.06009615384615385
0 0.7247596153846154 0.7331730769230769 0.08413461538461539 0.06850961538461539
0 0.6382211538461539 0.671875 0.09495192307692307 0.06610576923076923
0 0.4362980769230769 0.8930288461538461 0.09495192307692307 0.078125
0 0.4423076923076923 0.9663461538461539 0.09254807692307693 0.06370192307692307
0 0.6286057692307693 0.9651442307692307 0.0889423076923077 0.06610576923076923
0 0.7247596153846154 0.9627403846153846 0.0889423076923077 0.07211538461538461
0 0.7223557692307693 0.8810096153846154 0.08653846153846154 0.06490384615384616
0 0.7127403846153846 0.8064903846153846 0.09014423076923077 0.07091346153846154
0 0.9026442307692307 0.4699519230769231 0.08533653846153846 0.07091346153846154
0 0.9038461538461539 0.5444711538461539 0.08173076923076923 0.0625
0 0.9098557692307693 0.6225961538461539 0.08653846153846154 0.06370192307692307
0 0.9134615384615384 0.6935096153846154 0.0829326923076923 0.06370192307692307
0 0.9098557692307693 0.7668269230769231 0.08653846153846154 0.06971153846153846
0 0.9038461538461539 0.8413461538461539 0.09495192307692307 0.06129807692307692
0 0.9098557692307693 0.9182692307692307 0.09254807692307693 0.078125
0 0.9026442307692307 0.9759615384615384 0.09495192307692307 0.04326923076923077
0 0.9807692307692307 0.9759615384615384 0.037259615384615384 0.04326923076923077
0 0.9819711538461539 0.9122596153846154 0.03485576923076923 0.07211538461538461
0 0.9783653846153846 0.8149038461538461 0.042067307692307696 0.07451923076923077
0 0.9807692307692307 0.6526442307692307 0.037259615384615384 0.06850961538461539
0 0.9783653846153846 0.5745192307692307 0.039663461538461536 0.0625