0 0.9807692307692307 0.8197115384615384 0.03485576923076923 0.18870192307692307
0 0.9338942307692307 0.7824519230769231 0.052884615384615384 0.18028846153846154
0 0.8810096153846154 0.8269230769230769 0.046875 0.15504807692307693
0 0.828125 0.8269230769230769 0.04807692307692308 0.17307692307692307
0 0.7776442307692307 0.8028846153846154 0.04927884615384615 0.19471153846153846
0 0.7259615384615384 0.8149038461538461 0.046875 0.16826923076923078
0 0.6706730769230769 0.828125 0.04447115384615385 0.16706730769230768
0 0.6189903846153846 0.8185096153846154 0.040865384615384616 0.16826923076923078
0 0.5709134615384616 0.8100961538461539 0.040865384615384616 0.15985576923076922
0 0.5216346153846154 0.796875 0.04326923076923077 0.17668269230769232
0 0.4735576923076923 0.7824519230769231 0.040865384615384616 0.15865384615384615
0 0.4206730769230769 0.7536057692307693 0.042067307692307696 0.1814903846153846
0 0.36538461538461536 0.7884615384615384 0.042067307692307696 0.18028846153846154
0 0.3161057692307692 0.7776442307692307 0.040865384615384616 0.1814903846153846
0 0.2692307692307692 0.7608173076923077 0.04326923076923077 0.171875
0 0.125 0.7427884615384616 0.04807692307692308 0.15384615384615385
0 0.08173076923076923 0.7427884615384616 0.05048076923076923 0.1622596153846154
0 0.026442307692307692 0.7475961538461539 0.052884615384615384 0.1658653846153846