0 0.6814903846153846 0.25841346153846156 0.030048076923076924 0.12139423076923077
0 0.6778846153846154 0.10576923076923077 0.028846153846153848 0.10697115384615384
0 0.6790865384615384 0.41225961538461536 0.030048076923076924 0.11778846153846154
0 0.6742788461538461 0.5480769230769231 0.030048076923076924 0.11298076923076923
0 0.6682692307692307 0.7091346153846154 0.026442307692307692 0.11298076923076923
0 0.8425480769230769 0.6538461538461539 0.056490384615384616 0.052884615384615384
0 0.5348557692307693 0.140625 0.05048076923076923 0.054086538461538464
0 0.5324519230769231 0.31009615384615385 0.056490384615384616 0.05889423076923077
0 0.5276442307692307 0.47475961538461536 0.056490384615384616 0.052884615384615384
0 0.5300480769230769 0.5360576923076923 0.054086538461538464 0.046875
0 0.5300480769230769 0.5925480769230769 0.056490384615384616 0.04567307692307692
0 0.5300480769230769 0.6502403846153846 0.056490384615384616 0.04807692307692308
0 0.5264423076923077 0.7055288461538461 0.06009615384615385 0.040865384615384616
0 0.5264423076923077 0.7620192307692307 0.0625 0.05048076923076923
0 0.5216346153846154 0.8221153846153846 0.06610576923076923 0.05048076923076923
0 0.5216346153846154 0.8774038461538461 0.06129807692307692 0.051682692307692304
0 0.5216346153846154 0.9338942307692307 0.06009615384615385 0.046875
0 0.5192307692307693 0.9819711538461539 0.06129807692307692 0.03365384615384615
0 0.3870192307692308 0.6129807692307693 0.05889423076923077 0.0733173076923077
0 0.3942307692307692 0.20673076923076922 0.06370192307692307 0.08052884615384616
0 0.3954326923076923 0.09134615384615384 0.06129807692307692 0.06971153846153846
0 0.38341346153846156 0.9098557692307693 0.055288461538461536 0.06850961538461539
0 0.38100961538461536 0.9639423076923077 0.06129807692307692 0.06971153846153846
0 0.2512019230769231 0.9459134615384616 0.055288461538461536 0.06971153846153846
0 0.25961538461538464 0.8822115384615384 0.052884615384615384 0.06850961538461539
0 0.25721153846153844 0.8137019230769231 0.051682692307692304 0.07451923076923077
0 0.2512019230769231 0.7475961538461539 0.056490384615384616 0.06850961538461539
0 0.25721153846153844 0.6802884615384616 0.057692307692307696 0.07932692307692307
0 0.2644230769230769 0.6153846153846154 0.05048076923076923 0.06129807692307692
0 0.2668269230769231 0.546875 0.06129807692307692 0.07932692307692307
0 0.25961538461538464 0.47475961538461536 0.06370192307692307 0.08413461538461539
0 0.2620192307692308 0.41346153846153844 0.06370192307692307 0.08653846153846154
0 0.2668269230769231 0.3545673076923077 0.06370192307692307 0.0829326923076923
0 0.2668269230769231 0.2824519230769231 0.06490384615384616 0.08052884615384616
0 0.2668269230769231 0.21995192307692307 0.0673076923076923 0.0733173076923077
0 0.27524038461538464 0.14903846153846154 0.056490384615384616 0.07692307692307693
0 0.27163461538461536 0.08052884615384616 0.06370192307692307 0.07211538461538461
0 0.27163461538461536 0.02283653846153846 0.057692307692307696 0.04567307692307692