0 0.8425480769230769 0.6081730769230769 0.06009615384615385 0.05048076923076923
0 0.6766826923076923 0.0625 0.028846153846153848 0.11298076923076923
0 0.6802884615384616 0.21153846153846154 0.03245192307692308 0.11899038461538461
0 0.6778846153846154 0.36658653846153844 0.03125 0.12259615384615384
0 0.6754807692307693 0.5072115384615384 0.03125 0.11778846153846154
0 0.6682692307692307 0.6634615384615384 0.030048076923076924 0.1141826923076923
0 0.5348557692307693 0.09735576923076923 0.05048076923076923 0.054086538461538464
0 0.5300480769230769 0.26802884615384615 0.06129807692307692 0.052884615384615384
0 0.5276442307692307 0.43509615384615385 0.05889423076923077 0.04567307692307692
0 0.5300480769230769 0.49399038461538464 0.055288461538461536 0.051682692307692304
0 0.5324519230769231 0.5480769230769231 0.06129807692307692 0.051682692307692304
0 0.5300480769230769 0.6069711538461539 0.0625 0.05048076923076923
0 0.5276442307692307 0.6658653846153846 0.06370192307692307 0.04326923076923077
0 0.5276442307692307 0.7199519230769231 0.06490384615384616 0.046875
0 0.5240384615384616 0.7788461538461539 0.0673076923076923 0.051682692307692304
0 0.5228365384615384 0.8389423076923077 0.0625 0.04807692307692308
0 0.5204326923076923 0.8918269230769231 0.06610576923076923 0.046875
0 0.5204326923076923 0.9471153846153846 0.05889423076923077 0.051682692307692304
0 0.5204326923076923 0.9855769230769231 0.0673076923076923 0.025240384615384616
0 0.3954326923076923 0.05048076923076923 0.0625 0.078125
0 0.39302884615384615 0.1658653846153846 0.06370192307692307 0.08173076923076923
0 0.3894230769230769 0.5721153846153846 0.06129807692307692 0.07451923076923077
0 0.3858173076923077 0.8653846153846154 0.056490384615384616 0.07091346153846154
0 0.38461538461538464 0.9254807692307693 0.06009615384615385 0.06971153846153846
0 0.38341346153846156 0.9723557692307693 0.06129807692307692 0.051682692307692304
0 0.25721153846153844 0.9615384615384616 0.05889423076923077 0.07451923076923077
0 0.25841346153846156 0.9002403846153846 0.051682692307692304 0.07211538461538461
0 0.2620192307692308 0.8365384615384616 0.052884615384615384 0.06850961538461539
0 0.25961538461538464 0.7716346153846154 0.055288461538461536 0.0733173076923077
0 0.2536057692307692 0.7055288461538461 0.055288461538461536 0.06490384615384616
0 0.25961538461538464 0.6418269230769231 0.05889423076923077 0.07211538461538461
0 0.265625 0.578125 0.05048076923076923 0.06129807692307692
0 0.26802884615384615 0.5060096153846154 0.05889423076923077 0.07932692307692307
0 0.25961538461538464 0.43509615384615385 0.0673076923076923 0.08173076923076923
0 0.2644230769230769 0.3762019230769231 0.0625 0.0829326923076923
0 0.26802884615384615 0.3125 0.06370192307692307 0.08413461538461539
0 0.2668269230769231 0.24639423076923078 0.06610576923076923 0.07692307692307693
0 0.2692307692307692 0.1814903846153846 0.06370192307692307 0.06490384615384616
0 0.27163461538461536 0.109375 0.056490384615384616 0.07932692307692307
0 0.27163461538461536 0.042067307692307696 0.06370192307692307 0.06971153846153846