0 0.6622596153846154 0.03245192307692308 0.06009615384615385 0.056490384615384616
0 0.6622596153846154 0.08774038461538461 0.057692307692307696 0.054086538461538464
0 0.6658653846153846 0.14423076923076922 0.06129807692307692 0.05048076923076923
0 0.6622596153846154 0.19471153846153846 0.056490384615384616 0.051682692307692304
0 0.6598557692307693 0.24639423076923078 0.056490384615384616 0.046875
0 0.6814903846153846 0.30288461538461536 0.06370192307692307 0.051682692307692304
0 0.6610576923076923 0.3581730769230769 0.055288461538461536 0.054086538461538464
0 0.6790865384615384 0.41947115384615385 0.06490384615384616 0.052884615384615384
0 0.6778846153846154 0.47596153846153844 0.06129807692307692 0.051682692307692304
0 0.671875 0.5324519230769231 0.05048076923076923 0.046875
0 0.671875 0.5877403846153846 0.055288461538461536 0.042067307692307696
0 0.6778846153846154 0.640625 0.057692307692307696 0.05048076923076923
0 0.6754807692307693 0.6971153846153846 0.055288461538461536 0.046875
0 0.6814903846153846 0.7536057692307693 0.06129807692307692 0.05048076923076923
0 0.6838942307692307 0.8088942307692307 0.06009615384615385 0.051682692307692304
0 0.6947115384615384 0.8665865384615384 0.057692307692307696 0.04807692307692308
0 0.6887019230769231 0.9230769230769231 0.06370192307692307 0.04807692307692308
0 0.6887019230769231 0.9747596153846154 0.06129807692307692 0.046875
0 0.5516826923076923 0.05889423076923077 0.026442307692307692 0.10336538461538461
0 0.5528846153846154 0.16706730769230768 0.025240384615384616 0.09615384615384616
0 0.5612980769230769 0.2776442307692308 0.027644230769230768 0.11057692307692307
0 0.5637019230769231 0.40024038461538464 0.02403846153846154 0.11298076923076923
0 0.5637019230769231 0.5252403846153846 0.025240384615384616 0.1141826923076923
0 0.5673076923076923 0.6286057692307693 0.025240384615384616 0.09014423076923077
0 0.5697115384615384 0.7415865384615384 0.026442307692307692 0.11057692307692307
0 0.5733173076923077 0.8557692307692307 0.025240384615384616 0.10576923076923077
0 0.5769230769230769 0.9579326923076923 0.02403846153846154 0.08052884615384616
0 0.5060096153846154 0.026442307692307692 0.056490384615384616 0.052884615384615384
0 0.5012019230769231 0.08774038461538461 0.06129807692307692 0.052884615384615384
0 0.5036057692307693 0.140625 0.056490384615384616 0.04807692307692308
0 0.5036057692307693 0.19591346153846154 0.06009615384615385 0.051682692307692304
0 0.5060096153846154 0.2536057692307692 0.05889423076923077 0.052884615384615384
0 0.5120192307692307 0.3125 0.06009615384615385 0.052884615384615384
0 0.5108173076923077 0.36538461538461536 0.055288461538461536 0.051682692307692304
0 0.5108173076923077 0.4254807692307692 0.055288461538461536 0.046875
0 0.5096153846153846 0.4831730769230769 0.06009615384615385 0.056490384615384616
0 0.5144230769230769 0.5408653846153846 0.06129807692307692 0.054086538461538464
0 0.5168269230769231 0.5985576923076923 0.0625 0.05048076923076923
0 0.5144230769230769 0.6550480769230769 0.057692307692307696 0.051682692307692304
0 0.5132211538461539 0.7127403846153846 0.06129807692307692 0.051682692307692304
0 0.5168269230769231 0.7704326923076923 0.056490384615384616 0.054086538461538464
0 0.5180288461538461 0.8305288461538461 0.06129807692307692 0.06129807692307692
0 0.5180288461538461 0.8846153846153846 0.06490384615384616 0.05048076923076923
0 0.5168269230769231 0.9399038461538461 0.0673076923076923 0.054086538461538464
0 0.5120192307692307 0.9855769230769231 0.056490384615384616 0.02403846153846154
0 0.33052884615384615 0.04326923076923077 0.06971153846153846 0.052884615384615384
0 0.32091346153846156 0.09735576923076923 0.057692307692307696 0.056490384615384616
0 0.31971153846153844 0.15745192307692307 0.06129807692307692 0.052884615384615384
0 0.3245192307692308 0.20793269230769232 0.054086538461538464 0.051682692307692304
0 0.31850961538461536 0.27163461538461536 0.054086538461538464 0.05048076923076923
0 0.32091346153846156 0.32211538461538464 0.06370192307692307 0.04807692307692308
0 0.32211538461538464 0.38221153846153844 0.055288461538461536 0.054086538461538464
0 0.3329326923076923 0.4375 0.06129807692307692 0.051682692307692304
0 0.33653846153846156 0.49158653846153844 0.06129807692307692 0.04567307692307692
0 0.33052884615384615 0.5504807692307693 0.05889423076923077 0.052884615384615384
0 0.3293269230769231 0.609375 0.056490384615384616 0.04567307692307692
0 0.33052884615384615 0.6682692307692307 0.06370192307692307 0.054086538461538464
0 0.33052884615384615 0.7295673076923077 0.06370192307692307 0.04807692307692308
0 0.33413461538461536 0.7836538461538461 0.06129807692307692 0.04807692307692308
0 0.3401442307692308 0.8425480769230769 0.06610576923076923 0.06009615384615385
0 0.3401442307692308 0.9002403846153846 0.06610576923076923 0.04807692307692308
0 0.3473557692307692 0.9555288461538461 0.055288461538461536 0.055288461538461536