0 0.5997596153846154 0.31850961538461536 0.028846153846153848 0.10697115384615384
0 0.5673076923076923 0.32091346153846156 0.030048076923076924 0.11057692307692307
0 0.5348557692307693 0.32091346153846156 0.030048076923076924 0.10096153846153846
0 0.5036057692307693 0.32091346153846156 0.026442307692307692 0.1045673076923077
0 0.4723557692307692 0.3088942307692308 0.027644230769230768 0.10697115384615384
0 0.4411057692307692 0.30408653846153844 0.027644230769230768 0.109375
0 0.4074519230769231 0.31009615384615385 0.027644230769230768 0.1045673076923077
0 0.3737980769230769 0.3233173076923077 0.027644230769230768 0.1045673076923077
0 0.34134615384615385 0.31971153846153844 0.028846153846153848 0.109375
0 0.31009615384615385 0.32211538461538464 0.027644230769230768 0.10817307692307693
0 0.27884615384615385 0.3269230769230769 0.027644230769230768 0.1141826923076923
0 0.24639423076923078 0.3233173076923077 0.030048076923076924 0.1141826923076923
0 0.21514423076923078 0.33052884615384615 0.030048076923076924 0.11658653846153846
0 0.18509615384615385 0.3293269230769231 0.028846153846153848 0.10576923076923077
0 0.15504807692307693 0.328125 0.030048076923076924 0.11658653846153846
0 0.12379807692307693 0.32211538461538464 0.03125 0.11538461538461539
0 0.09254807692307693 0.33052884615384615 0.030048076923076924 0.10697115384615384
0 0.06009615384615385 0.32211538461538464 0.03245192307692308 0.0985576923076923
0 0.027644230769230768 0.31490384615384615 0.03485576923076923 0.10096153846153846
0 0.006009615384615385 0.2932692307692308 0.010817307692307692 0.0985576923076923
0 0.5973557692307693 0.5733173076923077 0.025240384615384616 0.10576923076923077
0 0.5673076923076923 0.5841346153846154 0.025240384615384616 0.1045673076923077
0 0.5348557692307693 0.5817307692307693 0.027644230769230768 0.10576923076923077
0 0.5012019230769231 0.5709134615384616 0.027644230769230768 0.11057692307692307
0 0.4699519230769231 0.5817307692307693 0.026442307692307692 0.11057692307692307
0 0.4387019230769231 0.5793269230769231 0.027644230769230768 0.10096153846153846
0 0.4050480769230769 0.578125 0.027644230769230768 0.109375
0 0.3737980769230769 0.5793269230769231 0.027644230769230768 0.10096153846153846
0 0.3425480769230769 0.5721153846153846 0.025240384615384616 0.1045673076923077
0 0.3112980769230769 0.5733173076923077 0.027644230769230768 0.0985576923076923
0 0.27884615384615385 0.578125 0.030048076923076924 0.10576923076923077
0 0.24519230769230768 0.5817307692307693 0.030048076923076924 0.11538461538461539
0 0.21514423076923078 0.5865384615384616 0.027644230769230768 0.1141826923076923
0 0.18509615384615385 0.5829326923076923 0.03245192307692308 0.11057692307692307
0 0.15504807692307693 0.5805288461538461 0.028846153846153848 0.109375
0 0.12379807692307693 0.5841346153846154 0.03245192307692308 0.1141826923076923
0 0.09134615384615384 0.5925480769230769 0.030048076923076924 0.10697115384615384
0 0.056490384615384616 0.5769230769230769 0.03365384615384615 0.10096153846153846
0 0.02403846153846154 0.5841346153846154 0.03485576923076923 0.10576923076923077
0 0.5973557692307693 0.7043269230769231 0.028846153846153848 0.10697115384615384
0 0.5649038461538461 0.7019230769230769 0.026442307692307692 0.1045673076923077
0 0.5348557692307693 0.7067307692307693 0.026442307692307692 0.10817307692307693
0 0.5036057692307693 0.6995192307692307 0.027644230769230768 0.10096153846153846
0 0.4699519230769231 0.7043269230769231 0.030048076923076924 0.10817307692307693
0 0.4362980769230769 0.7055288461538461 0.02403846153846154 0.1045673076923077
0 0.40625 0.6971153846153846 0.026442307692307692 0.11298076923076923
0 0.3737980769230769 0.6911057692307693 0.025240384615384616 0.10576923076923077
0 0.3425480769230769 0.6995192307692307 0.027644230769230768 0.11057692307692307
0 0.3112980769230769 0.7055288461538461 0.028846153846153848 0.10096153846153846
0 0.2800480769230769 0.7043269230769231 0.025240384615384616 0.10576923076923077
0 0.24879807692307693 0.7043269230769231 0.028846153846153848 0.11538461538461539
0 0.21634615384615385 0.7055288461538461 0.027644230769230768 0.11057692307692307
0 0.18389423076923078 0.703125 0.030048076923076924 0.11057692307692307
0 0.15264423076923078 0.7019230769230769 0.030048076923076924 0.10697115384615384
0 0.1201923076923077 0.7115384615384616 0.03245192307692308 0.11298076923076923
0 0.09014423076923077 0.7139423076923077 0.027644230769230768 0.1045673076923077
0 0.05889423076923077 0.7115384615384616 0.03485576923076923 0.1045673076923077
0 0.025240384615384616 0.7199519230769231 0.03245192307692308 0.10576923076923077
0 0.004807692307692308 0.6995192307692307 0.009615384615384616 0.11057692307692307
0 0.59375 0.9555288461538461 0.026442307692307692 0.08653846153846154
0 0.5625 0.9591346153846154 0.025240384615384616 0.07692307692307693
0 0.53125 0.9591346153846154 0.025240384615384616 0.07692307692307693
0 0.4987980769230769 0.9579326923076923 0.025240384615384616 0.08052884615384616
0 0.4675480769230769 0.9543269230769231 0.026442307692307692 0.08774038461538461
0 0.4362980769230769 0.953125 0.026442307692307692 0.09014423076923077
0 0.4014423076923077 0.9651442307692307 0.02403846153846154 0.06610576923076923
0 0.36899038461538464 0.9591346153846154 0.025240384615384616 0.078125
0 0.3425480769230769 0.9591346153846154 0.025240384615384616 0.07692307692307693
0 0.3088942307692308 0.9555288461538461 0.028846153846153848 0.08413461538461539
0 0.27524038461538464 0.9519230769230769 0.028846153846153848 0.09495192307692307
0 0.24639423076923078 0.9543269230769231 0.030048076923076924 0.08774038461538461
0 0.21514423076923078 0.9555288461538461 0.030048076923076924 0.08653846153846154
0 0.18269230769230768 0.9579326923076923 0.027644230769230768 0.08052884615384616
0 0.1502403846153846 0.9543269230769231 0.030048076923076924 0.0889423076923077
0 0.11658653846153846 0.9615384615384616 0.03485576923076923 0.07451923076923077
0 0.08413461538461539 0.9591346153846154 0.03245192307692308 0.078125
0 0.051682692307692304 0.9627403846153846 0.03485576923076923 0.07091346153846154
0 0.019230769230769232 0.9651442307692307 0.03365384615384615 0.06490384615384616
0 0.07211538461538461 0.04927884615384615 0.038461538461538464 0.0985576923076923
0 0.10336538461538461 0.04807692307692308 0.03365384615384615 0.09615384615384616
0 0.13822115384615385 0.051682692307692304 0.03245192307692308 0.10336538461538461
0 0.171875 0.04447115384615385 0.03245192307692308 0.0889423076923077
0 0.20192307692307693 0.054086538461538464 0.026442307692307692 0.10817307692307693
0 0.23317307692307693 0.04807692307692308 0.03365384615384615 0.09615384615384616
0 0.2668269230769231 0.052884615384615384 0.028846153846153848 0.10576923076923077
0 0.2980769230769231 0.04447115384615385 0.026442307692307692 0.0889423076923077
0 0.3269230769230769 0.039663461538461536 0.028846153846153848 0.07932692307692307
0 0.35697115384615385 0.040865384615384616 0.026442307692307692 0.08052884615384616
0 0.3894230769230769 0.039663461538461536 0.028846153846153848 0.07932692307692307
0 0.4230769230769231 0.04447115384615385 0.03365384615384615 0.0889423076923077
0 0.4543269230769231 0.04567307692307692 0.025240384615384616 0.09014423076923077
0 0.4855769230769231 0.040865384615384616 0.028846153846153848 0.08173076923076923
0 0.5168269230769231 0.051682692307692304 0.026442307692307692 0.10336538461538461
0 0.5492788461538461 0.05048076923076923 0.025240384615384616 0.10096153846153846
0 0.5817307692307693 0.04927884615384615 0.03365384615384615 0.0985576923076923
0 0.6129807692307693 0.04927884615384615 0.028846153846153848 0.0985576923076923
0 0.6418269230769231 0.052884615384615384 0.028846153846153848 0.10576923076923077
0 0.6706730769230769 0.051682692307692304 0.027644230769230768 0.10336538461538461
0 0.7007211538461539 0.05048076923076923 0.026442307692307692 0.09495192307692307
0 0.7307692307692307 0.06129807692307692 0.03245192307692308 0.10336538461538461
0 0.7620192307692307 0.06610576923076923 0.027644230769230768 0.10576923076923077
0 0.8161057692307693 0.06009615384615385 0.030048076923076924 0.109375
0 0.8449519230769231 0.07091346153846154 0.028846153846153848 0.09975961538461539
0 0.8762019230769231 0.06850961538461539 0.027644230769230768 0.1045673076923077
0 0.9050480769230769 0.06370192307692307 0.03125 0.11899038461538461
0 0.9326923076923077 0.06370192307692307 0.02403846153846154 0.1045673076923077
0 0.9603365384615384 0.06610576923076923 0.026442307692307692 0.0985576923076923
0 0.9867788461538461 0.06971153846153846 0.025240384615384616 0.09254807692307693
0 0.9939903846153846 0.31490384615384615 0.009615384615384616 0.09495192307692307
0 0.9759615384615384 0.31850961538461536 0.027644230769230768 0.09735576923076923
0 0.9483173076923077 0.3137019230769231 0.027644230769230768 0.10096153846153846
0 0.9206730769230769 0.3233173076923077 0.028846153846153848 0.10336538461538461
0 0.8930288461538461 0.3233173076923077 0.030048076923076924 0.09975961538461539
0 0.8653846153846154 0.3016826923076923 0.026442307692307692 0.09134615384615384
0 0.8365384615384616 0.3004807692307692 0.030048076923076924 0.10697115384615384
0 0.8100961538461539 0.30649038461538464 0.027644230769230768 0.10817307692307693
0 0.78125 0.30528846153846156 0.030048076923076924 0.1045673076923077
0 0.7524038461538461 0.3088942307692308 0.025240384615384616 0.10096153846153846
0 0.7223557692307693 0.30528846153846156 0.028846153846153848 0.10576923076923077
0 0.9927884615384616 0.5540865384615384 0.01201923076923077 0.12259615384615384
0 0.9723557692307693 0.5600961538461539 0.03125 0.1045673076923077
0 0.9447115384615384 0.5721153846153846 0.028846153846153848 0.10817307692307693
0 0.9182692307692307 0.5661057692307693 0.03245192307692308 0.10817307692307693
0 0.890625 0.5829326923076923 0.027644230769230768 0.10576923076923077
0 0.8629807692307693 0.5733173076923077 0.027644230769230768 0.1045673076923077
0 0.8377403846153846 0.5661057692307693 0.025240384615384616 0.11057692307692307
0 0.8088942307692307 0.5685096153846154 0.027644230769230768 0.1045673076923077
0 0.7800480769230769 0.5793269230769231 0.030048076923076924 0.10697115384615384
0 0.75 0.5649038461538461 0.027644230769230768 0.10697115384615384
0 0.71875 0.5625 0.030048076923076924 0.11057692307692307
0 0.7283653846153846 0.6682692307692307 0.06129807692307692 0.04807692307692308
0 0.7319711538461539 0.7223557692307693 0.06490384615384616 0.05048076923076923
0 0.7331730769230769 0.7776442307692307 0.05889423076923077 0.05048076923076923
0 0.7319711538461539 0.8305288461538461 0.06370192307692307 0.04447115384615385
0 0.7295673076923077 0.8834134615384616 0.06129807692307692 0.05048076923076923
0 0.7307692307692307 0.9387019230769231 0.06610576923076923 0.04807692307692308
0 0.734375 0.9855769230769231 0.06971153846153846 0.02403846153846154