0 0.3293269230769231 0.41947115384615385 0.04807692307692308 0.05048076923076923
0 0.4014423076923077 0.47115384615384615 0.051682692307692304 0.04807692307692308
0 0.4026442307692308 0.5276442307692307 0.06129807692307692 0.051682692307692304
0 0.3269230769230769 0.4735576923076923 0.06009615384615385 0.052884615384615384
0 0.40384615384615385 0.41586538461538464 0.05889423076923077 0.05048076923076923
0 0.18389423076923078 0.5180288461538461 0.06009615384615385 0.051682692307692304
0 0.11298076923076923 0.5180288461538461 0.06009615384615385 0.052884615384615384
0 0.109375 0.4639423076923077 0.054086538461538464 0.046875
0 0.18028846153846154 0.45913461538461536 0.055288461538461536 0.04807692307692308
0 0.3269230769230769 0.5300480769230769 0.0625 0.05048076923076923
0 0.3161057692307692 0.3581730769230769 0.0625 0.046875
0 0.4014423076923077 0.5925480769230769 0.06129807692307692 0.051682692307692304
0 0.3269230769230769 0.5877403846153846 0.056490384615384616 0.05048076923076923
0 0.3293269230769231 0.6466346153846154 0.057692307692307696 0.04807692307692308
0 0.4014423076923077 0.6490384615384616 0.06370192307692307 0.05048076923076923
0 0.4074519230769231 0.7079326923076923 0.06370192307692307 0.056490384615384616
0 0.3293269230769231 0.7067307692307693 0.06370192307692307 0.056490384615384616
0 0.4050480769230769 0.765625 0.06009615384615385 0.051682692307692304
0 0.328125 0.7620192307692307 0.05889423076923077 0.04807692307692308
0 0.40024038461538464 0.8221153846153846 0.05889423076923077 0.052884615384615384
0 0.40024038461538464 0.8774038461538461 0.057692307692307696 0.051682692307692304
0 0.40024038461538464 0.9362980769230769 0.06370192307692307 0.056490384615384616
0 0.40625 0.9831730769230769 0.06129807692307692 0.030048076923076924
0 0.3317307692307692 0.9795673076923077 0.0625 0.037259615384615384
0 0.33052884615384615 0.9338942307692307 0.052884615384615384 0.054086538461538464
0 0.3245192307692308 0.8762019230769231 0.05889423076923077 0.05889423076923077
0 0.3245192307692308 0.8185096153846154 0.0625 0.05048076923076923
0 0.18028846153846154 0.9723557692307693 0.054086538461538464 0.052884615384615384
0 0.10576923076923077 0.9735576923076923 0.06370192307692307 0.04807692307692308
0 0.18028846153846154 0.9194711538461539 0.05889423076923077 0.05048076923076923
0 0.10576923076923077 0.9170673076923077 0.0625 0.051682692307692304
0 0.17908653846153846 0.8629807692307693 0.0625 0.052884615384615384
0 0.109375 0.8569711538461539 0.06370192307692307 0.054086538461538464
0 0.18028846153846154 0.8040865384615384 0.06850961538461539 0.06129807692307692
0 0.17307692307692307 0.7475961538461539 0.056490384615384616 0.054086538461538464
0 0.1814903846153846 0.6887019230769231 0.05889423076923077 0.051682692307692304
0 0.1814903846153846 0.6322115384615384 0.055288461538461536 0.046875
0 0.18028846153846154 0.5745192307692307 0.06009615384615385 0.051682692307692304
0 0.1141826923076923 0.5733173076923077 0.06129807692307692 0.052884615384615384
0 0.109375 0.6310096153846154 0.057692307692307696 0.046875
0 0.109375 0.6887019230769231 0.05889423076923077 0.05048076923076923
0 0.10817307692307693 0.7439903846153846 0.06490384615384616 0.051682692307692304
0 0.10336538461538461 0.8028846153846154 0.056490384615384616 0.05048076923076923
0 0.17908653846153846 0.4050480769230769 0.056490384615384616 0.046875
0 0.11298076923076923 0.40384615384615385 0.06129807692307692 0.05048076923076923
0 0.004807692307692308 0.07692307692307693 0.009615384615384616 0.10697115384615384
0 0.004807692307692308 0.21754807692307693 0.008413461538461538 0.10817307692307693
0 0.10576923076923077 0.34615384615384615 0.054086538461538464 0.051682692307692304
0 0.1814903846153846 0.35096153846153844 0.06129807692307692 0.055288461538461536
0 0.11177884615384616 0.29447115384615385 0.06129807692307692 0.055288461538461536
0 0.1778846153846154 0.2956730769230769 0.057692307692307696 0.056490384615384616
0 0.1814903846153846 0.2403846153846154 0.056490384615384616 0.051682692307692304
0 0.11298076923076923 0.23557692307692307 0.052884615384615384 0.051682692307692304
0 0.18629807692307693 0.18509615384615385 0.057692307692307696 0.052884615384615384
0 0.11778846153846154 0.18509615384615385 0.06009615384615385 0.04807692307692308
0 0.11899038461538461 0.12860576923076922 0.055288461538461536 0.056490384615384616
0 0.19230769230769232 0.12740384615384615 0.05889423076923077 0.056490384615384616
0 0.19591346153846154 0.07091346153846154 0.06490384615384616 0.056490384615384616
0 0.19951923076923078 0.02403846153846154 0.0673076923076923 0.046875
0 0.12259615384615384 0.02283653846153846 0.0625 0.04567307692307692
0 0.12379807692307693 0.07091346153846154 0.06370192307692307 0.055288461538461536
0 0.2800480769230769 0.03485576923076923 0.026442307692307692 0.06971153846153846
0 0.3401442307692308 0.026442307692307692 0.05889423076923077 0.052884615384615384
0 0.41346153846153844 0.027644230769230768 0.0625 0.054086538461538464
0 0.3425480769230769 0.08052884615384616 0.0625 0.052884615384615384
0 0.4098557692307692 0.08052884615384616 0.056490384615384616 0.05048076923076923
0 0.4098557692307692 0.1346153846153846 0.06129807692307692 0.055288461538461536
0 0.4026442307692308 0.18990384615384615 0.056490384615384616 0.052884615384615384
0 0.4074519230769231 0.24278846153846154 0.06129807692307692 0.04807692307692308
0 0.33653846153846156 0.13221153846153846 0.05048076923076923 0.05048076923076923
0 0.3317307692307692 0.18509615384615385 0.06370192307692307 0.056490384615384616
0 0.34134615384615385 0.24639423076923078 0.05889423076923077 0.04807692307692308
0 0.33653846153846156 0.3004807692307692 0.06009615384615385 0.056490384615384616
0 0.40384615384615385 0.30288461538461536 0.052884615384615384 0.051682692307692304
0 0.4098557692307692 0.3629807692307692 0.06610576923076923 0.055288461538461536
0 0.5540865384615384 0.03485576923076923 0.05889423076923077 0.052884615384615384
0 0.6286057692307693 0.040865384615384616 0.057692307692307696 0.054086538461538464
0 0.6286057692307693 0.09254807692307693 0.06129807692307692 0.055288461538461536
0 0.5564903846153846 0.09134615384615384 0.06129807692307692 0.052884615384615384
0 0.5564903846153846 0.1466346153846154 0.057692307692307696 0.055288461538461536
0 0.5612980769230769 0.20432692307692307 0.055288461538461536 0.05048076923076923
0 0.6310096153846154 0.20432692307692307 0.05889423076923077 0.052884615384615384
0 0.6286057692307693 0.25721153846153844 0.057692307692307696 0.054086538461538464
0 0.625 0.3112980769230769 0.05048076923076923 0.04807692307692308
0 0.6310096153846154 0.3713942307692308 0.06009615384615385 0.054086538461538464
0 0.5588942307692307 0.25600961538461536 0.06129807692307692 0.05048076923076923
0 0.5564903846153846 0.3088942307692308 0.06370192307692307 0.054086538461538464
0 0.5564903846153846 0.36538461538461536 0.06129807692307692 0.052884615384615384
0 0.5528846153846154 0.4206730769230769 0.054086538461538464 0.051682692307692304
0 0.6286057692307693 0.4266826923076923 0.05889423076923077 0.051682692307692304
0 0.625 0.48197115384615385 0.06129807692307692 0.052884615384615384
0 0.5552884615384616 0.47836538461538464 0.05889423076923077 0.052884615384615384
0 0.5576923076923077 0.5408653846153846 0.0625 0.046875
0 0.6262019230769231 0.5420673076923077 0.06129807692307692 0.05048076923076923
0 0.6286057692307693 0.6009615384615384 0.06129807692307692 0.055288461538461536
0 0.625 0.6550480769230769 0.06009615384615385 0.04807692307692308
0 0.5552884615384616 0.5973557692307693 0.06610576923076923 0.056490384615384616
0 0.5564903846153846 0.6550480769230769 0.05889423076923077 0.051682692307692304
0 0.6298076923076923 0.7139423076923077 0.0625 0.054086538461538464
0 0.5552884615384616 0.7163461538461539 0.06370192307692307 0.052884615384615384
0 0.6286057692307693 0.7740384615384616 0.056490384615384616 0.05048076923076923
0 0.5552884615384616 0.7704326923076923 0.06009615384615385 0.052884615384615384
0 0.5528846153846154 0.8317307692307693 0.0625 0.052884615384615384
0 0.6237980769230769 0.8305288461538461 0.052884615384615384 0.052884615384615384
0 0.6286057692307693 0.8870192307692307 0.06129807692307692 0.05048076923076923
0 0.5588942307692307 0.8858173076923077 0.06490384615384616 0.05048076923076923
0 0.5588942307692307 0.9411057692307693 0.06370192307692307 0.056490384615384616
0 0.6213942307692307 0.9399038461538461 0.051682692307692304 0.046875
0 0.6262019230769231 0.9807692307692307 0.06370192307692307 0.03485576923076923
0 0.5564903846153846 0.9855769230769231 0.0625 0.02403846153846154
0 0.7764423076923077 0.984375 0.06129807692307692 0.027644230769230768
0 0.7824519230769231 0.9435096153846154 0.06370192307692307 0.056490384615384616
0 0.7848557692307693 0.8846153846153846 0.06610576923076923 0.052884615384615384
0 0.7836538461538461 0.8329326923076923 0.05048076923076923 0.046875
0 0.7872596153846154 0.7752403846153846 0.05889423076923077 0.046875
0 0.7848557692307693 0.7247596153846154 0.06129807692307692 0.054086538461538464
0 0.78125 0.6634615384615384 0.06370192307692307 0.052884615384615384
0 0.7836538461538461 0.6057692307692307 0.05889423076923077 0.051682692307692304
0 0.7836538461538461 0.546875 0.06129807692307692 0.05048076923076923
0 0.7836538461538461 0.49399038461538464 0.055288461538461536 0.05048076923076923
0 0.7872596153846154 0.4362980769230769 0.06850961538461539 0.051682692307692304
0 0.7824519230769231 0.38221153846153844 0.056490384615384616 0.051682692307692304
0 0.7848557692307693 0.33052884615384615 0.06370192307692307 0.054086538461538464
0 0.7860576923076923 0.27163461538461536 0.0625 0.051682692307692304
0 0.7848557692307693 0.21514423076923078 0.06610576923076923 0.055288461538461536
0 0.7824519230769231 0.16105769230769232 0.06009615384615385 0.052884615384615384
0 0.7824519230769231 0.10817307692307693 0.06129807692307692 0.052884615384615384
0 0.7824519230769231 0.055288461538461536 0.05889423076923077 0.04807692307692308
0 0.7788461538461539 0.014423076923076924 0.06129807692307692 0.027644230769230768