0 0.6262019230769231 0.09615384615384616 0.0625 0.05048076923076923
0 0.6322115384615384 0.16105769230769232 0.06129807692307692 0.05048076923076923
0 0.6394230769230769 0.21514423076923078 0.05889423076923077 0.04567307692307692
0 0.640625 0.27163461538461536 0.057692307692307696 0.046875
0 0.6430288461538461 0.3293269230769231 0.06009615384615385 0.05048076923076923
0 0.6394230769230769 0.38221153846153844 0.057692307692307696 0.05048076923076923
0 0.6334134615384616 0.43509615384615385 0.05889423076923077 0.046875
0 0.6574519230769231 0.49038461538461536 0.06009615384615385 0.051682692307692304
0 0.6346153846153846 0.546875 0.05889423076923077 0.04807692307692308
0 0.6514423076923077 0.6069711538461539 0.06370192307692307 0.051682692307692304
0 0.6490384615384616 0.6658653846153846 0.0625 0.05048076923076923
0 0.6442307692307693 0.7199519230769231 0.052884615384615384 0.04567307692307692
0 0.6418269230769231 0.7752403846153846 0.051682692307692304 0.04807692307692308
0 0.6478365384615384 0.8293269230769231 0.05889423076923077 0.04567307692307692
0 0.6454326923076923 0.8810096153846154 0.055288461538461536 0.04807692307692308
0 0.6502403846153846 0.9375 0.0625 0.05048076923076923
0 0.6526442307692307 0.9831730769230769 0.06129807692307692 0.030048076923076924
0 0.5276442307692307 0.2403846153846154 0.026442307692307692 0.10697115384615384
0 0.5276442307692307 0.35336538461538464 0.025240384615384616 0.09975961538461539
0 0.5348557692307693 0.4675480769230769 0.027644230769230768 0.1141826923076923
0 0.5348557692307693 0.5889423076923077 0.025240384615384616 0.11658653846153846
0 0.5348557692307693 0.7175480769230769 0.028846153846153848 0.11658653846153846
0 0.5384615384615384 0.8221153846153846 0.02403846153846154 0.09254807692307693
0 0.5408653846153846 0.9302884615384616 0.027644230769230768 0.109375
0 0.4807692307692308 0.20432692307692307 0.056490384615384616 0.06009615384615385
0 0.47596153846153844 0.2704326923076923 0.0625 0.051682692307692304
0 0.47716346153846156 0.328125 0.057692307692307696 0.051682692307692304
0 0.47596153846153844 0.38341346153846156 0.06009615384615385 0.04567307692307692
0 0.4807692307692308 0.4411057692307692 0.05889423076923077 0.052884615384615384
0 0.4855769230769231 0.4987980769230769 0.06009615384615385 0.052884615384615384
0 0.4831730769230769 0.5588942307692307 0.057692307692307696 0.05048076923076923
0 0.4831730769230769 0.6141826923076923 0.056490384615384616 0.04807692307692308
0 0.48197115384615385 0.671875 0.05889423076923077 0.05048076923076923
0 0.4855769230769231 0.7259615384615384 0.06490384615384616 0.052884615384615384
0 0.4891826923076923 0.7860576923076923 0.06129807692307692 0.054086538461538464
0 0.484375 0.8425480769230769 0.06370192307692307 0.055288461538461536
0 0.4855769230769231 0.8966346153846154 0.0625 0.04807692307692308
0 0.4879807692307692 0.9567307692307693 0.06129807692307692 0.05889423076923077
0 0.2932692307692308 0.09495192307692307 0.06009615384615385 0.055288461538461536
0 0.30528846153846156 0.15745192307692307 0.06129807692307692 0.052884615384615384
0 0.30288461538461536 0.21754807692307693 0.06610576923076923 0.054086538461538464
0 0.29086538461538464 0.2764423076923077 0.06129807692307692 0.051682692307692304
0 0.28966346153846156 0.33413461538461536 0.06370192307692307 0.04807692307692308
0 0.2956730769230769 0.3918269230769231 0.055288461538461536 0.04807692307692308
0 0.28725961538461536 0.45552884615384615 0.055288461538461536 0.04447115384615385
0 0.2920673076923077 0.5096153846153846 0.06370192307692307 0.04807692307692308
0 0.29086538461538464 0.5697115384615384 0.054086538461538464 0.054086538461538464
0 0.30408653846153844 0.6237980769230769 0.0625 0.052884615384615384
0 0.30528846153846156 0.6802884615384616 0.06009615384615385 0.055288461538461536
0 0.3004807692307692 0.7391826923076923 0.06370192307692307 0.051682692307692304
0 0.2980769230769231 0.796875 0.05889423076923077 0.051682692307692304
0 0.3004807692307692 0.8557692307692307 0.06370192307692307 0.052884615384615384
0 0.3004807692307692 0.9122596153846154 0.06610576923076923 0.054086538461538464
0 0.30288461538461536 0.9711538461538461 0.06610576923076923 0.054086538461538464