0 0.7175480769230769 0.12139423076923077 0.037259615384615384 0.13341346153846154
0 0.6778846153846154 0.109375 0.040865384615384616 0.14302884615384615
0 0.6358173076923077 0.12139423076923077 0.042067307692307696 0.15865384615384615
0 0.5901442307692307 0.10096153846153846 0.037259615384615384 0.15384615384615385
0 0.9471153846153846 0.6598557692307693 0.06850961538461539 0.12740384615384615
0 0.9723557692307693 0.6850961538461539 0.052884615384615384 0.1310096153846154
0 0.6538461538461539 0.5516826923076923 0.08173076923076923 0.10697115384615384
0 0.640625 0.6286057692307693 0.08653846153846154 0.10576923076923077
0 0.6225961538461539 0.6911057692307693 0.07932692307692307 0.09495192307692307
0 0.6045673076923077 0.7596153846153846 0.0889423076923077 0.10817307692307693
0 0.5877403846153846 0.828125 0.08774038461538461 0.11658653846153846
0 0.5504807692307693 0.9447115384615384 0.08653846153846154 0.10817307692307693
0 0.5216346153846154 0.9759615384615384 0.06610576923076923 0.04447115384615385
0 0.8197115384615384 0.8485576923076923 0.06850961538461539 0.14182692307692307
0 0.7704326923076923 0.9519230769230769 0.06850961538461539 0.09254807692307693
0 0.8533653846153846 0.8918269230769231 0.06971153846153846 0.14423076923076922
0 0.8137019230769231 0.9723557692307693 0.056490384615384616 0.051682692307692304
0 0.8882211538461539 0.9314903846153846 0.07211538461538461 0.13221153846153846
0 0.9206730769230769 0.9483173076923077 0.06610576923076923 0.09975961538461539