0 0.515625 0.6466346153846154 0.04927884615384615 0.10336538461538461
0 0.5456730769230769 0.671875 0.04567307692307692 0.09254807692307693
0 0.5721153846153846 0.7139423076923077 0.04807692307692308 0.1045673076923077
0 0.5973557692307693 0.7391826923076923 0.042067307692307696 0.08774038461538461
0 0.6237980769230769 0.7692307692307693 0.04927884615384615 0.109375
0 0.6514423076923077 0.8016826923076923 0.052884615384615384 0.109375
0 0.6754807692307693 0.8365384615384616 0.04326923076923077 0.1045673076923077
0 0.7019230769230769 0.8641826923076923 0.046875 0.10576923076923077
0 0.7259615384615384 0.8918269230769231 0.05048076923076923 0.10697115384615384
0 0.7487980769230769 0.921875 0.04807692307692308 0.09975961538461539
0 0.7740384615384616 0.953125 0.04807692307692308 0.09014423076923077
0 0.7992788461538461 0.9615384615384616 0.04807692307692308 0.07451923076923077
0 0.8293269230769231 0.9747596153846154 0.037259615384615384 0.04567307692307692
0 0.8557692307692307 0.9891826923076923 0.028846153846153848 0.019230769230769232
0 0.7211538461538461 0.9819711538461539 0.03485576923076923 0.03365384615384615
0 0.6911057692307693 0.9675480769230769 0.042067307692307696 0.06009615384615385
0 0.6658653846153846 0.9543269230769231 0.056490384615384616 0.08774038461538461
0 0.6382211538461539 0.9314903846153846 0.046875 0.09975961538461539
0 0.6117788461538461 0.9050480769230769 0.04447115384615385 0.09495192307692307
0 0.5877403846153846 0.8774038461538461 0.04567307692307692 0.10096153846153846
0 0.5612980769230769 0.8413461538461539 0.051682692307692304 0.10336538461538461
0 0.5384615384615384 0.8052884615384616 0.04447115384615385 0.09254807692307693
0 0.5649038461538461 0.5360576923076923 0.06610576923076923 0.07451923076923077
0 0.5973557692307693 0.42908653846153844 0.04807692307692308 0.1045673076923077
0 0.6274038461538461 0.46274038461538464 0.04927884615384615 0.10817307692307693
0 0.6550480769230769 0.4891826923076923 0.055288461538461536 0.109375
0 0.6766826923076923 0.5336538461538461 0.051682692307692304 0.10697115384615384
0 0.7067307692307693 0.5588942307692307 0.05048076923076923 0.10817307692307693
0 0.7307692307692307 0.5949519230769231 0.05048076923076923 0.1045673076923077
0 0.7572115384615384 0.6213942307692307 0.04927884615384615 0.10697115384615384
0 0.7824519230769231 0.6538461538461539 0.04567307692307692 0.09134615384615384
0 0.8076923076923077 0.6802884615384616 0.051682692307692304 0.10096153846153846
0 0.8317307692307693 0.7115384615384616 0.04567307692307692 0.09134615384615384
0 0.8557692307692307 0.7415865384615384 0.05048076923076923 0.10576923076923077
0 0.8810096153846154 0.7692307692307693 0.04807692307692308 0.10576923076923077
0 0.9002403846153846 0.8088942307692307 0.04447115384615385 0.10336538461538461
0 0.9290865384615384 0.8365384615384616 0.04807692307692308 0.09975961538461539
0 0.9543269230769231 0.8581730769230769 0.04326923076923077 0.0985576923076923
0 0.9723557692307693 0.8930288461538461 0.052884615384615384 0.1045673076923077
0 0.9855769230769231 0.9278846153846154 0.025240384615384616 0.07932692307692307
0 0.9903846153846154 0.9807692307692307 0.018028846153846152 0.036057692307692304
0 0.6346153846153846 0.3317307692307692 0.04326923076923077 0.1045673076923077
0 0.6634615384615384 0.35697115384615385 0.04567307692307692 0.10817307692307693
0 0.6887019230769231 0.3918269230769231 0.05048076923076923 0.11778846153846154
0 0.7151442307692307 0.43028846153846156 0.04807692307692308 0.10576923076923077
0 0.7439903846153846 0.4519230769230769 0.04807692307692308 0.11057692307692307
0 0.7716346153846154 0.4795673076923077 0.04567307692307692 0.09975961538461539
0 0.7944711538461539 0.515625 0.04326923076923077 0.09495192307692307
0 0.8161057692307693 0.5504807692307693 0.04567307692307692 0.09975961538461539
0 0.8473557692307693 0.5625 0.042067307692307696 0.09495192307692307
0 0.8677884615384616 0.6069711538461539 0.04807692307692308 0.10697115384615384
0 0.8918269230769231 0.6394230769230769 0.04326923076923077 0.10096153846153846
0 0.9146634615384616 0.6706730769230769 0.04326923076923077 0.09495192307692307
0 0.9399038461538461 0.7055288461538461 0.04326923076923077 0.10336538461538461
0 0.9627403846153846 0.7283653846153846 0.04807692307692308 0.10096153846153846
0 0.9795673076923077 0.765625 0.038461538461538464 0.10576923076923077
0 0.9903846153846154 0.8064903846153846 0.016826923076923076 0.042067307692307696
0 0.9855769230769231 0.4723557692307692 0.025240384615384616 0.08052884615384616
0 0.9723557692307693 0.4375 0.052884615384615384 0.109375
0 0.9423076923076923 0.4014423076923077 0.055288461538461536 0.10336538461538461
0 0.9026442307692307 0.3545673076923077 0.04567307692307692 0.09975961538461539
0 0.8329326923076923 0.2512019230769231 0.04326923076923077 0.0985576923076923
0 0.7956730769230769 0.2127403846153846 0.04927884615384615 0.10336538461538461
0 0.7560096153846154 0.16105769230769232 0.05048076923076923 0.10336538461538461
0 0.7199519230769231 0.10576923076923077 0.04807692307692308 0.10817307692307693
0 0.6790865384615384 0.06490384615384616 0.05048076923076923 0.11538461538461539
0 0.6322115384615384 0.039663461538461536 0.04326923076923077 0.07932692307692307
0 0.5817307692307693 0.013221153846153846 0.028846153846153848 0.026442307692307692
0 0.5384615384615384 0.10697115384615384 0.0625 0.08774038461538461
0 0.5060096153846154 0.17307692307692307 0.06129807692307692 0.08774038461538461
0 0.4639423076923077 0.31490384615384615 0.05889423076923077 0.0829326923076923
0 0.41346153846153844 0.45552884615384615 0.0673076923076923 0.08413461538461539
0 0.3870192307692308 0.5276442307692307 0.06610576923076923 0.0889423076923077
0 0.3581730769230769 0.5889423076923077 0.06009615384615385 0.08774038461538461
0 0.3449519230769231 0.6766826923076923 0.06009615384615385 0.08052884615384616