0 0.5625 0.3004807692307692 0.03365384615384615 0.13701923076923078
0 0.53125 0.5913461538461539 0.051682692307692304 0.1346153846153846
0 0.4951923076923077 0.5961538461538461 0.04807692307692308 0.13701923076923078
0 0.7331730769230769 0.30528846153846156 0.042067307692307696 0.15504807692307693
0 0.6033653846153846 0.2776442307692308 0.038461538461538464 0.13701923076923078
0 0.5204326923076923 0.27884615384615385 0.03485576923076923 0.14302884615384615
0 0.48197115384615385 0.2860576923076923 0.03485576923076923 0.1346153846153846
0 0.4411057692307692 0.2860576923076923 0.03485576923076923 0.14543269230769232
0 0.4543269230769231 0.5973557692307693 0.05048076923076923 0.13581730769230768
0 0.5805288461538461 0.5973557692307693 0.05048076923076923 0.13581730769230768
0 0.40024038461538464 0.29086538461538464 0.037259615384615384 0.14423076923076922
0 0.96875 0.8497596153846154 0.05889423076923077 0.1346153846153846
0 0.7355769230769231 0.8725961538461539 0.055288461538461536 0.13581730769230768
0 0.640625 0.8689903846153846 0.056490384615384616 0.140625
0 0.5961538461538461 0.8713942307692307 0.05048076923076923 0.1310096153846154
0 0.40024038461538464 0.8822115384615384 0.046875 0.13341346153846154
0 0.3581730769230769 0.8774038461538461 0.04807692307692308 0.12860576923076922
0 0.3088942307692308 0.8834134615384616 0.05048076923076923 0.13581730769230768
0 0.22235576923076922 0.8762019230769231 0.052884615384615384 0.125
0 0.17908653846153846 0.8641826923076923 0.05048076923076923 0.14423076923076922
0 0.13221153846153846 0.8762019230769231 0.055288461538461536 0.13221153846153846
0 0.3581730769230769 0.2800480769230769 0.03485576923076923 0.13942307692307693
0 0.31850961538461536 0.29086538461538464 0.036057692307692304 0.14423076923076922
0 0.27524038461538464 0.28365384615384615 0.03485576923076923 0.13581730769230768
0 0.23076923076923078 0.27403846153846156 0.03485576923076923 0.11899038461538461
0 0.19110576923076922 0.29086538461538464 0.037259615384615384 0.13942307692307693
0 0.14182692307692307 0.3004807692307692 0.040865384615384616 0.1310096153846154
0 0.140625 0.4495192307692308 0.04567307692307692 0.14423076923076922
0 0.20673076923076922 0.5925480769230769 0.04326923076923077 0.12259615384615384
0 0.24639423076923078 0.6081730769230769 0.05048076923076923 0.13581730769230768
0 0.2824519230769231 0.5925480769230769 0.04326923076923077 0.12259615384615384
0 0.7800480769230769 0.5949519230769231 0.04927884615384615 0.12860576923076922
0 0.8581730769230769 0.5925480769230769 0.04807692307692308 0.140625
0 0.8978365384615384 0.5985576923076923 0.04447115384615385 0.13221153846153846
0 0.9879807692307693 0.29447115384615385 0.02283653846153846 0.0829326923076923
0 0.9555288461538461 0.2932692307692308 0.038461538461538464 0.12860576923076922
0 0.9182692307692307 0.2920673076923077 0.039663461538461536 0.12620192307692307
0 0.8822115384615384 0.3125 0.038461538461538464 0.140625
0 0.8377403846153846 0.29447115384615385 0.038461538461538464 0.14903846153846154
0 0.8028846153846154 0.29447115384615385 0.036057692307692304 0.12379807692307693
0 0.7644230769230769 0.2956730769230769 0.03485576923076923 0.1346153846153846
0 0.6466346153846154 0.2860576923076923 0.03365384615384615 0.13341346153846154
0 0.6838942307692307 0.2932692307692308 0.036057692307692304 0.13341346153846154
0 0.4519230769230769 0.8762019230769231 0.05889423076923077 0.15985576923076922
0 0.05048076923076923 0.8497596153846154 0.054086538461538464 0.13341346153846154
0 0.09014423076923077 0.8641826923076923 0.055288461538461536 0.13341346153846154