0 0.6189903846153846 0.8185096153846154 0.03365384615384615 0.140625
0 0.5757211538461539 0.7944711538461539 0.037259615384615384 0.15144230769230768
0 0.5372596153846154 0.8040865384615384 0.036057692307692304 0.14182692307692307
0 0.6634615384615384 0.7944711538461539 0.038461538461538464 0.14543269230769232
0 0.5865384615384616 0.46274038461538464 0.08173076923076923 0.06370192307692307
0 0.49038461538461536 0.8040865384615384 0.03365384615384615 0.1502403846153846
0 0.4495192307692308 0.8137019230769231 0.042067307692307696 0.14543269230769232
0 0.4050480769230769 0.8064903846153846 0.036057692307692304 0.15504807692307693
0 0.3629807692307692 0.8197115384615384 0.036057692307692304 0.15504807692307693
0 0.31971153846153844 0.8088942307692307 0.038461538461538464 0.14423076923076922
0 0.27283653846153844 0.8004807692307693 0.038461538461538464 0.13581730769230768
0 0.22956730769230768 0.8125 0.042067307692307696 0.1466346153846154
0 0.17908653846153846 0.8245192307692307 0.042067307692307696 0.14182692307692307
0 0.4362980769230769 0.45552884615384615 0.07932692307692307 0.06370192307692307
0 0.3401442307692308 0.45552884615384615 0.08413461538461539 0.06009615384615385
0 0.23076923076923078 0.46274038461538464 0.09014423076923077 0.06129807692307692
0 0.040865384615384616 0.4735576923076923 0.08173076923076923 0.07211538461538461
0 0.9495192307692307 0.45913461538461536 0.07572115384615384 0.07091346153846154
0 0.9807692307692307 0.7764423076923077 0.037259615384615384 0.1310096153846154
0 0.9447115384615384 0.8028846153846154 0.04447115384615385 0.14302884615384615
0 0.8990384615384616 0.7872596153846154 0.039663461538461536 0.15865384615384615
0 0.8617788461538461 0.7908653846153846 0.038461538461538464 0.1310096153846154
0 0.8245192307692307 0.7944711538461539 0.038461538461538464 0.14182692307692307
0 0.7908653846153846 0.8185096153846154 0.04807692307692308 0.1778846153846154
0 0.7415865384615384 0.8016826923076923 0.036057692307692304 0.14182692307692307
0 0.7043269230769231 0.7944711538461539 0.03485576923076923 0.14182692307692307
0 0.18028846153846154 0.953125 0.04567307692307692 0.09014423076923077