0 0.7259615384615384 0.8197115384615384 0.046875 0.16826923076923078
0 0.6706730769230769 0.8317307692307693 0.04447115384615385 0.16706730769230768
0 0.6189903846153846 0.8221153846153846 0.040865384615384616 0.16826923076923078
0 0.5697115384615384 0.8137019230769231 0.040865384615384616 0.15985576923076922
0 0.5216346153846154 0.8016826923076923 0.04326923076923077 0.17668269230769232
0 0.4723557692307692 0.7860576923076923 0.040865384615384616 0.15865384615384615
0 0.4206730769230769 0.7584134615384616 0.042067307692307696 0.1814903846153846
0 0.36538461538461536 0.7932692307692307 0.042067307692307696 0.18028846153846154
0 0.31490384615384615 0.7824519230769231 0.040865384615384616 0.1814903846153846
0 0.2692307692307692 0.765625 0.04326923076923077 0.171875
0 0.12379807692307693 0.7475961538461539 0.04807692307692308 0.15384615384615385
0 0.08052884615384616 0.7475961538461539 0.05048076923076923 0.1622596153846154
0 0.026442307692307692 0.7512019230769231 0.052884615384615384 0.1658653846153846
0 0.7752403846153846 0.8064903846153846 0.04807692307692308 0.19591346153846154
0 0.8245192307692307 0.8317307692307693 0.04807692307692308 0.17067307692307693
0 0.8786057692307693 0.8329326923076923 0.04567307692307692 0.15384615384615385
0 0.9290865384615384 0.7884615384615384 0.05048076923076923 0.171875
0 0.9783653846153846 0.828125 0.040865384615384616 0.18389423076923078