0 0.47475961538461536 0.21634615384615385 0.038461538461538464 0.16105769230769232
0 0.5252403846153846 0.22355769230769232 0.038461538461538464 0.16706730769230768
0 0.5745192307692307 0.23197115384615385 0.040865384615384616 0.1658653846153846
0 0.6346153846153846 0.6766826923076923 0.040865384615384616 0.15985576923076922
0 0.4182692307692308 0.23076923076923078 0.040865384615384616 0.1622596153846154
0 0.5721153846153846 0.6899038461538461 0.040865384615384616 0.16826923076923078
0 0.5180288461538461 0.6935096153846154 0.037259615384615384 0.140625
0 0.3713942307692308 0.2247596153846154 0.040865384615384616 0.15504807692307693
0 0.32211538461538464 0.22956730769230768 0.038461538461538464 0.13701923076923078
0 0.27403846153846156 0.2439903846153846 0.04447115384615385 0.16826923076923078
0 0.4723557692307692 0.6682692307692307 0.04326923076923077 0.17307692307692307
0 0.4206730769230769 0.6971153846153846 0.040865384615384616 0.1622596153846154
0 0.3701923076923077 0.6875 0.038461538461538464 0.171875
0 0.31971153846153844 0.7019230769230769 0.042067307692307696 0.17668269230769232
0 0.27163461538461536 0.6995192307692307 0.042067307692307696 0.17067307692307693
0 0.21394230769230768 0.6971153846153846 0.06009615384615385 0.2620192307692308
0 0.0829326923076923 0.6995192307692307 0.051682692307692304 0.1622596153846154
0 0.039663461538461536 0.6682692307692307 0.05048076923076923 0.16826923076923078
0 0.17908653846153846 0.25 0.04567307692307692 0.16947115384615385
0 0.1310096153846154 0.2512019230769231 0.04807692307692308 0.15865384615384615
0 0.08413461538461539 0.21514423076923078 0.04807692307692308 0.16105769230769232
0 0.036057692307692304 0.22235576923076922 0.04567307692307692 0.15504807692307693
0 0.008413461538461538 0.21634615384615385 0.016826923076923076 0.15865384615384615