0 0.6502403846153846 0.018028846153846152 0.03125 0.036057692307692304
0 0.6454326923076923 0.2860576923076923 0.03245192307692308 0.11057692307692307
0 0.6418269230769231 0.43149038461538464 0.028846153846153848 0.10817307692307693
0 0.6370192307692307 0.5649038461538461 0.030048076923076924 0.10817307692307693
0 0.6370192307692307 0.7151442307692307 0.030048076923076924 0.1141826923076923
0 0.6598557692307693 0.8425480769230769 0.038461538461538464 0.11538461538461539
0 0.6298076923076923 0.9735576923076923 0.026442307692307692 0.05048076923076923
0 0.49038461538461536 0.021634615384615384 0.0673076923076923 0.04326923076923077
0 0.4963942307692308 0.078125 0.055288461538461536 0.04807692307692308
0 0.5060096153846154 0.13221153846153846 0.04447115384615385 0.046875
0 0.5024038461538461 0.18870192307692307 0.052884615384615384 0.054086538461538464
0 0.49759615384615385 0.3016826923076923 0.056490384615384616 0.05048076923076923
0 0.4879807692307692 0.3629807692307692 0.05889423076923077 0.052884615384615384
0 0.49278846153846156 0.5949519230769231 0.052884615384615384 0.04567307692307692
0 0.4879807692307692 0.7620192307692307 0.05889423076923077 0.04807692307692308
0 0.4807692307692308 0.9350961538461539 0.05889423076923077 0.054086538461538464
0 0.484375 0.9831730769230769 0.05889423076923077 0.028846153846153848
0 0.36177884615384615 0.13341346153846154 0.056490384615384616 0.06971153846153846
0 0.36538461538461536 0.1935096153846154 0.057692307692307696 0.06850961538461539
0 0.35096153846153844 0.5456730769230769 0.06009615384615385 0.06610576923076923
0 0.34975961538461536 0.6622596153846154 0.06490384615384616 0.07211538461538461
0 0.23557692307692307 0.02283653846153846 0.0625 0.04567307692307692
0 0.23798076923076922 0.08052884615384616 0.0625 0.08052884615384616
0 0.23557692307692307 0.14302884615384615 0.06129807692307692 0.07932692307692307
0 0.23317307692307693 0.20432692307692307 0.056490384615384616 0.07932692307692307
0 0.23076923076923078 0.2800480769230769 0.06009615384615385 0.06850961538461539
0 0.23317307692307693 0.3449519230769231 0.06490384615384616 0.07451923076923077
0 0.2247596153846154 0.40384615384615385 0.06129807692307692 0.07091346153846154
0 0.22596153846153846 0.4639423076923077 0.06009615384615385 0.0829326923076923
0 0.22716346153846154 0.5348557692307693 0.06610576923076923 0.06971153846153846
0 0.22596153846153846 0.6033653846153846 0.0673076923076923 0.08653846153846154
0 0.2247596153846154 0.6754807692307693 0.06370192307692307 0.06610576923076923
0 0.22235576923076922 0.7391826923076923 0.06370192307692307 0.07692307692307693
0 0.22235576923076922 0.8064903846153846 0.06129807692307692 0.0829326923076923
0 0.21634615384615385 0.8713942307692307 0.06610576923076923 0.09495192307692307
0 0.2127403846153846 0.9278846153846154 0.06370192307692307 0.08173076923076923
0 0.21754807692307693 0.9795673076923077 0.0625 0.038461538461538464