0 0.6538461538461539 0.11658653846153846 0.028846153846153848 0.11538461538461539
0 0.6502403846153846 0.2668269230769231 0.028846153846153848 0.11658653846153846
0 0.6466346153846154 0.39903846153846156 0.03125 0.11658653846153846
0 0.6502403846153846 0.5480769230769231 0.03125 0.11778846153846154
0 0.6730769230769231 0.7788461538461539 0.04807692307692308 0.1141826923076923
0 0.8161057692307693 0.9447115384615384 0.05889423076923077 0.055288461538461536
0 0.6442307692307693 0.8473557692307693 0.027644230769230768 0.11538461538461539
0 0.6358173076923077 0.9735576923076923 0.027644230769230768 0.04807692307692308
0 0.5084134615384616 0.02403846153846154 0.055288461538461536 0.046875
0 0.5060096153846154 0.13701923076923078 0.056490384615384616 0.055288461538461536
0 0.49399038461538464 0.19951923076923078 0.06009615384615385 0.06009615384615385
0 0.5036057692307693 0.4338942307692308 0.054086538461538464 0.052884615384615384
0 0.49759615384615385 0.6069711538461539 0.06370192307692307 0.052884615384615384
0 0.49399038461538464 0.7752403846153846 0.056490384615384616 0.04567307692307692
0 0.4963942307692308 0.8341346153846154 0.056490384615384616 0.04447115384615385
0 0.4963942307692308 0.8930288461538461 0.05889423076923077 0.05048076923076923
0 0.4987980769230769 0.9483173076923077 0.056490384615384616 0.04567307692307692
0 0.49399038461538464 0.9891826923076923 0.05889423076923077 0.019230769230769232
0 0.36899038461538464 0.03125 0.0625 0.0625
0 0.3581730769230769 0.3894230769230769 0.06009615384615385 0.06971153846153846
0 0.3581730769230769 0.5036057692307693 0.06370192307692307 0.08413461538461539
0 0.35216346153846156 0.9134615384615384 0.06009615384615385 0.0733173076923077
0 0.22596153846153846 0.921875 0.054086538461538464 0.06850961538461539
0 0.21995192307692307 0.9735576923076923 0.06009615384615385 0.05048076923076923
0 0.22716346153846154 0.8485576923076923 0.06370192307692307 0.08052884615384616
0 0.22115384615384615 0.7764423076923077 0.0673076923076923 0.08052884615384616
0 0.22596153846153846 0.7163461538461539 0.06490384615384616 0.0889423076923077
0 0.23076923076923078 0.6538461538461539 0.06370192307692307 0.07932692307692307
0 0.23076923076923078 0.5829326923076923 0.06971153846153846 0.08052884615384616
0 0.23557692307692307 0.5192307692307693 0.056490384615384616 0.07211538461538461
0 0.23317307692307693 0.44711538461538464 0.06610576923076923 0.07932692307692307
0 0.234375 0.3762019230769231 0.06610576923076923 0.06971153846153846
0 0.23076923076923078 0.30528846153846156 0.0625 0.08774038461538461
0 0.23317307692307693 0.24879807692307693 0.06370192307692307 0.07692307692307693
0 0.23798076923076922 0.18509615384615385 0.06370192307692307 0.08173076923076923
0 0.23557692307692307 0.12379807692307693 0.06370192307692307 0.06971153846153846
0 0.23557692307692307 0.040865384615384616 0.05889423076923077 0.08052884615384616