0 0.6213942307692307 0.20552884615384615 0.03245192307692308 0.125
0 0.5793269230769231 0.19591346153846154 0.03125 0.12740384615384615
0 0.5396634615384616 0.19591346153846154 0.028846153846153848 0.08052884615384616
0 0.4987980769230769 0.19471153846153846 0.03485576923076923 0.13221153846153846
0 0.45913461538461536 0.1935096153846154 0.03485576923076923 0.13221153846153846
0 0.7259615384615384 0.5324519230769231 0.046875 0.12620192307692307
0 0.5997596153846154 0.5216346153846154 0.04807692307692308 0.13221153846153846
0 0.6442307692307693 0.5168269230769231 0.05048076923076923 0.14182692307692307
0 0.4182692307692308 0.21514423076923078 0.038461538461538464 0.140625
0 0.6430288461538461 0.7920673076923077 0.05889423076923077 0.13942307692307693
0 0.765625 0.5240384615384616 0.04326923076923077 0.1346153846153846
0 0.43149038461538464 0.515625 0.04326923076923077 0.13581730769230768
0 0.4987980769230769 0.7800480769230769 0.06370192307692307 0.15504807692307693
0 0.5408653846153846 0.7872596153846154 0.051682692307692304 0.12620192307692307
0 0.7379807692307693 0.7764423076923077 0.05889423076923077 0.1346153846153846
0 0.7752403846153846 0.7932692307692307 0.05048076923076923 0.12379807692307693
0 0.6862980769230769 0.7884615384615384 0.057692307692307696 0.1346153846153846
0 0.38822115384615385 0.5060096153846154 0.04807692307692308 0.14423076923076922
0 0.30649038461538464 0.5072115384615384 0.05048076923076923 0.1346153846153846
0 0.056490384615384616 0.19110576923076922 0.039663461538461536 0.13942307692307693
0 0.2548076923076923 0.7836538461538461 0.055288461538461536 0.1346153846153846
0 0.6610576923076923 0.20192307692307693 0.03485576923076923 0.13942307692307693
0 0.8846153846153846 0.515625 0.05048076923076923 0.1310096153846154
0 0.8425480769230769 0.5096153846153846 0.04807692307692308 0.14903846153846154
0 0.8040865384615384 0.5120192307692307 0.04807692307692308 0.13221153846153846
0 0.9807692307692307 0.8088942307692307 0.03485576923076923 0.14423076923076922
0 0.953125 0.8016826923076923 0.052884615384615384 0.12259615384615384
0 0.9170673076923077 0.7932692307692307 0.06610576923076923 0.14423076923076922
0 0.8653846153846154 0.7932692307692307 0.06610576923076923 0.14423076923076922
0 0.8197115384615384 0.7860576923076923 0.055288461538461536 0.12139423076923077
0 0.6995192307692307 0.20552884615384615 0.03245192307692308 0.13221153846153846
0 0.7403846153846154 0.21754807692307693 0.03245192307692308 0.10576923076923077
0 0.7776442307692307 0.2127403846153846 0.036057692307692304 0.12379807692307693
0 0.8185096153846154 0.22235576923076922 0.037259615384615384 0.13701923076923078
0 0.10576923076923077 0.5036057692307693 0.055288461538461536 0.13221153846153846
0 0.06129807692307692 0.4987980769230769 0.055288461538461536 0.13341346153846154
0 0.026442307692307692 0.5012019230769231 0.052884615384615384 0.1346153846153846
0 0.1658653846153846 0.7764423076923077 0.056490384615384616 0.14423076923076922
0 0.12139423076923077 0.7716346153846154 0.056490384615384616 0.12860576923076922
0 0.008413461538461538 0.7487980769230769 0.016826923076923076 0.10336538461538461
0 0.8581730769230769 0.21634615384615385 0.037259615384615384 0.13942307692307693
0 0.8954326923076923 0.2091346153846154 0.03485576923076923 0.13221153846153846
0 0.9338942307692307 0.22355769230769232 0.038461538461538464 0.12379807692307693
0 0.9723557692307693 0.23317307692307693 0.036057692307692304 0.12740384615384615
0 0.019230769230769232 0.19831730769230768 0.038461538461538464 0.1346153846153846
0 0.1346153846153846 0.18990384615384615 0.037259615384615384 0.13221153846153846
0 0.09495192307692307 0.21514423076923078 0.037259615384615384 0.13221153846153846
0 0.17668269230769232 0.19951923076923078 0.036057692307692304 0.1310096153846154
0 0.24879807692307693 0.2127403846153846 0.04447115384615385 0.15384615384615385
0 0.2127403846153846 0.203125 0.03245192307692308 0.1346153846153846
0 0.3713942307692308 0.19831730769230768 0.036057692307692304 0.15264423076923078
0 0.3317307692307692 0.1971153846153846 0.03245192307692308 0.12620192307692307
0 0.29447115384615385 0.20192307692307693 0.03485576923076923 0.13341346153846154