0 0.8653846153846154 0.6105769230769231 0.05048076923076923 0.17548076923076922
0 0.3137019230769231 0.7872596153846154 0.04807692307692308 0.1658653846153846
0 0.265625 0.8052884615384616 0.04927884615384615 0.15865384615384615
0 0.36899038461538464 0.37259615384615385 0.046875 0.15985576923076922
0 0.3245192307692308 0.37740384615384615 0.04326923076923077 0.16346153846153846
0 0.2776442307692308 0.3870192307692308 0.046875 0.16105769230769232
0 0.6838942307692307 0.6466346153846154 0.04807692307692308 0.1346153846153846
0 0.6370192307692307 0.6778846153846154 0.052884615384615384 0.13221153846153846
0 0.9098557692307693 0.6009615384615384 0.04807692307692308 0.15264423076923078
0 0.23677884615384615 0.4026442307692308 0.04807692307692308 0.13701923076923078
0 0.19471153846153846 0.42908653846153844 0.04447115384615385 0.1310096153846154
0 0.14903846153846154 0.4519230769230769 0.055288461538461536 0.14903846153846154
0 0.10576923076923077 0.4879807692307692 0.04326923076923077 0.12620192307692307
0 0.06129807692307692 0.4723557692307692 0.054086538461538464 0.16346153846153846
0 0.4098557692307692 0.7512019230769231 0.054086538461538464 0.1622596153846154
0 0.35216346153846156 0.7704326923076923 0.042067307692307696 0.15865384615384615
0 0.18028846153846154 0.8209134615384616 0.040865384615384616 0.13221153846153846
0 0.1346153846153846 0.8317307692307693 0.040865384615384616 0.1658653846153846
0 0.8221153846153846 0.6322115384615384 0.052884615384615384 0.15504807692307693
0 0.7764423076923077 0.6310096153846154 0.052884615384615384 0.1466346153846154
0 0.7331730769230769 0.6430288461538461 0.04447115384615385 0.13701923076923078
0 0.9591346153846154 0.5540865384615384 0.05048076923076923 0.14903846153846154
0 0.9867788461538461 0.5637019230769231 0.021634615384615384 0.16105769230769232
0 0.5528846153846154 0.3125 0.04567307692307692 0.14423076923076922
0 0.6033653846153846 0.3088942307692308 0.04927884615384615 0.16105769230769232
0 0.6502403846153846 0.2764423076923077 0.046875 0.15264423076923078
0 0.6971153846153846 0.2620192307692308 0.04447115384615385 0.14423076923076922
0 0.7391826923076923 0.25600961538461536 0.04567307692307692 0.14903846153846154
0 0.7824519230769231 0.25 0.05048076923076923 0.1502403846153846
0 0.8293269230769231 0.2403846153846154 0.05048076923076923 0.16105769230769232
0 0.8737980769230769 0.21995192307692307 0.052884615384615384 0.15504807692307693
0 0.9134615384615384 0.2127403846153846 0.04927884615384615 0.14903846153846154
0 0.9639423076923077 0.22235576923076922 0.046875 0.14903846153846154
0 0.9879807692307693 0.1814903846153846 0.021634615384615384 0.1502403846153846
0 0.8605769230769231 0.055288461538461536 0.09014423076923077 0.11057692307692307
0 0.7644230769230769 0.07692307692307693 0.04447115384615385 0.1466346153846154
0 0.7235576923076923 0.08653846153846154 0.05048076923076923 0.14543269230769232
0 0.6778846153846154 0.0985576923076923 0.051682692307692304 0.1502403846153846
0 0.6310096153846154 0.109375 0.04807692307692308 0.1466346153846154
0 0.5817307692307693 0.11899038461538461 0.05048076923076923 0.14903846153846154
0 0.5360576923076923 0.13581730769230768 0.04567307692307692 0.14543269230769232
0 0.3545673076923077 0.15985576923076922 0.04447115384615385 0.1466346153846154
0 0.5036057692307693 0.5480769230769231 0.0733173076923077 0.06370192307692307
0 0.3112980769230769 0.20673076923076922 0.04807692307692308 0.15264423076923078
0 0.2668269230769231 0.21514423076923078 0.04326923076923077 0.14903846153846154
0 0.22596153846153846 0.23918269230769232 0.04326923076923077 0.14182692307692307
0 0.17908653846153846 0.24759615384615385 0.042067307692307696 0.15384615384615385
0 0.13942307692307693 0.2620192307692308 0.04807692307692308 0.15264423076923078
0 0.09495192307692307 0.28365384615384615 0.04807692307692308 0.14423076923076922
0 0.055288461538461536 0.2920673076923077 0.04567307692307692 0.14543269230769232
0 0.015625 0.3137019230769231 0.03125 0.1466346153846154
0 0.025240384615384616 0.47596153846153844 0.05048076923076923 0.14543269230769232