0 0.37740384615384615 0.6165865384615384 0.046875 0.15985576923076922
0 0.3329326923076923 0.6225961538461539 0.04326923076923077 0.16346153846153846
0 0.2860576923076923 0.6322115384615384 0.046875 0.16105769230769232
0 0.6911057692307693 0.8918269230769231 0.04807692307692308 0.1346153846153846
0 0.6442307692307693 0.921875 0.052884615384615384 0.13221153846153846
0 0.7848557692307693 0.875 0.052884615384615384 0.1466346153846154
0 0.7415865384615384 0.8870192307692307 0.04447115384615385 0.13701923076923078
0 0.5612980769230769 0.5564903846153846 0.04567307692307692 0.14423076923076922
0 0.6105769230769231 0.5528846153846154 0.04927884615384615 0.16105769230769232
0 0.6574519230769231 0.5204326923076923 0.046875 0.15264423076923078
0 0.7043269230769231 0.5072115384615384 0.04447115384615385 0.14423076923076922
0 0.7463942307692307 0.5 0.04567307692307692 0.14903846153846154
0 0.7908653846153846 0.49399038461538464 0.05048076923076923 0.1502403846153846
0 0.8377403846153846 0.484375 0.05048076923076923 0.16105769230769232
0 0.8822115384615384 0.4639423076923077 0.052884615384615384 0.15504807692307693
0 0.6862980769230769 0.3425480769230769 0.051682692307692304 0.1502403846153846
0 0.6394230769230769 0.3545673076923077 0.04807692307692308 0.1466346153846154
0 0.5901442307692307 0.3641826923076923 0.05048076923076923 0.14903846153846154
0 0.5432692307692307 0.38100961538461536 0.04567307692307692 0.14543269230769232
0 0.53125 0.7944711538461539 0.07451923076923077 0.0625
0 0.7319711538461539 0.33052884615384615 0.04807692307692308 0.14423076923076922
0 0.7752403846153846 0.32091346153846156 0.04326923076923077 0.1466346153846154
0 0.8701923076923077 0.2860576923076923 0.09014423076923077 0.1346153846153846
0 0.3629807692307692 0.3942307692307692 0.04567307692307692 0.15144230769230768
0 0.31971153846153844 0.44711538461538464 0.05048076923076923 0.1502403846153846
0 0.27403846153846156 0.4519230769230769 0.04567307692307692 0.15504807692307693
0 0.23197115384615385 0.47475961538461536 0.04567307692307692 0.14903846153846154
0 0.18509615384615385 0.4795673076923077 0.04567307692307692 0.1622596153846154
0 0.14543269230769232 0.4963942307692308 0.04807692307692308 0.15865384615384615
0 0.10336538461538461 0.5144230769230769 0.046875 0.14543269230769232
0 0.0625 0.5192307692307693 0.04326923076923077 0.14543269230769232
0 0.021634615384615384 0.5408653846153846 0.042067307692307696 0.13942307692307693
0 0.24639423076923078 0.6346153846153846 0.04447115384615385 0.14302884615384615
0 0.20673076923076922 0.6574519230769231 0.04807692307692308 0.12620192307692307
0 0.1622596153846154 0.6778846153846154 0.054086538461538464 0.14302884615384615
0 0.11899038461538461 0.7127403846153846 0.04447115384615385 0.11899038461538461
0 0.07692307692307693 0.6971153846153846 0.052884615384615384 0.16105769230769232
0 0.03245192307692308 0.7043269230769231 0.052884615384615384 0.14543269230769232
0 0.9182692307692307 0.4495192307692308 0.05048076923076923 0.1466346153846154
0 0.9651442307692307 0.4639423076923077 0.04927884615384615 0.15384615384615385
0 0.7151442307692307 0.09014423076923077 0.07692307692307693 0.12139423076923077
0 0.9891826923076923 0.8040865384615384 0.020432692307692308 0.15384615384615385
0 0.4182692307692308 0.9519230769230769 0.046875 0.09254807692307693
0 0.36538461538461536 0.9591346153846154 0.040865384615384616 0.07692307692307693
0 0.32091346153846156 0.9663461538461539 0.037259615384615384 0.06370192307692307
0 0.2764423076923077 0.9759615384615384 0.03245192307692308 0.04447115384615385
0 0.234375 0.9819711538461539 0.042067307692307696 0.03245192307692308
0 0.1935096153846154 0.9879807692307693 0.039663461538461536 0.020432692307692308
0 0.1466346153846154 0.9855769230769231 0.04326923076923077 0.02403846153846154
0 0.03245192307692308 0.16105769230769232 0.052884615384615384 0.13942307692307693
0 0.010817307692307692 0.18629807692307693 0.021634615384615384 0.13701923076923078
0 0.07451923076923077 0.1466346153846154 0.054086538461538464 0.14302884615384615
0 0.12139423076923077 0.1346153846153846 0.051682692307692304 0.140625
0 0.203125 0.09495192307692307 0.04567307692307692 0.12379807692307693
0 0.24879807692307693 0.0829326923076923 0.04326923076923077 0.125
0 0.28846153846153844 0.07572115384615384 0.052884615384615384 0.15144230769230768
0 0.3329326923076923 0.057692307692307696 0.042067307692307696 0.11538461538461539
0 0.41225961538461536 0.052884615384615384 0.04567307692307692 0.10576923076923077
0 0.46033653846153844 0.05048076923076923 0.038461538461538464 0.09975961538461539
0 0.5048076923076923 0.039663461538461536 0.04807692307692308 0.07932692307692307
0 0.5793269230769231 0.040865384615384616 0.08653846153846154 0.08173076923076923
0 0.9891826923076923 0.4206730769230769 0.019230769230769232 0.13942307692307693
0 0.8245192307692307 0.8725961538461539 0.04807692307692308 0.15865384615384615
0 0.8677884615384616 0.8473557692307693 0.05048076923076923 0.1778846153846154
0 0.9122596153846154 0.8401442307692307 0.04927884615384615 0.16105769230769232
0 0.9591346153846154 0.7944711538461539 0.052884615384615384 0.14182692307692307