0 0.13942307692307693 0.027644230769230768 0.057692307692307696 0.054086538461538464
0 0.2439903846153846 0.6935096153846154 0.054086538461538464 0.09615384615384616
0 0.29447115384615385 0.7836538461538461 0.056490384615384616 0.09615384615384616
0 0.13701923076923078 0.515625 0.05889423076923077 0.09495192307692307
0 0.08653846153846154 0.4254807692307692 0.05889423076923077 0.09735576923076923
0 0.10336538461538461 0.375 0.056490384615384616 0.09495192307692307
0 0.12620192307692307 0.3329326923076923 0.055288461538461536 0.09735576923076923
0 0.1502403846153846 0.2932692307692308 0.052884615384615384 0.09615384615384616
0 0.171875 0.25841346153846156 0.052884615384615384 0.09254807692307693
0 0.19471153846153846 0.21754807692307693 0.05048076923076923 0.0889423076923077
0 0.21394230769230768 0.17548076923076922 0.04807692307692308 0.08774038461538461
0 0.3317307692307692 0.1502403846153846 0.052884615384615384 0.09254807692307693
0 0.3088942307692308 0.1875 0.05048076923076923 0.0889423076923077
0 0.2848557692307692 0.22235576923076922 0.05048076923076923 0.09014423076923077
0 0.26322115384615385 0.2608173076923077 0.04807692307692308 0.0889423076923077
0 0.24519230769230768 0.3088942307692308 0.04927884615384615 0.09615384615384616
0 0.21754807692307693 0.34134615384615385 0.056490384615384616 0.09134615384615384
0 0.20192307692307693 0.3870192307692308 0.052884615384615384 0.09495192307692307
0 0.1814903846153846 0.43028846153846156 0.05048076923076923 0.09615384615384616
0 0.15625 0.46153846153846156 0.052884615384615384 0.09254807692307693
0 0.2644230769230769 0.6502403846153846 0.05048076923076923 0.08774038461538461
0 0.2848557692307692 0.6129807692307693 0.04807692307692308 0.09014423076923077
0 0.30649038461538464 0.5733173076923077 0.052884615384615384 0.09134615384615384
0 0.3317307692307692 0.5360576923076923 0.051682692307692304 0.09615384615384616
0 0.34975961538461536 0.49158653846153844 0.051682692307692304 0.09134615384615384
0 0.3713942307692308 0.4495192307692308 0.052884615384615384 0.09254807692307693
0 0.3918269230769231 0.4050480769230769 0.051682692307692304 0.09134615384615384
0 0.41586538461538464 0.37259615384615385 0.052884615384615384 0.09134615384615384
0 0.4362980769230769 0.33052884615384615 0.055288461538461536 0.09495192307692307
0 0.4567307692307692 0.2920673076923077 0.04927884615384615 0.0889423076923077
0 0.48197115384615385 0.25961538461538464 0.06129807692307692 0.10576923076923077
0 0.5480769230769231 0.29447115384615385 0.055288461538461536 0.09615384615384616
0 0.53125 0.33774038461538464 0.04807692307692308 0.08173076923076923
0 0.5084134615384616 0.3737980769230769 0.054086538461538464 0.09495192307692307
0 0.484375 0.4110576923076923 0.056490384615384616 0.09615384615384616
0 0.4651442307692308 0.453125 0.052884615384615384 0.09495192307692307
0 0.44350961538461536 0.49038461538461536 0.051682692307692304 0.09014423076923077
0 0.4026442307692308 0.5841346153846154 0.054086538461538464 0.09254807692307693
0 0.421875 0.5348557692307693 0.055288461538461536 0.09615384615384616
0 0.38461538461538464 0.6237980769230769 0.05048076923076923 0.08413461538461539
0 0.3605769230769231 0.6610576923076923 0.05048076923076923 0.08413461538461539
0 0.32211538461538464 0.7487980769230769 0.05048076923076923 0.08774038461538461
0 0.5564903846153846 0.8545673076923077 0.055288461538461536 0.09134615384615384
0 0.5769230769230769 0.8161057692307693 0.055288461538461536 0.09735576923076923
0 0.5961538461538461 0.7740384615384616 0.051682692307692304 0.0889423076923077
0 0.46153846153846156 0.8557692307692307 0.055288461538461536 0.09735576923076923
0 0.4831730769230769 0.8137019230769231 0.054086538461538464 0.09735576923076923
0 0.5012019230769231 0.7644230769230769 0.054086538461538464 0.09254807692307693
0 0.5252403846153846 0.7283653846153846 0.051682692307692304 0.09495192307692307
0 0.5456730769230769 0.6875 0.055288461538461536 0.09495192307692307
0 0.5697115384615384 0.6430288461538461 0.04807692307692308 0.08653846153846154
0 0.6237980769230769 0.7391826923076923 0.05048076923076923 0.08774038461538461
0 0.6274038461538461 0.5384615384615384 0.056490384615384616 0.09134615384615384
0 0.6574519230769231 0.4987980769230769 0.05048076923076923 0.08653846153846154
0 0.0829326923076923 0.109375 0.056490384615384616 0.09615384615384616
0 0.030048076923076924 0.20432692307692307 0.06009615384615385 0.09134615384615384
0 0.004807692307692308 0.2776442307692308 0.009615384615384616 0.06009615384615385
0 0.2403846153846154 0.14302884615384615 0.055288461538461536 0.09735576923076923
0 0.2620192307692308 0.10817307692307693 0.04567307692307692 0.0829326923076923
0 0.2860576923076923 0.07091346153846154 0.052884615384615384 0.09615384615384616
0 0.3076923076923077 0.03485576923076923 0.052884615384615384 0.06971153846153846
0 0.3545673076923077 0.013221153846153846 0.040865384615384616 0.026442307692307692
0 0.3557692307692308 0.1141826923076923 0.05048076923076923 0.09495192307692307
0 0.38221153846153844 0.08653846153846154 0.051682692307692304 0.09495192307692307
0 0.40024038461538464 0.040865384615384616 0.04567307692307692 0.08052884615384616
0 0.42427884615384615 0.02283653846153846 0.04927884615384615 0.04567307692307692
0 0.6742788461538461 0.4567307692307692 0.055288461538461536 0.09134615384615384
0 0.7247596153846154 0.5432692307692307 0.052884615384615384 0.09735576923076923
0 0.6995192307692307 0.5793269230769231 0.04567307692307692 0.08052884615384616
0 0.6766826923076923 0.6141826923076923 0.04326923076923077 0.08413461538461539
0 0.5348557692307693 0.8918269230769231 0.04807692307692308 0.08413461538461539
0 0.5144230769230769 0.9387019230769231 0.054086538461538464 0.09254807692307693
0 0.4879807692307692 0.9615384615384616 0.052884615384615384 0.07451923076923077
0 0.46033653846153844 0.9807692307692307 0.037259615384615384 0.036057692307692304
0 0.4206730769230769 0.9338942307692307 0.052884615384615384 0.0985576923076923
0 0.3954326923076923 0.9591346153846154 0.04807692307692308 0.07692307692307693
0 0.3942307692307692 0.8305288461538461 0.05048076923076923 0.09014423076923077
0 0.3269230769230769 0.8557692307692307 0.05889423076923077 0.09134615384615384
0 0.5048076923076923 0.2127403846153846 0.057692307692307696 0.09615384615384616
0 0.5228365384615384 0.17067307692307693 0.052884615384615384 0.09014423076923077
0 0.5480769230769231 0.14302884615384615 0.04807692307692308 0.07932692307692307
0 0.5673076923076923 0.1045673076923077 0.055288461538461536 0.09615384615384616
0 0.5913461538461539 0.07692307692307693 0.04807692307692308 0.0889423076923077
0 0.6081730769230769 0.03485576923076923 0.04807692307692308 0.06971153846153846
0 0.6334134615384616 0.018028846153846152 0.04567307692307692 0.036057692307692304
0 0.6778846153846154 0.078125 0.04567307692307692 0.08413461538461539
0 0.6382211538461539 0.15384615384615385 0.04927884615384615 0.09254807692307693
0 0.6177884615384616 0.18990384615384615 0.05048076923076923 0.09134615384615384
0 0.5973557692307693 0.2247596153846154 0.05048076923076923 0.09134615384615384
0 0.5745192307692307 0.25961538461538464 0.054086538461538464 0.09735576923076923
0 0.6971153846153846 0.046875 0.046875 0.08653846153846154
0 0.7175480769230769 0.021634615384615384 0.040865384615384616 0.04326923076923077
0 0.9387019230769231 0.010817307692307692 0.030048076923076924 0.021634615384615384
0 0.9074519230769231 0.02403846153846154 0.046875 0.046875
0 0.9711538461538461 0.04567307692307692 0.04807692307692308 0.08774038461538461
0 0.9567307692307693 0.09014423076923077 0.055288461538461536 0.08653846153846154
0 0.9326923076923077 0.11658653846153846 0.055288461538461536 0.09134615384615384
0 0.8846153846153846 0.042067307692307696 0.054086538461538464 0.08413461538461539
0 0.8653846153846154 0.07692307692307693 0.05048076923076923 0.08653846153846154
0 0.9098557692307693 0.1466346153846154 0.052884615384615384 0.08173076923076923
0 0.8954326923076923 0.1875 0.05048076923076923 0.08413461538461539
0 0.8473557692307693 0.11057692307692307 0.04326923076923077 0.06971153846153846
0 0.828125 0.14302884615384615 0.046875 0.07451923076923077
0 0.8774038461538461 0.22956730769230768 0.056490384615384616 0.09735576923076923
0 0.8545673076923077 0.2644230769230769 0.042067307692307696 0.07451923076923077
0 0.8100961538461539 0.18389423076923078 0.052884615384615384 0.0829326923076923
0 0.7872596153846154 0.21754807692307693 0.04927884615384615 0.07932692307692307
0 0.8413461538461539 0.30408653846153844 0.05048076923076923 0.08653846153846154
0 0.7752403846153846 0.2668269230769231 0.054086538461538464 0.09134615384615384
0 0.8221153846153846 0.3485576923076923 0.04927884615384615 0.09134615384615384
0 0.8040865384615384 0.3858173076923077 0.05048076923076923 0.08774038461538461
0 0.7584134615384616 0.30408653846153844 0.051682692307692304 0.0889423076923077
0 0.7403846153846154 0.3389423076923077 0.051682692307692304 0.08653846153846154
0 0.7175480769230769 0.38100961538461536 0.052884615384615384 0.0889423076923077
0 0.7848557692307693 0.4266826923076923 0.052884615384615384 0.09495192307692307
0 0.7668269230769231 0.4675480769230769 0.04927884615384615 0.09014423076923077
0 0.7475961538461539 0.5060096153846154 0.052884615384615384 0.09495192307692307
0 0.6923076923076923 0.41225961538461536 0.04807692307692308 0.08653846153846154
0 0.6466346153846154 0.9891826923076923 0.027644230769230768 0.018028846153846152
0 0.6778846153846154 0.9735576923076923 0.039663461538461536 0.05048076923076923
0 0.7043269230769231 0.9495192307692307 0.04807692307692308 0.08173076923076923
0 0.7403846153846154 0.8677884615384616 0.04567307692307692 0.07692307692307693
0 0.7620192307692307 0.8317307692307693 0.04927884615384615 0.08413461538461539
0 0.7848557692307693 0.7836538461538461 0.054086538461538464 0.09014423076923077
0 0.8052884615384616 0.7463942307692307 0.052884615384615384 0.0889423076923077
0 0.8233173076923077 0.7055288461538461 0.052884615384615384 0.08413461538461539
0 0.8461538461538461 0.6682692307692307 0.04927884615384615 0.08653846153846154
0 0.8665865384615384 0.6346153846153846 0.056490384615384616 0.08653846153846154
0 0.8870192307692307 0.5985576923076923 0.051682692307692304 0.0889423076923077
0 0.9074519230769231 0.5552884615384616 0.057692307692307696 0.09134615384615384
0 0.9254807692307693 0.5192307692307693 0.052884615384615384 0.0889423076923077
0 0.9459134615384616 0.4879807692307692 0.052884615384615384 0.08653846153846154
0 0.9627403846153846 0.453125 0.055288461538461536 0.08774038461538461
0 0.9759615384615384 0.4110576923076923 0.046875 0.09014423076923077
0 0.9855769230769231 0.36778846153846156 0.027644230769230768 0.078125
0 0.9915865384615384 0.30408653846153844 0.014423076923076924 0.046875
0 0.25 0.5192307692307693 0.055288461538461536 0.09735576923076923
0 0.13341346153846154 0.6129807692307693 0.057692307692307696 0.07211538461538461
0 0.013221153846153846 0.6033653846153846 0.026442307692307692 0.07211538461538461
0 0.04326923076923077 0.6790865384615384 0.06370192307692307 0.09254807692307693
0 0.026442307692307692 0.7283653846153846 0.052884615384615384 0.09134615384615384
0 0.014423076923076924 0.7740384615384616 0.028846153846153848 0.09014423076923077
0 0.003605769230769231 0.8305288461538461 0.007211538461538462 0.04447115384615385
0 0.14182692307692307 0.8581730769230769 0.055288461538461536 0.09735576923076923
0 0.1971153846153846 0.953125 0.05048076923076923 0.09014423076923077
0 0.171875 0.9699519230769231 0.05048076923076923 0.056490384615384616
0 0.14182692307692307 0.9903846153846154 0.02403846153846154 0.015625
0 0.04567307692307692 0.9903846153846154 0.02403846153846154 0.016826923076923076
0 0.0733173076923077 0.9663461538461539 0.051682692307692304 0.06370192307692307
0 0.09615384615384616 0.9375 0.052884615384615384 0.09495192307692307
0 0.11899038461538461 0.8990384615384616 0.056490384615384616 0.10697115384615384