0 0.28846153846153844 0.8725961538461539 0.040865384615384616 0.14543269230769232
0 0.33413461538461536 0.8725961538461539 0.04326923076923077 0.1502403846153846
0 0.38461538461538464 0.8762019230769231 0.04326923076923077 0.15745192307692307
0 0.625 0.7439903846153846 0.04326923076923077 0.15504807692307693
0 0.6742788461538461 0.75 0.04326923076923077 0.1622596153846154
0 0.2548076923076923 0.6682692307692307 0.04807692307692308 0.17307692307692307
0 0.7127403846153846 0.7584134615384616 0.04326923076923077 0.1622596153846154
0 0.7596153846153846 0.7752403846153846 0.040865384615384616 0.15264423076923078
0 0.8028846153846154 0.7716346153846154 0.039663461538461536 0.15504807692307693
0 0.6959134615384616 0.37259615384615385 0.04567307692307692 0.15264423076923078
0 0.6502403846153846 0.3557692307692308 0.040865384615384616 0.15985576923076922
0 0.6045673076923077 0.35096153846153844 0.040865384615384616 0.1502403846153846
0 0.5588942307692307 0.3449519230769231 0.04447115384615385 0.1658653846153846
0 0.7800480769230769 0.3858173076923077 0.04326923076923077 0.12740384615384615
0 0.8257211538461539 0.3942307692307692 0.04326923076923077 0.12620192307692307
0 0.8641826923076923 0.4110576923076923 0.04326923076923077 0.16105769230769232
0 0.9050480769230769 0.41346153846153844 0.042067307692307696 0.1310096153846154
0 0.9783653846153846 0.4338942307692308 0.042067307692307696 0.16346153846153846
0 0.84375 0.7872596153846154 0.04326923076923077 0.15384615384615385
0 0.8882211538461539 0.7620192307692307 0.040865384615384616 0.15504807692307693
0 0.8798076923076923 0.9495192307692307 0.046875 0.09735576923076923
0 0.8365384615384616 0.9387019230769231 0.04927884615384615 0.11778846153846154
0 0.7920673076923077 0.9350961538461539 0.05048076923076923 0.12740384615384615
0 0.7487980769230769 0.9338942307692307 0.04326923076923077 0.12860576923076922
0 0.7043269230769231 0.9362980769230769 0.04447115384615385 0.12379807692307693
0 0.6598557692307693 0.9302884615384616 0.04567307692307692 0.1346153846153846
0 0.609375 0.9411057692307693 0.04326923076923077 0.11298076923076923
0 0.5685096153846154 0.9158653846153846 0.04927884615384615 0.16706730769230768
0 0.5240384615384616 0.9014423076923077 0.04567307692307692 0.14903846153846154
0 0.47596153846153844 0.8930288461538461 0.039663461538461536 0.13341346153846154
0 0.24278846153846154 0.8341346153846154 0.040865384615384616 0.15144230769230768
0 0.15865384615384615 0.7331730769230769 0.04567307692307692 0.16105769230769232
0 0.43149038461538464 0.8846153846153846 0.04326923076923077 0.15144230769230768
0 0.3894230769230769 0.7067307692307693 0.039663461538461536 0.16346153846153846
0 0.3449519230769231 0.6947115384615384 0.04447115384615385 0.15985576923076922
0 0.3016826923076923 0.6814903846153846 0.042067307692307696 0.15745192307692307
0 0.43990384615384615 0.7211538461538461 0.046875 0.1622596153846154
0 0.4879807692307692 0.7319711538461539 0.038461538461538464 0.15264423076923078
0 0.5324519230769231 0.7307692307692307 0.040865384615384616 0.1502403846153846
0 0.5817307692307693 0.7319711538461539 0.04326923076923077 0.15985576923076922