0 0.5637019230769231 0.5276442307692307 0.054086538461538464 0.0985576923076923
0 0.5865384615384616 0.4831730769230769 0.055288461538461536 0.09495192307692307
0 0.35697115384615385 0.3473557692307692 0.055288461538461536 0.0985576923076923
0 0.3173076923076923 0.4362980769230769 0.05889423076923077 0.10576923076923077
0 0.36899038461538464 0.5144230769230769 0.055288461538461536 0.10576923076923077
0 0.3485576923076923 0.5564903846153846 0.056490384615384616 0.0985576923076923
0 0.3004807692307692 0.6394230769230769 0.056490384615384616 0.09134615384615384
0 0.5396634615384616 0.5685096153846154 0.052884615384615384 0.09495192307692307
0 0.33533653846153844 0.3894230769230769 0.051682692307692304 0.09134615384615384
0 0.26802884615384615 0.515625 0.052884615384615384 0.09495192307692307
0 0.2956730769230769 0.4735576923076923 0.057692307692307696 0.10336538461538461
0 0.31850961538461536 0.5913461538461539 0.056490384615384616 0.09615384615384616
0 0.6153846153846154 0.6129807692307693 0.06009615384615385 0.10336538461538461
0 0.2512019230769231 0.5552884615384616 0.046875 0.0829326923076923
0 0.5144230769230769 0.6141826923076923 0.054086538461538464 0.09495192307692307
0 0.4951923076923077 0.6502403846153846 0.056490384615384616 0.09014423076923077
0 0.5444711538461539 0.7319711538461539 0.055288461538461536 0.09254807692307693
0 0.5685096153846154 0.6935096153846154 0.052884615384615384 0.08653846153846154
0 0.5901442307692307 0.6526442307692307 0.056490384615384616 0.0985576923076923
0 0.47596153846153844 0.6947115384615384 0.055288461538461536 0.0985576923076923
0 0.4050480769230769 0.25961538461538464 0.052884615384615384 0.09495192307692307
0 0.38461538461538464 0.3004807692307692 0.052884615384615384 0.09014423076923077
0 0.4567307692307692 0.3401442307692308 0.055288461538461536 0.0985576923076923
0 0.43149038461538464 0.3762019230769231 0.06129807692307692 0.1045673076923077
0 0.4519230769230769 0.7403846153846154 0.055288461538461536 0.09735576923076923
0 0.43028846153846156 0.7788461538461539 0.056490384615384616 0.10096153846153846
0 0.25721153846153844 0.7283653846153846 0.056490384615384616 0.09615384615384616
0 0.22956730769230768 0.5949519230769231 0.055288461538461536 0.10096153846153846
0 0.5240384615384616 0.7776442307692307 0.05048076923076923 0.08653846153846154
0 0.6346153846153846 0.5661057692307693 0.052884615384615384 0.09615384615384616
0 0.20432692307692307 0.6394230769230769 0.055288461538461536 0.09735576923076923
0 0.18269230769230768 0.6766826923076923 0.04567307692307692 0.08413461538461539
0 0.27524038461538464 0.6814903846153846 0.054086538461538464 0.09735576923076923
0 0.41346153846153844 0.43509615384615385 0.054086538461538464 0.09735576923076923
0 0.39302884615384615 0.47475961538461536 0.055288461538461536 0.09495192307692307
0 0.6081730769230769 0.4411057692307692 0.055288461538461536 0.09735576923076923
0 0.6310096153846154 0.4050480769230769 0.054086538461538464 0.09615384615384616
0 0.4050480769230769 0.8209134615384616 0.052884615384615384 0.09735576923076923
0 0.4567307692307692 0.9026442307692307 0.055288461538461536 0.09495192307692307
0 0.47836538461538464 0.8605769230769231 0.056490384615384616 0.09735576923076923
0 0.4987980769230769 0.8209134615384616 0.052884615384615384 0.09254807692307693
0 0.38221153846153844 0.8605769230769231 0.056490384615384616 0.10096153846153846
0 0.43509615384615385 0.9459134615384616 0.056490384615384616 0.09615384615384616
0 0.4110576923076923 0.9663461538461539 0.056490384615384616 0.06370192307692307
0 0.3581730769230769 0.9026442307692307 0.056490384615384616 0.09735576923076923
0 0.3786057692307692 0.9903846153846154 0.026442307692307692 0.016826923076923076
0 0.3389423076923077 0.9483173076923077 0.056490384615384616 0.09975961538461539
0 0.3173076923076923 0.9675480769230769 0.054086538461538464 0.06129807692307692
0 0.27884615384615385 0.9819711538461539 0.03485576923076923 0.03245192307692308
0 0.3762019230769231 0.6538461538461539 0.057692307692307696 0.10576923076923077
0 0.15745192307692307 0.7211538461538461 0.051682692307692304 0.09975961538461539
0 0.234375 0.7668269230769231 0.05048076923076923 0.08413461538461539
0 0.21033653846153846 0.8052884615384616 0.05889423076923077 0.09735576923076923
0 0.18389423076923078 0.8401442307692307 0.055288461538461536 0.09735576923076923
0 0.13581730769230768 0.7620192307692307 0.055288461538461536 0.09735576923076923
0 0.11057692307692307 0.8004807692307693 0.056490384615384616 0.09735576923076923
0 0.1658653846153846 0.8870192307692307 0.05889423076923077 0.09495192307692307
0 0.14423076923076922 0.9350961538461539 0.056490384615384616 0.09735576923076923
0 0.09134615384615384 0.8485576923076923 0.05889423076923077 0.1045673076923077
0 0.11658653846153846 0.9579326923076923 0.05889423076923077 0.08052884615384616
0 0.08774038461538461 0.9759615384615384 0.04927884615384615 0.04326923076923077
0 0.06490384615384616 0.8846153846153846 0.056490384615384616 0.09254807692307693
0 0.039663461538461536 0.9290865384615384 0.06129807692307692 0.09735576923076923
0 0.02283653846153846 0.9591346153846154 0.04567307692307692 0.07692307692307693
0 0.4807692307692308 0.30408653846153844 0.054086538461538464 0.09735576923076923
0 0.43149038461538464 0.21995192307692307 0.056490384615384616 0.09495192307692307
0 0.4495192307692308 0.17668269230769232 0.055288461538461536 0.09615384615384616
0 0.5048076923076923 0.2668269230769231 0.056490384615384616 0.09975961538461539
0 0.5252403846153846 0.22235576923076922 0.052884615384615384 0.0985576923076923
0 0.5504807692307693 0.18990384615384615 0.055288461538461536 0.10096153846153846
0 0.4723557692307692 0.13701923076923078 0.04807692307692308 0.0829326923076923
0 0.4963942307692308 0.10336538461538461 0.051682692307692304 0.08774038461538461
0 0.5709134615384616 0.14903846153846154 0.05048076923076923 0.0985576923076923
0 0.5180288461538461 0.0625 0.054086538461538464 0.09134615384615384
0 0.5444711538461539 0.036057692307692304 0.05048076923076923 0.07211538461538461
0 0.5697115384615384 0.020432692307692308 0.046875 0.040865384615384616
0 0.5949519230769231 0.11298076923076923 0.05048076923076923 0.09254807692307693
0 0.6165865384615384 0.0733173076923077 0.056490384615384616 0.08774038461538461
0 0.6346153846153846 0.037259615384615384 0.04807692307692308 0.07451923076923077
0 0.6574519230769231 0.02403846153846154 0.04326923076923077 0.046875
0 0.6850961538461539 0.009615384615384616 0.026442307692307692 0.019230769230769232
0 0.7175480769230769 0.06971153846153846 0.04567307692307692 0.0985576923076923
0 0.6742788461538461 0.25600961538461536 0.04807692307692308 0.08653846153846154
0 0.6730769230769231 0.3293269230769231 0.051682692307692304 0.09254807692307693
0 0.6550480769230769 0.36538461538461536 0.05889423076923077 0.10096153846153846
0 0.7139423076923077 0.24158653846153846 0.055288461538461536 0.09254807692307693
0 0.7307692307692307 0.20793269230769232 0.052884615384615384 0.08653846153846154
0 0.75 0.1658653846153846 0.055288461538461536 0.09014423076923077
0 0.7728365384615384 0.1310096153846154 0.05048076923076923 0.0889423076923077
0 0.7932692307692307 0.0985576923076923 0.056490384615384616 0.0985576923076923
0 0.8088942307692307 0.055288461538461536 0.04447115384615385 0.08052884615384616
0 0.8317307692307693 0.03485576923076923 0.054086538461538464 0.06971153846153846
0 0.8581730769230769 0.018028846153846152 0.038461538461538464 0.036057692307692304
0 0.9471153846153846 0.026442307692307692 0.04326923076923077 0.052884615384615384
0 0.921875 0.040865384615384616 0.05048076923076923 0.08173076923076923
0 0.9002403846153846 0.07091346153846154 0.04447115384615385 0.08774038461538461
0 0.8786057692307693 0.10697115384615384 0.052884615384615384 0.09014423076923077
0 0.8629807692307693 0.1502403846153846 0.04567307692307692 0.09254807692307693
0 0.8425480769230769 0.1814903846153846 0.05048076923076923 0.0985576923076923
0 0.8209134615384616 0.21634615384615385 0.05048076923076923 0.09615384615384616
0 0.8052884615384616 0.25961538461538464 0.04807692307692308 0.09134615384615384
0 0.7848557692307693 0.2920673076923077 0.05048076923076923 0.09254807692307693
0 0.7620192307692307 0.33052884615384615 0.04927884615384615 0.08774038461538461
0 0.7391826923076923 0.36778846153846156 0.05048076923076923 0.09254807692307693
0 0.7199519230769231 0.4050480769230769 0.05048076923076923 0.09134615384615384
0 0.7019230769230769 0.4495192307692308 0.052884615384615384 0.09254807692307693
0 0.6814903846153846 0.49038461538461536 0.04927884615384615 0.08774038461538461
0 0.6598557692307693 0.5288461538461539 0.055288461538461536 0.10096153846153846
0 0.5685096153846154 0.9891826923076923 0.030048076923076924 0.018028846153846152
0 0.6009615384615384 0.9663461538461539 0.054086538461538464 0.0625
0 0.9891826923076923 0.18629807692307693 0.016826923076923076 0.06490384615384616
0 0.9795673076923077 0.23918269230769232 0.038461538461538464 0.0985576923076923
0 0.9699519230769231 0.2776442307692308 0.051682692307692304 0.08774038461538461
0 0.9519230769230769 0.31009615384615385 0.056490384615384616 0.08653846153846154
0 0.9290865384615384 0.3449519230769231 0.052884615384615384 0.09014423076923077
0 0.9098557692307693 0.38341346153846156 0.052884615384615384 0.08774038461538461
0 0.8942307692307693 0.4266826923076923 0.052884615384615384 0.09254807692307693
0 0.8713942307692307 0.45913461538461536 0.052884615384615384 0.09254807692307693
0 0.8533653846153846 0.49759615384615385 0.05048076923076923 0.09014423076923077
0 0.8365384615384616 0.5384615384615384 0.056490384615384616 0.09615384615384616
0 0.8149038461538461 0.5769230769230769 0.052884615384615384 0.09014423076923077
0 0.7932692307692307 0.6189903846153846 0.054086538461538464 0.0889423076923077
0 0.7716346153846154 0.6622596153846154 0.055288461538461536 0.09134615384615384
0 0.7512019230769231 0.6947115384615384 0.052884615384615384 0.09014423076923077
0 0.7319711538461539 0.7391826923076923 0.05048076923076923 0.09134615384615384
0 0.7091346153846154 0.7752403846153846 0.054086538461538464 0.09134615384615384
0 0.6862980769230769 0.8161057692307693 0.054086538461538464 0.09254807692307693
0 0.6658653846153846 0.8605769230769231 0.055288461538461536 0.09615384615384616
0 0.6466346153846154 0.9074519230769231 0.04567307692307692 0.0829326923076923
0 0.6225961538461539 0.9399038461538461 0.05048076923076923 0.09014423076923077
0 0.38221153846153844 0.008413461538461538 0.03245192307692308 0.016826923076923076
0 0.35096153846153844 0.030048076923076924 0.052884615384615384 0.06009615384615385
0 0.3269230769230769 0.04927884615384615 0.052884615384615384 0.0985576923076923
0 0.30408653846153844 0.08774038461538461 0.054086538461538464 0.09735576923076923
0 0.2800480769230769 0.1346153846153846 0.055288461538461536 0.09254807692307693
0 0.265625 0.18028846153846154 0.05048076923076923 0.09134615384615384
0 0.23197115384615385 0.20552884615384615 0.056490384615384616 0.09615384615384616
0 0.21153846153846154 0.2536057692307692 0.054086538461538464 0.09254807692307693
0 0.18629807692307693 0.2920673076923077 0.052884615384615384 0.08774038461538461
0 0.1658653846153846 0.3389423076923077 0.056490384615384616 0.09495192307692307
0 0.14423076923076922 0.38100961538461536 0.056490384615384616 0.09254807692307693
0 0.0829326923076923 0.4891826923076923 0.06610576923076923 0.10336538461538461
0 0.05889423076923077 0.5276442307692307 0.06129807692307692 0.09495192307692307
0 0.03485576923076923 0.5745192307692307 0.05889423076923077 0.0889423076923077
0 0.02283653846153846 0.6153846153846154 0.04567307692307692 0.10096153846153846
0 0.008413461538461538 0.6670673076923077 0.016826923076923076 0.06009615384615385