0 0.4543269230769231 0.28846153846153844 0.055288461538461536 0.046875
0 0.45552884615384615 0.34134615384615385 0.0625 0.051682692307692304
0 0.3112980769230769 0.171875 0.055288461538461536 0.051682692307692304
0 0.4495192307692308 0.4987980769230769 0.05889423076923077 0.046875
0 0.44350961538461536 0.17908653846153846 0.05889423076923077 0.04807692307692308
0 0.45913461538461536 0.5600961538461539 0.06971153846153846 0.052884615384615384
0 0.4579326923076923 0.6153846153846154 0.06129807692307692 0.042067307692307696
0 0.4495192307692308 0.6694711538461539 0.06129807692307692 0.04807692307692308
0 0.31490384615384615 0.12259615384615384 0.055288461538461536 0.046875
0 0.5372596153846154 0.7055288461538461 0.025240384615384616 0.109375
0 0.5685096153846154 0.7079326923076923 0.026442307692307692 0.09735576923076923
0 0.7512019230769231 0.7223557692307693 0.025240384615384616 0.10576923076923077
0 0.3137019230769231 0.38461538461538464 0.055288461538461536 0.04807692307692308
0 0.31490384615384615 0.33052884615384615 0.05889423076923077 0.04807692307692308
0 0.3112980769230769 0.2776442307692308 0.056490384615384616 0.04567307692307692
0 0.3137019230769231 0.22956730769230768 0.056490384615384616 0.046875
0 0.171875 0.4675480769230769 0.055288461538461536 0.05048076923076923
0 0.1658653846153846 0.5240384615384616 0.057692307692307696 0.046875
0 0.5985576923076923 0.7043269230769231 0.027644230769230768 0.0985576923076923
0 0.6286057692307693 0.7067307692307693 0.026442307692307692 0.11298076923076923
0 0.6610576923076923 0.7019230769230769 0.027644230769230768 0.1141826923076923
0 0.6923076923076923 0.7067307692307693 0.02403846153846154 0.11057692307692307
0 0.7199519230769231 0.7091346153846154 0.025240384615384616 0.10576923076923077
0 0.17067307692307693 0.3112980769230769 0.057692307692307696 0.04447115384615385
0 0.8401442307692307 0.6971153846153846 0.030048076923076924 0.10817307692307693
0 0.671875 0.9483173076923077 0.05889423076923077 0.04807692307692308
0 0.7331730769230769 0.9471153846153846 0.04807692307692308 0.04326923076923077
0 0.7331730769230769 0.9879807692307693 0.052884615384615384 0.021634615384615384
0 0.6730769230769231 0.9879807692307693 0.057692307692307696 0.020432692307692308
0 0.8822115384615384 0.9915865384615384 0.06129807692307692 0.01201923076923077
0 0.875 0.9543269230769231 0.06129807692307692 0.054086538461538464
0 0.8846153846153846 0.8954326923076923 0.06129807692307692 0.04807692307692308
0 0.8822115384615384 0.8425480769230769 0.056490384615384616 0.046875
0 0.8870192307692307 0.7836538461538461 0.06370192307692307 0.051682692307692304
0 0.7776442307692307 0.7175480769230769 0.025240384615384616 0.10817307692307693
0 0.8052884615384616 0.7043269230769231 0.028846153846153848 0.11057692307692307
0 0.5060096153846154 0.7079326923076923 0.025240384615384616 0.11538461538461539
0 0.5252403846153846 0.9411057692307693 0.05889423076923077 0.046875
0 0.5240384615384616 0.9855769230769231 0.056490384615384616 0.025240384615384616
0 0.45913461538461536 0.9831730769230769 0.055288461538461536 0.028846153846153848
0 0.453125 0.9411057692307693 0.055288461538461536 0.04807692307692308
0 0.3137019230769231 0.9362980769230769 0.05889423076923077 0.051682692307692304
0 0.31490384615384615 0.9807692307692307 0.05889423076923077 0.03485576923076923
0 0.3137019230769231 0.07211538461538461 0.05889423076923077 0.05048076923076923
0 0.46153846153846156 0.3942307692307692 0.056490384615384616 0.040865384615384616
0 0.3016826923076923 0.49399038461538464 0.05889423076923077 0.05048076923076923
0 0.30288461538461536 0.4387019230769231 0.054086538461538464 0.04567307692307692
0 0.18629807692307693 0.014423076923076924 0.052884615384615384 0.028846153846153848
0 0.31490384615384615 0.02283653846153846 0.055288461538461536 0.04567307692307692
0 0.4519230769230769 0.030048076923076924 0.06370192307692307 0.04807692307692308
0 0.4519230769230769 0.078125 0.06129807692307692 0.04807692307692308
0 0.4543269230769231 0.12860576923076922 0.05048076923076923 0.04567307692307692
0 0.4519230769230769 0.234375 0.05889423076923077 0.054086538461538464
0 0.4543269230769231 0.44711538461538464 0.055288461538461536 0.046875
0 0.4495192307692308 0.7259615384615384 0.0625 0.051682692307692304
0 0.171875 0.6237980769230769 0.05889423076923077 0.04567307692307692
0 0.16826923076923078 0.6814903846153846 0.055288461538461536 0.046875
0 0.16346153846153846 0.7403846153846154 0.056490384615384616 0.046875
0 0.15985576923076922 0.7956730769230769 0.06850961538461539 0.052884615384615384
0 0.16105769230769232 0.8509615384615384 0.06370192307692307 0.04567307692307692
0 0.1622596153846154 0.9002403846153846 0.06129807692307692 0.04447115384615385
0 0.1622596153846154 0.9519230769230769 0.06129807692307692 0.051682692307692304
0 0.16826923076923078 0.9903846153846154 0.06129807692307692 0.015625
0 0.16826923076923078 0.36538461538461536 0.06850961538461539 0.05048076923076923
0 0.17067307692307693 0.41346153846153844 0.0625 0.04447115384615385
0 0.171875 0.25841346153846156 0.056490384615384616 0.04807692307692308
0 0.1778846153846154 0.20552884615384615 0.052884615384615384 0.04447115384615385
0 0.18509615384615385 0.15144230769230768 0.055288461538461536 0.05048076923076923
0 0.18629807692307693 0.09975961538461539 0.06129807692307692 0.046875
0 0.1875 0.052884615384615384 0.057692307692307696 0.04447115384615385
0 0.30528846153846156 0.6033653846153846 0.056490384615384616 0.04807692307692308
0 0.30528846153846156 0.546875 0.06009615384615385 0.04807692307692308
0 0.30528846153846156 0.6550480769230769 0.052884615384615384 0.04567307692307692
0 0.30528846153846156 0.7139423076923077 0.056490384615384616 0.051682692307692304