0 0.6586538461538461 0.036057692307692304 0.03125 0.07211538461538461
0 0.6490384615384616 0.3293269230769231 0.030048076923076924 0.1141826923076923
0 0.6442307692307693 0.47836538461538464 0.030048076923076924 0.109375
0 0.6382211538461539 0.6081730769230769 0.030048076923076924 0.10697115384615384
0 0.7091346153846154 0.6514423076923077 0.06490384615384616 0.09615384615384616
0 0.6394230769230769 0.7584134615384616 0.027644230769230768 0.11057692307692307
0 0.48677884615384615 0.8088942307692307 0.06490384615384616 0.051682692307692304
0 0.4795673076923077 0.9735576923076923 0.05889423076923077 0.04807692307692308
0 0.49399038461538464 0.6394230769230769 0.052884615384615384 0.04807692307692308
0 0.4891826923076923 0.4026442307692308 0.05889423076923077 0.054086538461538464
0 0.5012019230769231 0.3401442307692308 0.05889423076923077 0.056490384615384616
0 0.5060096153846154 0.22956730769230768 0.054086538461538464 0.056490384615384616
0 0.5120192307692307 0.17067307692307693 0.04447115384615385 0.04447115384615385
0 0.5012019230769231 0.11298076923076923 0.055288461538461536 0.054086538461538464
0 0.4963942307692308 0.052884615384615384 0.06129807692307692 0.055288461538461536
0 0.5 0.014423076923076924 0.056490384615384616 0.028846153846153848
0 0.36538461538461536 0.018028846153846152 0.0625 0.036057692307692304
0 0.36538461538461536 0.16826923076923078 0.055288461538461536 0.06610576923076923
0 0.36658653846153844 0.23076923076923078 0.05889423076923077 0.07211538461538461
0 0.35096153846153844 0.5805288461538461 0.06009615384615385 0.0733173076923077
0 0.34975961538461536 0.6983173076923077 0.06610576923076923 0.07692307692307693
0 0.2091346153846154 0.9639423076923077 0.06610576923076923 0.06850961538461539
0 0.21514423076923078 0.9074519230769231 0.06370192307692307 0.09735576923076923
0 0.21875 0.8425480769230769 0.06370192307692307 0.08173076923076923
0 0.22355769230769232 0.7752403846153846 0.06129807692307692 0.0733173076923077
0 0.2247596153846154 0.7127403846153846 0.05889423076923077 0.06971153846153846
0 0.2247596153846154 0.6394230769230769 0.0673076923076923 0.08052884615384616
0 0.22596153846153846 0.5685096153846154 0.06610576923076923 0.07091346153846154
0 0.22596153846153846 0.49759615384615385 0.06129807692307692 0.09014423076923077
0 0.22716346153846154 0.4411057692307692 0.0625 0.07451923076923077
0 0.23317307692307693 0.37740384615384615 0.06370192307692307 0.07692307692307693
0 0.23317307692307693 0.3137019230769231 0.06370192307692307 0.07091346153846154
0 0.23557692307692307 0.23918269230769232 0.055288461538461536 0.07451923076923077
0 0.23557692307692307 0.17307692307692307 0.06370192307692307 0.07451923076923077
0 0.24278846153846154 0.11298076923076923 0.06370192307692307 0.08173076923076923
0 0.23918269230769232 0.04326923076923077 0.06490384615384616 0.07692307692307693