0 0.5444711538461539 0.09735576923076923 0.027644230769230768 0.10697115384615384
0 0.49759615384615385 0.2764423076923077 0.04927884615384615 0.04567307692307692
0 0.546875 0.2127403846153846 0.02403846153846154 0.10096153846153846
0 0.4855769230769231 0.04326923076923077 0.05889423076923077 0.05048076923076923
0 0.4879807692307692 0.09735576923076923 0.06009615384615385 0.051682692307692304
0 0.49399038461538464 0.21394230769230768 0.05889423076923077 0.05048076923076923
0 0.4963942307692308 0.33052884615384615 0.046875 0.042067307692307696
0 0.5516826923076923 0.3389423076923077 0.026442307692307692 0.11778846153846154
0 0.5012019230769231 0.38461538461538464 0.06610576923076923 0.054086538461538464
0 0.5048076923076923 0.453125 0.056490384615384616 0.05048076923076923
0 0.31850961538461536 0.40024038461538464 0.052884615384615384 0.046875
0 0.3137019230769231 0.2848557692307692 0.06971153846153846 0.051682692307692304
0 0.32211538461538464 0.34615384615384615 0.06370192307692307 0.04807692307692308
0 0.6682692307692307 0.19951923076923078 0.06129807692307692 0.054086538461538464
0 0.6598557692307693 0.32211538461538464 0.06370192307692307 0.04567307692307692
0 0.6622596153846154 0.3737980769230769 0.06490384615384616 0.056490384615384616
0 0.31971153846153844 0.2283653846153846 0.052884615384615384 0.04447115384615385
0 0.30649038461538464 0.10576923076923077 0.07211538461538461 0.06009615384615385
0 0.30649038461538464 0.5829326923076923 0.07091346153846154 0.0625
0 0.30528846153846156 0.5192307692307693 0.05889423076923077 0.046875
0 0.6887019230769231 0.9086538461538461 0.03125 0.1141826923076923
0 0.6538461538461539 0.2608173076923077 0.06129807692307692 0.052884615384615384
0 0.30528846153846156 0.9435096153846154 0.06850961538461539 0.06009615384615385
0 0.6622596153846154 0.42908653846153844 0.06129807692307692 0.051682692307692304
0 0.6622596153846154 0.14182692307692307 0.05048076923076923 0.04807692307692308
0 0.671875 0.4831730769230769 0.06009615384615385 0.055288461538461536
0 0.6574519230769231 0.037259615384615384 0.0625 0.052884615384615384
0 0.6682692307692307 0.09615384615384616 0.0625 0.052884615384615384
0 0.4987980769230769 0.14543269230769232 0.06129807692307692 0.0625
0 0.31850961538461536 0.17307692307692307 0.06129807692307692 0.05048076923076923
0 0.5084134615384616 0.5637019230769231 0.07572115384615384 0.06009615384615385
0 0.5036057692307693 0.5096153846153846 0.0625 0.051682692307692304
0 0.2980769230769231 0.052884615384615384 0.06370192307692307 0.052884615384615384
0 0.31971153846153844 0.4579326923076923 0.06490384615384616 0.046875
0 0.6754807692307693 0.5973557692307693 0.057692307692307696 0.04447115384615385
0 0.6730769230769231 0.6538461538461539 0.06009615384615385 0.051682692307692304
0 0.6730769230769231 0.7091346153846154 0.06370192307692307 0.051682692307692304
0 0.5564903846153846 0.46274038461538464 0.028846153846153848 0.10576923076923077
0 0.6742788461538461 0.5456730769230769 0.06129807692307692 0.05889423076923077
0 0.30408653846153844 0.8377403846153846 0.06971153846153846 0.06009615384615385
0 0.30528846153846156 0.8870192307692307 0.06610576923076923 0.05889423076923077
0 0.5420673076923077 0.016826923076923076 0.027644230769230768 0.028846153846153848
0 0.296875 0.010817307692307692 0.06610576923076923 0.021634615384615384
0 0.3954326923076923 0.9735576923076923 0.026442307692307692 0.04807692307692308
0 0.43028846153846156 0.9639423076923077 0.027644230769230768 0.06850961538461539
0 0.46153846153846156 0.9615384615384616 0.026442307692307692 0.07451923076923077
0 0.4951923076923077 0.9639423076923077 0.026442307692307692 0.06850961538461539
0 0.5252403846153846 0.9591346153846154 0.026442307692307692 0.078125
0 0.5600961538461539 0.953125 0.026442307692307692 0.09014423076923077
0 0.5913461538461539 0.9555288461538461 0.028846153846153848 0.08653846153846154
0 0.6237980769230769 0.9471153846153846 0.03125 0.10096153846153846
0 0.6538461538461539 0.9375 0.026442307692307692 0.0985576923076923
0 0.2247596153846154 0.765625 0.0733173076923077 0.09975961538461539
0 0.16346153846153846 0.9627403846153846 0.036057692307692304 0.07091346153846154