0 0.23557692307692307 0.171875 0.09975961538461539 0.07451923076923077
0 0.35216346153846156 0.17067307692307693 0.09495192307692307 0.0733173076923077
0 0.34375 0.2620192307692308 0.09735576923076923 0.07932692307692307
0 0.23197115384615385 0.2608173076923077 0.10096153846153846 0.0733173076923077
0 0.3401442307692308 0.5168269230769231 0.09975961538461539 0.07932692307692307
0 0.3329326923076923 0.6009615384615384 0.09975961538461539 0.07091346153846154
0 0.5492788461538461 0.17908653846153846 0.10096153846153846 0.0829326923076923
0 0.6478365384615384 0.18870192307692307 0.09254807692307693 0.078125
0 0.546875 0.2644230769230769 0.09375 0.06971153846153846
0 0.6454326923076923 0.26802884615384615 0.09495192307692307 0.07932692307692307
0 0.546875 0.34975961538461536 0.0889423076923077 0.0733173076923077
0 0.6370192307692307 0.35697115384615385 0.08774038461538461 0.06971153846153846
0 0.6442307692307693 0.43149038461538464 0.09615384615384616 0.06971153846153846
0 0.6430288461538461 0.5120192307692307 0.09134615384615384 0.06971153846153846
0 0.6454326923076923 0.5817307692307693 0.08653846153846154 0.06971153846153846
0 0.640625 0.6598557692307693 0.09495192307692307 0.0733173076923077
0 0.6310096153846154 0.7379807692307693 0.09495192307692307 0.07451923076923077
0 0.6370192307692307 0.8161057692307693 0.09495192307692307 0.07211538461538461
0 0.5348557692307693 0.8149038461538461 0.09735576923076923 0.0829326923076923
0 0.5384615384615384 0.8990384615384616 0.0889423076923077 0.06850961538461539
0 0.6370192307692307 0.8954326923076923 0.0889423076923077 0.07211538461538461
0 0.3473557692307692 0.34975961538461536 0.0985576923076923 0.078125
0 0.6057692307692307 0.9699519230769231 0.09014423076923077 0.05889423076923077
0 0.22355769230769232 0.5144230769230769 0.0889423076923077 0.06129807692307692
0 0.2247596153846154 0.6838942307692307 0.09495192307692307 0.07451923076923077
0 0.3449519230769231 0.7752403846153846 0.09495192307692307 0.078125
0 0.33774038461538464 0.8629807692307693 0.09134615384615384 0.0733173076923077
0 0.33413461538461536 0.9411057692307693 0.08653846153846154 0.0733173076923077
0 0.21754807692307693 0.8605769230769231 0.08533653846153846 0.06610576923076923
0 0.03485576923076923 0.34134615384615385 0.06850961538461539 0.06490384615384616
0 0.03125 0.41586538461538464 0.0625 0.0673076923076923
0 0.03125 0.6790865384615384 0.06129807692307692 0.0829326923076923
0 0.027644230769230768 0.7644230769230769 0.055288461538461536 0.07091346153846154
0 0.030048076923076924 0.9483173076923077 0.05889423076923077 0.09134615384615384
0 0.8221153846153846 0.9711538461538461 0.08653846153846154 0.055288461538461536
0 0.9122596153846154 0.9663461538461539 0.09134615384615384 0.0625
0 0.9134615384615384 0.8966346153846154 0.09495192307692307 0.07451923076923077
0 0.9134615384615384 0.8197115384615384 0.09495192307692307 0.07451923076923077
0 0.8197115384615384 0.8221153846153846 0.09254807692307693 0.07451923076923077
0 0.8221153846153846 0.7439903846153846 0.08774038461538461 0.078125
0 0.9098557692307693 0.7403846153846154 0.07932692307692307 0.06490384615384616
0 0.8245192307692307 0.20793269230769232 0.08052884615384616 0.06971153846153846
0 0.828125 0.2824519230769231 0.0829326923076923 0.06971153846153846
0 0.828125 0.36658653846153844 0.08173076923076923 0.06610576923076923
0 0.8329326923076923 0.4411057692307692 0.078125 0.07091346153846154
0 0.9182692307692307 0.21514423076923078 0.08653846153846154 0.07211538461538461
0 0.9194711538461539 0.296875 0.07932692307692307 0.07211538461538461
0 0.9158653846153846 0.3713942307692308 0.08413461538461539 0.06971153846153846
0 0.9170673076923077 0.43990384615384615 0.07211538461538461 0.06370192307692307
0 0.921875 0.5120192307692307 0.08533653846153846 0.06490384615384616
0 0.9122596153846154 0.5925480769230769 0.08653846153846154 0.06971153846153846
0 0.9146634615384616 0.6670673076923077 0.06971153846153846 0.06370192307692307
0 0.8209134615384616 0.6682692307692307 0.09254807692307693 0.06971153846153846