0 0.29086538461538464 0.03485576923076923 0.0625 0.055288461538461536
0 0.2920673076923077 0.09254807692307693 0.0625 0.051682692307692304
0 0.2980769230769231 0.15144230769230768 0.051682692307692304 0.04807692307692308
0 0.29086538461538464 0.20673076923076922 0.06850961538461539 0.05889423076923077
0 0.29086538461538464 0.2668269230769231 0.06850961538461539 0.04807692307692308
0 0.29086538461538464 0.3269230769230769 0.05889423076923077 0.04807692307692308
0 0.29927884615384615 0.3870192307692308 0.06610576923076923 0.05048076923076923
0 0.2956730769230769 0.44591346153846156 0.06370192307692307 0.052884615384615384
0 0.29447115384615385 0.5012019230769231 0.06129807692307692 0.051682692307692304
0 0.28966346153846156 0.5637019230769231 0.06490384615384616 0.051682692307692304
0 0.29086538461538464 0.6177884615384616 0.06850961538461539 0.051682692307692304
0 0.3088942307692308 0.7355769230769231 0.06129807692307692 0.05048076923076923
0 0.3112980769230769 0.7920673076923077 0.055288461538461536 0.051682692307692304
0 0.3076923076923077 0.8497596153846154 0.06971153846153846 0.056490384615384616
0 0.4723557692307692 0.030048076923076924 0.06490384615384616 0.06009615384615385
0 0.47115384615384615 0.08413461538461539 0.06610576923076923 0.046875
0 0.4699519230769231 0.14182692307692307 0.06370192307692307 0.052884615384615384
0 0.4675480769230769 0.20673076923076922 0.05889423076923077 0.051682692307692304
0 0.47115384615384615 0.2644230769230769 0.0625 0.051682692307692304
0 0.47716346153846156 0.31971153846153844 0.06370192307692307 0.05048076923076923
0 0.484375 0.3762019230769231 0.0625 0.04807692307692308
0 0.4855769230769231 0.43149038461538464 0.06370192307692307 0.051682692307692304
0 0.4831730769230769 0.4855769230769231 0.06009615384615385 0.04807692307692308
0 0.4807692307692308 0.546875 0.0673076923076923 0.055288461538461536
0 0.47836538461538464 0.6057692307692307 0.06129807692307692 0.051682692307692304
0 0.4807692307692308 0.6622596153846154 0.06129807692307692 0.055288461538461536
0 0.49038461538461536 0.7151442307692307 0.06009615384615385 0.056490384615384616
0 0.4879807692307692 0.7776442307692307 0.057692307692307696 0.055288461538461536
0 0.4879807692307692 0.8918269230769231 0.04927884615384615 0.051682692307692304
0 0.5276442307692307 0.06009615384615385 0.026442307692307692 0.10697115384615384
0 0.53125 0.17548076923076922 0.027644230769230768 0.11298076923076923
0 0.5336538461538461 0.3016826923076923 0.030048076923076924 0.1141826923076923
0 0.5360576923076923 0.4170673076923077 0.026442307692307692 0.1045673076923077
0 0.5360576923076923 0.5372596153846154 0.027644230769230768 0.109375
0 0.5384615384615384 0.6574519230769231 0.027644230769230768 0.10697115384615384
0 0.5396634615384616 0.7704326923076923 0.02403846153846154 0.1045673076923077
0 0.6394230769230769 0.026442307692307692 0.0625 0.052884615384615384
0 0.6466346153846154 0.078125 0.05889423076923077 0.051682692307692304
0 0.6430288461538461 0.13581730769230768 0.0625 0.051682692307692304
0 0.6418269230769231 0.19110576923076922 0.06370192307692307 0.04807692307692308
0 0.6466346153846154 0.24879807692307693 0.0673076923076923 0.055288461538461536
0 0.6442307692307693 0.3088942307692308 0.06370192307692307 0.054086538461538464
0 0.6454326923076923 0.3605769230769231 0.06610576923076923 0.051682692307692304
0 0.6478365384615384 0.4182692307692308 0.06370192307692307 0.04807692307692308
0 0.6490384615384616 0.4735576923076923 0.0625 0.04567307692307692
0 0.6466346153846154 0.5324519230769231 0.05889423076923077 0.051682692307692304
0 0.6550480769230769 0.5901442307692307 0.0625 0.05048076923076923
0 0.6634615384615384 0.6454326923076923 0.06370192307692307 0.052884615384615384
0 0.6598557692307693 0.7019230769230769 0.051682692307692304 0.05048076923076923
0 0.6610576923076923 0.7560096153846154 0.0625 0.06009615384615385
0 0.6466346153846154 0.8161057692307693 0.06129807692307692 0.055288461538461536
0 0.6526442307692307 0.8737980769230769 0.06009615384615385 0.05048076923076923
0 0.3137019230769231 0.9086538461538461 0.06490384615384616 0.052884615384615384
0 0.3016826923076923 0.6706730769230769 0.07572115384615384 0.056490384615384616
0 0.5444711538461539 0.8942307692307693 0.027644230769230768 0.12139423076923077
0 0.65625 0.9230769230769231 0.06370192307692307 0.055288461538461536
0 0.6574519230769231 0.9747596153846154 0.06129807692307692 0.04567307692307692
0 0.4963942307692308 0.9495192307692307 0.06850961538461539 0.06850961538461539
0 0.3112980769230769 0.9639423076923077 0.054086538461538464 0.056490384615384616
0 0.49038461538461536 0.8329326923076923 0.05048076923076923 0.04807692307692308