0 0.6526442307692307 0.05048076923076923 0.030048076923076924 0.09975961538461539
0 0.6466346153846154 0.2247596153846154 0.03245192307692308 0.11658653846153846
0 0.6430288461538461 0.36778846153846156 0.027644230769230768 0.09615384615384616
0 0.6442307692307693 0.4831730769230769 0.03125 0.11658653846153846
0 0.6322115384615384 0.8016826923076923 0.03485576923076923 0.11057692307692307
0 0.6262019230769231 0.9459134615384616 0.03365384615384615 0.1045673076923077
0 0.4879807692307692 0.23076923076923078 0.06129807692307692 0.052884615384615384
0 0.4963942307692308 0.2956730769230769 0.05889423076923077 0.04807692307692308
0 0.5 0.3545673076923077 0.06129807692307692 0.046875
0 0.49038461538461536 0.41225961538461536 0.06129807692307692 0.052884615384615384
0 0.484375 0.46634615384615385 0.056490384615384616 0.056490384615384616
0 0.4807692307692308 0.5252403846153846 0.05889423076923077 0.056490384615384616
0 0.4831730769230769 0.5877403846153846 0.055288461538461536 0.052884615384615384
0 0.49399038461538464 0.6442307692307693 0.046875 0.04567307692307692
0 0.4879807692307692 0.6983173076923077 0.056490384615384616 0.05048076923076923
0 0.48197115384615385 0.8149038461538461 0.055288461538461536 0.05889423076923077
0 0.4699519230769231 0.8774038461538461 0.06009615384615385 0.056490384615384616
0 0.4206730769230769 0.1466346153846154 0.06009615384615385 0.052884615384615384
0 0.3605769230769231 0.27884615384615385 0.06129807692307692 0.07091346153846154
0 0.3581730769230769 0.3473557692307692 0.054086538461538464 0.06610576923076923
0 0.34975961538461536 0.4074519230769231 0.06610576923076923 0.06971153846153846
0 0.3473557692307692 0.47115384615384615 0.06129807692307692 0.06490384615384616
0 0.3449519230769231 0.6418269230769231 0.05889423076923077 0.06610576923076923
0 0.3473557692307692 0.7019230769230769 0.06009615384615385 0.06850961538461539
0 0.23798076923076922 0.04326923076923077 0.06370192307692307 0.08653846153846154
0 0.23557692307692307 0.11298076923076923 0.05889423076923077 0.07932692307692307
0 0.2247596153846154 0.171875 0.06129807692307692 0.0829326923076923
0 0.22596153846153846 0.24278846153846154 0.05889423076923077 0.078125
0 0.2247596153846154 0.3112980769230769 0.06009615384615385 0.07091346153846154
0 0.22355769230769232 0.3737980769230769 0.05889423076923077 0.07211538461538461
0 0.22235576923076922 0.44591346153846156 0.06850961538461539 0.08052884615384616
0 0.21634615384615385 0.5108173076923077 0.06490384615384616 0.078125
0 0.21875 0.5805288461538461 0.06850961538461539 0.07211538461538461
0 0.21514423076923078 0.6454326923076923 0.06129807692307692 0.07211538461538461
0 0.20793269230769232 0.7091346153846154 0.06610576923076923 0.08173076923076923
0 0.21153846153846154 0.7908653846153846 0.06129807692307692 0.06850961538461539
0 0.21153846153846154 0.8545673076923077 0.06610576923076923 0.0733173076923077
0 0.20432692307692307 0.9194711538461539 0.06129807692307692 0.08173076923076923
0 0.19951923076923078 0.9675480769230769 0.06370192307692307 0.06129807692307692