0 0.8822115384615384 0.2800480769230769 0.037259615384615384 0.1141826923076923
0 0.8509615384615384 0.2800480769230769 0.028846153846153848 0.13221153846153846
0 0.8197115384615384 0.29086538461538464 0.04447115384615385 0.1466346153846154
0 0.7752403846153846 0.2764423076923077 0.03485576923076923 0.12620192307692307
0 0.7415865384615384 0.2704326923076923 0.03245192307692308 0.12740384615384615
0 0.7019230769230769 0.2608173076923077 0.036057692307692304 0.13221153846153846
0 0.6634615384615384 0.2824519230769231 0.027644230769230768 0.13341346153846154
0 0.6237980769230769 0.2608173076923077 0.030048076923076924 0.13581730769230768
0 0.5877403846153846 0.265625 0.027644230769230768 0.12740384615384615
0 0.5480769230769231 0.2620192307692308 0.03245192307692308 0.13942307692307693
0 0.5096153846153846 0.265625 0.037259615384615384 0.13341346153846154
0 0.4699519230769231 0.25721153846153844 0.03365384615384615 0.1346153846153846
0 0.43028846153846156 0.2668269230769231 0.03485576923076923 0.13701923076923078
0 0.3870192307692308 0.25721153846153844 0.03245192307692308 0.13221153846153846
0 0.3449519230769231 0.24639423076923078 0.03245192307692308 0.11538461538461539
0 0.30528846153846156 0.2608173076923077 0.03485576923076923 0.140625
0 0.25961538461538464 0.2692307692307692 0.036057692307692304 0.12740384615384615
0 0.25600961538461536 0.41346153846153844 0.040865384615384616 0.14302884615384615
0 0.5973557692307693 0.5600961538461539 0.04326923076923077 0.13581730769230768
0 0.5576923076923077 0.5600961538461539 0.04326923076923077 0.13341346153846154
0 0.3942307692307692 0.5528846153846154 0.039663461538461536 0.11658653846153846
0 0.35697115384615385 0.5661057692307693 0.04326923076923077 0.1310096153846154
0 0.3173076923076923 0.5528846153846154 0.036057692307692304 0.11658653846153846
0 0.7307692307692307 0.8185096153846154 0.052884615384615384 0.13221153846153846
0 0.6862980769230769 0.8197115384615384 0.04927884615384615 0.12259615384615384
0 0.5552884615384616 0.8221153846153846 0.056490384615384616 0.14543269230769232
0 0.5060096153846154 0.8377403846153846 0.046875 0.13942307692307693
0 0.4639423076923077 0.8209134615384616 0.046875 0.12139423076923077
0 0.4170673076923077 0.8293269230769231 0.04807692307692308 0.1310096153846154
0 0.33052884615384615 0.8221153846153846 0.05048076923076923 0.11778846153846154
0 0.28966346153846156 0.8100961538461539 0.04326923076923077 0.13341346153846154
0 0.2439903846153846 0.8269230769230769 0.046875 0.12740384615384615
0 0.20673076923076922 0.8052884615384616 0.04447115384615385 0.12379807692307693
0 0.16947115384615385 0.7920673076923077 0.046875 0.12379807692307693
0 0.6778846153846154 0.5600961538461539 0.04447115384615385 0.12379807692307693
0 0.6322115384615384 0.5516826923076923 0.046875 0.12740384615384615
0 0.9170673076923077 0.2824519230769231 0.03485576923076923 0.13942307692307693
0 0.9591346153846154 0.3004807692307692 0.038461538461538464 0.1310096153846154
0 0.9879807692307693 0.2824519230769231 0.02283653846153846 0.12139423076923077
0 0.9338942307692307 0.5588942307692307 0.046875 0.12620192307692307
0 0.8617788461538461 0.5625 0.04567307692307692 0.12139423076923077
0 0.9651442307692307 0.010817307692307692 0.06850961538461539 0.021634615384615384
0 0.8185096153846154 0.8197115384615384 0.054086538461538464 0.12620192307692307
0 0.9723557692307693 0.5685096153846154 0.04326923076923077 0.12259615384615384