0 0.09495192307692307 0.875 0.04807692307692308 0.16346153846153846
0 0.04927884615384615 0.8942307692307693 0.04326923076923077 0.13942307692307693
0 0.015625 0.8954326923076923 0.03125 0.16706730769230768
0 0.20673076923076922 0.7944711538461539 0.040865384615384616 0.14903846153846154
0 0.2536057692307692 0.7932692307692307 0.042067307692307696 0.15985576923076922
0 0.29447115384615385 0.7872596153846154 0.04567307692307692 0.16105769230769232
0 0.3762019230769231 0.7872596153846154 0.038461538461538464 0.16706730769230768
0 0.41947115384615385 0.7836538461538461 0.038461538461538464 0.16105769230769232
0 0.46153846153846156 0.7776442307692307 0.038461538461538464 0.14423076923076922
0 0.5012019230769231 0.7776442307692307 0.040865384615384616 0.16105769230769232
0 0.5456730769230769 0.765625 0.036057692307692304 0.15745192307692307
0 0.7451923076923077 0.42908653846153844 0.08413461538461539 0.11658653846153846
0 0.7572115384615384 0.5144230769230769 0.08173076923076923 0.12379807692307693
0 0.7824519230769231 0.5733173076923077 0.07932692307692307 0.11778846153846154
0 0.9867788461538461 0.6057692307692307 0.021634615384615384 0.08173076923076923
0 0.9783653846153846 0.5264423076923077 0.039663461538461536 0.0889423076923077
0 0.9699519230769231 0.44591346153846156 0.056490384615384616 0.1045673076923077
0 0.9555288461538461 0.3870192307692308 0.07692307692307693 0.09495192307692307
0 0.9338942307692307 0.32211538461538464 0.08173076923076923 0.11778846153846154
0 0.8966346153846154 0.2620192307692308 0.06850961538461539 0.09254807692307693
0 0.890625 0.18509615384615385 0.09014423076923077 0.12259615384615384
0 0.8713942307692307 0.11538461538461539 0.07932692307692307 0.1141826923076923
0 0.8497596153846154 0.05048076923076923 0.06971153846153846 0.10096153846153846
0 0.8149038461538461 0.018028846153846152 0.06009615384615385 0.036057692307692304
0 0.9855769230769231 0.25721153846153844 0.026442307692307692 0.07692307692307693
0 0.9723557692307693 0.16947115384615385 0.052884615384615384 0.09735576923076923
0 0.9651442307692307 0.0985576923076923 0.0673076923076923 0.10096153846153846
0 0.9447115384615384 0.040865384615384616 0.07451923076923077 0.08173076923076923
0 0.9423076923076923 0.8449519230769231 0.04567307692307692 0.14543269230769232
0 0.8125 0.6334134615384616 0.07451923076923077 0.11778846153846154
0 0.9122596153846154 0.016826923076923076 0.06490384615384616 0.03365384615384615