0 0.2800480769230769 0.07692307692307693 0.05889423076923077 0.04807692307692308
0 0.28725961538461536 0.13701923076923078 0.06610576923076923 0.05048076923076923
0 0.2848557692307692 0.19591346153846154 0.06370192307692307 0.052884615384615384
0 0.2824519230769231 0.2512019230769231 0.06129807692307692 0.051682692307692304
0 0.2776442307692308 0.3137019230769231 0.06490384615384616 0.051682692307692304
0 0.2800480769230769 0.36778846153846156 0.06850961538461539 0.051682692307692304
0 0.296875 0.4855769230769231 0.06129807692307692 0.05048076923076923
0 0.2956730769230769 0.5997596153846154 0.06971153846153846 0.056490384615384616
0 0.4651442307692308 0.06971153846153846 0.06370192307692307 0.05048076923076923
0 0.4723557692307692 0.12620192307692307 0.0625 0.04807692307692308
0 0.47475961538461536 0.1814903846153846 0.06370192307692307 0.051682692307692304
0 0.4723557692307692 0.23557692307692307 0.06009615384615385 0.04807692307692308
0 0.4699519230769231 0.296875 0.0673076923076923 0.055288461538461536
0 0.4675480769230769 0.3557692307692308 0.06129807692307692 0.051682692307692304
0 0.4699519230769231 0.41225961538461536 0.06129807692307692 0.055288461538461536
0 0.47596153846153844 0.6418269230769231 0.04927884615384615 0.051682692307692304
0 0.5240384615384616 0.16706730769230768 0.026442307692307692 0.1045673076923077
0 0.5240384615384616 0.28725961538461536 0.027644230769230768 0.109375
0 0.5264423076923077 0.4074519230769231 0.027644230769230768 0.10697115384615384
0 0.6322115384615384 0.05889423076923077 0.06370192307692307 0.054086538461538464
0 0.6334134615384616 0.11057692307692307 0.06610576923076923 0.051682692307692304
0 0.6358173076923077 0.16826923076923078 0.06370192307692307 0.04807692307692308
0 0.6370192307692307 0.22355769230769232 0.0625 0.04567307692307692
0 0.6346153846153846 0.2824519230769231 0.05889423076923077 0.051682692307692304
0 0.6430288461538461 0.3401442307692308 0.0625 0.05048076923076923
0 0.6514423076923077 0.3954326923076923 0.06370192307692307 0.052884615384615384
0 0.6478365384615384 0.4519230769230769 0.051682692307692304 0.05048076923076923
0 0.30288461538461536 0.6586538461538461 0.06490384615384616 0.052884615384615384
0 0.28966346153846156 0.4206730769230769 0.07572115384615384 0.056490384615384616
0 0.5324519230769231 0.6442307692307693 0.027644230769230768 0.12139423076923077
0 0.484375 0.6995192307692307 0.06850961538461539 0.06850961538461539
0 0.3004807692307692 0.7139423076923077 0.054086538461538464 0.056490384615384616
0 0.48677884615384615 0.7596153846153846 0.055288461538461536 0.06009615384615385
0 0.30288461538461536 0.7716346153846154 0.06370192307692307 0.055288461538461536
0 0.6442307692307693 0.6778846153846154 0.06370192307692307 0.056490384615384616
0 0.6454326923076923 0.7379807692307693 0.06129807692307692 0.05889423076923077
0 0.6502403846153846 0.5072115384615384 0.06009615384615385 0.054086538461538464
0 0.6370192307692307 0.5685096153846154 0.06129807692307692 0.054086538461538464
0 0.6418269230769231 0.6262019230769231 0.06370192307692307 0.046875
0 0.3004807692307692 0.5432692307692307 0.051682692307692304 0.04567307692307692
0 0.6550480769230769 0.7908653846153846 0.06009615384615385 0.06009615384615385
0 0.6538461538461539 0.8461538461538461 0.06129807692307692 0.05889423076923077
0 0.484375 0.8185096153846154 0.0625 0.056490384615384616
0 0.28846153846153844 0.8305288461538461 0.05889423076923077 0.052884615384615384
0 0.4879807692307692 0.8810096153846154 0.0733173076923077 0.06971153846153846
0 0.27884615384615385 0.02283653846153846 0.0673076923076923 0.04567307692307692
0 0.6322115384615384 0.016826923076923076 0.06370192307692307 0.03365384615384615
0 0.5216346153846154 0.054086538461538464 0.027644230769230768 0.10817307692307693
0 0.46033653846153844 0.021634615384615384 0.06490384615384616 0.04326923076923077
0 0.28846153846153844 0.8966346153846154 0.06971153846153846 0.06850961538461539
0 0.6574519230769231 0.9050480769230769 0.05889423076923077 0.05048076923076923
0 0.4807692307692308 0.4579326923076923 0.06009615384615385 0.051682692307692304
0 0.47716346153846156 0.5252403846153846 0.05889423076923077 0.04807692307692308
0 0.4795673076923077 0.5865384615384616 0.04927884615384615 0.04567307692307692
0 0.5300480769230769 0.5240384615384616 0.025240384615384616 0.10336538461538461
0 0.5384615384615384 0.7704326923076923 0.027644230769230768 0.10817307692307693
0 0.65625 0.9579326923076923 0.06129807692307692 0.054086538461538464