0 0.6418269230769231 0.984375 0.0625 0.027644230769230768
0 0.8533653846153846 0.8653846153846154 0.06129807692307692 0.046875
0 0.8473557692307693 0.8100961538461539 0.06129807692307692 0.04447115384615385
0 0.4831730769230769 0.43509615384615385 0.06009615384615385 0.052884615384615384
0 0.484375 0.49038461538461536 0.06129807692307692 0.05048076923076923
0 0.8341346153846154 0.6454326923076923 0.055288461538461536 0.046875
0 0.8365384615384616 0.6947115384615384 0.06009615384615385 0.04567307692307692
0 0.8425480769230769 0.7536057692307693 0.052884615384615384 0.04326923076923077
0 0.49278846153846156 0.9350961538461539 0.055288461538461536 0.05048076923076923
0 0.41466346153846156 0.9375 0.05889423076923077 0.051682692307692304
0 0.41346153846153844 0.8846153846153846 0.052884615384615384 0.04326923076923077
0 0.48197115384615385 0.8209134615384616 0.06370192307692307 0.04807692307692308
0 0.41225961538461536 0.4411057692307692 0.054086538461538464 0.04447115384615385
0 0.4098557692307692 0.3870192307692308 0.056490384615384616 0.04807692307692308
0 0.41346153846153844 0.7175480769230769 0.056490384615384616 0.04447115384615385
0 0.4855769230769231 0.8786057692307693 0.056490384615384616 0.05048076923076923
0 0.6971153846153846 0.6009615384615384 0.06370192307692307 0.05048076923076923
0 0.6971153846153846 0.7692307692307693 0.06129807692307692 0.052884615384615384
0 0.6995192307692307 0.8221153846153846 0.06610576923076923 0.052884615384615384
0 0.6322115384615384 0.8834134615384616 0.056490384615384616 0.05048076923076923
0 0.6286057692307693 0.9399038461538461 0.05889423076923077 0.04807692307692308
0 0.8533653846153846 0.9158653846153846 0.056490384615384616 0.04807692307692308
0 0.8497596153846154 0.9663461538461539 0.06370192307692307 0.04567307692307692
0 0.49038461538461536 0.9819711538461539 0.056490384615384616 0.03365384615384615
0 0.4182692307692308 0.984375 0.06009615384615385 0.027644230769230768
0 0.48677884615384615 0.328125 0.055288461538461536 0.04807692307692308
0 0.4855769230769231 0.38100961538461536 0.0625 0.046875
0 0.41225961538461536 0.49158653846153844 0.05889423076923077 0.04807692307692308
0 0.4182692307692308 0.7776442307692307 0.06009615384615385 0.046875
0 0.41586538461538464 0.8317307692307693 0.057692307692307696 0.04807692307692308
0 0.4855769230769231 0.7692307692307693 0.06129807692307692 0.04807692307692308
0 0.4855769230769231 0.7139423076923077 0.06370192307692307 0.051682692307692304
0 0.48677884615384615 0.6538461538461539 0.056490384615384616 0.04567307692307692
0 0.40625 0.6622596153846154 0.057692307692307696 0.046875
0 0.48677884615384615 0.6033653846153846 0.056490384615384616 0.046875
0 0.4206730769230769 0.6057692307692307 0.06009615384615385 0.046875
0 0.4110576923076923 0.546875 0.06009615384615385 0.04807692307692308
0 0.4831730769230769 0.546875 0.06129807692307692 0.051682692307692304
0 0.6971153846153846 0.8774038461538461 0.04927884615384615 0.051682692307692304
0 0.7043269230769231 0.9338942307692307 0.05889423076923077 0.05889423076923077
0 0.7079326923076923 0.9807692307692307 0.06009615384615385 0.036057692307692304
0 0.6274038461538461 0.8293269230769231 0.055288461538461536 0.04807692307692308
0 0.6298076923076923 0.7752403846153846 0.05048076923076923 0.05048076923076923
0 0.6274038461538461 0.7163461538461539 0.055288461538461536 0.046875
0 0.6923076923076923 0.7091346153846154 0.056490384615384616 0.04807692307692308
0 0.6947115384615384 0.6574519230769231 0.06129807692307692 0.046875
0 0.6274038461538461 0.6622596153846154 0.06370192307692307 0.04807692307692308
0 0.27524038461538464 0.984375 0.05889423076923077 0.026442307692307692
0 0.27403846153846156 0.9435096153846154 0.05889423076923077 0.04567307692307692
0 0.2764423076923077 0.8858173076923077 0.06610576923076923 0.051682692307692304
0 0.27524038461538464 0.8329326923076923 0.05889423076923077 0.04807692307692308
0 0.28125 0.7788461538461539 0.05048076923076923 0.046875
0 0.2776442307692308 0.7247596153846154 0.0625 0.04807692307692308
0 0.2668269230769231 0.6670673076923077 0.056490384615384616 0.051682692307692304
0 0.2776442307692308 0.6165865384615384 0.05889423076923077 0.046875
0 0.13942307692307693 0.5408653846153846 0.056490384615384616 0.04567307692307692
0 0.13701923076923078 0.484375 0.06129807692307692 0.04567307692307692
0 0.1346153846153846 0.43149038461538464 0.06490384615384616 0.04807692307692308
0 0.1310096153846154 0.3762019230769231 0.06129807692307692 0.052884615384615384
0 0.12860576923076922 0.3245192307692308 0.06610576923076923 0.04807692307692308
0 0.12860576923076922 0.27163461538461536 0.06370192307692307 0.04807692307692308
0 0.11899038461538461 0.22235576923076922 0.057692307692307696 0.052884615384615384
0 0.12139423076923077 0.16706730769230768 0.05889423076923077 0.051682692307692304
0 0.12259615384615384 0.11538461538461539 0.06129807692307692 0.04807692307692308
0 0.12860576923076922 0.0625 0.05889423076923077 0.04807692307692308
0 0.1201923076923077 0.019230769230769232 0.06129807692307692 0.038461538461538464
0 0.2764423076923077 0.02403846153846154 0.055288461538461536 0.04807692307692308
0 0.27283653846153844 0.07451923076923077 0.05048076923076923 0.051682692307692304
0 0.2692307692307692 0.12620192307692307 0.052884615384615384 0.04807692307692308
0 0.25961538461538464 0.1778846153846154 0.052884615384615384 0.054086538461538464
0 0.265625 0.234375 0.056490384615384616 0.054086538461538464
0 0.27283653846153844 0.2860576923076923 0.06009615384615385 0.046875
0 0.4182692307692308 0.021634615384615384 0.0625 0.04326923076923077
0 0.40625 0.06971153846153846 0.056490384615384616 0.04567307692307692
0 0.47836538461538464 0.21995192307692307 0.055288461538461536 0.051682692307692304
0 0.4831730769230769 0.27403846153846156 0.055288461538461536 0.046875
0 0.4098557692307692 0.328125 0.06129807692307692 0.05048076923076923
0 0.6237980769230769 0.6069711538461539 0.06610576923076923 0.051682692307692304
0 0.6298076923076923 0.5516826923076923 0.06490384615384616 0.051682692307692304
0 0.6947115384615384 0.546875 0.057692307692307696 0.046875
0 0.8365384615384616 0.5949519230769231 0.06490384615384616 0.051682692307692304
0 0.8425480769230769 0.5408653846153846 0.06129807692307692 0.054086538461538464
0 0.8425480769230769 0.4807692307692308 0.06129807692307692 0.04807692307692308
0 0.8389423076923077 0.4266826923076923 0.046875 0.046875
0 0.8401442307692307 0.375 0.056490384615384616 0.046875
0 0.8293269230769231 0.2776442307692308 0.055288461538461536 0.05048076923076923
0 0.6935096153846154 0.49038461538461536 0.056490384615384616 0.051682692307692304
0 0.6262019230769231 0.49759615384615385 0.04927884615384615 0.046875
0 0.6274038461538461 0.43990384615384615 0.06009615384615385 0.051682692307692304
0 0.6935096153846154 0.4362980769230769 0.04807692307692308 0.04447115384615385
0 0.6887019230769231 0.38461538461538464 0.06009615384615385 0.052884615384615384
0 0.625 0.3858173076923077 0.05889423076923077 0.05048076923076923
0 0.6237980769230769 0.3293269230769231 0.05889423076923077 0.051682692307692304
0 0.6995192307692307 0.328125 0.057692307692307696 0.051682692307692304
0 0.6935096153846154 0.27403846153846156 0.05889423076923077 0.052884615384615384
0 0.6225961538461539 0.27403846153846156 0.05889423076923077 0.051682692307692304
0 0.6959134615384616 0.22115384615384615 0.055288461538461536 0.04807692307692308
0 0.6225961538461539 0.22235576923076922 0.06129807692307692 0.052884615384615384
0 0.6262019230769231 0.16947115384615385 0.06129807692307692 0.052884615384615384
0 0.6911057692307693 0.17067307692307693 0.052884615384615384 0.05048076923076923
0 0.6875 0.11658653846153846 0.056490384615384616 0.051682692307692304
0 0.625 0.11538461538461539 0.05889423076923077 0.052884615384615384
0 0.6237980769230769 0.06850961538461539 0.06009615384615385 0.046875
0 0.6887019230769231 0.0625 0.05048076923076923 0.04807692307692308
0 0.6935096153846154 0.018028846153846152 0.055288461538461536 0.036057692307692304
0 0.6189903846153846 0.02283653846153846 0.06009615384615385 0.04567307692307692
0 0.8245192307692307 0.17067307692307693 0.057692307692307696 0.05048076923076923
0 0.8245192307692307 0.11778846153846154 0.0625 0.054086538461538464
0 0.8233173076923077 0.0625 0.05889423076923077 0.05048076923076923
0 0.8185096153846154 0.018028846153846152 0.052884615384615384 0.036057692307692304