0 0.7427884615384616 0.0829326923076923 0.038461538461538464 0.09615384615384616
0 0.7139423076923077 0.11658653846153846 0.037259615384615384 0.09735576923076923
0 0.6826923076923077 0.12860576923076922 0.040865384615384616 0.11057692307692307
0 0.6526442307692307 0.125 0.040865384615384616 0.1045673076923077
0 0.6201923076923077 0.13942307692307693 0.040865384615384616 0.0985576923076923
0 0.5961538461538461 0.16105769230769232 0.03485576923076923 0.09014423076923077
0 0.5612980769230769 0.16706730769230768 0.03245192307692308 0.0889423076923077
0 0.5348557692307693 0.18629807692307693 0.038461538461538464 0.10336538461538461
0 0.5036057692307693 0.20192307692307693 0.036057692307692304 0.09134615384615384
0 0.47836538461538464 0.23076923076923078 0.042067307692307696 0.10576923076923077
0 0.4483173076923077 0.25 0.038461538461538464 0.10096153846153846
0 0.41586538461538464 0.25961538461538464 0.038461538461538464 0.10697115384615384
0 0.38221153846153844 0.2704326923076923 0.038461538461538464 0.09975961538461539
0 0.35216346153846156 0.28846153846153844 0.037259615384615384 0.109375
0 0.31971153846153844 0.30528846153846156 0.037259615384615384 0.10817307692307693
0 0.28846153846153844 0.3269230769230769 0.039663461538461536 0.11057692307692307
0 0.25721153846153844 0.35096153846153844 0.04326923076923077 0.11057692307692307
0 0.2247596153846154 0.36778846153846156 0.04447115384615385 0.109375
0 0.1935096153846154 0.39663461538461536 0.042067307692307696 0.09495192307692307
0 0.15985576923076922 0.39903846153846156 0.05048076923076923 0.11778846153846154
0 0.12379807692307693 0.41586538461538464 0.04807692307692308 0.11778846153846154
0 0.09014423076923077 0.43028846153846156 0.04447115384615385 0.10336538461538461
0 0.056490384615384616 0.46274038461538464 0.04807692307692308 0.11538461538461539
0 0.02283653846153846 0.4675480769230769 0.04567307692307692 0.1045673076923077
0 0.7439903846153846 0.40865384615384615 0.04447115384615385 0.0985576923076923
0 0.7067307692307693 0.41947115384615385 0.038461538461538464 0.1045673076923077
0 0.6814903846153846 0.43509615384615385 0.040865384615384616 0.09615384615384616
0 0.6502403846153846 0.453125 0.038461538461538464 0.10817307692307693
0 0.6225961538461539 0.4735576923076923 0.038461538461538464 0.09975961538461539
0 0.5949519230769231 0.5012019230769231 0.037259615384615384 0.10817307692307693
0 0.5661057692307693 0.5120192307692307 0.037259615384615384 0.10096153846153846
0 0.5324519230769231 0.5264423076923077 0.037259615384615384 0.1045673076923077
0 0.5024038461538461 0.5432692307692307 0.038461538461538464 0.10576923076923077
0 0.4723557692307692 0.5637019230769231 0.039663461538461536 0.1141826923076923
0 0.44350961538461536 0.5889423076923077 0.039663461538461536 0.11298076923076923
0 0.4098557692307692 0.5985576923076923 0.040865384615384616 0.109375
0 0.3798076923076923 0.6153846153846154 0.04447115384615385 0.10817307692307693
0 0.34615384615384615 0.6394230769230769 0.04567307692307692 0.109375
0 0.31490384615384615 0.6586538461538461 0.046875 0.11538461538461539
0 0.2824519230769231 0.671875 0.04567307692307692 0.11778846153846154
0 0.24879807692307693 0.6875 0.04567307692307692 0.11778846153846154
0 0.21153846153846154 0.6995192307692307 0.040865384615384616 0.109375
0 0.18028846153846154 0.7283653846153846 0.04567307692307692 0.11899038461538461
0 0.1502403846153846 0.7536057692307693 0.04326923076923077 0.1141826923076923
0 0.11778846153846154 0.7848557692307693 0.04567307692307692 0.11658653846153846
0 0.08533653846153846 0.8052884615384616 0.051682692307692304 0.11538461538461539
0 0.05048076923076923 0.8185096153846154 0.046875 0.11057692307692307
0 0.020432692307692308 0.8233173076923077 0.039663461538461536 0.12379807692307693
0 0.8377403846153846 0.6129807692307693 0.04447115384615385 0.10817307692307693
0 0.8076923076923077 0.6442307692307693 0.04326923076923077 0.10697115384615384
0 0.7836538461538461 0.6694711538461539 0.038461538461538464 0.10576923076923077
0 0.7536057692307693 0.6862980769230769 0.038461538461538464 0.09975961538461539
0 0.7259615384615384 0.7091346153846154 0.040865384615384616 0.11057692307692307
0 0.6983173076923077 0.7163461538461539 0.038461538461538464 0.09735576923076923
0 0.6706730769230769 0.7247596153846154 0.037259615384615384 0.10096153846153846
0 0.6478365384615384 0.7824519230769231 0.037259615384615384 0.1045673076923077
0 0.6105769230769231 0.7620192307692307 0.036057692307692304 0.10336538461538461
0 0.5841346153846154 0.8125 0.04326923076923077 0.109375
0 0.5528846153846154 0.8245192307692307 0.040865384615384616 0.10817307692307693
0 0.5204326923076923 0.8389423076923077 0.037259615384615384 0.09615384615384616
0 0.49038461538461536 0.8497596153846154 0.038461538461538464 0.09735576923076923
0 0.46274038461538464 0.8786057692307693 0.040865384615384616 0.11057692307692307
0 0.43149038461538464 0.8918269230769231 0.038461538461538464 0.10096153846153846
0 0.40024038461538464 0.9206730769230769 0.040865384615384616 0.11298076923076923
0 0.36899038461538464 0.9399038461538461 0.042067307692307696 0.11538461538461539
0 0.3401442307692308 0.9579326923076923 0.038461538461538464 0.07932692307692307
0 0.30649038461538464 0.9627403846153846 0.040865384615384616 0.07211538461538461
0 0.27163461538461536 0.9723557692307693 0.036057692307692304 0.052884615384615384
0 0.7367788461538461 0.49399038461538464 0.052884615384615384 0.05889423076923077
0 0.6802884615384616 0.5240384615384616 0.052884615384615384 0.06490384615384616
0 0.6213942307692307 0.5721153846153846 0.06009615384615385 0.0733173076923077
0 0.5588942307692307 0.609375 0.05889423076923077 0.06971153846153846
0 0.49278846153846156 0.6466346153846154 0.05889423076923077 0.06971153846153846
0 0.4362980769230769 0.6850961538461539 0.051682692307692304 0.06370192307692307
0 0.3762019230769231 0.7223557692307693 0.06129807692307692 0.07451923076923077
0 0.3137019230769231 0.7620192307692307 0.06129807692307692 0.06850961538461539
0 0.24759615384615385 0.8028846153846154 0.06370192307692307 0.07932692307692307
0 0.17548076923076922 0.8461538461538461 0.0673076923076923 0.0829326923076923
0 0.10817307692307693 0.8858173076923077 0.06490384615384616 0.0733173076923077
0 0.036057692307692304 0.9266826923076923 0.07091346153846154 0.0829326923076923