0 0.2800480769230769 0.5733173076923077 0.06490384615384616 0.05048076923076923
0 0.2860576923076923 0.6334134615384616 0.057692307692307696 0.046875
0 0.2848557692307692 0.6899038461538461 0.06129807692307692 0.04807692307692308
0 0.27524038461538464 0.7415865384615384 0.054086538461538464 0.04567307692307692
0 0.2800480769230769 0.8004807692307693 0.056490384615384616 0.046875
0 0.28846153846153844 0.8533653846153846 0.05889423076923077 0.052884615384615384
0 0.421875 0.8533653846153846 0.06009615384615385 0.04567307692307692
0 0.4206730769230769 0.8016826923076923 0.05889423076923077 0.04807692307692308
0 0.14543269230769232 0.4987980769230769 0.06009615384615385 0.04447115384615385
0 0.14302884615384615 0.5516826923076923 0.06610576923076923 0.051682692307692304
0 0.14182692307692307 0.609375 0.06490384615384616 0.046875
0 0.13942307692307693 0.7199519230769231 0.06370192307692307 0.05048076923076923
0 0.14302884615384615 0.7764423076923077 0.05889423076923077 0.05048076923076923
0 0.14302884615384615 0.8305288461538461 0.06610576923076923 0.046875
0 0.4182692307692308 0.6911057692307693 0.06009615384615385 0.046875
0 0.4182692307692308 0.7439903846153846 0.06009615384615385 0.04807692307692308
0 0.4266826923076923 0.9651442307692307 0.06370192307692307 0.046875
0 0.28365384615384615 0.9050480769230769 0.056490384615384616 0.04807692307692308
0 0.28846153846153844 0.9591346153846154 0.05889423076923077 0.052884615384615384
0 0.14783653846153846 0.984375 0.05889423076923077 0.026442307692307692
0 0.140625 0.8834134615384616 0.06610576923076923 0.04567307692307692
0 0.140625 0.6610576923076923 0.06490384615384616 0.04567307692307692
0 0.1466346153846154 0.43028846153846156 0.06370192307692307 0.04807692307692308