0 0.40024038461538464 0.5552884615384616 0.06129807692307692 0.05048076923076923
0 0.33533653846153844 0.5588942307692307 0.06009615384615385 0.054086538461538464
0 0.42427884615384615 0.8125 0.028846153846153848 0.10817307692307693
0 0.5168269230769231 0.8028846153846154 0.030048076923076924 0.11658653846153846
0 0.5612980769230769 0.7956730769230769 0.030048076923076924 0.11658653846153846
0 0.6081730769230769 0.8040865384615384 0.030048076923076924 0.11778846153846154
0 0.6550480769230769 0.7704326923076923 0.027644230769230768 0.11298076923076923
0 0.33653846153846156 0.8269230769230769 0.030048076923076924 0.11538461538461539
0 0.28966346153846156 0.8185096153846154 0.03245192307692308 0.11057692307692307
0 0.19951923076923078 0.8329326923076923 0.0673076923076923 0.08653846153846154
0 0.1971153846153846 0.7283653846153846 0.06850961538461539 0.05889423076923077
0 0.19110576923076922 0.6418269230769231 0.06850961538461539 0.056490384615384616
0 0.18629807692307693 0.5612980769230769 0.06610576923076923 0.054086538461538464
0 0.5444711538461539 0.546875 0.05889423076923077 0.051682692307692304
0 0.5372596153846154 0.4879807692307692 0.052884615384615384 0.05048076923076923
0 0.5420673076923077 0.43028846153846156 0.0625 0.05048076923076923
0 0.6045673076923077 0.4206730769230769 0.05889423076923077 0.052884615384615384
0 0.6081730769230769 0.36538461538461536 0.06370192307692307 0.05048076923076923
0 0.5384615384615384 0.375 0.052884615384615384 0.04567307692307692
0 0.7439903846153846 0.30649038461538464 0.06009615384615385 0.056490384615384616
0 0.7355769230769231 0.25240384615384615 0.056490384615384616 0.04447115384615385
0 0.7355769230769231 0.20192307692307693 0.0625 0.052884615384615384
0 0.7307692307692307 0.14302884615384615 0.057692307692307696 0.055288461538461536
0 0.734375 0.0889423076923077 0.06129807692307692 0.055288461538461536
0 0.7295673076923077 0.037259615384615384 0.054086538461538464 0.051682692307692304
0 0.7295673076923077 0.008413461538461538 0.06490384615384616 0.016826923076923076
0 0.6033653846153846 0.008413461538461538 0.05889423076923077 0.016826923076923076
0 0.5360576923076923 0.009615384615384616 0.05889423076923077 0.019230769230769232
0 0.5985576923076923 0.040865384615384616 0.06129807692307692 0.04807692307692308
0 0.5324519230769231 0.04567307692307692 0.06129807692307692 0.046875
0 0.6009615384615384 0.09134615384615384 0.05889423076923077 0.054086538461538464
0 0.5324519230769231 0.09615384615384616 0.06129807692307692 0.054086538461538464
0 0.5348557692307693 0.1502403846153846 0.06129807692307692 0.054086538461538464
0 0.6009615384615384 0.14423076923076922 0.0625 0.054086538461538464
0 0.6033653846153846 0.19951923076923078 0.057692307692307696 0.051682692307692304
0 0.5384615384615384 0.20432692307692307 0.05889423076923077 0.052884615384615384
0 0.6081730769230769 0.2536057692307692 0.056490384615384616 0.052884615384615384
0 0.5348557692307693 0.25841346153846156 0.0673076923076923 0.054086538461538464
0 0.6105769230769231 0.3088942307692308 0.06129807692307692 0.054086538461538464
0 0.5384615384615384 0.31850961538461536 0.0625 0.055288461538461536
0 0.39302884615384615 0.013221153846153846 0.06490384615384616 0.026442307692307692
0 0.32211538461538464 0.016826923076923076 0.0625 0.03365384615384615
0 0.3942307692307692 0.051682692307692304 0.056490384615384616 0.052884615384615384
0 0.3245192307692308 0.06009615384615385 0.06009615384615385 0.05889423076923077
0 0.39302884615384615 0.1045673076923077 0.06129807692307692 0.051682692307692304
0 0.3245192307692308 0.1141826923076923 0.055288461538461536 0.054086538461538464
0 0.3954326923076923 0.15745192307692307 0.056490384615384616 0.05048076923076923
0 0.3269230769230769 0.16947115384615385 0.05889423076923077 0.05048076923076923
0 0.3954326923076923 0.20793269230769232 0.06490384615384616 0.054086538461538464
0 0.39903846153846156 0.26802884615384615 0.06009615384615385 0.054086538461538464
0 0.39663461538461536 0.3245192307692308 0.06610576923076923 0.054086538461538464
0 0.4014423076923077 0.38341346153846156 0.06490384615384616 0.054086538461538464
0 0.39663461538461536 0.4387019230769231 0.06610576923076923 0.054086538461538464
0 0.39783653846153844 0.49278846153846156 0.06370192307692307 0.051682692307692304
0 0.3293269230769231 0.49759615384615385 0.06370192307692307 0.052884615384615384
0 0.3269230769230769 0.4411057692307692 0.06490384615384616 0.051682692307692304
0 0.3317307692307692 0.3858173076923077 0.06129807692307692 0.05048076923076923
0 0.3245192307692308 0.3317307692307692 0.06129807692307692 0.052884615384615384
0 0.32211538461538464 0.27403846153846156 0.06009615384615385 0.051682692307692304
0 0.3245192307692308 0.22115384615384615 0.057692307692307696 0.05048076923076923
0 0.19110576923076922 0.018028846153846152 0.06610576923076923 0.036057692307692304
0 0.18990384615384615 0.07692307692307693 0.06370192307692307 0.06129807692307692
0 0.19230769230769232 0.15985576923076922 0.06370192307692307 0.055288461538461536
0 0.18629807692307693 0.31490384615384615 0.05889423076923077 0.05048076923076923
0 0.18870192307692307 0.390625 0.0625 0.052884615384615384
0 0.18990384615384615 0.47596153846153844 0.06850961538461539 0.054086538461538464
0 0.25961538461538464 0.2704326923076923 0.03485576923076923 0.11298076923076923