0 0.6574519230769231 0.6502403846153846 0.06129807692307692 0.046875
0 0.7175480769230769 0.6490384615384616 0.04807692307692308 0.04447115384615385
0 0.7199519230769231 0.703125 0.04927884615384615 0.04807692307692308
0 0.6598557692307693 0.7055288461538461 0.056490384615384616 0.051682692307692304
0 0.6598557692307693 0.7608173076923077 0.056490384615384616 0.046875
0 0.7235576923076923 0.7608173076923077 0.05889423076923077 0.04807692307692308
0 0.7283653846153846 0.8221153846153846 0.06009615384615385 0.052884615384615384
0 0.7283653846153846 0.875 0.055288461538461536 0.046875
0 0.6598557692307693 0.8185096153846154 0.06370192307692307 0.051682692307692304
0 0.6550480769230769 0.8713942307692307 0.06129807692307692 0.04807692307692308
0 0.6502403846153846 0.9230769230769231 0.056490384615384616 0.04807692307692308
0 0.6598557692307693 0.9795673076923077 0.054086538461538464 0.038461538461538464
0 0.7307692307692307 0.9783653846153846 0.056490384615384616 0.040865384615384616
0 0.8677884615384616 0.9735576923076923 0.055288461538461536 0.05048076923076923
0 0.8629807692307693 0.9206730769230769 0.06009615384615385 0.05048076923076923
0 0.859375 0.8689903846153846 0.05889423076923077 0.04567307692307692
0 0.8581730769230769 0.8137019230769231 0.056490384615384616 0.05048076923076923
0 0.8605769230769231 0.7620192307692307 0.057692307692307696 0.05048076923076923
0 0.8653846153846154 0.7091346153846154 0.06009615384615385 0.04807692307692308
0 0.8581730769230769 0.6538461538461539 0.056490384615384616 0.04807692307692308
0 0.8677884615384616 0.5961538461538461 0.05889423076923077 0.04807692307692308
0 0.8653846153846154 0.5420673076923077 0.055288461538461536 0.046875
0 0.8689903846153846 0.4831730769230769 0.0625 0.05048076923076923
0 0.8221153846153846 0.3954326923076923 0.03125 0.11057692307692307
0 0.7872596153846154 0.40384615384615385 0.028846153846153848 0.1141826923076923
0 0.7596153846153846 0.41586538461538464 0.027644230769230768 0.10336538461538461
0 0.7331730769230769 0.41586538461538464 0.026442307692307692 0.10697115384615384
0 0.703125 0.4014423076923077 0.026442307692307692 0.10576923076923077
0 0.6754807692307693 0.40024038461538464 0.026442307692307692 0.10576923076923077
0 0.6442307692307693 0.4026442307692308 0.030048076923076924 0.109375
0 0.6129807692307693 0.40024038461538464 0.026442307692307692 0.10697115384615384
0 0.5817307692307693 0.39903846153846156 0.02403846153846154 0.0985576923076923
0 0.5504807692307693 0.40384615384615385 0.025240384615384616 0.09975961538461539
0 0.5192307692307693 0.4050480769230769 0.02403846153846154 0.09975961538461539
0 0.4879807692307692 0.4050480769230769 0.02403846153846154 0.11778846153846154
0 0.43149038461538464 0.4206730769230769 0.0625 0.054086538461538464
0 0.5096153846153846 0.6442307692307693 0.05889423076923077 0.05048076923076923
0 0.5072115384615384 0.7019230769230769 0.05889423076923077 0.051682692307692304
0 0.5084134615384616 0.7572115384615384 0.055288461538461536 0.046875
0 0.5060096153846154 0.8100961538461539 0.056490384615384616 0.04567307692307692
0 0.5072115384615384 0.8653846153846154 0.05889423076923077 0.051682692307692304
0 0.5084134615384616 0.9230769230769231 0.056490384615384616 0.04567307692307692
0 0.5036057692307693 0.9747596153846154 0.05889423076923077 0.046875
0 0.4362980769230769 0.6442307692307693 0.057692307692307696 0.046875
0 0.44350961538461536 0.7019230769230769 0.06129807692307692 0.05048076923076923
0 0.4411057692307692 0.7560096153846154 0.05889423076923077 0.052884615384615384
0 0.4338942307692308 0.8125 0.06009615384615385 0.04807692307692308
0 0.4411057692307692 0.8653846153846154 0.05889423076923077 0.04807692307692308
0 0.4387019230769231 0.9206730769230769 0.056490384615384616 0.052884615384615384
0 0.4387019230769231 0.9747596153846154 0.06009615384615385 0.046875
0 0.4326923076923077 0.3629807692307692 0.05889423076923077 0.05048076923076923
0 0.4387019230769231 0.3112980769230769 0.056490384615384616 0.051682692307692304
0 0.4375 0.2536057692307692 0.06370192307692307 0.051682692307692304
0 0.4338942307692308 0.19831730769230768 0.06610576923076923 0.05048076923076923
0 0.4362980769230769 0.14903846153846154 0.054086538461538464 0.05048076923076923
0 0.4411057692307692 0.0985576923076923 0.052884615384615384 0.04567307692307692
0 0.4338942307692308 0.05048076923076923 0.06009615384615385 0.052884615384615384
0 0.2956730769230769 0.640625 0.06009615384615385 0.04807692307692308
0 0.296875 0.6947115384615384 0.06129807692307692 0.04807692307692308
0 0.296875 0.7512019230769231 0.05889423076923077 0.051682692307692304
0 0.2980769230769231 0.8052884615384616 0.05889423076923077 0.04807692307692308
0 0.2920673076923077 0.8605769230769231 0.057692307692307696 0.046875
0 0.28966346153846156 0.9122596153846154 0.06129807692307692 0.051682692307692304
0 0.2932692307692308 0.9711538461538461 0.054086538461538464 0.05048076923076923
0 0.4362980769230769 0.01201923076923077 0.054086538461538464 0.02403846153846154
0 0.2932692307692308 0.008413461538461538 0.054086538461538464 0.016826923076923076
0 0.2980769230769231 0.04326923076923077 0.057692307692307696 0.051682692307692304
0 0.2980769230769231 0.09495192307692307 0.056490384615384616 0.04807692307692308
0 0.28725961538461536 0.14543269230769232 0.052884615384615384 0.046875
0 0.2860576923076923 0.1971153846153846 0.06129807692307692 0.05048076923076923
0 0.28846153846153844 0.25 0.0625 0.05048076923076923
0 0.28725961538461536 0.30288461538461536 0.057692307692307696 0.04567307692307692
0 0.28725961538461536 0.35697115384615385 0.055288461538461536 0.04447115384615385
0 0.28725961538461536 0.41346153846153844 0.057692307692307696 0.04807692307692308
0 0.1346153846153846 0.9855769230769231 0.06490384615384616 0.025240384615384616
0 0.13822115384615385 0.9399038461538461 0.06610576923076923 0.051682692307692304
0 0.14182692307692307 0.8870192307692307 0.06370192307692307 0.05048076923076923
0 0.15384615384615385 0.026442307692307692 0.0625 0.052884615384615384
0 0.1502403846153846 0.07451923076923077 0.06850961538461539 0.052884615384615384
0 0.15384615384615385 0.12740384615384615 0.06129807692307692 0.05048076923076923
0 0.15504807692307693 0.17908653846153846 0.05889423076923077 0.05048076923076923
0 0.1502403846153846 0.23197115384615385 0.06129807692307692 0.05048076923076923
0 0.15264423076923078 0.3329326923076923 0.06129807692307692 0.05048076923076923
0 0.1502403846153846 0.3858173076923077 0.05889423076923077 0.04567307692307692
0 0.14423076923076922 0.4483173076923077 0.055288461538461536 0.04567307692307692
0 0.13942307692307693 0.5024038461538461 0.06971153846153846 0.04567307692307692
0 0.14423076923076922 0.5552884615384616 0.06610576923076923 0.04567307692307692
0 0.14302884615384615 0.6069711538461539 0.06129807692307692 0.04567307692307692
0 0.14182692307692307 0.6634615384615384 0.06370192307692307 0.04807692307692308
0 0.1466346153846154 0.7175480769230769 0.06129807692307692 0.04567307692307692
0 0.14903846153846154 0.7764423076923077 0.05889423076923077 0.051682692307692304
0 0.13581730769230768 0.8317307692307693 0.06129807692307692 0.046875