0 0.49399038461538464 0.46153846153846156 0.06129807692307692 0.054086538461538464
0 0.484375 0.3485576923076923 0.057692307692307696 0.05048076923076923
0 0.4879807692307692 0.2860576923076923 0.0625 0.05048076923076923
0 0.4891826923076923 0.22596153846153846 0.06610576923076923 0.04447115384615385
0 0.49038461538461536 0.17067307692307693 0.06370192307692307 0.054086538461538464
0 0.4879807692307692 0.11057692307692307 0.06129807692307692 0.051682692307692304
0 0.49759615384615385 0.6838942307692307 0.06370192307692307 0.056490384615384616
0 0.31009615384615385 0.4723557692307692 0.05889423076923077 0.04567307692307692
0 0.5444711538461539 0.19951923076923078 0.026442307692307692 0.1045673076923077
0 0.546875 0.3161057692307692 0.026442307692307692 0.10817307692307693
0 0.5 0.6286057692307693 0.06009615384615385 0.05048076923076923
0 0.3112980769230769 0.23557692307692307 0.06129807692307692 0.046875
0 0.31009615384615385 0.17668269230769232 0.06490384615384616 0.051682692307692304
0 0.30288461538461536 0.06370192307692307 0.06129807692307692 0.05048076923076923
0 0.30528846153846156 0.12139423076923077 0.0625 0.051682692307692304
0 0.31850961538461536 0.5276442307692307 0.06370192307692307 0.05048076923076923
0 0.5408653846153846 0.08653846153846154 0.025240384615384616 0.10697115384615384
0 0.4891826923076923 0.4050480769230769 0.06370192307692307 0.04326923076923077
0 0.3088942307692308 0.4098557692307692 0.0673076923076923 0.046875
0 0.6586538461538461 0.33413461538461536 0.06370192307692307 0.04567307692307692
0 0.6598557692307693 0.28365384615384615 0.0625 0.046875
0 0.6634615384615384 0.22355769230769232 0.057692307692307696 0.04807692307692308
0 0.6550480769230769 0.1658653846153846 0.06129807692307692 0.04567307692307692
0 0.6526442307692307 0.11057692307692307 0.06370192307692307 0.05048076923076923
0 0.6586538461538461 0.5036057692307693 0.06370192307692307 0.04807692307692308
0 0.32572115384615385 0.8762019230769231 0.06009615384615385 0.05048076923076923
0 0.6490384615384616 0.05048076923076923 0.056490384615384616 0.04807692307692308
0 0.31009615384615385 0.35096153846153844 0.06850961538461539 0.052884615384615384
0 0.6634615384615384 0.39302884615384615 0.06610576923076923 0.054086538461538464
0 0.6598557692307693 0.453125 0.06370192307692307 0.05048076923076923
0 0.6634615384615384 0.6754807692307693 0.057692307692307696 0.051682692307692304
0 0.6622596153846154 0.6189903846153846 0.06370192307692307 0.046875
0 0.6622596153846154 0.5625 0.0625 0.04807692307692308
0 0.4855769230769231 0.052884615384615384 0.06129807692307692 0.056490384615384616
0 0.328125 0.9350961538461539 0.052884615384615384 0.051682692307692304
0 0.4963942307692308 0.75 0.06009615384615385 0.052884615384615384
0 0.4963942307692308 0.8016826923076923 0.057692307692307696 0.051682692307692304
0 0.5072115384615384 0.8569711538461539 0.056490384615384616 0.06129807692307692
0 0.5036057692307693 0.921875 0.056490384615384616 0.05889423076923077
0 0.3161057692307692 0.2920673076923077 0.052884615384615384 0.04567307692307692
0 0.29927884615384615 0.014423076923076924 0.06370192307692307 0.028846153846153848
0 0.4855769230769231 0.010817307692307692 0.06370192307692307 0.021634615384615384
0 0.6502403846153846 0.010817307692307692 0.06129807692307692 0.021634615384615384
0 0.6778846153846154 0.8990384615384616 0.0625 0.055288461538461536
0 0.6754807692307693 0.8449519230769231 0.052884615384615384 0.04807692307692308
0 0.6802884615384616 0.7908653846153846 0.06370192307692307 0.054086538461538464
0 0.6706730769230769 0.7307692307692307 0.06370192307692307 0.052884615384615384
0 0.5564903846153846 0.9134615384615384 0.02403846153846154 0.10576923076923077
0 0.5564903846153846 0.7980769230769231 0.027644230769230768 0.11298076923076923
0 0.5528846153846154 0.6790865384615384 0.025240384615384616 0.11057692307692307
0 0.5528846153846154 0.4411057692307692 0.028846153846153848 0.109375
0 0.5540865384615384 0.5588942307692307 0.027644230769230768 0.10697115384615384
0 0.5024038461538461 0.5733173076923077 0.06129807692307692 0.04567307692307692
0 0.30649038461538464 0.7079326923076923 0.06370192307692307 0.051682692307692304
0 0.3076923076923077 0.7644230769230769 0.06490384615384616 0.05889423076923077
0 0.31850961538461536 0.8197115384615384 0.07451923076923077 0.06490384615384616
0 0.3137019230769231 0.5889423076923077 0.06129807692307692 0.05048076923076923
0 0.3112980769230769 0.6454326923076923 0.06129807692307692 0.04807692307692308
0 0.5012019230769231 0.5192307692307693 0.06009615384615385 0.04807692307692308
0 0.5060096153846154 0.9759615384615384 0.05048076923076923 0.04447115384615385
0 0.3245192307692308 0.9807692307692307 0.06610576923076923 0.036057692307692304
0 0.6634615384615384 0.9615384615384616 0.06370192307692307 0.055288461538461536