0 0.53125 0.4014423076923077 0.027644230769230768 0.109375
0 0.4987980769230769 0.40384615384615385 0.028846153846153848 0.09975961538461539
0 0.4675480769230769 0.4110576923076923 0.027644230769230768 0.11057692307692307
0 0.46274038461538464 0.2824519230769231 0.025240384615384616 0.109375
0 0.42788461538461536 0.27884615384615385 0.027644230769230768 0.11298076923076923
0 0.39663461538461536 0.27524038461538464 0.026442307692307692 0.11538461538461539
0 0.4963942307692308 0.2776442307692308 0.027644230769230768 0.11778846153846154
0 0.5288461538461539 0.27403846153846156 0.027644230769230768 0.11057692307692307
0 0.5612980769230769 0.27163461538461536 0.027644230769230768 0.10817307692307693
0 0.5949519230769231 0.26802884615384615 0.030048076923076924 0.109375
0 0.5649038461538461 0.40024038461538464 0.03125 0.109375
0 0.43028846153846156 0.4014423076923077 0.027644230769230768 0.11778846153846154
0 0.39663461538461536 0.40384615384615385 0.028846153846153848 0.11538461538461539
0 0.36538461538461536 0.40024038461538464 0.028846153846153848 0.11778846153846154
0 0.3629807692307692 0.2764423076923077 0.027644230769230768 0.1141826923076923
0 0.5949519230769231 0.40384615384615385 0.026442307692307692 0.11298076923076923
0 0.6286057692307693 0.4026442307692308 0.028846153846153848 0.10336538461538461
0 0.6262019230769231 0.27524038461538464 0.027644230769230768 0.09254807692307693
0 0.6598557692307693 0.2848557692307692 0.027644230769230768 0.11298076923076923
0 0.6887019230769231 0.2800480769230769 0.030048076923076924 0.1141826923076923
0 0.7199519230769231 0.2824519230769231 0.030048076923076924 0.11057692307692307
0 0.7524038461538461 0.2860576923076923 0.027644230769230768 0.109375
0 0.7824519230769231 0.28725961538461536 0.030048076923076924 0.11057692307692307
0 0.8125 0.29086538461538464 0.027644230769230768 0.10336538461538461
0 0.8401442307692307 0.2920673076923077 0.027644230769230768 0.10817307692307693
0 0.8689903846153846 0.28725961538461536 0.030048076923076924 0.1045673076923077
0 0.8966346153846154 0.28725961538461536 0.026442307692307692 0.09975961538461539
0 0.9278846153846154 0.29086538461538464 0.03245192307692308 0.10576923076923077
0 0.9567307692307693 0.2932692307692308 0.026442307692307692 0.09735576923076923
0 0.984375 0.2932692307692308 0.028846153846153848 0.10336538461538461
0 0.6598557692307693 0.4074519230769231 0.028846153846153848 0.10096153846153846
0 0.6923076923076923 0.40384615384615385 0.027644230769230768 0.11538461538461539
0 0.7223557692307693 0.4110576923076923 0.028846153846153848 0.109375
0 0.7536057692307693 0.4074519230769231 0.030048076923076924 0.10817307692307693
0 0.7836538461538461 0.4074519230769231 0.027644230769230768 0.10817307692307693
0 0.8100961538461539 0.4026442307692308 0.027644230769230768 0.10336538461538461
0 0.8413461538461539 0.40865384615384615 0.028846153846153848 0.09735576923076923
0 0.8713942307692307 0.40384615384615385 0.026442307692307692 0.10576923076923077
0 0.3293269230769231 0.2824519230769231 0.026442307692307692 0.109375
0 0.33052884615384615 0.40384615384615385 0.030048076923076924 0.10817307692307693
0 0.2980769230769231 0.4074519230769231 0.026442307692307692 0.10576923076923077
0 0.2956730769230769 0.27163461538461536 0.030048076923076924 0.12379807692307693
0 0.4831730769230769 0.11658653846153846 0.0625 0.051682692307692304
0 0.9855769230769231 0.051682692307692304 0.025240384615384616 0.10336538461538461
0 0.9579326923076923 0.04927884615384615 0.03245192307692308 0.0985576923076923
0 0.9254807692307693 0.04807692307692308 0.03365384615384615 0.09615384615384616
0 0.8966346153846154 0.052884615384615384 0.030048076923076924 0.10576923076923077
0 0.8677884615384616 0.054086538461538464 0.028846153846153848 0.10817307692307693
0 0.8377403846153846 0.051682692307692304 0.030048076923076924 0.10336538461538461
0 0.8076923076923077 0.052884615384615384 0.028846153846153848 0.10576923076923077
0 0.7776442307692307 0.04567307692307692 0.027644230769230768 0.09014423076923077
0 0.7487980769230769 0.04447115384615385 0.027644230769230768 0.0889423076923077
0 0.7175480769230769 0.04447115384615385 0.03125 0.0889423076923077
0 0.6875 0.04807692307692308 0.03365384615384615 0.09615384615384616
0 0.65625 0.04447115384615385 0.028846153846153848 0.0889423076923077
0 0.6225961538461539 0.04326923076923077 0.028846153846153848 0.08653846153846154
0 0.5925480769230769 0.036057692307692304 0.025240384615384616 0.07211538461538461
0 0.5637019230769231 0.039663461538461536 0.025240384615384616 0.07932692307692307
0 0.5276442307692307 0.040865384615384616 0.028846153846153848 0.08052884615384616
0 0.4951923076923077 0.037259615384615384 0.027644230769230768 0.07451923076923077
0 0.46153846153846156 0.039663461538461536 0.030048076923076924 0.07932692307692307
0 0.42908653846153844 0.036057692307692304 0.025240384615384616 0.07211538461538461
0 0.39783653846153844 0.037259615384615384 0.028846153846153848 0.07451923076923077
0 0.3641826923076923 0.038461538461538464 0.028846153846153848 0.07692307692307693
0 0.3317307692307692 0.038461538461538464 0.030048076923076924 0.07692307692307693
0 0.29927884615384615 0.042067307692307696 0.027644230769230768 0.08413461538461539
0 0.2644230769230769 0.040865384615384616 0.030048076923076924 0.08173076923076923
0 0.23197115384615385 0.04447115384615385 0.028846153846153848 0.0889423076923077
0 0.19831730769230768 0.038461538461538464 0.03125 0.07692307692307693
0 0.16706730769230768 0.040865384615384616 0.030048076923076924 0.08052884615384616
0 0.1310096153846154 0.039663461538461536 0.03245192307692308 0.07932692307692307
0 0.007211538461538462 0.054086538461538464 0.014423076923076924 0.05889423076923077
0 0.010817307692307692 0.22115384615384615 0.021634615384615384 0.052884615384615384
0 0.013221153846153846 0.30288461538461536 0.026442307692307692 0.057692307692307696
0 0.008413461538461538 0.3858173076923077 0.016826923076923076 0.046875
0 0.1310096153846154 0.27884615384615385 0.03125 0.11298076923076923
0 0.16346153846153846 0.2704326923076923 0.030048076923076924 0.09495192307692307
0 0.19591346153846154 0.27884615384615385 0.030048076923076924 0.109375
0 0.2283653846153846 0.27403846153846156 0.026442307692307692 0.09254807692307693
0 0.2620192307692308 0.27403846153846156 0.030048076923076924 0.1141826923076923
0 0.265625 0.4074519230769231 0.03125 0.11538461538461539
0 0.23076923076923078 0.4014423076923077 0.030048076923076924 0.12139423076923077
0 0.19951923076923078 0.39302884615384615 0.027644230769230768 0.1045673076923077
0 0.8990384615384616 0.4050480769230769 0.025240384615384616 0.09735576923076923
0 0.9266826923076923 0.4074519230769231 0.030048076923076924 0.11057692307692307
0 0.9567307692307693 0.40865384615384615 0.03125 0.109375
0 0.9855769230769231 0.4026442307692308 0.027644230769230768 0.1045673076923077
0 0.9471153846153846 0.5024038461538461 0.052884615384615384 0.042067307692307696
0 0.984375 0.640625 0.028846153846153848 0.1045673076923077
0 0.9567307692307693 0.6418269230769231 0.030048076923076924 0.10817307692307693
0 0.9278846153846154 0.6418269230769231 0.030048076923076924 0.10576923076923077
0 0.8990384615384616 0.6442307692307693 0.03125 0.10697115384615384
0 0.8689903846153846 0.6490384615384616 0.027644230769230768 0.08653846153846154
0 0.8413461538461539 0.6430288461538461 0.027644230769230768 0.0985576923076923
0 0.8149038461538461 0.6514423076923077 0.03245192307692308 0.10576923076923077
0 0.7836538461538461 0.6490384615384616 0.030048076923076924 0.10336538461538461
0 0.7536057692307693 0.6550480769230769 0.030048076923076924 0.10817307692307693
0 0.7199519230769231 0.6526442307692307 0.027644230769230768 0.10817307692307693
0 0.6935096153846154 0.6430288461538461 0.030048076923076924 0.109375
0 0.6586538461538461 0.6538461538461539 0.027644230769230768 0.11298076923076923
0 0.6274038461538461 0.6574519230769231 0.027644230769230768 0.10697115384615384
0 0.59375 0.6538461538461539 0.027644230769230768 0.11057692307692307
0 0.5637019230769231 0.6466346153846154 0.027644230769230768 0.11057692307692307
0 0.5324519230769231 0.6538461538461539 0.030048076923076924 0.11538461538461539
0 0.4639423076923077 0.6574519230769231 0.028846153846153848 0.10697115384615384
0 0.5 0.6490384615384616 0.030048076923076924 0.10697115384615384
0 0.43149038461538464 0.6610576923076923 0.027644230769230768 0.10336538461538461
0 0.39783653846153844 0.6610576923076923 0.027644230769230768 0.11538461538461539
0 0.3629807692307692 0.6514423076923077 0.028846153846153848 0.11057692307692307
0 0.3293269230769231 0.6574519230769231 0.028846153846153848 0.11899038461538461
0 0.2956730769230769 0.6490384615384616 0.027644230769230768 0.10096153846153846
0 0.2620192307692308 0.6634615384615384 0.03125 0.11057692307692307