0 0.019230769230769232 0.5625 0.038461538461538464 0.08653846153846154
0 0.19471153846153846 0.5516826923076923 0.06370192307692307 0.15384615384615385
0 0.23798076923076922 0.5096153846153846 0.06009615384615385 0.1502403846153846
0 0.2776442307692308 0.4735576923076923 0.05889423076923077 0.1466346153846154
0 0.3161057692307692 0.44591346153846156 0.06490384615384616 0.15504807692307693
0 0.39903846153846156 0.3858173076923077 0.05889423076923077 0.15865384615384615
0 0.4423076923076923 0.35336538461538464 0.055288461538461536 0.11658653846153846
0 0.4735576923076923 0.30649038461538464 0.06370192307692307 0.15745192307692307
0 0.08653846153846154 0.14903846153846154 0.055288461538461536 0.1466346153846154
0 0.12139423076923077 0.109375 0.056490384615384616 0.13942307692307693
0 0.15985576923076922 0.08052884615384616 0.056490384615384616 0.1310096153846154
0 0.19110576923076922 0.06129807692307692 0.06009615384615385 0.12259615384615384
0 0.23076923076923078 0.042067307692307696 0.054086538461538464 0.0829326923076923
0 0.3137019230769231 0.018028846153846152 0.038461538461538464 0.036057692307692304
0 0.5540865384615384 0.16346153846153846 0.05889423076923077 0.1466346153846154
0 0.5949519230769231 0.12860576923076922 0.05889423076923077 0.1466346153846154
0 0.6298076923076923 0.10336538461538461 0.06610576923076923 0.1502403846153846
0 0.6995192307692307 0.06610576923076923 0.06370192307692307 0.13221153846153846
0 0.7367788461538461 0.05048076923076923 0.05889423076923077 0.10096153846153846
0 0.7740384615384616 0.03245192307692308 0.04807692307692308 0.06370192307692307
0 0.8112980769230769 0.02283653846153846 0.042067307692307696 0.04567307692307692
0 0.7331730769230769 0.3088942307692308 0.07091346153846154 0.13942307692307693
0 0.23798076923076922 0.8028846153846154 0.08653846153846154 0.09134615384615384
0 0.3317307692307692 0.7596153846153846 0.08173076923076923 0.09014423076923077
0 0.5132211538461539 0.578125 0.09495192307692307 0.0985576923076923
0 0.6189903846153846 0.5324519230769231 0.08774038461538461 0.0985576923076923
0 0.6334134615384616 0.6141826923076923 0.09014423076923077 0.0985576923076923
0 0.6490384615384616 0.6875 0.08653846153846154 0.09014423076923077
0 0.671875 0.8389423076923077 0.08413461538461539 0.09615384615384616
0 0.5588942307692307 0.8209134615384616 0.07692307692307693 0.08774038461538461
0 0.5793269230769231 0.9651442307692307 0.0889423076923077 0.06490384615384616
0 0.8737980769230769 0.3401442307692308 0.0829326923076923 0.08653846153846154
0 0.7932692307692307 0.3762019230769231 0.08173076923076923 0.07692307692307693
0 0.8870192307692307 0.4110576923076923 0.08173076923076923 0.08653846153846154
0 0.9002403846153846 0.4831730769230769 0.08774038461538461 0.08774038461538461
0 0.9122596153846154 0.5504807692307693 0.08052884615384616 0.0889423076923077
0 0.8100961538461539 0.453125 0.08653846153846154 0.0889423076923077
0 0.8209134615384616 0.5204326923076923 0.0829326923076923 0.09134615384615384
0 0.8329326923076923 0.5949519230769231 0.07211538461538461 0.06971153846153846
0 0.9302884615384616 0.6802884615384616 0.09254807692307693 0.09254807692307693
0 0.9459134615384616 0.7560096153846154 0.078125 0.0889423076923077
0 0.8497596153846154 0.7283653846153846 0.07572115384615384 0.08052884615384616
0 0.8629807692307693 0.7944711538461539 0.09014423076923077 0.08413461538461539
0 0.8713942307692307 0.8641826923076923 0.08533653846153846 0.08653846153846154
0 0.8822115384615384 0.9375 0.09014423076923077 0.09495192307692307
0 0.9591346153846154 0.8894230769230769 0.07932692307692307 0.09254807692307693
0 0.9699519230769231 0.9627403846153846 0.05889423076923077 0.06490384615384616