0 0.43028846153846156 0.7067307692307693 0.03245192307692308 0.13581730769230768
0 0.3088942307692308 0.7139423076923077 0.03365384615384615 0.10336538461538461
0 0.4699519230769231 0.7019230769230769 0.03245192307692308 0.13341346153846154
0 0.5072115384615384 0.7139423076923077 0.03245192307692308 0.125
0 0.34975961538461536 0.7055288461538461 0.03485576923076923 0.12379807692307693
0 0.3870192307692308 0.7151442307692307 0.037259615384615384 0.13581730769230768
0 0.27163461538461536 0.703125 0.03485576923076923 0.13221153846153846
0 0.1935096153846154 0.6995192307692307 0.03245192307692308 0.12259615384615384
0 0.15625 0.6887019230769231 0.03485576923076923 0.12620192307692307
0 0.11899038461538461 0.6875 0.03485576923076923 0.08052884615384616
0 0.08052884615384616 0.6862980769230769 0.040865384615384616 0.12740384615384615
0 0.04567307692307692 0.6814903846153846 0.042067307692307696 0.12379807692307693
0 0.5024038461538461 0.38341346153846156 0.07932692307692307 0.06490384615384616
0 0.6105769230769231 0.9014423076923077 0.03485576923076923 0.13942307692307693
0 0.3161057692307692 0.38341346153846156 0.0733173076923077 0.06490384615384616
0 0.6502403846153846 0.5024038461538461 0.08173076923076923 0.06370192307692307
0 0.5504807692307693 0.7295673076923077 0.030048076923076924 0.13341346153846154
0 0.23076923076923078 0.6935096153846154 0.03365384615384615 0.14182692307692307
0 0.10576923076923077 0.38100961538461536 0.07932692307692307 0.0625
0 0.030048076923076924 0.3762019230769231 0.06009615384615385 0.06490384615384616
0 0.44711538461538464 0.9675480769230769 0.037259615384615384 0.06009615384615385
0 0.4026442307692308 0.9639423076923077 0.038461538461538464 0.06850961538461539
0 0.36538461538461536 0.9651442307692307 0.038461538461538464 0.06490384615384616
0 0.32572115384615385 0.9711538461538461 0.03485576923076923 0.055288461538461536
0 0.2848557692307692 0.9735576923076923 0.039663461538461536 0.04807692307692308
0 0.20673076923076922 0.9639423076923077 0.04447115384615385 0.06971153846153846
0 0.16947115384615385 0.9663461538461539 0.04326923076923077 0.0625
0 0.013221153846153846 0.9615384615384616 0.026442307692307692 0.07451923076923077
0 0.010817307692307692 0.7019230769230769 0.021634615384615384 0.13701923076923078