0 0.4230769230769231 0.24639423076923078 0.04927884615384615 0.0889423076923077
0 0.4026442307692308 0.2932692307692308 0.05048076923076923 0.09495192307692307
0 0.3870192307692308 0.34134615384615385 0.052884615384615384 0.0985576923076923
0 0.3605769230769231 0.38100961538461536 0.05048076923076923 0.09735576923076923
0 0.34134615384615385 0.421875 0.052884615384615384 0.09495192307692307
0 0.3161057692307692 0.45552884615384615 0.052884615384615384 0.09254807692307693
0 0.2920673076923077 0.4963942307692308 0.052884615384615384 0.0985576923076923
0 0.27283653846153844 0.5408653846153846 0.051682692307692304 0.09014423076923077
0 0.3737980769230769 0.7199519230769231 0.040865384615384616 0.07091346153846154
0 0.4362980769230769 0.5973557692307693 0.04567307692307692 0.0829326923076923
0 0.45552884615384615 0.5552884615384616 0.04326923076923077 0.078125
0 0.47596153846153844 0.5060096153846154 0.04326923076923077 0.07692307692307693
0 0.5012019230769231 0.47115384615384615 0.05048076923076923 0.08653846153846154
0 0.5216346153846154 0.42908653846153844 0.046875 0.08653846153846154
0 0.5432692307692307 0.3894230769230769 0.046875 0.08413461538461539
0 0.3918269230769231 0.6754807692307693 0.046875 0.07932692307692307
0 0.16346153846153846 0.3870192307692308 0.05048076923076923 0.08774038461538461
0 0.1346153846153846 0.421875 0.05048076923076923 0.08173076923076923
0 0.11057692307692307 0.46274038461538464 0.055288461538461536 0.08653846153846154
0 0.09014423076923077 0.5 0.057692307692307696 0.09014423076923077
0 0.06370192307692307 0.5408653846153846 0.06850961538461539 0.10576923076923077
0 0.4098557692307692 0.6346153846153846 0.04567307692307692 0.0733173076923077
0 0.4495192307692308 0.22355769230769232 0.055288461538461536 0.0985576923076923
0 0.4735576923076923 0.18509615384615385 0.052884615384615384 0.09495192307692307
0 0.49399038461538464 0.1346153846153846 0.055288461538461536 0.1045673076923077
0 0.3858173076923077 0.020432692307692308 0.042067307692307696 0.040865384615384616
0 0.35336538461538464 0.038461538461538464 0.052884615384615384 0.07692307692307693
0 0.3329326923076923 0.06129807692307692 0.052884615384615384 0.09254807692307693
0 0.3125 0.10576923076923077 0.052884615384615384 0.09134615384615384
0 0.28846153846153844 0.14182692307692307 0.056490384615384616 0.09615384615384616
0 0.2668269230769231 0.1814903846153846 0.055288461538461536 0.09975961538461539
0 0.22235576923076922 0.27163461538461536 0.05048076923076923 0.08173076923076923
0 0.20432692307692307 0.3125 0.052884615384615384 0.09495192307692307
0 0.18389423076923078 0.35096153846153844 0.056490384615384616 0.09615384615384616
0 0.046875 0.5829326923076923 0.06129807692307692 0.09254807692307693
0 0.027644230769230768 0.6286057692307693 0.055288461538461536 0.09014423076923077
0 0.015625 0.6634615384615384 0.03125 0.0829326923076923
0 0.24879807692307693 0.5829326923076923 0.051682692307692304 0.09254807692307693
0 0.22956730769230768 0.6225961538461539 0.05048076923076923 0.09254807692307693
0 0.20793269230769232 0.6598557692307693 0.052884615384615384 0.09495192307692307
0 0.19110576923076922 0.7055288461538461 0.052884615384615384 0.09735576923076923
0 0.16947115384615385 0.75 0.052884615384615384 0.09254807692307693
0 0.13942307692307693 0.7716346153846154 0.05048076923076923 0.09254807692307693
0 0.11899038461538461 0.8137019230769231 0.056490384615384616 0.0985576923076923
0 0.10096153846153846 0.859375 0.056490384615384616 0.09975961538461539
0 0.07572115384615384 0.9014423076923077 0.055288461538461536 0.09615384615384616
0 0.055288461538461536 0.9435096153846154 0.05048076923076923 0.0889423076923077
0 0.3473557692307692 0.7596153846153846 0.054086538461538464 0.10336538461538461
0 0.3317307692307692 0.8064903846153846 0.054086538461538464 0.0889423076923077
0 0.3112980769230769 0.8557692307692307 0.04927884615384615 0.09495192307692307
0 0.28846153846153844 0.8894230769230769 0.04807692307692308 0.09254807692307693
0 0.27403846153846156 0.9375 0.04447115384615385 0.0829326923076923
0 0.2536057692307692 0.9627403846153846 0.052884615384615384 0.07211538461538461
0 0.22235576923076922 0.9747596153846154 0.038461538461538464 0.04567307692307692