0 0.5480769230769231 0.03485576923076923 0.027644230769230768 0.06971153846153846
0 0.5012019230769231 0.19471153846153846 0.04927884615384615 0.04567307692307692
0 0.5504807692307693 0.1310096153846154 0.02403846153846154 0.10096153846153846
0 0.49038461538461536 0.021634615384615384 0.0625 0.04326923076923077
0 0.49759615384615385 0.13221153846153846 0.05889423076923077 0.05048076923076923
0 0.4987980769230769 0.24879807692307693 0.046875 0.042067307692307696
0 0.5552884615384616 0.25721153846153844 0.026442307692307692 0.11778846153846154
0 0.5048076923076923 0.30288461538461536 0.06610576923076923 0.054086538461538464
0 0.5072115384615384 0.3713942307692308 0.056490384615384616 0.05048076923076923
0 0.32091346153846156 0.31850961538461536 0.052884615384615384 0.046875
0 0.3173076923076923 0.203125 0.06971153846153846 0.051682692307692304
0 0.32572115384615385 0.2644230769230769 0.06370192307692307 0.04807692307692308
0 0.6706730769230769 0.11778846153846154 0.06129807692307692 0.054086538461538464
0 0.6634615384615384 0.2403846153846154 0.06370192307692307 0.04567307692307692
0 0.32211538461538464 0.14543269230769232 0.052884615384615384 0.04447115384615385
0 0.31009615384615385 0.027644230769230768 0.07211538461538461 0.054086538461538464
0 0.6658653846153846 0.06009615384615385 0.05048076923076923 0.04807692307692308
0 0.5012019230769231 0.06370192307692307 0.06129807692307692 0.0625
0 0.32091346153846156 0.09134615384615384 0.06129807692307692 0.05048076923076923
0 0.3233173076923077 0.3762019230769231 0.06490384615384616 0.046875
0 0.5588942307692307 0.38100961538461536 0.028846153846153848 0.10576923076923077
0 0.3112980769230769 0.5072115384615384 0.06850961538461539 0.05889423076923077
0 0.3088942307692308 0.4411057692307692 0.06009615384615385 0.04567307692307692
0 0.3088942307692308 0.7572115384615384 0.06850961538461539 0.055288461538461536
0 0.3088942307692308 0.8064903846153846 0.06610576923076923 0.055288461538461536
0 0.3088942307692308 0.8677884615384616 0.06971153846153846 0.06009615384615385
0 0.6754807692307693 0.018028846153846152 0.0673076923076923 0.036057692307692304
0 0.6598557692307693 0.18389423076923078 0.06009615384615385 0.051682692307692304
0 0.6670673076923077 0.2956730769230769 0.06610576923076923 0.052884615384615384
0 0.6682692307692307 0.35336538461538464 0.06129807692307692 0.052884615384615384
0 0.6778846153846154 0.40865384615384615 0.06009615384615385 0.052884615384615384
0 0.6778846153846154 0.46634615384615385 0.05889423076923077 0.055288461538461536
0 0.6790865384615384 0.5192307692307693 0.06129807692307692 0.04567307692307692
0 0.6790865384615384 0.5745192307692307 0.057692307692307696 0.052884615384615384
0 0.6778846153846154 0.6334134615384616 0.06490384615384616 0.052884615384615384
0 0.5072115384615384 0.4338942307692308 0.06129807692307692 0.055288461538461536
0 0.5096153846153846 0.4831730769230769 0.07572115384615384 0.055288461538461536
0 0.6935096153846154 0.8305288461538461 0.030048076923076924 0.11538461538461539
0 0.29086538461538464 0.6670673076923077 0.07572115384615384 0.06490384615384616
0 0.18028846153846154 0.7512019230769231 0.04567307692307692 0.11057692307692307
0 0.06490384615384616 0.9579326923076923 0.051682692307692304 0.08052884615384616
0 0.6598557692307693 0.8605769230769231 0.027644230769230768 0.1045673076923077
0 0.6286057692307693 0.8822115384615384 0.03365384615384615 0.11778846153846154
0 0.5985576923076923 0.890625 0.030048076923076924 0.1141826923076923
0 0.5661057692307693 0.8846153846153846 0.027644230769230768 0.10697115384615384
0 0.5300480769230769 0.8990384615384616 0.028846153846153848 0.10576923076923077
0 0.5012019230769231 0.9038461538461539 0.026442307692307692 0.09495192307692307
0 0.4675480769230769 0.9002403846153846 0.027644230769230768 0.11298076923076923
0 0.4362980769230769 0.9110576923076923 0.03245192307692308 0.10697115384615384
0 0.4026442307692308 0.9314903846153846 0.027644230769230768 0.11298076923076923