0 0.5841346153846154 0.9266826923076923 0.03245192307692308 0.14302884615384615
0 0.625 0.9266826923076923 0.03245192307692308 0.13221153846153846
0 0.6634615384615384 0.9194711538461539 0.03245192307692308 0.14302884615384615
0 0.6995192307692307 0.9350961538461539 0.03245192307692308 0.12620192307692307
0 0.7403846153846154 0.9194711538461539 0.036057692307692304 0.14182692307692307
0 0.6754807692307693 0.6057692307692307 0.07692307692307693 0.0625
0 0.5360576923076923 0.5997596153846154 0.07211538461538461 0.05889423076923077
0 0.4411057692307692 0.5985576923076923 0.078125 0.0625
0 0.33653846153846156 0.6045673076923077 0.08413461538461539 0.06009615384615385
0 0.14903846153846154 0.6129807692307693 0.08052884615384616 0.06490384615384616
0 0.07211538461538461 0.6081730769230769 0.08173076923076923 0.056490384615384616
0 0.2860576923076923 0.9399038461538461 0.037259615384615384 0.11538461538461539
0 0.33413461538461536 0.9338942307692307 0.038461538461538464 0.12860576923076922
0 0.375 0.9278846153846154 0.036057692307692304 0.12620192307692307
0 0.4182692307692308 0.9338942307692307 0.037259615384615384 0.1310096153846154
0 0.46274038461538464 0.9350961538461539 0.03485576923076923 0.12740384615384615
0 0.5036057692307693 0.9290865384615384 0.03245192307692308 0.13942307692307693
0 0.5456730769230769 0.9338942307692307 0.038461538461538464 0.12860576923076922
0 0.7800480769230769 0.9170673076923077 0.03485576923076923 0.13221153846153846
0 0.8161057692307693 0.9206730769230769 0.03485576923076923 0.1346153846153846
0 0.8629807692307693 0.9266826923076923 0.051682692307692304 0.14302884615384615
0 0.8942307692307693 0.9170673076923077 0.038461538461538464 0.140625
0 0.9290865384615384 0.9122596153846154 0.040865384615384616 0.12379807692307693
0 0.9651442307692307 0.9122596153846154 0.039663461538461536 0.15144230769230768
0 0.9927884615384616 0.9194711538461539 0.01201923076923077 0.11899038461538461
0 0.9891826923076923 0.5997596153846154 0.020432692307692308 0.06370192307692307