0 0.5276442307692307 0.06610576923076923 0.027644230769230768 0.109375
0 0.5300480769230769 0.18629807692307693 0.027644230769230768 0.10697115384615384
0 0.4831730769230769 0.36538461538461536 0.04927884615384615 0.04567307692307692
0 0.6394230769230769 0.35096153846153844 0.06009615384615385 0.05048076923076923
0 0.6490384615384616 0.5204326923076923 0.06129807692307692 0.05889423076923077
0 0.6478365384615384 0.46153846153846156 0.06490384615384616 0.056490384615384616
0 0.6454326923076923 0.4110576923076923 0.06370192307692307 0.05048076923076923
0 0.2824519230769231 0.0829326923076923 0.0625 0.052884615384615384
0 0.30288461538461536 0.484375 0.052884615384615384 0.04807692307692308
0 0.3076923076923077 0.42788461538461536 0.06610576923076923 0.051682692307692304
0 0.3004807692307692 0.36899038461538464 0.06850961538461539 0.052884615384615384
0 0.30528846153846156 0.3125 0.055288461538461536 0.04807692307692308
0 0.30288461538461536 0.2536057692307692 0.06129807692307692 0.051682692307692304
0 0.2932692307692308 0.1935096153846154 0.0733173076923077 0.06009615384615385
0 0.2824519230769231 0.13701923076923078 0.06610576923076923 0.05048076923076923
0 0.29086538461538464 0.6694711538461539 0.06971153846153846 0.06129807692307692
0 0.28966346153846156 0.6045673076923077 0.05889423076923077 0.04807692307692308
0 0.30408653846153844 0.5432692307692307 0.06610576923076923 0.051682692307692304
0 0.5324519230769231 0.3016826923076923 0.02403846153846154 0.10096153846153846
0 0.47115384615384615 0.07211538461538461 0.06610576923076923 0.056490384615384616
0 0.47115384615384615 0.13221153846153846 0.05889423076923077 0.05048076923076923
0 0.4723557692307692 0.18629807692307693 0.06009615384615385 0.051682692307692304
0 0.4831730769230769 0.23197115384615385 0.05889423076923077 0.056490384615384616
0 0.4795673076923077 0.30288461538461536 0.05889423076923077 0.05048076923076923
0 0.4807692307692308 0.41947115384615385 0.046875 0.042067307692307696
0 0.4879807692307692 0.4699519230769231 0.06490384615384616 0.055288461538461536
0 0.49038461538461536 0.5348557692307693 0.056490384615384616 0.05048076923076923
0 0.4855769230769231 0.5961538461538461 0.06009615384615385 0.052884615384615384
0 0.49158653846153844 0.6538461538461539 0.07211538461538461 0.06490384615384616
0 0.2848557692307692 0.9194711538461539 0.06971153846153846 0.05889423076923077
0 0.2848557692307692 0.9699519230769231 0.06850961538461539 0.05889423076923077
0 0.65625 0.8028846153846154 0.06610576923076923 0.052884615384615384
0 0.6574519230769231 0.7439903846153846 0.05889423076923077 0.051682692307692304
0 0.65625 0.6358173076923077 0.057692307692307696 0.05889423076923077
0 0.6586538461538461 0.6899038461538461 0.05889423076923077 0.04567307692307692
0 0.6586538461538461 0.5769230769230769 0.06129807692307692 0.052884615384615384
0 0.6394230769230769 0.0733173076923077 0.06009615384615385 0.051682692307692304
0 0.6442307692307693 0.12740384615384615 0.06129807692307692 0.05048076923076923
0 0.6550480769230769 0.18389423076923078 0.06370192307692307 0.04567307692307692
0 0.6514423076923077 0.2932692307692308 0.0625 0.054086538461538464
0 0.6490384615384616 0.23557692307692307 0.04807692307692308 0.04807692307692308
0 0.6658653846153846 0.9723557692307693 0.027644230769230768 0.052884615384615384
0 0.5336538461538461 0.42788461538461536 0.025240384615384616 0.11538461538461539
0 0.5384615384615384 0.5528846153846154 0.030048076923076924 0.10817307692307693
0 0.6394230769230769 0.020432692307692308 0.05889423076923077 0.040865384615384616
0 0.47596153846153844 0.020432692307692308 0.06129807692307692 0.040865384615384616
0 0.28846153846153844 0.025240384615384616 0.057692307692307696 0.05048076923076923