0 0.41586538461538464 0.234375 0.055288461538461536 0.0985576923076923
0 0.3762019230769231 0.3233173076923077 0.05889423076923077 0.10576923076923077
0 0.42788461538461536 0.4014423076923077 0.055288461538461536 0.10576923076923077
0 0.4074519230769231 0.44471153846153844 0.056490384615384616 0.0985576923076923
0 0.3581730769230769 0.5264423076923077 0.056490384615384616 0.09134615384615384
0 0.5985576923076923 0.45552884615384615 0.052884615384615384 0.09495192307692307
0 0.3942307692307692 0.2764423076923077 0.051682692307692304 0.09134615384615384
0 0.3269230769230769 0.4026442307692308 0.052884615384615384 0.09495192307692307
0 0.3545673076923077 0.3605769230769231 0.057692307692307696 0.10336538461538461
0 0.37740384615384615 0.4795673076923077 0.056490384615384616 0.09615384615384616
0 0.31009615384615385 0.44350961538461536 0.046875 0.0829326923076923
0 0.5733173076923077 0.5012019230769231 0.054086538461538464 0.09495192307692307
0 0.5540865384615384 0.5372596153846154 0.056490384615384616 0.09014423076923077
0 0.6033653846153846 0.6189903846153846 0.055288461538461536 0.09254807692307693
0 0.6262019230769231 0.5805288461538461 0.052884615384615384 0.08653846153846154
0 0.6490384615384616 0.5408653846153846 0.056490384615384616 0.0985576923076923
0 0.5348557692307693 0.5817307692307693 0.055288461538461536 0.0985576923076923
0 0.5108173076923077 0.6274038461538461 0.055288461538461536 0.09735576923076923
0 0.4879807692307692 0.6670673076923077 0.056490384615384616 0.10096153846153846
0 0.3161057692307692 0.6153846153846154 0.056490384615384616 0.09615384615384616
0 0.28846153846153844 0.48197115384615385 0.055288461538461536 0.10096153846153846
0 0.5829326923076923 0.6658653846153846 0.05048076923076923 0.08653846153846154
0 0.26322115384615385 0.5264423076923077 0.055288461538461536 0.09735576923076923
0 0.24158653846153846 0.5637019230769231 0.04567307692307692 0.08413461538461539
0 0.33413461538461536 0.5697115384615384 0.054086538461538464 0.09735576923076923
0 0.4723557692307692 0.32211538461538464 0.054086538461538464 0.09735576923076923
0 0.4519230769230769 0.3629807692307692 0.055288461538461536 0.09495192307692307
0 0.4639423076923077 0.7079326923076923 0.052884615384615384 0.09735576923076923
0 0.515625 0.7908653846153846 0.055288461538461536 0.09495192307692307
0 0.5372596153846154 0.7487980769230769 0.056490384615384616 0.09735576923076923
0 0.5564903846153846 0.7079326923076923 0.052884615384615384 0.09254807692307693
0 0.4411057692307692 0.7487980769230769 0.056490384615384616 0.10096153846153846
0 0.49399038461538464 0.8329326923076923 0.056490384615384616 0.09615384615384616
0 0.4170673076923077 0.7908653846153846 0.056490384615384616 0.09735576923076923
0 0.39783653846153844 0.8365384615384616 0.056490384615384616 0.09975961538461539
0 0.21514423076923078 0.6081730769230769 0.051682692307692304 0.09975961538461539
0 0.2932692307692308 0.6538461538461539 0.05048076923076923 0.08413461538461539
0 0.2692307692307692 0.6935096153846154 0.05889423076923077 0.09735576923076923
0 0.24278846153846154 0.7283653846153846 0.055288461538461536 0.09735576923076923
0 0.19471153846153846 0.6502403846153846 0.055288461538461536 0.09735576923076923
0 0.2247596153846154 0.7752403846153846 0.05889423076923077 0.09495192307692307
0 0.6706730769230769 0.5024038461538461 0.057692307692307696 0.10096153846153846
0 0.16826923076923078 0.6862980769230769 0.054086538461538464 0.09495192307692307
0 0.1502403846153846 0.7331730769230769 0.055288461538461536 0.10336538461538461
0 0.20192307692307693 0.8197115384615384 0.055288461538461536 0.09495192307692307
0 0.17668269230769232 0.8509615384615384 0.057692307692307696 0.0985576923076923
0 0.12740384615384615 0.7692307692307693 0.055288461538461536 0.08774038461538461
0 0.15504807692307693 0.8930288461538461 0.06129807692307692 0.0985576923076923
0 0.1310096153846154 0.9399038461538461 0.055288461538461536 0.09014423076923077
0 0.10817307692307693 0.9627403846153846 0.06009615384615385 0.07211538461538461
0 0.07451923076923077 0.9879807692307693 0.030048076923076924 0.021634615384615384
0 0.03245192307692308 0.9471153846153846 0.05889423076923077 0.10096153846153846
0 0.015625 0.9675480769230769 0.03125 0.06490384615384616
0 0.055288461538461536 0.8966346153846154 0.052884615384615384 0.09134615384615384
0 0.07692307692307693 0.8545673076923077 0.06009615384615385 0.0985576923076923
0 0.10336538461538461 0.8112980769230769 0.056490384615384616 0.09975961538461539
0 0.49278846153846156 0.26802884615384615 0.057692307692307696 0.1045673076923077
0 0.44471153846153844 0.1935096153846154 0.052884615384615384 0.09014423076923077
0 0.46634615384615385 0.15264423076923078 0.052884615384615384 0.09254807692307693
0 0.5192307692307693 0.234375 0.054086538461538464 0.0985576923076923
0 0.5408653846153846 0.1971153846153846 0.052884615384615384 0.09615384615384616
0 0.49158653846153844 0.11538461538461539 0.055288461538461536 0.09735576923076923
0 0.5096153846153846 0.07091346153846154 0.052884615384615384 0.09254807692307693
0 0.5300480769230769 0.036057692307692304 0.046875 0.07211538461538461
0 0.5552884615384616 0.02283653846153846 0.04807692307692308 0.04567307692307692
0 0.6274038461538461 0.04927884615384615 0.052884615384615384 0.0985576923076923
0 0.6514423076923077 0.03125 0.052884615384615384 0.0625
0 0.6802884615384616 0.014423076923076924 0.037259615384615384 0.028846153846153848
0 0.6225961538461539 0.4182692307692308 0.052884615384615384 0.09615384615384616
0 0.6442307692307693 0.3762019230769231 0.052884615384615384 0.09495192307692307
0 0.6634615384615384 0.33413461538461536 0.054086538461538464 0.09254807692307693
0 0.6862980769230769 0.3016826923076923 0.055288461538461536 0.09495192307692307
0 0.7103365384615384 0.2608173076923077 0.05889423076923077 0.10096153846153846
0 0.7271634615384616 0.2283653846153846 0.05048076923076923 0.09134615384615384
0 0.7211538461538461 0.14543269230769232 0.04807692307692308 0.0829326923076923
0 0.7668269230769231 0.14302884615384615 0.055288461538461536 0.09134615384615384
0 0.7848557692307693 0.10817307692307693 0.05048076923076923 0.08774038461538461
0 0.8016826923076923 0.06850961538461539 0.055288461538461536 0.09134615384615384
0 0.8245192307692307 0.039663461538461536 0.05048076923076923 0.07932692307692307
0 0.7572115384615384 0.018028846153846152 0.037259615384615384 0.036057692307692304
0 0.5625 0.15745192307692307 0.054086538461538464 0.0985576923076923
0 0.5841346153846154 0.11538461538461539 0.05048076923076923 0.09615384615384616
0 0.6081730769230769 0.08774038461538461 0.052884615384615384 0.09735576923076923
0 0.39663461538461536 0.6081730769230769 0.056490384615384616 0.1045673076923077
0 0.6899038461538461 0.4567307692307692 0.051682692307692304 0.09134615384615384
0 0.7151442307692307 0.4206730769230769 0.054086538461538464 0.0985576923076923
0 0.734375 0.38461538461538464 0.04807692307692308 0.0889423076923077
0 0.7560096153846154 0.3449519230769231 0.051682692307692304 0.09495192307692307
0 0.7716346153846154 0.3004807692307692 0.04927884615384615 0.09134615384615384
0 0.7920673076923077 0.2668269230769231 0.04807692307692308 0.09495192307692307
0 0.8125 0.22956730769230768 0.05048076923076923 0.08413461538461539
0 0.8365384615384616 0.1935096153846154 0.04927884615384615 0.09134615384615384
0 0.8557692307692307 0.16105769230769232 0.04807692307692308 0.09254807692307693
0 0.8725961538461539 0.12259615384615384 0.05048076923076923 0.09134615384615384
0 0.8918269230769231 0.0829326923076923 0.052884615384615384 0.09615384615384616
0 0.9134615384615384 0.054086538461538464 0.04807692307692308 0.09134615384615384
0 0.9302884615384616 0.027644230769230768 0.056490384615384616 0.054086538461538464
0 0.8497596153846154 0.02403846153846154 0.04927884615384615 0.046875
0 0.9867788461538461 0.20432692307692307 0.02403846153846154 0.07692307692307693
0 0.9747596153846154 0.24759615384615385 0.04807692307692308 0.09495192307692307
0 0.9591346153846154 0.2848557692307692 0.052884615384615384 0.08774038461538461
0 0.9435096153846154 0.3245192307692308 0.055288461538461536 0.0889423076923077
0 0.9206730769230769 0.3581730769230769 0.055288461538461536 0.0889423076923077
0 0.9026442307692307 0.39663461538461536 0.051682692307692304 0.09014423076923077
0 0.8870192307692307 0.4362980769230769 0.05889423076923077 0.09735576923076923
0 0.8653846153846154 0.4723557692307692 0.055288461538461536 0.0889423076923077
0 0.8449519230769231 0.515625 0.055288461538461536 0.09134615384615384
0 0.8245192307692307 0.5540865384615384 0.055288461538461536 0.0889423076923077
0 0.8028846153846154 0.5877403846153846 0.052884615384615384 0.09014423076923077
0 0.7848557692307693 0.6322115384615384 0.054086538461538464 0.09014423076923077
0 0.7644230769230769 0.6670673076923077 0.055288461538461536 0.09495192307692307
0 0.7427884615384616 0.7067307692307693 0.054086538461538464 0.09495192307692307
0 0.7223557692307693 0.75 0.052884615384615384 0.09254807692307693
0 0.7019230769230769 0.7944711538461539 0.04807692307692308 0.08052884615384616
0 0.6778846153846154 0.8329326923076923 0.052884615384615384 0.09495192307692307
0 0.6598557692307693 0.8762019230769231 0.05889423076923077 0.09975961538461539
0 0.6370192307692307 0.9182692307692307 0.055288461538461536 0.09495192307692307
0 0.6153846153846154 0.9555288461538461 0.055288461538461536 0.08413461538461539
0 0.5865384615384616 0.9735576923076923 0.042067307692307696 0.05048076923076923
0 0.5552884615384616 0.9879807692307693 0.027644230769230768 0.020432692307692308
0 0.4699519230769231 0.8725961538461539 0.057692307692307696 0.0985576923076923
0 0.44711538461538464 0.9158653846153846 0.052884615384615384 0.0889423076923077
0 0.4230769230769231 0.953125 0.051682692307692304 0.0889423076923077
0 0.39663461538461536 0.9723557692307693 0.046875 0.051682692307692304
0 0.36778846153846156 0.9903846153846154 0.020432692307692308 0.015625
0 0.3701923076923077 0.8677884615384616 0.04567307692307692 0.08653846153846154
0 0.34615384615384615 0.9038461538461539 0.05048076923076923 0.09615384615384616
0 0.3269230769230769 0.9483173076923077 0.052884615384615384 0.09615384615384616
0 0.3016826923076923 0.9675480769230769 0.04807692307692308 0.06009615384615385
0 0.2704326923076923 0.9903846153846154 0.025240384615384616 0.016826923076923076
0 0.018028846153846152 0.6322115384615384 0.03485576923076923 0.09615384615384616
0 0.026442307692307692 0.5697115384615384 0.052884615384615384 0.09254807692307693
0 0.04567307692307692 0.5360576923076923 0.06129807692307692 0.09495192307692307
0 0.07211538461538461 0.5012019230769231 0.0625 0.09735576923076923
0 0.09735576923076923 0.4579326923076923 0.056490384615384616 0.09254807692307693
0 0.11899038461538461 0.4170673076923077 0.057692307692307696 0.09134615384615384
0 0.14423076923076922 0.375 0.06370192307692307 0.1045673076923077
0 0.20432692307692307 0.26802884615384615 0.054086538461538464 0.09254807692307693
0 0.2283653846153846 0.22956730769230768 0.055288461538461536 0.09735576923076923
0 0.24759615384615385 0.18028846153846154 0.04807692307692308 0.08413461538461539
0 0.2704326923076923 0.14182692307692307 0.054086538461538464 0.09134615384615384
0 0.29447115384615385 0.09735576923076923 0.055288461538461536 0.09495192307692307
0 0.3269230769230769 0.0733173076923077 0.04807692307692308 0.0889423076923077
0 0.34134615384615385 0.037259615384615384 0.055288461538461536 0.07451923076923077
0 0.3713942307692308 0.018028846153846152 0.04567307692307692 0.036057692307692304