0 0.9639423076923077 0.6514423076923077 0.057692307692307696 0.17307692307692307
0 0.9122596153846154 0.7079326923076923 0.05048076923076923 0.15384615384615385
0 0.8605769230769231 0.7199519230769231 0.051682692307692304 0.16947115384615385
0 0.8088942307692307 0.7055288461538461 0.04807692307692308 0.1935096153846154
0 0.7572115384615384 0.7319711538461539 0.04807692307692308 0.1658653846153846
0 0.7043269230769231 0.7560096153846154 0.04326923076923077 0.16826923076923078
0 0.6526442307692307 0.7560096153846154 0.04326923076923077 0.16826923076923078
0 0.6045673076923077 0.7620192307692307 0.040865384615384616 0.1502403846153846
0 0.5540865384615384 0.7584134615384616 0.04326923076923077 0.171875
0 0.5060096153846154 0.7536057692307693 0.04567307692307692 0.16105769230769232
0 0.453125 0.7391826923076923 0.04807692307692308 0.1814903846153846
0 0.40024038461538464 0.7848557692307693 0.046875 0.18509615384615385
0 0.34975961538461536 0.7824519230769231 0.052884615384615384 0.17908653846153846
0 0.30288461538461536 0.7800480769230769 0.04927884615384615 0.17548076923076922
0 0.16346153846153846 0.7932692307692307 0.04326923076923077 0.1502403846153846
0 0.12139423076923077 0.8028846153846154 0.04326923076923077 0.16105769230769232
0 0.06971153846153846 0.8149038461538461 0.055288461538461536 0.1658653846153846
0 0.025240384615384616 0.8088942307692307 0.04567307692307692 0.16826923076923078