0 0.5985576923076923 0.3641826923076923 0.056490384615384616 0.09975961538461539
0 0.6009615384615384 0.5252403846153846 0.054086538461538464 0.09254807692307693
0 0.578125 0.5625 0.05048076923076923 0.09735576923076923
0 0.5456730769230769 0.43149038461538464 0.054086538461538464 0.09615384615384616
0 0.5721153846153846 0.3954326923076923 0.04567307692307692 0.08173076923076923
0 0.33052884615384615 0.4675480769230769 0.052884615384615384 0.09014423076923077
0 0.3076923076923077 0.5024038461538461 0.055288461538461536 0.09615384615384616
0 0.234375 0.4675480769230769 0.054086538461538464 0.09615384615384616
0 0.3245192307692308 0.296875 0.051682692307692304 0.09254807692307693
0 0.5552884615384616 0.6057692307692307 0.052884615384615384 0.09254807692307693
0 0.5348557692307693 0.6490384615384616 0.05048076923076923 0.08413461538461539
0 0.4807692307692308 0.5685096153846154 0.056490384615384616 0.1045673076923077
0 0.46033653846153844 0.6081730769230769 0.05048076923076923 0.0889423076923077
0 0.5144230769230769 0.6899038461538461 0.05048076923076923 0.09615384615384616
0 0.2848557692307692 0.5480769230769231 0.052884615384615384 0.09134615384615384
0 0.18509615384615385 0.5420673076923077 0.057692307692307696 0.09495192307692307
0 0.21634615384615385 0.6754807692307693 0.05889423076923077 0.09975961538461539
0 0.1971153846153846 0.7199519230769231 0.06129807692307692 0.0985576923076923
0 0.12139423076923077 0.6694711538461539 0.056490384615384616 0.1045673076923077
0 0.16346153846153846 0.5817307692307693 0.055288461538461536 0.10336538461538461
0 0.41225961538461536 0.6887019230769231 0.056490384615384616 0.0985576923076923
0 0.4879807692307692 0.7331730769230769 0.055288461538461536 0.10096153846153846
0 0.3894230769230769 0.7319711538461539 0.055288461538461536 0.09975961538461539
0 0.6730769230769231 0.7319711538461539 0.054086538461538464 0.09495192307692307
0 0.34975961538461536 0.25841346153846156 0.052884615384615384 0.09495192307692307
0 0.3701923076923077 0.21394230769230768 0.055288461538461536 0.09254807692307693
0 0.4026442307692308 0.34615384615384615 0.056490384615384616 0.09975961538461539
0 0.3762019230769231 0.3762019230769231 0.056490384615384616 0.0985576923076923
0 0.35336538461538464 0.4206730769230769 0.056490384615384616 0.1045673076923077
0 0.4254807692307692 0.2980769230769231 0.055288461538461536 0.09615384615384616
0 0.4495192307692308 0.4026442307692308 0.057692307692307696 0.1045673076923077
0 0.14903846153846154 0.6358173076923077 0.056490384615384616 0.10336538461538461
0 0.16706730769230768 0.7572115384615384 0.06370192307692307 0.1045673076923077
0 0.2620192307692308 0.5901442307692307 0.057692307692307696 0.10336538461538461
0 0.24158653846153846 0.6358173076923077 0.055288461538461536 0.0985576923076923
0 0.3004807692307692 0.33653846153846156 0.054086538461538464 0.09735576923076923
0 0.2091346153846154 0.5060096153846154 0.05048076923076923 0.09495192307692307
0 0.2548076923076923 0.4206730769230769 0.052884615384615384 0.08774038461538461
0 0.2776442307692308 0.3786057692307692 0.057692307692307696 0.09735576923076923
0 0.6177884615384616 0.31971153846153844 0.052884615384615384 0.09735576923076923
0 0.6923076923076923 0.36658653846153844 0.052884615384615384 0.10096153846153846
0 0.6682692307692307 0.4014423076923077 0.056490384615384616 0.10336538461538461
0 0.6466346153846154 0.44471153846153844 0.05048076923076923 0.09254807692307693
0 0.6237980769230769 0.484375 0.05048076923076923 0.0889423076923077
0 0.6983173076923077 0.6983173076923077 0.055288461538461536 0.0985576923076923
0 0.6298076923076923 0.8137019230769231 0.054086538461538464 0.09254807692307693
0 0.6550480769230769 0.7776442307692307 0.056490384615384616 0.0985576923076923
0 0.4411057692307692 0.8137019230769231 0.056490384615384616 0.10096153846153846
0 0.4651442307692308 0.7764423076923077 0.055288461538461536 0.09254807692307693
0 0.4375 0.6526442307692307 0.055288461538461536 0.10096153846153846
0 0.5276442307692307 0.47836538461538464 0.052884615384615384 0.09495192307692307
0 0.5036057692307693 0.5192307692307693 0.054086538461538464 0.09615384615384616
0 0.36899038461538464 0.7788461538461539 0.055288461538461536 0.09735576923076923
0 0.41947115384615385 0.8581730769230769 0.054086538461538464 0.09134615384615384
0 0.39903846153846156 0.9014423076923077 0.051682692307692304 0.09134615384615384
0 0.3425480769230769 0.8137019230769231 0.05889423076923077 0.10576923076923077
0 0.3737980769230769 0.9411057692307693 0.056490384615384616 0.09134615384615384
0 0.31971153846153844 0.8581730769230769 0.056490384615384616 0.09975961538461539
0 0.3485576923076923 0.9651442307692307 0.05889423076923077 0.06610576923076923
0 0.3161057692307692 0.9819711538461539 0.038461538461538464 0.03245192307692308
0 0.2956730769230769 0.8990384615384616 0.046875 0.08052884615384616
0 0.2764423076923077 0.9411057692307693 0.055288461538461536 0.0985576923076923
0 0.2512019230769231 0.9639423076923077 0.05048076923076923 0.06971153846153846
0 0.21995192307692307 0.984375 0.03245192307692308 0.027644230769230768
0 0.14903846153846154 0.7956730769230769 0.05889423076923077 0.09615384615384616
0 0.09975961538461539 0.7115384615384616 0.056490384615384616 0.0985576923076923
0 0.08052884615384616 0.7644230769230769 0.057692307692307696 0.09975961538461539
0 0.12620192307692307 0.8425480769230769 0.054086538461538464 0.10096153846153846
0 0.20432692307692307 0.3545673076923077 0.06009615384615385 0.10697115384615384
0 0.042067307692307696 0.44591346153846156 0.0625 0.09735576923076923
0 0.019230769230769232 0.5144230769230769 0.037259615384615384 0.09134615384615384
0 0.07211538461538461 0.38461538461538464 0.056490384615384616 0.09134615384615384
0 0.14423076923076922 0.27403846153846156 0.056490384615384616 0.09735576923076923
0 0.17668269230769232 0.20793269230769232 0.057692307692307696 0.09975961538461539
0 0.20673076923076922 0.15504807692307693 0.06129807692307692 0.10697115384615384
0 0.22596153846153846 0.10336538461538461 0.054086538461538464 0.09975961538461539
0 0.24879807692307693 0.06971153846153846 0.054086538461538464 0.09495192307692307
0 0.27524038461538464 0.040865384615384616 0.055288461538461536 0.08173076923076923
0 0.30288461538461536 0.021634615384615384 0.046875 0.04326923076923077
0 0.39663461538461536 0.17908653846153846 0.055288461538461536 0.09735576923076923
0 0.4182692307692308 0.13701923076923078 0.05048076923076923 0.0985576923076923
0 0.44350961538461536 0.0985576923076923 0.04567307692307692 0.0829326923076923
0 0.4675480769230769 0.06129807692307692 0.054086538461538464 0.09735576923076923
0 0.49038461538461536 0.03245192307692308 0.055288461538461536 0.06370192307692307
0 0.5204326923076923 0.013221153846153846 0.036057692307692304 0.026442307692307692
0 0.44471153846153844 0.25240384615384615 0.054086538461538464 0.09495192307692307
0 0.47115384615384615 0.22235576923076922 0.055288461538461536 0.10336538461538461
0 0.4963942307692308 0.18629807692307693 0.04567307692307692 0.0889423076923077
0 0.5180288461538461 0.14302884615384615 0.054086538461538464 0.09735576923076923
0 0.5372596153846154 0.10096153846153846 0.052884615384615384 0.09975961538461539
0 0.5612980769230769 0.06129807692307692 0.05048076923076923 0.09615384615384616
0 0.578125 0.03485576923076923 0.06009615384615385 0.06971153846153846
0 0.6105769230769231 0.020432692307692308 0.04567307692307692 0.040865384615384616
0 0.6418269230769231 0.2776442307692308 0.056490384615384616 0.10096153846153846
0 0.6646634615384616 0.24158653846153846 0.052884615384615384 0.09975961538461539
0 0.6862980769230769 0.20192307692307693 0.056490384615384616 0.09615384615384616
0 0.7067307692307693 0.16706730769230768 0.052884615384615384 0.09735576923076923
0 0.7259615384615384 0.1310096153846154 0.052884615384615384 0.09735576923076923
0 0.7439903846153846 0.08774038461538461 0.054086538461538464 0.09615384615384616
0 0.7620192307692307 0.054086538461538464 0.052884615384615384 0.0889423076923077
0 0.7848557692307693 0.030048076923076924 0.06009615384615385 0.06009615384615385
0 0.8161057692307693 0.014423076923076924 0.03365384615384615 0.027644230769230768
0 0.7127403846153846 0.32211538461538464 0.05048076923076923 0.09014423076923077
0 0.7307692307692307 0.2824519230769231 0.052884615384615384 0.09615384615384616
0 0.7487980769230769 0.24759615384615385 0.05048076923076923 0.09495192307692307
0 0.7716346153846154 0.20793269230769232 0.04927884615384615 0.08774038461538461
0 0.7896634615384616 0.16947115384615385 0.05048076923076923 0.09495192307692307
0 0.8100961538461539 0.13221153846153846 0.04807692307692308 0.08653846153846154
0 0.8293269230769231 0.0985576923076923 0.052884615384615384 0.0985576923076923
0 0.8509615384615384 0.06490384615384616 0.056490384615384616 0.10096153846153846
0 0.8677884615384616 0.03365384615384615 0.052884615384615384 0.06610576923076923
0 0.9002403846153846 0.020432692307692308 0.04567307692307692 0.040865384615384616
0 0.9867788461538461 0.11057692307692307 0.02403846153846154 0.07211538461538461
0 0.9759615384615384 0.15384615384615385 0.04567307692307692 0.09134615384615384
0 0.9627403846153846 0.19110576923076922 0.054086538461538464 0.09495192307692307
0 0.9423076923076923 0.2247596153846154 0.055288461538461536 0.09014423076923077
0 0.9206730769230769 0.2620192307692308 0.054086538461538464 0.09014423076923077
0 0.9026442307692307 0.30528846153846156 0.055288461538461536 0.09134615384615384
0 0.8846153846153846 0.34615384615384615 0.04567307692307692 0.0829326923076923
0 0.8629807692307693 0.37740384615384615 0.052884615384615384 0.0889423076923077
0 0.8497596153846154 0.4206730769230769 0.057692307692307696 0.1045673076923077
0 0.8269230769230769 0.4579326923076923 0.052884615384615384 0.09735576923076923
0 0.8064903846153846 0.5012019230769231 0.054086538461538464 0.09735576923076923
0 0.7836538461538461 0.5372596153846154 0.05048076923076923 0.09134615384615384
0 0.7620192307692307 0.5661057692307693 0.055288461538461536 0.09615384615384616
0 0.7427884615384616 0.6213942307692307 0.055288461538461536 0.09735576923076923
0 0.7223557692307693 0.6598557692307693 0.055288461538461536 0.09254807692307693
0 0.6105769230769231 0.8641826923076923 0.054086538461538464 0.08774038461538461
0 0.5877403846153846 0.9074519230769231 0.04927884615384615 0.08653846153846154
0 0.5661057692307693 0.9471153846153846 0.055288461538461536 0.10096153846153846
0 0.5384615384615384 0.9663461538461539 0.056490384615384616 0.0625
0 0.5036057692307693 0.9879807692307693 0.028846153846153848 0.021634615384615384