0 0.6334134615384616 0.05889423076923077 0.05889423076923077 0.04567307692307692
0 0.6346153846153846 0.11538461538461539 0.057692307692307696 0.046875
0 0.6370192307692307 0.171875 0.06009615384615385 0.05048076923076923
0 0.6334134615384616 0.2247596153846154 0.057692307692307696 0.05048076923076923
0 0.6286057692307693 0.2776442307692308 0.05889423076923077 0.046875
0 0.6526442307692307 0.3329326923076923 0.06009615384615385 0.051682692307692304
0 0.6286057692307693 0.390625 0.05889423076923077 0.04807692307692308
0 0.6466346153846154 0.4495192307692308 0.06370192307692307 0.051682692307692304
0 0.6442307692307693 0.5084134615384616 0.0625 0.05048076923076923
0 0.6394230769230769 0.5625 0.052884615384615384 0.04567307692307692
0 0.6370192307692307 0.6177884615384616 0.051682692307692304 0.04807692307692308
0 0.6418269230769231 0.671875 0.05889423076923077 0.04567307692307692
0 0.6394230769230769 0.7235576923076923 0.055288461538461536 0.04807692307692308
0 0.6442307692307693 0.7800480769230769 0.0625 0.05048076923076923
0 0.5216346153846154 0.0829326923076923 0.026442307692307692 0.10697115384615384
0 0.5228365384615384 0.19591346153846154 0.025240384615384616 0.09975961538461539
0 0.5300480769230769 0.3112980769230769 0.027644230769230768 0.1141826923076923
0 0.5324519230769231 0.6658653846153846 0.02403846153846154 0.09254807692307693
0 0.47475961538461536 0.046875 0.056490384615384616 0.06009615384615385
0 0.4699519230769231 0.1141826923076923 0.0625 0.051682692307692304
0 0.4723557692307692 0.17067307692307693 0.057692307692307696 0.051682692307692304
0 0.47115384615384615 0.22596153846153846 0.06009615384615385 0.04567307692307692
0 0.47475961538461536 0.2848557692307692 0.05889423076923077 0.052884615384615384
0 0.4807692307692308 0.34134615384615385 0.06009615384615385 0.052884615384615384
0 0.47836538461538464 0.4014423076923077 0.057692307692307696 0.05048076923076923
0 0.47716346153846156 0.4567307692307692 0.056490384615384616 0.04807692307692308
0 0.47596153846153844 0.515625 0.05889423076923077 0.05048076923076923
0 0.4795673076923077 0.5697115384615384 0.06490384615384616 0.052884615384615384
0 0.4831730769230769 0.6286057692307693 0.06129807692307692 0.054086538461538464
0 0.47836538461538464 0.6862980769230769 0.06370192307692307 0.055288461538461536
0 0.4807692307692308 0.7403846153846154 0.0625 0.04807692307692308
0 0.48197115384615385 0.8004807692307693 0.06129807692307692 0.05889423076923077
0 0.296875 0.06129807692307692 0.06610576923076923 0.054086538461538464
0 0.2860576923076923 0.11899038461538461 0.06129807692307692 0.051682692307692304
0 0.2848557692307692 0.1778846153846154 0.06370192307692307 0.04807692307692308
0 0.29086538461538464 0.234375 0.055288461538461536 0.04807692307692308
0 0.2824519230769231 0.2980769230769231 0.055288461538461536 0.04447115384615385
0 0.28725961538461536 0.35336538461538464 0.06370192307692307 0.04807692307692308
0 0.2848557692307692 0.41225961538461536 0.054086538461538464 0.054086538461538464
0 0.2980769230769231 0.46634615384615385 0.0625 0.052884615384615384
0 0.3004807692307692 0.5240384615384616 0.06009615384615385 0.055288461538461536
0 0.29447115384615385 0.6983173076923077 0.06370192307692307 0.052884615384615384
0 0.296875 0.8137019230769231 0.06610576923076923 0.054086538461538464
0 0.6478365384615384 0.8389423076923077 0.06129807692307692 0.052884615384615384
0 0.4831730769230769 0.859375 0.06370192307692307 0.05889423076923077
0 0.30288461538461536 0.8665865384615384 0.06370192307692307 0.05048076923076923
0 0.6538461538461539 0.8930288461538461 0.06009615384615385 0.04807692307692308
0 0.48197115384615385 0.9134615384615384 0.06610576923076923 0.046875
0 0.2980769230769231 0.7572115384615384 0.06129807692307692 0.04807692307692308
0 0.30528846153846156 0.9290865384615384 0.06129807692307692 0.054086538461538464
0 0.2980769230769231 0.5817307692307693 0.06009615384615385 0.04807692307692308
0 0.2956730769230769 0.6418269230769231 0.05889423076923077 0.05048076923076923
0 0.5408653846153846 0.8858173076923077 0.027644230769230768 0.10336538461538461
0 0.5372596153846154 0.7740384615384616 0.025240384615384616 0.109375
0 0.5324519230769231 0.4338942307692308 0.025240384615384616 0.11538461538461539
0 0.5324519230769231 0.5564903846153846 0.025240384615384616 0.11298076923076923
0 0.6526442307692307 0.9495192307692307 0.06009615384615385 0.051682692307692304
0 0.6262019230769231 0.015625 0.06490384615384616 0.030048076923076924
0 0.2956730769230769 0.013221153846153846 0.06129807692307692 0.026442307692307692
0 0.5432692307692307 0.9723557692307693 0.026442307692307692 0.052884615384615384
0 0.48197115384615385 0.9711538461538461 0.06490384615384616 0.055288461538461536
0 0.3112980769230769 0.9795673076923077 0.052884615384615384 0.037259615384615384