0 0.5540865384615384 0.5997596153846154 0.025240384615384616 0.10697115384615384
0 0.5612980769230769 0.3581730769230769 0.026442307692307692 0.09014423076923077
0 0.5300480769230769 0.3629807692307692 0.02403846153846154 0.1045673076923077
0 0.5012019230769231 0.36658653846153844 0.028846153846153848 0.10817307692307693
0 0.4387019230769231 0.35336538461538464 0.025240384615384616 0.09495192307692307
0 0.45913461538461536 0.6069711538461539 0.025240384615384616 0.10096153846153846
0 0.39903846153846156 0.609375 0.025240384615384616 0.10817307692307693
0 0.6478365384615384 0.6057692307692307 0.027644230769230768 0.09975961538461539
0 0.6165865384615384 0.5997596153846154 0.025240384615384616 0.1045673076923077
0 0.5865384615384616 0.6081730769230769 0.027644230769230768 0.10576923076923077
0 0.5216346153846154 0.5997596153846154 0.026442307692307692 0.11298076923076923
0 0.49158653846153844 0.6069711538461539 0.02283653846153846 0.1045673076923077
0 0.43028846153846156 0.6105769230769231 0.02283653846153846 0.10697115384615384
0 0.36899038461538464 0.6225961538461539 0.026442307692307692 0.10817307692307693
0 0.4735576923076923 0.3641826923076923 0.025240384615384616 0.0985576923076923
0 0.4050480769230769 0.34975961538461536 0.027644230769230768 0.10336538461538461
0 0.3762019230769231 0.34975961538461536 0.02403846153846154 0.1045673076923077
0 0.3425480769230769 0.35096153846153844 0.030048076923076924 0.11899038461538461
0 0.6237980769230769 0.3473557692307692 0.025240384615384616 0.1141826923076923
0 0.6550480769230769 0.3473557692307692 0.027644230769230768 0.11298076923076923
0 0.6838942307692307 0.34975961538461536 0.028846153846153848 0.09975961538461539
0 0.7127403846153846 0.3449519230769231 0.027644230769230768 0.10576923076923077
0 0.7415865384615384 0.34134615384615385 0.027644230769230768 0.10697115384615384
0 0.7716346153846154 0.34615384615384615 0.028846153846153848 0.10336538461538461
0 0.8004807692307693 0.3473557692307692 0.030048076923076924 0.1045673076923077
0 0.8293269230769231 0.35096153846153844 0.02403846153846154 0.09254807692307693
0 0.8617788461538461 0.35336538461538464 0.030048076923076924 0.10817307692307693
0 0.6754807692307693 0.5877403846153846 0.027644230769230768 0.0985576923076923
0 0.7067307692307693 0.5805288461538461 0.030048076923076924 0.09735576923076923
0 0.7331730769230769 0.5961538461538461 0.025240384615384616 0.10817307692307693
0 0.7620192307692307 0.5973557692307693 0.030048076923076924 0.10576923076923077
0 0.7932692307692307 0.5841346153846154 0.030048076923076924 0.10817307692307693
0 0.7331730769230769 0.8329326923076923 0.027644230769230768 0.12379807692307693
0 0.31490384615384615 0.359375 0.02403846153846154 0.10697115384615384
0 0.28365384615384615 0.36778846153846156 0.026442307692307692 0.10817307692307693
0 0.2548076923076923 0.3581730769230769 0.026442307692307692 0.10817307692307693
0 0.19831730769230768 0.3737980769230769 0.030048076923076924 0.10576923076923077
0 0.16706730769230768 0.3713942307692308 0.030048076923076924 0.10336538461538461
0 0.13341346153846154 0.3641826923076923 0.030048076923076924 0.09134615384615384
0 0.10096153846153846 0.3641826923076923 0.03485576923076923 0.11899038461538461
0 0.06850961538461539 0.36778846153846156 0.030048076923076924 0.11538461538461539
0 0.040865384615384616 0.37259615384615385 0.028846153846153848 0.10336538461538461
0 0.014423076923076924 0.3737980769230769 0.027644230769230768 0.109375
0 0.030048076923076924 0.6502403846153846 0.03365384615384615 0.109375
0 0.007211538461538462 0.6526442307692307 0.014423076923076924 0.11538461538461539
0 0.03365384615384615 0.8966346153846154 0.03125 0.10817307692307693
0 0.009615384615384616 0.9086538461538461 0.019230769230769232 0.11057692307692307
0 0.008413461538461538 0.9831730769230769 0.016826923076923076 0.028846153846153848
0 0.03485576923076923 0.9819711538461539 0.03245192307692308 0.03245192307692308
0 0.16947115384615385 0.9759615384615384 0.06370192307692307 0.04326923076923077
0 0.33653846153846156 0.6262019230769231 0.027644230769230768 0.10697115384615384
0 0.30528846153846156 0.6057692307692307 0.025240384615384616 0.1045673076923077
0 0.27524038461538464 0.6105769230769231 0.03125 0.11658653846153846
0 0.24519230769230768 0.6165865384615384 0.026442307692307692 0.11538461538461539
0 0.21514423076923078 0.6165865384615384 0.030048076923076924 0.10576923076923077
0 0.18389423076923078 0.6237980769230769 0.027644230769230768 0.10336538461538461
0 0.15264423076923078 0.6237980769230769 0.030048076923076924 0.10697115384615384
0 0.7055288461538461 0.8341346153846154 0.030048076923076924 0.11778846153846154
0 0.6742788461538461 0.8365384615384616 0.027644230769230768 0.10817307692307693
0 0.6490384615384616 0.8377403846153846 0.027644230769230768 0.10576923076923077
0 0.6165865384615384 0.8497596153846154 0.030048076923076924 0.11057692307692307
0 0.5877403846153846 0.8509615384615384 0.027644230769230768 0.11298076923076923
0 0.5528846153846154 0.8533653846153846 0.027644230769230768 0.11658653846153846
0 0.5252403846153846 0.8509615384615384 0.030048076923076924 0.11298076923076923
0 0.49399038461538464 0.8762019230769231 0.026442307692307692 0.12379807692307693
0 0.46274038461538464 0.8485576923076923 0.02403846153846154 0.11057692307692307
0 0.43149038461538464 0.8629807692307693 0.03125 0.109375
0 0.39903846153846156 0.8725961538461539 0.02403846153846154 0.1045673076923077
0 0.36899038461538464 0.8677884615384616 0.027644230769230768 0.10336538461538461
0 0.3389423076923077 0.890625 0.025240384615384616 0.109375
0 0.3088942307692308 0.8810096153846154 0.027644230769230768 0.10096153846153846
0 0.28125 0.875 0.027644230769230768 0.11538461538461539
0 0.24639423076923078 0.8858173076923077 0.027644230769230768 0.11057692307692307
0 0.21754807692307693 0.8930288461538461 0.030048076923076924 0.11298076923076923
0 0.18629807692307693 0.8762019230769231 0.028846153846153848 0.10697115384615384
0 0.15504807692307693 0.8774038461538461 0.03245192307692308 0.11538461538461539