0 0.8930288461538461 0.25721153846153844 0.056490384615384616 0.04567307692307692
0 0.7307692307692307 0.15264423076923078 0.03245192307692308 0.11538461538461539
0 0.7247596153846154 0.3112980769230769 0.028846153846153848 0.12139423076923077
0 0.7319711538461539 0.040865384615384616 0.03485576923076923 0.08173076923076923
0 0.5841346153846154 0.07932692307692307 0.056490384615384616 0.055288461538461536
0 0.5889423076923077 0.13581730769230768 0.054086538461538464 0.051682692307692304
0 0.5901442307692307 0.18990384615384615 0.05889423076923077 0.054086538461538464
0 0.5889423076923077 0.24879807692307693 0.05889423076923077 0.05048076923076923
0 0.5865384615384616 0.30408653846153844 0.056490384615384616 0.052884615384615384
0 0.5865384615384616 0.3581730769230769 0.06129807692307692 0.056490384615384616
0 0.5829326923076923 0.4182692307692308 0.06490384615384616 0.051682692307692304
0 0.5817307692307693 0.47596153846153844 0.06009615384615385 0.05048076923076923
0 0.5805288461538461 0.5288461538461539 0.06370192307692307 0.05048076923076923
0 0.578125 0.5901442307692307 0.056490384615384616 0.046875
0 0.5793269230769231 0.6442307692307693 0.06129807692307692 0.046875
0 0.5757211538461539 0.703125 0.06370192307692307 0.042067307692307696
0 0.44350961538461536 0.5036057692307693 0.055288461538461536 0.06971153846153846
0 0.44711538461538464 0.2091346153846154 0.057692307692307696 0.07932692307692307
0 0.44350961538461536 0.5649038461538461 0.05889423076923077 0.07692307692307693
0 0.44350961538461536 0.6262019230769231 0.056490384615384616 0.07692307692307693
0 0.31971153846153844 0.8786057692307693 0.0673076923076923 0.07211538461538461
0 0.3173076923076923 0.8004807692307693 0.046875 0.07091346153846154
0 0.32091346153846156 0.7391826923076923 0.051682692307692304 0.06129807692307692
0 0.31490384615384615 0.6682692307692307 0.057692307692307696 0.07091346153846154
0 0.3161057692307692 0.6105769230769231 0.05889423076923077 0.07451923076923077
0 0.3161057692307692 0.5432692307692307 0.052884615384615384 0.06971153846153846
0 0.32211538461538464 0.47836538461538464 0.055288461538461536 0.06610576923076923
0 0.3269230769230769 0.4170673076923077 0.04326923076923077 0.06009615384615385
0 0.31850961538461536 0.34134615384615385 0.046875 0.06009615384615385
0 0.3233173076923077 0.28365384615384615 0.05048076923076923 0.06850961538461539
0 0.3269230769230769 0.21514423076923078 0.04807692307692308 0.06610576923076923
0 0.3269230769230769 0.14302884615384615 0.06129807692307692 0.07692307692307693
0 0.3317307692307692 0.0829326923076923 0.04326923076923077 0.06971153846153846
0 0.3245192307692308 0.027644230769230768 0.055288461538461536 0.054086538461538464
0 0.016826923076923076 0.5961538461538461 0.03365384615384615 0.11778846153846154