0 0.17067307692307693 0.16346153846153846 0.052884615384615384 0.046875
0 0.22235576923076922 0.16706730769230768 0.054086538461538464 0.046875
0 0.34975961538461536 0.1622596153846154 0.06129807692307692 0.046875
0 0.4206730769230769 0.1622596153846154 0.052884615384615384 0.04567307692307692
0 0.4831730769230769 0.16346153846153846 0.04927884615384615 0.04807692307692308
0 0.5793269230769231 0.17307692307692307 0.052884615384615384 0.046875
0 0.8185096153846154 0.18990384615384615 0.04807692307692308 0.051682692307692304
0 0.8737980769230769 0.19831730769230768 0.05048076923076923 0.046875
0 0.9927884615384616 0.20192307692307693 0.01201923076923077 0.04326923076923077
0 0.9867788461538461 0.4098557692307692 0.02403846153846154 0.09134615384615384
0 0.9627403846153846 0.4074519230769231 0.026442307692307692 0.09254807692307693
0 0.9362980769230769 0.4098557692307692 0.025240384615384616 0.08173076923076923
0 0.9122596153846154 0.4026442307692308 0.027644230769230768 0.08653846153846154
0 0.8870192307692307 0.4026442307692308 0.02403846153846154 0.056490384615384616
0 0.8617788461538461 0.4014423076923077 0.025240384615384616 0.0889423076923077
0 0.8365384615384616 0.4026442307692308 0.02403846153846154 0.0889423076923077
0 0.8112980769230769 0.41346153846153844 0.025240384615384616 0.09735576923076923
0 0.7824519230769231 0.4014423076923077 0.025240384615384616 0.10576923076923077
0 0.7584134615384616 0.40024038461538464 0.025240384615384616 0.08413461538461539
0 0.734375 0.4014423076923077 0.025240384615384616 0.09495192307692307
0 0.7115384615384616 0.4098557692307692 0.03125 0.10336538461538461
0 0.6778846153846154 0.4014423076923077 0.02403846153846154 0.09495192307692307
0 0.6526442307692307 0.3942307692307692 0.02283653846153846 0.09615384615384616
0 0.625 0.390625 0.025240384615384616 0.09495192307692307
0 0.5973557692307693 0.4026442307692308 0.021634615384615384 0.09615384615384616
0 0.5697115384615384 0.3870192307692308 0.02403846153846154 0.09975961538461539
0 0.5432692307692307 0.3894230769230769 0.025240384615384616 0.09254807692307693
0 0.5144230769230769 0.3894230769230769 0.025240384615384616 0.09975961538461539
0 0.4879807692307692 0.3918269230769231 0.025240384615384616 0.10096153846153846
0 0.45913461538461536 0.3858173076923077 0.02403846153846154 0.09975961538461539
0 0.43028846153846156 0.39302884615384615 0.02403846153846154 0.1045673076923077
0 0.40024038461538464 0.38341346153846156 0.02283653846153846 0.0985576923076923
0 0.36899038461538464 0.37740384615384615 0.02403846153846154 0.0889423076923077
0 0.3401442307692308 0.390625 0.025240384615384616 0.09975961538461539
0 0.3076923076923077 0.3942307692307692 0.026442307692307692 0.09495192307692307
0 0.3076923076923077 0.4987980769230769 0.027644230769230768 0.10576923076923077
0 0.35096153846153844 0.5949519230769231 0.027644230769230768 0.0829326923076923
0 0.3786057692307692 0.6069711538461539 0.03245192307692308 0.09495192307692307
0 0.4050480769230769 0.5973557692307693 0.027644230769230768 0.08413461538461539
0 0.5216346153846154 0.6009615384615384 0.03245192307692308 0.09615384615384616
0 0.5504807692307693 0.6033653846153846 0.03125 0.09735576923076923
0 0.5745192307692307 0.5997596153846154 0.03365384615384615 0.09735576923076923
0 0.6069711538461539 0.6045673076923077 0.03365384615384615 0.09134615384615384
0 0.7415865384615384 0.6045673076923077 0.03245192307692308 0.09014423076923077
0 0.7932692307692307 0.6033653846153846 0.03245192307692308 0.0985576923076923
0 0.8209134615384616 0.609375 0.028846153846153848 0.0889423076923077
0 0.9230769230769231 0.6141826923076923 0.03485576923076923 0.0829326923076923
0 0.9495192307692307 0.609375 0.037259615384615384 0.09254807692307693
0 0.9903846153846154 0.6237980769230769 0.016826923076923076 0.08173076923076923
0 0.9759615384615384 0.7860576923076923 0.039663461538461536 0.09014423076923077
0 0.9483173076923077 0.7920673076923077 0.04567307692307692 0.09495192307692307
0 0.8870192307692307 0.7872596153846154 0.038461538461538464 0.08653846153846154
0 0.8653846153846154 0.7824519230769231 0.046875 0.10336538461538461
0 0.7091346153846154 0.7908653846153846 0.040865384615384616 0.08653846153846154
0 0.6466346153846154 0.7860576923076923 0.038461538461538464 0.09615384615384616
0 0.6153846153846154 0.7884615384615384 0.036057692307692304 0.0889423076923077
0 0.5192307692307693 0.7908653846153846 0.040865384615384616 0.10576923076923077
0 0.484375 0.7980769230769231 0.03485576923076923 0.09975961538461539
0 0.45552884615384615 0.7908653846153846 0.03125 0.09014423076923077
0 0.4206730769230769 0.7956730769230769 0.037259615384615384 0.09254807692307693
0 0.3581730769230769 0.7956730769230769 0.036057692307692304 0.0985576923076923
0 0.3293269230769231 0.7836538461538461 0.03485576923076923 0.109375
0 0.2956730769230769 0.7956730769230769 0.03485576923076923 0.10096153846153846
0 0.2692307692307692 0.7836538461538461 0.03365384615384615 0.09615384615384616
0 0.2439903846153846 0.7680288461538461 0.036057692307692304 0.09134615384615384