0 0.7463942307692307 0.8990384615384616 0.06129807692307692 0.04807692307692308
0 0.5408653846153846 0.671875 0.06009615384615385 0.052884615384615384
0 0.6117788461538461 0.6706730769230769 0.06370192307692307 0.054086538461538464
0 0.5444711538461539 0.6165865384615384 0.0625 0.051682692307692304
0 0.3317307692307692 0.5060096153846154 0.05889423076923077 0.056490384615384616
0 0.40024038461538464 0.5024038461538461 0.06129807692307692 0.052884615384615384
0 0.5432692307692307 0.5036057692307693 0.06009615384615385 0.05048076923076923
0 0.7463942307692307 0.7283653846153846 0.05889423076923077 0.054086538461538464
0 0.7451923076923077 0.7824519230769231 0.06370192307692307 0.04807692307692308
0 0.7451923076923077 0.8389423076923077 0.0625 0.051682692307692304
0 0.5420673076923077 0.44711538461538464 0.055288461538461536 0.052884615384615384
0 0.4026442307692308 0.44711538461538464 0.0625 0.051682692307692304
0 0.33413461538461536 0.4495192307692308 0.056490384615384616 0.052884615384615384
0 0.5372596153846154 0.33653846153846156 0.057692307692307696 0.051682692307692304
0 0.5336538461538461 0.27884615384615385 0.06009615384615385 0.054086538461538464
0 0.19951923076923078 0.9074519230769231 0.056490384615384616 0.046875
0 0.1935096153846154 0.8509615384615384 0.0625 0.04807692307692308
0 0.18990384615384615 0.7920673076923077 0.05889423076923077 0.04807692307692308
0 0.18990384615384615 0.734375 0.0625 0.051682692307692304
0 0.1875 0.6790865384615384 0.06610576923076923 0.05048076923076923
0 0.33413461538461536 0.3954326923076923 0.05889423076923077 0.054086538461538464
0 0.4014423076923077 0.390625 0.05889423076923077 0.056490384615384616
0 0.33413461538461536 0.33653846153846156 0.06370192307692307 0.052884615384615384
0 0.39903846153846156 0.3329326923076923 0.051682692307692304 0.05048076923076923
0 0.40024038461538464 0.28365384615384615 0.057692307692307696 0.05048076923076923
0 0.33653846153846156 0.28365384615384615 0.056490384615384616 0.046875
0 0.33533653846153844 0.2283653846153846 0.06370192307692307 0.056490384615384616
0 0.3269230769230769 0.6802884615384616 0.05889423076923077 0.05048076923076923
0 0.3269230769230769 0.6225961538461539 0.052884615384615384 0.04567307692307692
0 0.328125 0.5661057692307693 0.057692307692307696 0.051682692307692304
0 0.4026442307692308 0.5612980769230769 0.06370192307692307 0.05048076923076923
0 0.39783653846153844 0.6177884615384616 0.06009615384615385 0.04807692307692308
0 0.40024038461538464 0.6778846153846154 0.0625 0.056490384615384616
0 0.39903846153846156 0.734375 0.05889423076923077 0.05048076923076923
0 0.3317307692307692 0.7331730769230769 0.06370192307692307 0.04567307692307692
0 0.40024038461538464 0.22596153846153846 0.06129807692307692 0.051682692307692304
0 0.40024038461538464 0.16826923076923078 0.054086538461538464 0.054086538461538464
0 0.40024038461538464 0.7908653846153846 0.06129807692307692 0.054086538461538464
0 0.3942307692307692 0.8461538461538461 0.0673076923076923 0.051682692307692304
0 0.4026442307692308 0.9110576923076923 0.0625 0.055288461538461536
0 0.4050480769230769 0.9639423076923077 0.0625 0.051682692307692304
0 0.3317307692307692 0.9663461538461539 0.056490384615384616 0.051682692307692304
0 0.33052884615384615 0.9122596153846154 0.06129807692307692 0.056490384615384616
0 0.3317307692307692 0.8485576923076923 0.05889423076923077 0.05048076923076923
0 0.3293269230769231 0.7932692307692307 0.06009615384615385 0.051682692307692304
0 0.21634615384615385 0.2704326923076923 0.03245192307692308 0.11538461538461539
0 0.21754807692307693 0.3954326923076923 0.027644230769230768 0.109375
0 0.21634615384615385 0.5180288461538461 0.030048076923076924 0.11298076923076923
0 0.18629807692307693 0.6225961538461539 0.06490384615384616 0.046875
0 0.18870192307692307 0.9663461538461539 0.06610576923076923 0.052884615384615384
0 0.546875 0.5564903846153846 0.06370192307692307 0.051682692307692304
0 0.6153846153846154 0.5600961538461539 0.06129807692307692 0.046875
0 0.5444711538461539 0.7331730769230769 0.06129807692307692 0.052884615384615384
0 0.6105769230769231 0.7307692307692307 0.06129807692307692 0.05048076923076923
0 0.6141826923076923 0.7872596153846154 0.06490384615384616 0.051682692307692304
0 0.5456730769230769 0.7920673076923077 0.06129807692307692 0.046875
0 0.5444711538461539 0.8485576923076923 0.05889423076923077 0.051682692307692304
0 0.6129807692307693 0.8449519230769231 0.06370192307692307 0.051682692307692304
0 0.6129807692307693 0.9026442307692307 0.056490384615384616 0.052884615384615384
0 0.5432692307692307 0.9074519230769231 0.05889423076923077 0.054086538461538464
0 0.5444711538461539 0.9591346153846154 0.06129807692307692 0.054086538461538464
0 0.6117788461538461 0.9555288461538461 0.06129807692307692 0.04567307692307692
0 0.6153846153846154 0.9903846153846154 0.052884615384615384 0.016826923076923076
0 0.5480769230769231 0.9927884615384616 0.0625 0.010817307692307692
0 0.7463942307692307 0.9891826923076923 0.06490384615384616 0.019230769230769232
0 0.7512019230769231 0.9495192307692307 0.05048076923076923 0.046875
0 0.6141826923076923 0.6141826923076923 0.054086538461538464 0.04807692307692308
0 0.2247596153846154 0.15745192307692307 0.030048076923076924 0.1045673076923077
0 0.22235576923076922 0.042067307692307696 0.030048076923076924 0.0829326923076923
0 0.33413461538461536 0.16947115384615385 0.06009615384615385 0.052884615384615384
0 0.33774038461538464 0.11658653846153846 0.057692307692307696 0.052884615384615384
0 0.4014423076923077 0.11298076923076923 0.06009615384615385 0.055288461538461536
0 0.3954326923076923 0.06129807692307692 0.05889423076923077 0.04807692307692308
0 0.3329326923076923 0.06490384615384616 0.05889423076923077 0.04807692307692308
0 0.33774038461538464 0.020432692307692308 0.057692307692307696 0.040865384615384616
0 0.4014423076923077 0.018028846153846152 0.06370192307692307 0.036057692307692304
0 0.4735576923076923 0.018028846153846152 0.028846153846153848 0.036057692307692304
0 0.5396634615384616 0.018028846153846152 0.06009615384615385 0.036057692307692304
0 0.5408653846153846 0.0625 0.06129807692307692 0.05048076923076923
0 0.5360576923076923 0.11298076923076923 0.05048076923076923 0.051682692307692304
0 0.5408653846153846 0.1658653846153846 0.06370192307692307 0.052884615384615384
0 0.5384615384615384 0.21754807692307693 0.056490384615384616 0.051682692307692304
0 0.6129807692307693 0.21995192307692307 0.05889423076923077 0.052884615384615384
0 0.6153846153846154 0.27524038461538464 0.06009615384615385 0.046875
0 0.6153846153846154 0.3293269230769231 0.05889423076923077 0.054086538461538464
0 0.6105769230769231 0.3870192307692308 0.056490384615384616 0.051682692307692304
0 0.6105769230769231 0.44591346153846156 0.057692307692307696 0.05048076923076923
0 0.6105769230769231 0.5 0.06129807692307692 0.04807692307692308
0 0.5408653846153846 0.3858173076923077 0.06370192307692307 0.051682692307692304
0 0.6081730769230769 0.0625 0.06129807692307692 0.054086538461538464
0 0.6105769230769231 0.015625 0.05889423076923077 0.030048076923076924
0 0.7379807692307693 0.021634615384615384 0.0673076923076923 0.04326923076923077
0 0.7427884615384616 0.06971153846153846 0.056490384615384616 0.046875
0 0.7427884615384616 0.12139423076923077 0.05889423076923077 0.055288461538461536
0 0.7367788461538461 0.17668269230769232 0.056490384615384616 0.056490384615384616
0 0.6129807692307693 0.1141826923076923 0.06009615384615385 0.051682692307692304
0 0.6129807692307693 0.1658653846153846 0.06129807692307692 0.04807692307692308
0 0.7415865384615384 0.23076923076923078 0.05889423076923077 0.04567307692307692
0 0.7451923076923077 0.2800480769230769 0.05889423076923077 0.051682692307692304
0 0.7439903846153846 0.33774038461538464 0.06370192307692307 0.055288461538461536
0 0.7427884615384616 0.3918269230769231 0.06009615384615385 0.05048076923076923
0 0.7475961538461539 0.44471153846153844 0.06850961538461539 0.051682692307692304
0 0.7463942307692307 0.5012019230769231 0.06370192307692307 0.046875
0 0.75 0.5625 0.06370192307692307 0.055288461538461536
0 0.7487980769230769 0.6213942307692307 0.06129807692307692 0.046875
0 0.7463942307692307 0.6694711538461539 0.0625 0.04807692307692308