0 0.6418269230769231 0.7872596153846154 0.03245192307692308 0.1310096153846154
0 0.6021634615384616 0.7644230769230769 0.03245192307692308 0.140625
0 0.5649038461538461 0.7680288461538461 0.03485576923076923 0.13341346153846154
0 0.5252403846153846 0.7668269230769231 0.03245192307692308 0.14182692307692307
0 0.4855769230769231 0.7704326923076923 0.038461538461538464 0.13341346153846154
0 0.44711538461538464 0.7608173076923077 0.036057692307692304 0.13942307692307693
0 0.6189903846153846 0.4543269230769231 0.07572115384615384 0.06370192307692307
0 0.3894230769230769 0.4338942307692308 0.07692307692307693 0.06009615384615385
0 0.28966346153846156 0.43509615384615385 0.08413461538461539 0.056490384615384616
0 0.40625 0.7716346153846154 0.03485576923076923 0.14302884615384615
0 0.4807692307692308 0.4387019230769231 0.07091346153846154 0.06009615384615385
0 0.10817307692307693 0.43509615384615385 0.078125 0.06610576923076923
0 0.036057692307692304 0.42908653846153844 0.07211538461538461 0.06009615384615385
0 0.9471153846153846 0.47596153846153844 0.06610576923076923 0.0625
0 0.9711538461538461 0.7668269230769231 0.03365384615384615 0.11778846153846154
0 0.9362980769230769 0.7884615384615384 0.040865384615384616 0.12860576923076922
0 0.8942307692307693 0.7740384615384616 0.037259615384615384 0.13942307692307693
0 0.8605769230769231 0.7740384615384616 0.03245192307692308 0.11658653846153846
0 0.8293269230769231 0.7740384615384616 0.03245192307692308 0.13221153846153846
0 0.7980769230769231 0.7944711538461539 0.04567307692307692 0.16346153846153846
0 0.7536057692307693 0.7740384615384616 0.03365384615384615 0.13221153846153846
0 0.71875 0.7704326923076923 0.03125 0.125
0 0.6790865384615384 0.7668269230769231 0.03485576923076923 0.13221153846153846
0 0.3641826923076923 0.7620192307692307 0.03245192307692308 0.13581730769230768
0 0.31971153846153844 0.75 0.03245192307692308 0.12379807692307693
0 0.2800480769230769 0.7644230769230769 0.03485576923076923 0.14182692307692307
0 0.23317307692307693 0.7668269230769231 0.037259615384615384 0.1310096153846154
0 0.234375 0.9134615384615384 0.040865384615384616 0.13942307692307693
0 0.9939903846153846 0.7716346153846154 0.010817307692307692 0.12379807692307693