0 0.24519230769230768 0.5745192307692307 0.051682692307692304 0.0985576923076923
0 0.2247596153846154 0.6165865384615384 0.04807692307692308 0.09134615384615384
0 0.20192307692307693 0.6586538461538461 0.05048076923076923 0.09495192307692307
0 0.4110576923076923 0.6370192307692307 0.04326923076923077 0.07692307692307693
0 0.43028846153846156 0.5901442307692307 0.040865384615384616 0.078125
0 0.453125 0.5552884615384616 0.04567307692307692 0.08052884615384616
0 0.4735576923076923 0.5108173076923077 0.042067307692307696 0.08173076923076923
0 0.49759615384615385 0.4735576923076923 0.04326923076923077 0.08173076923076923
0 0.21875 0.9819711538461539 0.03485576923076923 0.03245192307692308
0 0.2403846153846154 0.9579326923076923 0.05048076923076923 0.07932692307692307
0 0.3894230769230769 0.6754807692307693 0.04567307692307692 0.07932692307692307
0 0.3641826923076923 0.7163461538461539 0.04447115384615385 0.07932692307692307
0 0.3425480769230769 0.75 0.04326923076923077 0.06971153846153846
0 0.3293269230769231 0.8028846153846154 0.04567307692307692 0.07692307692307693
0 0.2980769230769231 0.8389423076923077 0.04807692307692308 0.09975961538461539
0 0.28365384615384615 0.8846153846153846 0.054086538461538464 0.09014423076923077
0 0.26322115384615385 0.9302884615384616 0.04567307692307692 0.09134615384615384
0 0.3918269230769231 0.021634615384615384 0.04326923076923077 0.04326923076923077
0 0.3629807692307692 0.038461538461538464 0.055288461538461536 0.07692307692307693
0 0.3401442307692308 0.0625 0.052884615384615384 0.10096153846153846
0 0.3161057692307692 0.10096153846153846 0.052884615384615384 0.09975961538461539
0 0.29086538461538464 0.14182692307692307 0.055288461538461536 0.09735576923076923
0 0.27163461538461536 0.1814903846153846 0.052884615384615384 0.09134615384615384
0 0.24639423076923078 0.21995192307692307 0.055288461538461536 0.1045673076923077
0 0.2247596153846154 0.25841346153846156 0.055288461538461536 0.10336538461538461
0 0.1814903846153846 0.3473557692307692 0.05048076923076923 0.08413461538461539
0 0.1622596153846154 0.3894230769230769 0.051682692307692304 0.09134615384615384
0 0.140625 0.4254807692307692 0.057692307692307696 0.0985576923076923
0 0.11899038461538461 0.46274038461538464 0.04927884615384615 0.08653846153846154
0 0.09134615384615384 0.49399038461538464 0.04807692307692308 0.0829326923076923
0 0.06490384615384616 0.5324519230769231 0.055288461538461536 0.0889423076923077
0 0.04326923076923077 0.5697115384615384 0.056490384615384616 0.09014423076923077
0 0.025240384615384616 0.609375 0.05048076923076923 0.10817307692307693
0 0.014423076923076924 0.6670673076923077 0.027644230769230768 0.0625
0 0.2704326923076923 0.5372596153846154 0.051682692307692304 0.09735576923076923
0 0.2956730769230769 0.5036057692307693 0.05048076923076923 0.09495192307692307
0 0.31490384615384615 0.45913461538461536 0.04807692307692308 0.09615384615384616
0 0.3425480769230769 0.4230769230769231 0.051682692307692304 0.09615384615384616
0 0.3581730769230769 0.37740384615384615 0.051682692307692304 0.09134615384615384
0 0.3786057692307692 0.3317307692307692 0.04927884615384615 0.0889423076923077
0 0.4074519230769231 0.31009615384615385 0.055288461538461536 0.10336538461538461
0 0.43149038461538464 0.26802884615384615 0.05048076923076923 0.09735576923076923
0 0.4519230769230769 0.21754807692307693 0.05048076923076923 0.1045673076923077
0 0.18269230769230768 0.6971153846153846 0.04927884615384615 0.09134615384615384
0 0.16105769230769232 0.7331730769230769 0.05048076923076923 0.0985576923076923
0 0.14423076923076922 0.7776442307692307 0.052884615384615384 0.09615384615384616
0 0.12259615384615384 0.8221153846153846 0.051682692307692304 0.09495192307692307
0 0.09254807692307693 0.8449519230769231 0.05048076923076923 0.0889423076923077
0 0.06971153846153846 0.8846153846153846 0.05889423076923077 0.09975961538461539
0 0.05048076923076923 0.9290865384615384 0.057692307692307696 0.10576923076923077
0 0.027644230769230768 0.9591346153846154 0.055288461538461536 0.07692307692307693
0 0.004807692307692308 0.7199519230769231 0.009615384615384616 0.042067307692307696