0 0.4675480769230769 0.4050480769230769 0.04807692307692308 0.0829326923076923
0 0.49399038461538464 0.36778846153846156 0.052884615384615384 0.09254807692307693
0 0.5348557692307693 0.3581730769230769 0.057692307692307696 0.0985576923076923
0 0.4495192307692308 0.44591346153846156 0.054086538461538464 0.0985576923076923
0 0.5144230769230769 0.4831730769230769 0.056490384615384616 0.09254807692307693
0 0.2776442307692308 0.37740384615384615 0.057692307692307696 0.10096153846153846
0 0.2980769230769231 0.3473557692307692 0.055288461538461536 0.09735576923076923
0 0.32091346153846156 0.30528846153846156 0.04927884615384615 0.09254807692307693
0 0.3425480769230769 0.26802884615384615 0.04927884615384615 0.08653846153846154
0 0.4735576923076923 0.5685096153846154 0.055288461538461536 0.09134615384615384
0 0.49759615384615385 0.5300480769230769 0.055288461538461536 0.09134615384615384
0 0.4050480769230769 0.5288461538461539 0.05048076923076923 0.09134615384615384
0 0.4230769230769231 0.4795673076923077 0.054086538461538464 0.09495192307692307
0 0.23197115384615385 0.31009615384615385 0.04927884615384615 0.09014423076923077
0 0.2536057692307692 0.4254807692307692 0.05048076923076923 0.09495192307692307
0 0.20673076923076922 0.34134615384615385 0.046875 0.0889423076923077
0 0.2127403846153846 0.5096153846153846 0.054086538461538464 0.08774038461538461
0 0.16706730769230768 0.5889423076923077 0.052884615384615384 0.09735576923076923
0 0.09975961538461539 0.2283653846153846 0.055288461538461536 0.08774038461538461
0 0.4519230769230769 0.6057692307692307 0.054086538461538464 0.09254807692307693
0 0.43149038461538464 0.6418269230769231 0.04567307692307692 0.08413461538461539
0 0.5444711538461539 0.44591346153846156 0.04567307692307692 0.08052884615384616
0 0.37740384615384615 0.5600961538461539 0.052884615384615384 0.09615384615384616
0 0.1466346153846154 0.6262019230769231 0.052884615384615384 0.0985576923076923
0 0.33413461538461536 0.6490384615384616 0.052884615384615384 0.09495192307692307
0 0.3557692307692308 0.5997596153846154 0.05889423076923077 0.09975961538461539
0 0.40384615384615385 0.6814903846153846 0.054086538461538464 0.09495192307692307
0 0.38221153846153844 0.7259615384615384 0.056490384615384616 0.09254807692307693
0 0.6189903846153846 0.6466346153846154 0.051682692307692304 0.09495192307692307
0 0.5997596153846154 0.6971153846153846 0.05048076923076923 0.0889423076923077
0 0.5769230769230769 0.7379807692307693 0.052884615384615384 0.09014423076923077
0 0.6478365384615384 0.6153846153846154 0.054086538461538464 0.09495192307692307
0 0.7391826923076923 0.8052884615384616 0.04807692307692308 0.09254807692307693
0 0.7199519230769231 0.7644230769230769 0.04447115384615385 0.08413461538461539
0 0.6995192307692307 0.7199519230769231 0.042067307692307696 0.0889423076923077
0 0.6802884615384616 0.6838942307692307 0.05048076923076923 0.09495192307692307
0 0.15504807692307693 0.14302884615384615 0.051682692307692304 0.09735576923076923
0 0.056490384615384616 0.30528846153846156 0.052884615384615384 0.09254807692307693
0 0.016826923076923076 0.40024038461538464 0.03245192307692308 0.09134615384615384
0 0.3701923076923077 0.22956730769230768 0.05048076923076923 0.09495192307692307
0 0.25 0.26802884615384615 0.051682692307692304 0.09615384615384616
0 0.27403846153846156 0.22596153846153846 0.052884615384615384 0.09134615384615384
0 0.29927884615384615 0.18629807692307693 0.055288461538461536 0.09615384615384616
0 0.32091346153846156 0.15144230769230768 0.04807692307692308 0.08413461538461539
0 0.34134615384615385 0.10817307692307693 0.05048076923076923 0.09014423076923077
0 0.3870192307692308 0.10817307692307693 0.05048076923076923 0.0889423076923077
0 0.3894230769230769 0.1814903846153846 0.051682692307692304 0.09254807692307693
0 0.4362980769230769 0.09014423076923077 0.051682692307692304 0.09975961538461539
0 0.18389423076923078 0.38341346153846156 0.052884615384615384 0.09495192307692307
0 0.1658653846153846 0.42908653846153844 0.046875 0.08413461538461539
0 0.14302884615384615 0.4735576923076923 0.055288461538461536 0.09615384615384616
0 0.1141826923076923 0.5 0.05048076923076923 0.0829326923076923
0 0.18870192307692307 0.5528846153846154 0.054086538461538464 0.09615384615384616
0 0.23076923076923078 0.46274038461538464 0.05048076923076923 0.09014423076923077
0 0.4050480769230769 0.32211538461538464 0.05048076923076923 0.09495192307692307
0 0.12379807692307693 0.8137019230769231 0.055288461538461536 0.09975961538461539
0 0.09495192307692307 0.5480769230769231 0.055288461538461536 0.09735576923076923
0 0.07211538461538461 0.5913461538461539 0.055288461538461536 0.09975961538461539
0 0.125 0.6754807692307693 0.055288461538461536 0.09254807692307693
0 0.0985576923076923 0.7079326923076923 0.0625 0.09975961538461539
0 0.054086538461538464 0.6286057692307693 0.052884615384615384 0.09134615384615384
0 0.026442307692307692 0.6622596153846154 0.052884615384615384 0.09375
0 0.07091346153846154 0.7427884615384616 0.054086538461538464 0.09254807692307693
0 0.056490384615384616 0.7956730769230769 0.05889423076923077 0.09975961538461539
0 0.016826923076923076 0.7139423076923077 0.03365384615384615 0.0829326923076923
0 0.007211538461538462 0.7704326923076923 0.013221153846153846 0.037259615384615384
0 0.028846153846153848 0.8329326923076923 0.05048076923076923 0.09014423076923077
0 0.018028846153846152 0.8774038461538461 0.036057692307692304 0.09735576923076923
0 0.007211538461538462 0.9435096153846154 0.013221153846153846 0.042067307692307696
0 0.1310096153846154 0.9759615384615384 0.04807692307692308 0.04326923076923077
0 0.15504807692307693 0.9579326923076923 0.051682692307692304 0.07932692307692307
0 0.1814903846153846 0.9254807692307693 0.054086538461538464 0.10096153846153846
0 0.20432692307692307 0.8858173076923077 0.051682692307692304 0.09495192307692307
0 0.22596153846153846 0.8497596153846154 0.05048076923076923 0.09254807692307693
0 0.25 0.8088942307692307 0.04807692307692308 0.08653846153846154
0 0.26802884615384615 0.765625 0.052884615384615384 0.09495192307692307
0 0.29086538461538464 0.7295673076923077 0.05048076923076923 0.09014423076923077
0 0.3125 0.6887019230769231 0.055288461538461536 0.10096153846153846
0 0.3581730769230769 0.7668269230769231 0.055288461538461536 0.0985576923076923
0 0.34134615384615385 0.8052884615384616 0.054086538461538464 0.09134615384615384
0 0.5528846153846154 0.7824519230769231 0.052884615384615384 0.09254807692307693
0 0.5252403846153846 0.8161057692307693 0.04927884615384615 0.09615384615384616
0 0.5060096153846154 0.8629807692307693 0.054086538461538464 0.09735576923076923
0 0.48197115384615385 0.8990384615384616 0.04927884615384615 0.0889423076923077
0 0.4675480769230769 0.9447115384615384 0.046875 0.0829326923076923
0 0.4423076923076923 0.9675480769230769 0.04807692307692308 0.06009615384615385
0 0.4098557692307692 0.9831730769230769 0.038461538461538464 0.030048076923076924
0 0.31971153846153844 0.8485576923076923 0.055288461538461536 0.09254807692307693
0 0.30528846153846156 0.8942307692307693 0.056490384615384616 0.09975961538461539
0 0.2776442307692308 0.9411057692307693 0.055288461538461536 0.08653846153846154
0 0.25600961538461536 0.9627403846153846 0.05048076923076923 0.07211538461538461
0 0.2247596153846154 0.9795673076923077 0.04447115384615385 0.037259615384615384
0 0.8052884615384616 0.7860576923076923 0.04927884615384615 0.09014423076923077
0 0.8269230769230769 0.7487980769230769 0.04807692307692308 0.08653846153846154
0 0.8473557692307693 0.7079326923076923 0.04927884615384615 0.09254807692307693
0 0.8689903846153846 0.6754807692307693 0.051682692307692304 0.09134615384615384
0 0.8894230769230769 0.6370192307692307 0.057692307692307696 0.09975961538461539
0 0.90625 0.5985576923076923 0.052884615384615384 0.09134615384615384
0 0.9182692307692307 0.5504807692307693 0.04807692307692308 0.09495192307692307
0 0.9387019230769231 0.5084134615384616 0.04927884615384615 0.08774038461538461
0 0.9603365384615384 0.47475961538461536 0.055288461538461536 0.09134615384615384
0 0.9771634615384616 0.44591346153846156 0.04326923076923077 0.09134615384615384
0 0.9867788461538461 0.39903846153846156 0.02403846153846154 0.078125
0 0.7608173076923077 0.4879807692307692 0.052884615384615384 0.09254807692307693
0 0.7151442307692307 0.4098557692307692 0.05048076923076923 0.09495192307692307
0 0.7307692307692307 0.35697115384615385 0.052884615384615384 0.09134615384615384
0 0.7536057692307693 0.31850961538461536 0.051682692307692304 0.09254807692307693
0 0.7740384615384616 0.28846153846153844 0.052884615384615384 0.09254807692307693
0 0.8257211538461539 0.36778846153846156 0.052884615384615384 0.09735576923076923
0 0.8052884615384616 0.4074519230769231 0.051682692307692304 0.09735576923076923
0 0.78125 0.44471153846153844 0.051682692307692304 0.09134615384615384
0 0.6766826923076923 0.2692307692307692 0.04807692307692308 0.0985576923076923
0 0.6105769230769231 0.21995192307692307 0.052884615384615384 0.09735576923076923
0 0.6334134615384616 0.1875 0.04447115384615385 0.078125
0 0.6502403846153846 0.14423076923076922 0.052884615384615384 0.09254807692307693
0 0.6694711538461539 0.1045673076923077 0.052884615384615384 0.09495192307692307
0 0.6923076923076923 0.07091346153846154 0.055288461538461536 0.09134615384615384
0 0.5552884615384616 0.11658653846153846 0.056490384615384616 0.09735576923076923
0 0.5793269230769231 0.08774038461538461 0.056490384615384616 0.0985576923076923
0 0.6057692307692307 0.056490384615384616 0.05048076923076923 0.08413461538461539
0 0.6213942307692307 0.03125 0.06009615384615385 0.0625
0 0.6478365384615384 0.013221153846153846 0.040865384615384616 0.026442307692307692
0 0.7103365384615384 0.036057692307692304 0.055288461538461536 0.07211538461538461
0 0.7319711538461539 0.018028846153846152 0.046875 0.036057692307692304
0 0.7956730769230769 0.24759615384615385 0.054086538461538464 0.09134615384615384
0 0.8137019230769231 0.21153846153846154 0.055288461538461536 0.09495192307692307
0 0.8329326923076923 0.17548076923076922 0.056490384615384616 0.09615384615384616
0 0.8509615384615384 0.140625 0.054086538461538464 0.08774038461538461
0 0.8629807692307693 0.09735576923076923 0.056490384615384616 0.08653846153846154
0 0.8846153846153846 0.06009615384615385 0.051682692307692304 0.08653846153846154
0 0.9074519230769231 0.03245192307692308 0.06129807692307692 0.06370192307692307
0 0.9338942307692307 0.013221153846153846 0.03485576923076923 0.026442307692307692
0 0.8413461538461539 0.3293269230769231 0.046875 0.0829326923076923
0 0.8617788461538461 0.28725961538461536 0.057692307692307696 0.09495192307692307
0 0.8762019230769231 0.24759615384615385 0.04326923076923077 0.078125
0 0.8954326923076923 0.21754807692307693 0.051682692307692304 0.08653846153846154
0 0.9122596153846154 0.17668269230769232 0.046875 0.078125
0 0.9314903846153846 0.14302884615384615 0.04567307692307692 0.08413461538461539
0 0.9543269230769231 0.1045673076923077 0.056490384615384616 0.08774038461538461
0 0.9699519230769231 0.06370192307692307 0.051682692307692304 0.0889423076923077
0 0.9819711538461539 0.03485576923076923 0.03365384615384615 0.06971153846153846