0 0.6310096153846154 0.06490384615384616 0.06129807692307692 0.05048076923076923
0 0.6370192307692307 0.11899038461538461 0.05889423076923077 0.04567307692307692
0 0.6382211538461539 0.17668269230769232 0.057692307692307696 0.046875
0 0.640625 0.23317307692307693 0.06009615384615385 0.05048076923076923
0 0.6370192307692307 0.2860576923076923 0.057692307692307696 0.05048076923076923
0 0.6310096153846154 0.3389423076923077 0.05889423076923077 0.046875
0 0.6550480769230769 0.3942307692307692 0.06009615384615385 0.051682692307692304
0 0.6322115384615384 0.4519230769230769 0.05889423076923077 0.04807692307692308
0 0.6490384615384616 0.5108173076923077 0.06370192307692307 0.051682692307692304
0 0.6466346153846154 0.5697115384615384 0.0625 0.05048076923076923
0 0.6418269230769231 0.6237980769230769 0.052884615384615384 0.04567307692307692
0 0.6394230769230769 0.6790865384615384 0.051682692307692304 0.04807692307692308
0 0.6454326923076923 0.7331730769230769 0.05889423076923077 0.04567307692307692
0 0.6430288461538461 0.7848557692307693 0.055288461538461536 0.04807692307692308
0 0.6478365384615384 0.8413461538461539 0.0625 0.05048076923076923
0 0.5252403846153846 0.14423076923076922 0.026442307692307692 0.10697115384615384
0 0.5252403846153846 0.25721153846153844 0.025240384615384616 0.09975961538461539
0 0.5324519230769231 0.37259615384615385 0.027644230769230768 0.1141826923076923
0 0.5324519230769231 0.49278846153846156 0.025240384615384616 0.11658653846153846
0 0.5324519230769231 0.6225961538461539 0.028846153846153848 0.11658653846153846
0 0.5360576923076923 0.7259615384615384 0.02403846153846154 0.09254807692307693
0 0.5384615384615384 0.8341346153846154 0.027644230769230768 0.109375
0 0.47836538461538464 0.10817307692307693 0.056490384615384616 0.06009615384615385
0 0.4735576923076923 0.17548076923076922 0.0625 0.051682692307692304
0 0.47475961538461536 0.23197115384615385 0.057692307692307696 0.051682692307692304
0 0.47475961538461536 0.28725961538461536 0.06009615384615385 0.04567307692307692
0 0.47836538461538464 0.34615384615384615 0.05889423076923077 0.052884615384615384
0 0.4831730769230769 0.4026442307692308 0.06009615384615385 0.052884615384615384
0 0.4807692307692308 0.46274038461538464 0.057692307692307696 0.05048076923076923
0 0.4807692307692308 0.5180288461538461 0.056490384615384616 0.04807692307692308
0 0.4795673076923077 0.5769230769230769 0.05889423076923077 0.05048076923076923
0 0.4831730769230769 0.6310096153846154 0.06490384615384616 0.052884615384615384
0 0.48677884615384615 0.6899038461538461 0.06129807692307692 0.054086538461538464
0 0.48197115384615385 0.7475961538461539 0.06370192307692307 0.055288461538461536
0 0.4831730769230769 0.8016826923076923 0.0625 0.04807692307692308
0 0.4855769230769231 0.8605769230769231 0.06129807692307692 0.05889423076923077
0 0.30288461538461536 0.06129807692307692 0.06129807692307692 0.052884615384615384
0 0.3004807692307692 0.12259615384615384 0.06610576923076923 0.054086538461538464
0 0.28846153846153844 0.18028846153846154 0.06129807692307692 0.051682692307692304
0 0.28725961538461536 0.23918269230769232 0.06370192307692307 0.04807692307692308
0 0.2932692307692308 0.2956730769230769 0.055288461538461536 0.04807692307692308
0 0.2848557692307692 0.359375 0.055288461538461536 0.04447115384615385
0 0.28966346153846156 0.41346153846153844 0.06370192307692307 0.04807692307692308
0 0.28846153846153844 0.4735576923076923 0.054086538461538464 0.054086538461538464
0 0.3016826923076923 0.5276442307692307 0.0625 0.052884615384615384
0 0.30288461538461536 0.5841346153846154 0.06009615384615385 0.055288461538461536
0 0.2980769230769231 0.6430288461538461 0.06370192307692307 0.051682692307692304
0 0.2956730769230769 0.7019230769230769 0.05889423076923077 0.051682692307692304
0 0.2980769230769231 0.7596153846153846 0.06370192307692307 0.052884615384615384
0 0.2980769230769231 0.8161057692307693 0.06610576923076923 0.054086538461538464
0 0.3004807692307692 0.875 0.06610576923076923 0.054086538461538464
0 0.6502403846153846 0.9002403846153846 0.06129807692307692 0.052884615384615384
0 0.4855769230769231 0.9206730769230769 0.06370192307692307 0.05889423076923077
0 0.30649038461538464 0.9278846153846154 0.06370192307692307 0.05048076923076923
0 0.6574519230769231 0.9543269230769231 0.06009615384615385 0.04807692307692308
0 0.5408653846153846 0.9447115384615384 0.028846153846153848 0.10697115384615384
0 0.4855769230769231 0.9747596153846154 0.06610576923076923 0.046875
0 0.30649038461538464 0.9807692307692307 0.06129807692307692 0.036057692307692304
0 0.29086538461538464 0.014423076923076924 0.056490384615384616 0.028846153846153848
0 0.6213942307692307 0.015625 0.06490384615384616 0.030048076923076924