0 0.5576923076923077 0.2668269230769231 0.038461538461538464 0.15144230769230768
0 0.6153846153846154 0.6586538461538461 0.038461538461538464 0.140625
0 0.5588942307692307 0.6706730769230769 0.038461538461538464 0.14543269230769232
0 0.5120192307692307 0.6778846153846154 0.03365384615384615 0.12620192307692307
0 0.4699519230769231 0.6550480769230769 0.039663461538461536 0.15384615384615385
0 0.5108173076923077 0.25961538461538464 0.039663461538461536 0.14423076923076922
0 0.4651442307692308 0.25721153846153844 0.03485576923076923 0.1502403846153846
0 0.4170673076923077 0.2692307692307692 0.038461538461538464 0.14903846153846154
0 0.375 0.265625 0.038461538461538464 0.14182692307692307
0 0.33052884615384615 0.27163461538461536 0.03365384615384615 0.1310096153846154
0 0.28846153846153844 0.2860576923076923 0.038461538461538464 0.15384615384615385
0 0.20432692307692307 0.2932692307692308 0.042067307692307696 0.15144230769230768
0 0.16105769230769232 0.3016826923076923 0.040865384615384616 0.14903846153846154
0 0.1201923076923077 0.2692307692307692 0.04326923076923077 0.14423076923076922
0 0.078125 0.27884615384615385 0.040865384615384616 0.13942307692307693
0 0.037259615384615384 0.27163461538461536 0.04447115384615385 0.14182692307692307
0 0.42427884615384615 0.6850961538461539 0.03485576923076923 0.14543269230769232
0 0.3798076923076923 0.6790865384615384 0.03485576923076923 0.15504807692307693
0 0.33653846153846156 0.6899038461538461 0.037259615384615384 0.15504807692307693
0 0.29086538461538464 0.6935096153846154 0.037259615384615384 0.15384615384615385
0 0.24278846153846154 0.6887019230769231 0.05048076923076923 0.23557692307692307
0 0.12620192307692307 0.6995192307692307 0.042067307692307696 0.14903846153846154
0 0.08774038461538461 0.671875 0.038461538461538464 0.14903846153846154