0 0.9134615384615384 0.4543269230769231 0.042067307692307696 0.14302884615384615
0 0.8497596153846154 0.2824519230769231 0.038461538461538464 0.13221153846153846
0 0.8112980769230769 0.27403846153846156 0.037259615384615384 0.125
0 0.7740384615384616 0.25841346153846156 0.036057692307692304 0.1346153846153846
0 0.7367788461538461 0.2644230769230769 0.03485576923076923 0.140625
0 0.6947115384615384 0.2692307692307692 0.03485576923076923 0.1346153846153846
0 0.6550480769230769 0.265625 0.03245192307692308 0.12740384615384615
0 0.6141826923076923 0.2704326923076923 0.03125 0.10697115384615384
0 0.5745192307692307 0.25961538461538464 0.03125 0.13221153846153846
0 0.5324519230769231 0.25721153846153844 0.03245192307692308 0.14182692307692307
0 0.49278846153846156 0.2620192307692308 0.03245192307692308 0.125
0 0.4495192307692308 0.25240384615384615 0.03125 0.12740384615384615
0 0.4098557692307692 0.25240384615384615 0.028846153846153848 0.08052884615384616
0 0.36899038461538464 0.2512019230769231 0.03485576923076923 0.13221153846153846
0 0.3293269230769231 0.25 0.03485576923076923 0.13221153846153846
0 0.28966346153846156 0.27163461538461536 0.040865384615384616 0.140625
0 0.24639423076923078 0.25721153846153844 0.038461538461538464 0.15144230769230768
0 0.20673076923076922 0.2608173076923077 0.037259615384615384 0.12259615384615384
0 0.16947115384615385 0.2620192307692308 0.037259615384615384 0.13581730769230768
0 0.12379807692307693 0.27524038461538464 0.051682692307692304 0.15504807692307693
0 0.0889423076923077 0.2608173076923077 0.037259615384615384 0.1346153846153846
0 0.051682692307692304 0.25721153846153844 0.039663461538461536 0.13581730769230768
0 0.015625 0.2512019230769231 0.03125 0.13581730769230768
0 0.9423076923076923 0.06129807692307692 0.08413461538461539 0.0733173076923077
0 0.7620192307692307 0.5685096153846154 0.04807692307692308 0.1346153846153846
0 0.71875 0.5625 0.04927884615384615 0.14903846153846154
0 0.6778846153846154 0.5649038461538461 0.04807692307692308 0.13341346153846154
0 0.6394230769230769 0.578125 0.04326923076923077 0.13701923076923078
0 0.5973557692307693 0.5889423076923077 0.046875 0.12620192307692307
0 0.5132211538461539 0.5721153846153846 0.055288461538461536 0.14543269230769232
0 0.4699519230769231 0.5793269230769231 0.04807692307692308 0.13221153846153846
0 0.30408653846153844 0.5697115384615384 0.04927884615384615 0.13701923076923078
0 0.2608173076923077 0.5625 0.05048076923076923 0.1466346153846154
0 0.1814903846153846 0.5637019230769231 0.05048076923076923 0.13341346153846154
0 0.9867788461538461 0.8485576923076923 0.02403846153846154 0.1141826923076923
0 0.9603365384615384 0.828125 0.051682692307692304 0.11658653846153846
0 0.9230769230769231 0.8221153846153846 0.052884615384615384 0.125
0 0.8725961538461539 0.8569711538461539 0.05889423076923077 0.14543269230769232
0 0.8317307692307693 0.8473557692307693 0.051682692307692304 0.11778846153846154
0 0.7944711538461539 0.8425480769230769 0.05889423076923077 0.14423076923076922
0 0.7403846153846154 0.8473557692307693 0.06129807692307692 0.14543269230769232
0 0.6947115384615384 0.8449519230769231 0.055288461538461536 0.13221153846153846
0 0.6490384615384616 0.8557692307692307 0.051682692307692304 0.13942307692307693
0 0.6105769230769231 0.8329326923076923 0.05889423076923077 0.140625
0 0.5564903846153846 0.8449519230769231 0.057692307692307696 0.140625
0 0.5120192307692307 0.8485576923076923 0.056490384615384616 0.14182692307692307
0 0.41346153846153844 0.8413461538461539 0.04807692307692308 0.125
0 0.3713942307692308 0.8377403846153846 0.05889423076923077 0.15504807692307693
0 0.1310096153846154 0.8389423076923077 0.05889423076923077 0.14302884615384615
0 0.04326923076923077 0.8305288461538461 0.06129807692307692 0.14182692307692307
0 0.015625 0.8293269230769231 0.03125 0.1346153846153846