0 0.9435096153846154 0.2800480769230769 0.037259615384615384 0.09975961538461539
0 0.9134615384615384 0.28365384615384615 0.03125 0.10697115384615384
0 0.8846153846153846 0.28365384615384615 0.03245192307692308 0.0985576923076923
0 0.8557692307692307 0.2824519230769231 0.027644230769230768 0.09254807692307693
0 0.828125 0.27403846153846156 0.028846153846153848 0.10336538461538461
0 0.7992788461538461 0.26802884615384615 0.030048076923076924 0.10576923076923077
0 0.7692307692307693 0.27403846153846156 0.030048076923076924 0.0985576923076923
0 0.7403846153846154 0.2860576923076923 0.027644230769230768 0.10096153846153846
0 0.7091346153846154 0.2824519230769231 0.028846153846153848 0.1045673076923077
0 0.6790865384615384 0.28365384615384615 0.027644230769230768 0.1045673076923077
0 0.6502403846153846 0.2860576923076923 0.027644230769230768 0.10697115384615384
0 0.6177884615384616 0.28365384615384615 0.028846153846153848 0.11298076923076923
0 0.5865384615384616 0.28725961538461536 0.028846153846153848 0.10697115384615384
0 0.5564903846153846 0.28725961538461536 0.027644230769230768 0.10817307692307693
0 0.5240384615384616 0.28725961538461536 0.028846153846153848 0.1141826923076923
0 0.49038461538461536 0.2848557692307692 0.025240384615384616 0.1141826923076923
0 0.46274038461538464 0.28846153846153844 0.026442307692307692 0.1045673076923077
0 0.42908653846153844 0.28365384615384615 0.027644230769230768 0.09615384615384616
0 0.3954326923076923 0.2776442307692308 0.028846153846153848 0.10096153846153846
0 0.36538461538461536 0.25961538461538464 0.030048076923076924 0.09975961538461539
0 0.33052884615384615 0.27403846153846156 0.027644230769230768 0.10697115384615384
0 0.3004807692307692 0.28725961538461536 0.030048076923076924 0.109375
0 0.2644230769230769 0.28365384615384615 0.027644230769230768 0.109375
0 0.23317307692307693 0.29086538461538464 0.03245192307692308 0.11538461538461539
0 0.203125 0.2980769230769231 0.030048076923076924 0.11057692307692307
0 0.16947115384615385 0.2956730769230769 0.028846153846153848 0.10336538461538461
0 0.13701923076923078 0.2956730769230769 0.027644230769230768 0.10336538461538461
0 0.984375 0.03485576923076923 0.026442307692307692 0.06971153846153846
0 0.9543269230769231 0.03365384615384615 0.030048076923076924 0.06610576923076923
0 0.9254807692307693 0.03245192307692308 0.03125 0.06370192307692307
0 0.8942307692307693 0.036057692307692304 0.030048076923076924 0.07211538461538461
0 0.8629807692307693 0.038461538461538464 0.030048076923076924 0.07692307692307693
0 0.8353365384615384 0.026442307692307692 0.027644230769230768 0.052884615384615384
0 0.8064903846153846 0.03125 0.03125 0.0625
0 0.7764423076923077 0.027644230769230768 0.028846153846153848 0.055288461538461536
0 0.7451923076923077 0.02403846153846154 0.030048076923076924 0.04807692307692308
0 0.7151442307692307 0.02403846153846154 0.026442307692307692 0.046875
0 0.6862980769230769 0.02403846153846154 0.02403846153846154 0.04807692307692308
0 0.6598557692307693 0.027644230769230768 0.025240384615384616 0.054086538461538464
0 0.6286057692307693 0.03485576923076923 0.027644230769230768 0.06971153846153846
0 0.5973557692307693 0.030048076923076924 0.028846153846153848 0.06009615384615385
0 0.5661057692307693 0.03485576923076923 0.027644230769230768 0.06971153846153846
0 0.5372596153846154 0.026442307692307692 0.030048076923076924 0.052884615384615384
0 0.5036057692307693 0.03125 0.027644230769230768 0.0625
0 0.4699519230769231 0.027644230769230768 0.027644230769230768 0.054086538461538464
0 0.4411057692307692 0.03125 0.025240384615384616 0.0625
0 0.4098557692307692 0.027644230769230768 0.027644230769230768 0.055288461538461536
0 0.3737980769230769 0.027644230769230768 0.030048076923076924 0.054086538461538464
0 0.34134615384615385 0.026442307692307692 0.027644230769230768 0.052884615384615384
0 0.3125 0.03485576923076923 0.027644230769230768 0.06971153846153846
0 0.27884615384615385 0.037259615384615384 0.03245192307692308 0.07451923076923077
0 0.24879807692307693 0.038461538461538464 0.028846153846153848 0.07692307692307693
0 0.21634615384615385 0.042067307692307696 0.03485576923076923 0.0829326923076923
0 0.18389423076923078 0.04567307692307692 0.028846153846153848 0.09014423076923077
0 0.15384615384615385 0.04807692307692308 0.03365384615384615 0.09615384615384616
0 0.1201923076923077 0.04447115384615385 0.03245192307692308 0.0889423076923077
0 0.08653846153846154 0.04807692307692308 0.03485576923076923 0.09615384615384616
0 0.051682692307692304 0.05048076923076923 0.036057692307692304 0.10096153846153846
0 0.018028846153846152 0.0625 0.03125 0.125
0 0.27163461538461536 0.5444711538461539 0.027644230769230768 0.11057692307692307
0 0.35216346153846156 0.5516826923076923 0.030048076923076924 0.10817307692307693
0 0.3954326923076923 0.5516826923076923 0.027644230769230768 0.1045673076923077
0 0.42788461538461536 0.5432692307692307 0.030048076923076924 0.10576923076923077
0 0.46274038461538464 0.5588942307692307 0.027644230769230768 0.10697115384615384
0 0.4951923076923077 0.5504807692307693 0.028846153846153848 0.1141826923076923
0 0.5276442307692307 0.5456730769230769 0.028846153846153848 0.11057692307692307
0 0.5588942307692307 0.5444711538461539 0.028846153846153848 0.10817307692307693
0 0.5913461538461539 0.5444711538461539 0.030048076923076924 0.11298076923076923
0 0.6213942307692307 0.5432692307692307 0.028846153846153848 0.11538461538461539
0 0.6526442307692307 0.5372596153846154 0.028846153846153848 0.10576923076923077
0 0.6838942307692307 0.5300480769230769 0.027644230769230768 0.09615384615384616
0 0.7139423076923077 0.5300480769230769 0.027644230769230768 0.09975961538461539
0 0.7427884615384616 0.5348557692307693 0.027644230769230768 0.09495192307692307
0 0.7716346153846154 0.5324519230769231 0.027644230769230768 0.10336538461538461
0 0.8016826923076923 0.5324519230769231 0.027644230769230768 0.09735576923076923
0 0.8317307692307693 0.5300480769230769 0.027644230769230768 0.10096153846153846
0 0.8581730769230769 0.5204326923076923 0.030048076923076924 0.10336538461538461
0 0.9158653846153846 0.5336538461538461 0.028846153846153848 0.09735576923076923
0 0.8870192307692307 0.5300480769230769 0.028846153846153848 0.0985576923076923
0 0.9435096153846154 0.5216346153846154 0.027644230769230768 0.0985576923076923
0 0.9447115384615384 0.6466346153846154 0.03125 0.10336538461538461
0 0.9134615384615384 0.6430288461538461 0.030048076923076924 0.0985576923076923
0 0.8870192307692307 0.6502403846153846 0.026442307692307692 0.09735576923076923
0 0.859375 0.6454326923076923 0.027644230769230768 0.09495192307692307
0 0.8317307692307693 0.6490384615384616 0.030048076923076924 0.10096153846153846
0 0.8004807692307693 0.6526442307692307 0.025240384615384616 0.09735576923076923
0 0.7716346153846154 0.6490384615384616 0.027644230769230768 0.10576923076923077
0 0.7427884615384616 0.6430288461538461 0.025240384615384616 0.10336538461538461
0 0.7151442307692307 0.6514423076923077 0.027644230769230768 0.10576923076923077
0 0.6850961538461539 0.6610576923076923 0.027644230769230768 0.10336538461538461
0 0.6526442307692307 0.6610576923076923 0.025240384615384616 0.0985576923076923
0 0.6225961538461539 0.6634615384615384 0.027644230769230768 0.11057692307692307
0 0.5913461538461539 0.6670673076923077 0.025240384615384616 0.10817307692307693
0 0.5576923076923077 0.6670673076923077 0.026442307692307692 0.109375
0 0.5252403846153846 0.6682692307692307 0.025240384615384616 0.10817307692307693
0 0.49278846153846156 0.6778846153846154 0.026442307692307692 0.11298076923076923
0 0.46274038461538464 0.6838942307692307 0.026442307692307692 0.10576923076923077
0 0.43149038461538464 0.6790865384615384 0.027644230769230768 0.10697115384615384
0 0.39903846153846156 0.6862980769230769 0.027644230769230768 0.10697115384615384
0 0.3641826923076923 0.6694711538461539 0.027644230769230768 0.11057692307692307
0 0.33413461538461536 0.6694711538461539 0.027644230769230768 0.10336538461538461
0 0.17668269230769232 0.6802884615384616 0.028846153846153848 0.11298076923076923
0 0.14423076923076922 0.6802884615384616 0.03125 0.10817307692307693
0 0.11057692307692307 0.6862980769230769 0.030048076923076924 0.09735576923076923
0 0.11298076923076923 0.5588942307692307 0.03125 0.1141826923076923
0 0.078125 0.5384615384615384 0.03365384615384615 0.1045673076923077
0 0.04447115384615385 0.5516826923076923 0.03245192307692308 0.10336538461538461
0 0.014423076923076924 0.5612980769230769 0.027644230769230768 0.1141826923076923
0 0.08173076923076923 0.6850961538461539 0.027644230769230768 0.09975961538461539
0 0.04807692307692308 0.6802884615384616 0.040865384615384616 0.11298076923076923
0 0.013221153846153846 0.6814903846153846 0.026442307692307692 0.10697115384615384
0 0.013221153846153846 0.9447115384615384 0.026442307692307692 0.10576923076923077
0 0.04326923076923077 0.9411057692307693 0.037259615384615384 0.10697115384615384
0 0.07692307692307693 0.9399038461538461 0.03245192307692308 0.11538461538461539
0 0.109375 0.9387019230769231 0.027644230769230768 0.1141826923076923
0 0.14182692307692307 0.9435096153846154 0.03245192307692308 0.109375
0 0.17548076923076922 0.9447115384615384 0.030048076923076924 0.09495192307692307
0 0.20552884615384615 0.9447115384615384 0.030048076923076924 0.10817307692307693
0 0.23918269230769232 0.9435096153846154 0.030048076923076924 0.109375
0 0.27163461538461536 0.9411057692307693 0.030048076923076924 0.10817307692307693
0 0.30288461538461536 0.9411057692307693 0.028846153846153848 0.10817307692307693
0 0.3329326923076923 0.9411057692307693 0.03125 0.1141826923076923
0 0.49038461538461536 0.9387019230769231 0.027644230769230768 0.1045673076923077
0 0.5240384615384616 0.9302884615384616 0.027644230769230768 0.109375
0 0.5564903846153846 0.9278846153846154 0.027644230769230768 0.0889423076923077
0 0.5877403846153846 0.9302884615384616 0.026442307692307692 0.1141826923076923
0 0.6189903846153846 0.9182692307692307 0.026442307692307692 0.09975961538461539
0 0.6490384615384616 0.9134615384615384 0.027644230769230768 0.109375
0 0.6814903846153846 0.9134615384615384 0.030048076923076924 0.09495192307692307
0 0.7115384615384616 0.9170673076923077 0.025240384615384616 0.08774038461538461
0 0.6490384615384616 0.9927884615384616 0.026442307692307692 0.009615384615384616
0 0.7391826923076923 0.9182692307692307 0.02403846153846154 0.10096153846153846
0 0.7680288461538461 0.9230769230769231 0.028846153846153848 0.10096153846153846
0 0.8016826923076923 0.9014423076923077 0.030048076923076924 0.10697115384615384
0 0.8293269230769231 0.9074519230769231 0.027644230769230768 0.11298076923076923
0 0.8581730769230769 0.9122596153846154 0.03245192307692308 0.1141826923076923
0 0.8882211538461539 0.9110576923076923 0.028846153846153848 0.1045673076923077
0 0.9182692307692307 0.9050480769230769 0.030048076923076924 0.0985576923076923
0 0.9447115384615384 0.9002403846153846 0.028846153846153848 0.1045673076923077
0 0.9459134615384616 0.9807692307692307 0.027644230769230768 0.03485576923076923
0 0.9182692307692307 0.9831730769230769 0.028846153846153848 0.030048076923076924
0 0.8870192307692307 0.9855769230769231 0.030048076923076924 0.025240384615384616
0 0.8569711538461539 0.9903846153846154 0.027644230769230768 0.016826923076923076
0 0.828125 0.9915865384615384 0.026442307692307692 0.01201923076923077