0 0.5540865384615384 0.5300480769230769 0.046875 0.13221153846153846
0 0.4963942307692308 0.23557692307692307 0.038461538461538464 0.15745192307692307
0 0.4519230769230769 0.22596153846153846 0.037259615384615384 0.13341346153846154
0 0.41586538461538464 0.22115384615384615 0.03365384615384615 0.1310096153846154
0 0.3737980769230769 0.21514423076923078 0.03485576923076923 0.13581730769230768
0 0.5372596153846154 0.2283653846153846 0.03365384615384615 0.13581730769230768
0 0.6334134615384616 0.5300480769230769 0.04807692307692308 0.14423076923076922
0 0.6802884615384616 0.5384615384615384 0.042067307692307696 0.13701923076923078
0 0.8365384615384616 0.5420673076923077 0.04807692307692308 0.125
0 0.8737980769230769 0.5408653846153846 0.052884615384615384 0.13701923076923078
0 0.9519230769230769 0.5516826923076923 0.04927884615384615 0.12379807692307693
0 0.9831730769230769 0.5444711538461539 0.03245192307692308 0.1310096153846154
0 0.9915865384615384 0.23918269230769232 0.01201923076923077 0.11778846153846154
0 0.96875 0.24639423076923078 0.038461538461538464 0.10336538461538461
0 0.9278846153846154 0.23798076923076922 0.038461538461538464 0.12620192307692307
0 0.890625 0.23076923076923078 0.038461538461538464 0.13341346153846154
0 0.8533653846153846 0.23557692307692307 0.037259615384615384 0.11538461538461539
0 0.8137019230769231 0.22596153846153846 0.03485576923076923 0.12139423076923077
0 0.7764423076923077 0.22956730769230768 0.03245192307692308 0.08052884615384616
0 0.7355769230769231 0.2247596153846154 0.03245192307692308 0.12860576923076922
0 0.6983173076923077 0.22235576923076922 0.030048076923076924 0.12620192307692307
0 0.6586538461538461 0.2403846153846154 0.038461538461538464 0.13701923076923078
0 0.6129807692307693 0.22355769230769232 0.03365384615384615 0.14903846153846154
0 0.5745192307692307 0.2247596153846154 0.030048076923076924 0.125
0 0.328125 0.234375 0.03365384615384615 0.13701923076923078
0 0.28846153846153844 0.21634615384615385 0.03485576923076923 0.140625
0 0.2512019230769231 0.22355769230769232 0.03485576923076923 0.13341346153846154
0 0.21153846153846154 0.22355769230769232 0.036057692307692304 0.140625
0 0.17307692307692307 0.23076923076923078 0.037259615384615384 0.13701923076923078
0 0.13221153846153846 0.22355769230769232 0.037259615384615384 0.140625
0 0.09254807692307693 0.23317307692307693 0.039663461538461536 0.140625
0 0.04807692307692308 0.22355769230769232 0.040865384615384616 0.1346153846153846
0 0.013221153846153846 0.21514423076923078 0.025240384615384616 0.12740384615384615
0 0.3425480769230769 0.5348557692307693 0.05048076923076923 0.13581730769230768
0 0.296875 0.5264423076923077 0.051682692307692304 0.1346153846153846
0 0.2608173076923077 0.5300480769230769 0.04807692307692308 0.13701923076923078
0 0.22235576923076922 0.5288461538461539 0.05048076923076923 0.13581730769230768
0 0.05889423076923077 0.5264423076923077 0.04567307692307692 0.12139423076923077
0 0.02403846153846154 0.5432692307692307 0.04807692307692308 0.13341346153846154
0 0.01201923076923077 0.8100961538461539 0.02403846153846154 0.11298076923076923
0 0.08173076923076923 0.8209134615384616 0.054086538461538464 0.13581730769230768
0 0.13221153846153846 0.8088942307692307 0.04567307692307692 0.12379807692307693
0 0.17307692307692307 0.8100961538461539 0.04567307692307692 0.12379807692307693
0 0.22115384615384615 0.8028846153846154 0.056490384615384616 0.14302884615384615
0 0.3629807692307692 0.8064903846153846 0.05048076923076923 0.12860576923076922
0 0.40865384615384615 0.8100961538461539 0.056490384615384616 0.14302884615384615
0 0.5036057692307693 0.8185096153846154 0.052884615384615384 0.140625
0 0.7451923076923077 0.796875 0.06610576923076923 0.15384615384615385
0 0.7824519230769231 0.8052884615384616 0.054086538461538464 0.11658653846153846
0 0.8762019230769231 0.8040865384615384 0.06009615384615385 0.13341346153846154
0 0.9182692307692307 0.796875 0.05889423076923077 0.12379807692307693
0 0.9675480769230769 0.7932692307692307 0.06370192307692307 0.13341346153846154