0 0.4723557692307692 0.2403846153846154 0.04567307692307692 0.15865384615384615
0 0.6826923076923077 0.7307692307692307 0.046875 0.17067307692307693
0 0.6358173076923077 0.6995192307692307 0.042067307692307696 0.16947115384615385
0 0.47596153846153844 0.7572115384615384 0.04567307692307692 0.18389423076923078
0 0.8317307692307693 0.7139423076923077 0.06610576923076923 0.2644230769230769
0 0.8786057692307693 0.7139423076923077 0.04326923076923077 0.16947115384615385
0 0.9266826923076923 0.7067307692307693 0.05048076923076923 0.17067307692307693
0 0.9735576923076923 0.6935096153846154 0.04807692307692308 0.17548076923076922
0 0.5697115384615384 0.23197115384615385 0.04326923076923077 0.16105769230769232
0 0.6177884615384616 0.23918269230769232 0.042067307692307696 0.1622596153846154
0 0.6682692307692307 0.2283653846153846 0.04326923076923077 0.1658653846153846
0 0.7175480769230769 0.26802884615384615 0.04567307692307692 0.1658653846153846
0 0.7692307692307693 0.2620192307692308 0.05048076923076923 0.16826923076923078
0 0.8605769230769231 0.25841346153846156 0.04807692307692308 0.16947115384615385
0 0.9074519230769231 0.2439903846153846 0.04807692307692308 0.13942307692307693
0 0.9591346153846154 0.23918269230769232 0.051682692307692304 0.15144230769230768
0 0.9879807692307693 0.24278846153846154 0.021634615384615384 0.16346153846153846
0 0.4206730769230769 0.2512019230769231 0.039663461538461536 0.18028846153846154
0 0.3713942307692308 0.24759615384615385 0.039663461538461536 0.140625
0 0.3245192307692308 0.27163461538461536 0.042067307692307696 0.17067307692307693
0 0.37740384615384615 0.7283653846153846 0.040865384615384616 0.18990384615384615
0 0.27884615384615385 0.7283653846153846 0.04326923076923077 0.17668269230769232
0 0.27403846153846156 0.265625 0.040865384615384616 0.15745192307692307
0 0.22115384615384615 0.27163461538461536 0.04447115384615385 0.17908653846153846
0 0.17668269230769232 0.2800480769230769 0.04447115384615385 0.16826923076923078
0 0.13221153846153846 0.2848557692307692 0.04326923076923077 0.16105769230769232
0 0.08653846153846154 0.2860576923076923 0.046875 0.15745192307692307
0 0.03245192307692308 0.2824519230769231 0.05048076923076923 0.1502403846153846
0 0.006009615384615385 0.27884615384615385 0.01201923076923077 0.15384615384615385
0 0.22716346153846154 0.7391826923076923 0.04326923076923077 0.16947115384615385
0 0.1814903846153846 0.7427884615384616 0.04447115384615385 0.16706730769230768
0 0.1310096153846154 0.7199519230769231 0.04567307692307692 0.1502403846153846
0 0.0829326923076923 0.7415865384615384 0.05048076923076923 0.17307692307692307
0 0.037259615384615384 0.7403846153846154 0.051682692307692304 0.1658653846153846
0 0.008413461538461538 0.7427884615384616 0.016826923076923076 0.16346153846153846