0 0.5384615384615384 0.4387019230769231 0.06370192307692307 0.04567307692307692
0 0.5408653846153846 0.49399038461538464 0.057692307692307696 0.04447115384615385
0 0.5456730769230769 0.5528846153846154 0.056490384615384616 0.046875
0 0.5432692307692307 0.6069711538461539 0.055288461538461536 0.046875
0 0.5456730769230769 0.6622596153846154 0.0625 0.05048076923076923
0 0.5456730769230769 0.7199519230769231 0.05889423076923077 0.051682692307692304
0 0.5432692307692307 0.7752403846153846 0.05889423076923077 0.052884615384615384
0 0.5408653846153846 0.8293269230769231 0.056490384615384616 0.046875
0 0.5384615384615384 0.8822115384615384 0.06129807692307692 0.051682692307692304
0 0.5348557692307693 0.9399038461538461 0.06129807692307692 0.054086538461538464
0 0.5348557692307693 0.984375 0.052884615384615384 0.027644230769230768
0 0.6862980769230769 0.9567307692307693 0.057692307692307696 0.056490384615384616
0 0.7487980769230769 0.9567307692307693 0.052884615384615384 0.05048076923076923
0 0.7427884615384616 0.9915865384615384 0.052884615384615384 0.01201923076923077
0 0.8882211538461539 0.9831730769230769 0.05889423076923077 0.028846153846153848
0 0.8894230769230769 0.9435096153846154 0.06370192307692307 0.04807692307692308
0 0.8894230769230769 0.8918269230769231 0.06009615384615385 0.04807692307692308
0 0.12379807692307693 0.9627403846153846 0.03245192307692308 0.07211538461538461
0 0.6850961538461539 0.8990384615384616 0.06129807692307692 0.04807692307692308
0 0.7536057692307693 0.8966346153846154 0.06129807692307692 0.051682692307692304
0 0.7572115384615384 0.8449519230769231 0.06129807692307692 0.051682692307692304
0 0.7572115384615384 0.7908653846153846 0.05889423076923077 0.051682692307692304
0 0.6814903846153846 0.8473557692307693 0.052884615384615384 0.05048076923076923
0 0.6875 0.7908653846153846 0.06129807692307692 0.051682692307692304
0 0.7560096153846154 0.7379807692307693 0.06129807692307692 0.051682692307692304
0 0.7560096153846154 0.6850961538461539 0.05889423076923077 0.04807692307692308
0 0.6899038461538461 0.7331730769230769 0.056490384615384616 0.05048076923076923
0 0.6911057692307693 0.6802884615384616 0.05889423076923077 0.052884615384615384
0 0.6899038461538461 0.625 0.06129807692307692 0.04567307692307692
0 0.7572115384615384 0.6310096153846154 0.06129807692307692 0.046875
0 0.890625 0.8377403846153846 0.055288461538461536 0.046875
0 0.8954326923076923 0.7848557692307693 0.06129807692307692 0.046875
0 0.8954326923076923 0.7331730769230769 0.06009615384615385 0.046875
0 0.8954326923076923 0.6778846153846154 0.0673076923076923 0.05048076923076923
0 0.8942307692307693 0.6225961538461539 0.06129807692307692 0.04326923076923077
0 0.8978365384615384 0.5733173076923077 0.056490384615384616 0.046875
0 0.8990384615384616 0.5216346153846154 0.06129807692307692 0.04567307692307692
0 0.8942307692307693 0.4699519230769231 0.06129807692307692 0.04447115384615385
0 0.8918269230769231 0.4170673076923077 0.05048076923076923 0.046875
0 0.8870192307692307 0.35697115384615385 0.05889423076923077 0.04807692307692308
0 0.8846153846153846 0.31009615384615385 0.055288461538461536 0.046875
0 0.8858173076923077 0.25841346153846156 0.06490384615384616 0.05048076923076923
0 0.8942307692307693 0.20793269230769232 0.0625 0.04807692307692308
0 0.8954326923076923 0.15144230769230768 0.0625 0.05048076923076923
0 0.8942307692307693 0.10096153846153846 0.04447115384615385 0.046875
0 0.8966346153846154 0.04807692307692308 0.05889423076923077 0.04807692307692308
0 0.7487980769230769 0.04326923076923077 0.05889423076923077 0.05048076923076923
0 0.75 0.09134615384615384 0.04927884615384615 0.04567307692307692
0 0.7512019230769231 0.14182692307692307 0.055288461538461536 0.04807692307692308
0 0.75 0.19591346153846154 0.055288461538461536 0.046875
0 0.7536057692307693 0.24879807692307693 0.06129807692307692 0.04807692307692308
0 0.7487980769230769 0.3004807692307692 0.06129807692307692 0.052884615384615384
0 0.7451923076923077 0.35096153846153844 0.056490384615384616 0.04807692307692308
0 0.75 0.4098557692307692 0.05889423076923077 0.04807692307692308
0 0.7512019230769231 0.46274038461538464 0.06370192307692307 0.052884615384615384
0 0.7487980769230769 0.5180288461538461 0.04807692307692308 0.04326923076923077
0 0.7536057692307693 0.5721153846153846 0.05889423076923077 0.052884615384615384
0 0.6802884615384616 0.5721153846153846 0.056490384615384616 0.05048076923076923
0 0.6838942307692307 0.5144230769230769 0.056490384615384616 0.046875
0 0.6814903846153846 0.45913461538461536 0.055288461538461536 0.04567307692307692
0 0.6838942307692307 0.40865384615384615 0.05048076923076923 0.04447115384615385
0 0.6838942307692307 0.34975961538461536 0.052884615384615384 0.051682692307692304
0 0.6838942307692307 0.3004807692307692 0.06129807692307692 0.05048076923076923
0 0.6826923076923077 0.24278846153846154 0.06129807692307692 0.04567307692307692
0 0.6887019230769231 0.19110576923076922 0.06129807692307692 0.04807692307692308
0 0.6862980769230769 0.13942307692307693 0.04927884615384615 0.05048076923076923
0 0.6887019230769231 0.08774038461538461 0.06129807692307692 0.04807692307692308
0 0.6850961538461539 0.037259615384615384 0.05889423076923077 0.056490384615384616
0 0.5528846153846154 0.021634615384615384 0.057692307692307696 0.04326923076923077
0 0.5504807692307693 0.06850961538461539 0.06129807692307692 0.05048076923076923
0 0.5492788461538461 0.11778846153846154 0.057692307692307696 0.05048076923076923
0 0.5456730769230769 0.17067307692307693 0.05889423076923077 0.04807692307692308
0 0.5492788461538461 0.22235576923076922 0.054086538461538464 0.046875
0 0.5480769230769231 0.27524038461538464 0.056490384615384616 0.04807692307692308
0 0.5432692307692307 0.33052884615384615 0.06370192307692307 0.051682692307692304
0 0.5432692307692307 0.38341346153846156 0.057692307692307696 0.05048076923076923
0 0.47596153846153844 0.38341346153846156 0.06129807692307692 0.051682692307692304
0 0.47475961538461536 0.3293269230769231 0.057692307692307696 0.05048076923076923
0 0.46875 0.27163461538461536 0.057692307692307696 0.052884615384615384
0 0.4831730769230769 0.21995192307692307 0.057692307692307696 0.046875
0 0.47596153846153844 0.16346153846153846 0.05889423076923077 0.056490384615384616
0 0.47836538461538464 0.11298076923076923 0.05889423076923077 0.05048076923076923
0 0.47836538461538464 0.0625 0.052884615384615384 0.04447115384615385
0 0.47716346153846156 0.018028846153846152 0.055288461538461536 0.036057692307692304
0 0.3401442307692308 0.10817307692307693 0.057692307692307696 0.046875
0 0.20192307692307693 0.027644230769230768 0.05889423076923077 0.054086538461538464
0 0.19951923076923078 0.07932692307692307 0.052884615384615384 0.042067307692307696
0 0.20552884615384615 0.35096153846153844 0.06129807692307692 0.055288461538461536
0 0.33774038461538464 0.16346153846153846 0.04807692307692308 0.04567307692307692
0 0.3401442307692308 0.21754807692307693 0.05889423076923077 0.04807692307692308
0 0.3293269230769231 0.2668269230769231 0.056490384615384616 0.04807692307692308
0 0.33774038461538464 0.3233173076923077 0.0625 0.04807692307692308
0 0.33774038461538464 0.375 0.05048076923076923 0.046875
0 0.3293269230769231 0.43149038461538464 0.056490384615384616 0.04807692307692308
0 0.3293269230769231 0.4855769230769231 0.06370192307692307 0.05048076923076923
0 0.3245192307692308 0.5420673076923077 0.05889423076923077 0.04567307692307692
0 0.3245192307692308 0.5973557692307693 0.05889423076923077 0.04807692307692308
0 0.31971153846153844 0.6526442307692307 0.055288461538461536 0.046875
0 0.3245192307692308 0.7079326923076923 0.05889423076923077 0.046875
0 0.328125 0.7608173076923077 0.057692307692307696 0.04807692307692308
0 0.3245192307692308 0.8197115384615384 0.054086538461538464 0.051682692307692304
0 0.32091346153846156 0.8737980769230769 0.06129807692307692 0.04807692307692308
0 0.31971153846153844 0.9266826923076923 0.06129807692307692 0.046875
0 0.33052884615384615 0.9795673076923077 0.05889423076923077 0.038461538461538464
0 0.27283653846153844 0.9290865384615384 0.026442307692307692 0.10096153846153846
0 0.27163461538461536 0.8137019230769231 0.027644230769230768 0.109375
0 0.4699519230769231 0.9831730769230769 0.06610576923076923 0.028846153846153848
0 0.4675480769230769 0.9350961538461539 0.06129807692307692 0.051682692307692304
0 0.4651442307692308 0.8810096153846154 0.06009615384615385 0.04807692307692308
0 0.4723557692307692 0.8245192307692307 0.05048076923076923 0.04567307692307692
0 0.4699519230769231 0.7740384615384616 0.06370192307692307 0.05048076923076923
0 0.47596153846153844 0.7199519230769231 0.055288461538461536 0.04807692307692308
0 0.4699519230769231 0.6598557692307693 0.055288461538461536 0.04567307692307692
0 0.4699519230769231 0.6057692307692307 0.0625 0.05048076923076923
0 0.46875 0.5504807692307693 0.06129807692307692 0.05048076923076923
0 0.4675480769230769 0.4963942307692308 0.054086538461538464 0.04807692307692308
0 0.4723557692307692 0.43990384615384615 0.06129807692307692 0.04807692307692308