0 0.6622596153846154 0.5432692307692307 0.036057692307692304 0.09134615384615384
0 0.6310096153846154 0.5733173076923077 0.038461538461538464 0.10096153846153846
0 0.5997596153846154 0.5865384615384616 0.040865384615384616 0.11658653846153846
0 0.5673076923076923 0.5865384615384616 0.038461538461538464 0.10576923076923077
0 0.5348557692307693 0.5985576923076923 0.037259615384615384 0.10817307692307693
0 0.5072115384615384 0.6189903846153846 0.036057692307692304 0.09134615384615384
0 0.4723557692307692 0.6237980769230769 0.03245192307692308 0.09254807692307693
0 0.44350961538461536 0.6418269230769231 0.037259615384615384 0.11057692307692307
0 0.41225961538461536 0.6574519230769231 0.03485576923076923 0.09495192307692307
0 0.38461538461538464 0.6875 0.038461538461538464 0.10697115384615384
0 0.3557692307692308 0.7091346153846154 0.037259615384615384 0.11298076923076923
0 0.31850961538461536 0.7151442307692307 0.037259615384615384 0.10697115384615384
0 0.2848557692307692 0.7283653846153846 0.03485576923076923 0.10697115384615384
0 0.2512019230769231 0.7427884615384616 0.042067307692307696 0.11538461538461539
0 0.21995192307692307 0.7608173076923077 0.038461538461538464 0.11658653846153846
0 0.18509615384615385 0.7824519230769231 0.04567307692307692 0.11538461538461539
0 0.15264423076923078 0.8088942307692307 0.05048076923076923 0.1141826923076923
0 0.11778846153846154 0.8233173076923077 0.04567307692307692 0.1045673076923077
0 0.08413461538461539 0.8461538461538461 0.04326923076923077 0.09254807692307693
0 0.046875 0.8569711538461539 0.055288461538461536 0.12259615384615384
0 0.018028846153846152 0.8665865384615384 0.03485576923076923 0.125
0 0.6526442307692307 0.8846153846153846 0.040865384615384616 0.1141826923076923
0 0.6153846153846154 0.8858173076923077 0.039663461538461536 0.109375
0 0.5877403846153846 0.9038461538461539 0.038461538461538464 0.10697115384615384
0 0.5564903846153846 0.9158653846153846 0.036057692307692304 0.11298076923076923
0 0.5252403846153846 0.9411057692307693 0.036057692307692304 0.10697115384615384
0 0.4951923076923077 0.9543269230769231 0.037259615384615384 0.0889423076923077
0 0.4639423076923077 0.9615384615384616 0.03125 0.07451923076923077
0 0.6442307692307693 0.9615384615384616 0.051682692307692304 0.0625
0 0.5853365384615384 0.9783653846153846 0.054086538461538464 0.040865384615384616
0 0.43149038461538464 0.9663461538461539 0.03245192307692308 0.06370192307692307