0 0.6129807692307693 0.03485576923076923 0.0625 0.06971153846153846
0 0.6262019230769231 0.08052884615384616 0.06129807692307692 0.07211538461538461
0 0.6298076923076923 0.12740384615384615 0.054086538461538464 0.06490384615384616
0 0.6346153846153846 0.1814903846153846 0.055288461538461536 0.06971153846153846
0 0.6658653846153846 0.22355769230769232 0.05889423076923077 0.07451923076923077
0 0.6538461538461539 0.28725961538461536 0.05889423076923077 0.06971153846153846
0 0.6814903846153846 0.3329326923076923 0.06610576923076923 0.0733173076923077
0 0.6887019230769231 0.3918269230769231 0.06370192307692307 0.07091346153846154
0 0.6935096153846154 0.44591346153846156 0.054086538461538464 0.06370192307692307
0 0.7007211538461539 0.5 0.056490384615384616 0.06850961538461539
0 0.7151442307692307 0.5504807692307693 0.06370192307692307 0.06971153846153846
0 0.7247596153846154 0.6069711538461539 0.05889423076923077 0.06850961538461539
0 0.7379807692307693 0.6610576923076923 0.06490384615384616 0.07091346153846154
0 0.75 0.7163461538461539 0.0673076923076923 0.07211538461538461
0 0.7680288461538461 0.7668269230769231 0.06370192307692307 0.07091346153846154
0 0.7740384615384616 0.8233173076923077 0.06129807692307692 0.07211538461538461
0 0.7824519230769231 0.8822115384615384 0.06610576923076923 0.06971153846153846
0 0.7980769230769231 0.9411057692307693 0.06850961538461539 0.078125
0 0.8040865384615384 0.9807692307692307 0.06971153846153846 0.036057692307692304
0 0.45552884615384615 0.04326923076923077 0.056490384615384616 0.08173076923076923
0 0.46033653846153844 0.109375 0.05889423076923077 0.07451923076923077
0 0.4699519230769231 0.15745192307692307 0.055288461538461536 0.06971153846153846
0 0.47836538461538464 0.2127403846153846 0.057692307692307696 0.07211538461538461
0 0.49038461538461536 0.2608173076923077 0.056490384615384616 0.06971153846153846
0 0.5048076923076923 0.3125 0.057692307692307696 0.06850961538461539
0 0.5120192307692307 0.3641826923076923 0.056490384615384616 0.06610576923076923
0 0.5192307692307693 0.421875 0.056490384615384616 0.06610576923076923
0 0.5276442307692307 0.47596153846153844 0.06129807692307692 0.06850961538461539
0 0.5396634615384616 0.5264423076923077 0.06129807692307692 0.0733173076923077
0 0.5528846153846154 0.5817307692307693 0.06370192307692307 0.0733173076923077
0 0.5576923076923077 0.640625 0.06129807692307692 0.07091346153846154
0 0.5661057692307693 0.6959134615384616 0.06370192307692307 0.07451923076923077
0 0.5793269230769231 0.7524038461538461 0.05889423076923077 0.07211538461538461
0 0.5901442307692307 0.8100961538461539 0.06610576923076923 0.07932692307692307
0 0.5961538461538461 0.8653846153846154 0.06610576923076923 0.0733173076923077
0 0.6057692307692307 0.9206730769230769 0.0673076923076923 0.07932692307692307
0 0.6117788461538461 0.9783653846153846 0.05889423076923077 0.042067307692307696
0 0.5036057692307693 0.05889423076923077 0.03245192307692308 0.09615384615384616
0 0.5204326923076923 0.15985576923076922 0.03365384615384615 0.09735576923076923
0 0.5456730769230769 0.2608173076923077 0.038461538461538464 0.10576923076923077
0 0.5661057692307693 0.375 0.039663461538461536 0.10697115384615384
0 0.5877403846153846 0.49158653846153844 0.037259615384615384 0.109375
0 0.6057692307692307 0.5961538461538461 0.03485576923076923 0.0889423076923077
0 0.6262019230769231 0.6983173076923077 0.037259615384615384 0.11057692307692307
0 0.6490384615384616 0.8112980769230769 0.038461538461538464 0.10697115384615384
0 0.6694711538461539 0.9266826923076923 0.04326923076923077 0.109375
0 0.2704326923076923 0.04447115384615385 0.054086538461538464 0.06610576923076923
0 0.28846153846153844 0.09495192307692307 0.055288461538461536 0.07091346153846154
0 0.2980769230769231 0.14903846153846154 0.0625 0.07211538461538461
0 0.2956730769230769 0.203125 0.057692307692307696 0.06850961538461539
0 0.30288461538461536 0.25841346153846156 0.056490384615384616 0.06850961538461539
0 0.31490384615384615 0.30528846153846156 0.05048076923076923 0.0625
0 0.3161057692307692 0.36658653846153844 0.051682692307692304 0.056490384615384616
0 0.3269230769230769 0.41586538461538464 0.057692307692307696 0.06971153846153846
0 0.33413461538461536 0.47115384615384615 0.05048076923076923 0.0625
0 0.35336538461538464 0.5168269230769231 0.06129807692307692 0.06850961538461539
0 0.36538461538461536 0.5661057692307693 0.05889423076923077 0.06490384615384616
0 0.36899038461538464 0.625 0.06129807692307692 0.06490384615384616
0 0.375 0.6838942307692307 0.055288461538461536 0.055288461538461536
0 0.38461538461538464 0.7379807692307693 0.06129807692307692 0.06610576923076923
0 0.3942307692307692 0.7944711538461539 0.06009615384615385 0.06009615384615385
0 0.40384615384615385 0.8473557692307693 0.06370192307692307 0.07091346153846154
0 0.4170673076923077 0.9026442307692307 0.06129807692307692 0.078125
0 0.42788461538461536 0.9567307692307693 0.06009615384615385 0.06850961538461539