0 0.4362980769230769 0.5324519230769231 0.039663461538461536 0.14302884615384615
0 0.43990384615384615 0.6899038461538461 0.037259615384615384 0.15144230769230768
0 0.5324519230769231 0.5036057692307693 0.03245192307692308 0.13341346153846154
0 0.5901442307692307 0.8329326923076923 0.04567307692307692 0.12620192307692307
0 0.5492788461538461 0.8509615384615384 0.04567307692307692 0.13701923076923078
0 0.5060096153846154 0.8365384615384616 0.038461538461538464 0.12259615384615384
0 0.7596153846153846 0.828125 0.04807692307692308 0.13701923076923078
0 0.8004807692307693 0.8293269230769231 0.04326923076923077 0.13341346153846154
0 0.8365384615384616 0.8221153846153846 0.046875 0.13701923076923078
0 0.8846153846153846 0.828125 0.04807692307692308 0.13221153846153846
0 0.5817307692307693 0.5168269230769231 0.03485576923076923 0.14543269230769232
0 0.49038461538461536 0.5192307692307693 0.036057692307692304 0.15144230769230768
0 0.6286057692307693 0.5252403846153846 0.03485576923076923 0.1502403846153846
0 0.6682692307692307 0.5144230769230769 0.036057692307692304 0.1502403846153846
0 0.7115384615384616 0.5240384615384616 0.040865384615384616 0.140625
0 0.75 0.5180288461538461 0.03485576923076923 0.14543269230769232
0 0.7920673076923077 0.5192307692307693 0.03485576923076923 0.1346153846153846
0 0.8293269230769231 0.5120192307692307 0.036057692307692304 0.14182692307692307
0 0.8689903846153846 0.5348557692307693 0.037259615384615384 0.1346153846153846
0 0.9098557692307693 0.5144230769230769 0.040865384615384616 0.14182692307692307
0 0.9495192307692307 0.5192307692307693 0.040865384615384616 0.13221153846153846
0 0.9831730769230769 0.5252403846153846 0.03245192307692308 0.13581730769230768
0 0.21875 0.17548076923076922 0.08173076923076923 0.06370192307692307
0 0.29927884615384615 0.1778846153846154 0.07932692307692307 0.06490384615384616
0 0.4963942307692308 0.16947115384615385 0.08413461538461539 0.06971153846153846
0 0.6045673076923077 0.16947115384615385 0.07932692307692307 0.06370192307692307
0 0.6995192307692307 0.17307692307692307 0.07211538461538461 0.06490384615384616
0 0.8413461538461539 0.1875 0.07692307692307693 0.06490384615384616