0 0.5841346153846154 0.15865384615384615 0.052884615384615384 0.05048076923076923
0 0.8293269230769231 0.18028846153846154 0.05048076923076923 0.05048076923076923
0 0.8882211538461539 0.18509615384615385 0.054086538461538464 0.04567307692307692
0 0.9783653846153846 0.40384615384615385 0.028846153846153848 0.0985576923076923
0 0.9963942307692307 0.40384615384615385 0.006009615384615385 0.08774038461538461
0 0.953125 0.4050480769230769 0.027644230769230768 0.08774038461538461
0 0.9278846153846154 0.39903846153846156 0.028846153846153848 0.09134615384615384
0 0.9002403846153846 0.39663461538461536 0.025240384615384616 0.05889423076923077
0 0.8762019230769231 0.39663461538461536 0.027644230769230768 0.09254807692307693
0 0.8497596153846154 0.3942307692307692 0.027644230769230768 0.09014423076923077
0 0.8233173076923077 0.4098557692307692 0.027644230769230768 0.09735576923076923
0 0.7944711538461539 0.39663461538461536 0.02403846153846154 0.10697115384615384
0 0.7692307692307693 0.39663461538461536 0.025240384615384616 0.08774038461538461
0 0.7439903846153846 0.39663461538461536 0.026442307692307692 0.10336538461538461
0 0.71875 0.40384615384615385 0.03245192307692308 0.109375
0 0.6850961538461539 0.3954326923076923 0.025240384615384616 0.09735576923076923
0 0.6598557692307693 0.3894230769230769 0.02403846153846154 0.09615384615384616
0 0.6322115384615384 0.38461538461538464 0.027644230769230768 0.09975961538461539
0 0.6009615384615384 0.39903846153846156 0.02283653846153846 0.09975961538461539
0 0.5733173076923077 0.38341346153846156 0.021634615384615384 0.09975961538461539
0 0.5456730769230769 0.38461538461538464 0.02403846153846154 0.09975961538461539
0 0.5168269230769231 0.38341346153846156 0.02403846153846154 0.1045673076923077
0 0.48677884615384615 0.3870192307692308 0.026442307692307692 0.10096153846153846
0 0.4567307692307692 0.3786057692307692 0.025240384615384616 0.1045673076923077
0 0.42908653846153844 0.3870192307692308 0.025240384615384616 0.09975961538461539
0 0.39663461538461536 0.37740384615384615 0.025240384615384616 0.10096153846153846
0 0.36538461538461536 0.36899038461538464 0.025240384615384616 0.09014423076923077
0 0.33653846153846156 0.38221153846153844 0.027644230769230768 0.10336538461538461
0 0.3004807692307692 0.3858173076923077 0.027644230769230768 0.09615384615384616
0 0.3016826923076923 0.49399038461538464 0.030048076923076924 0.109375
0 0.34615384615384615 0.5973557692307693 0.027644230769230768 0.08653846153846154
0 0.3762019230769231 0.6081730769230769 0.03485576923076923 0.0985576923076923
0 0.4014423076923077 0.5973557692307693 0.030048076923076924 0.0889423076923077
0 0.5240384615384616 0.6045673076923077 0.03485576923076923 0.09735576923076923
0 0.5528846153846154 0.6045673076923077 0.03245192307692308 0.09975961538461539
0 0.578125 0.6009615384615384 0.03485576923076923 0.09975961538461539
0 0.6117788461538461 0.6081730769230769 0.03485576923076923 0.09735576923076923
0 0.7512019230769231 0.6081730769230769 0.03365384615384615 0.09134615384615384
0 0.8052884615384616 0.6069711538461539 0.03365384615384615 0.09735576923076923
0 0.8353365384615384 0.6141826923076923 0.027644230769230768 0.0889423076923077
0 0.9411057692307693 0.6177884615384616 0.036057692307692304 0.08653846153846154
0 0.96875 0.6153846153846154 0.037259615384615384 0.09495192307692307
0 0.9675480769230769 0.796875 0.04567307692307692 0.0889423076923077
0 0.9867788461538461 0.796875 0.021634615384615384 0.0985576923076923
0 0.9050480769230769 0.7956730769230769 0.038461538461538464 0.08413461538461539
0 0.8798076923076923 0.7884615384615384 0.04567307692307692 0.10096153846153846
0 0.7175480769230769 0.8004807692307693 0.040865384615384616 0.09254807692307693
0 0.6514423076923077 0.796875 0.038461538461538464 0.09975961538461539
0 0.6201923076923077 0.7980769230769231 0.036057692307692304 0.09735576923076923
0 0.5216346153846154 0.8016826923076923 0.040865384615384616 0.11658653846153846
0 0.4855769230769231 0.8052884615384616 0.03485576923076923 0.09615384615384616
0 0.4543269230769231 0.8004807692307693 0.03245192307692308 0.09134615384615384
0 0.4182692307692308 0.8052884615384616 0.036057692307692304 0.0985576923076923
0 0.3545673076923077 0.8028846153846154 0.038461538461538464 0.0985576923076923
0 0.3245192307692308 0.7932692307692307 0.03485576923076923 0.1045673076923077
0 0.29086538461538464 0.8004807692307693 0.03365384615384615 0.09975961538461539
0 0.2620192307692308 0.7884615384615384 0.03485576923076923 0.09254807692307693
0 0.23317307692307693 0.7752403846153846 0.03485576923076923 0.09254807692307693
0 0.484375 0.14903846153846154 0.05048076923076923 0.04807692307692308
0 0.4182692307692308 0.14543269230769232 0.055288461538461536 0.046875
0 0.34375 0.14903846153846154 0.06129807692307692 0.052884615384615384
0 0.2127403846153846 0.15144230769230768 0.056490384615384616 0.04807692307692308
0 0.15865384615384615 0.14903846153846154 0.055288461538461536 0.051682692307692304