0 0.6322115384615384 0.7644230769230769 0.038461538461538464 0.14302884615384615
0 0.5877403846153846 0.7584134615384616 0.03485576923076923 0.15264423076923078
0 0.5456730769230769 0.7692307692307693 0.03485576923076923 0.15384615384615385
0 0.4987980769230769 0.7596153846153846 0.037259615384615384 0.14543269230769232
0 0.3581730769230769 0.7752403846153846 0.040865384615384616 0.13701923076923078
0 0.6213942307692307 0.4050480769230769 0.07692307692307693 0.06610576923076923
0 0.5228365384615384 0.40384615384615385 0.08413461538461539 0.06490384615384616
0 0.41225961538461536 0.4110576923076923 0.09014423076923077 0.06490384615384616
0 0.671875 0.7572115384615384 0.03485576923076923 0.1502403846153846
0 0.7139423076923077 0.7560096153846154 0.03485576923076923 0.14302884615384615
0 0.7536057692307693 0.7487980769230769 0.03485576923076923 0.14903846153846154
0 0.7908653846153846 0.7692307692307693 0.03485576923076923 0.13942307692307693
0 0.8329326923076923 0.7475961538461539 0.039663461538461536 0.14423076923076922
0 0.8737980769230769 0.7512019230769231 0.037259615384615384 0.13581730769230768
0 0.9098557692307693 0.7560096153846154 0.038461538461538464 0.13581730769230768
0 0.9627403846153846 0.7740384615384616 0.06009615384615385 0.16826923076923078
0 0.9855769230769231 0.7536057692307693 0.027644230769230768 0.13581730769230768
0 0.40865384615384615 0.7680288461538461 0.039663461538461536 0.15144230769230768
0 0.4519230769230769 0.7536057692307693 0.03485576923076923 0.1346153846153846
0 0.3605769230769231 0.9302884615384616 0.039663461538461536 0.13581730769230768
0 0.21514423076923078 0.4206730769230769 0.08413461538461539 0.06370192307692307
0 0.1346153846153846 0.4182692307692308 0.08173076923076923 0.06009615384615385
0 0.7644230769230769 0.41947115384615385 0.07692307692307693 0.0625