0 0.6995192307692307 0.3545673076923077 0.038461538461538464 0.15745192307692307
0 0.6502403846153846 0.34975961538461536 0.04447115384615385 0.17668269230769232
0 0.4519230769230769 0.3425480769230769 0.04326923076923077 0.16826923076923078
0 0.5060096153846154 0.33774038461538464 0.04326923076923077 0.16947115384615385
0 0.5516826923076923 0.35697115384615385 0.04447115384615385 0.171875
0 0.6009615384615384 0.359375 0.04447115384615385 0.171875
0 0.6382211538461539 0.8245192307692307 0.04326923076923077 0.15504807692307693
0 0.6850961538461539 0.8197115384615384 0.04326923076923077 0.15384615384615385
0 0.7307692307692307 0.8317307692307693 0.04447115384615385 0.171875
0 0.8858173076923077 0.3762019230769231 0.04326923076923077 0.15504807692307693
0 0.9326923076923077 0.38341346153846156 0.04567307692307692 0.15144230769230768
0 0.9783653846153846 0.39903846153846156 0.040865384615384616 0.15384615384615385
0 0.7487980769230769 0.34975961538461536 0.04567307692307692 0.17067307692307693
0 0.7956730769230769 0.35697115384615385 0.039663461538461536 0.1622596153846154
0 0.8425480769230769 0.3641826923076923 0.04326923076923077 0.1502403846153846
0 0.7836538461538461 0.8389423076923077 0.04326923076923077 0.16706730769230768
0 0.8317307692307693 0.8293269230769231 0.04326923076923077 0.16826923076923078
0 0.8786057692307693 0.8389423076923077 0.04447115384615385 0.16346153846153846
0 0.9230769230769231 0.8377403846153846 0.04447115384615385 0.16346153846153846
0 0.9723557692307693 0.8485576923076923 0.054086538461538464 0.171875
0 0.5865384615384616 0.8185096153846154 0.04567307692307692 0.16826923076923078
0 0.5384615384615384 0.828125 0.037259615384615384 0.13341346153846154
0 0.4879807692307692 0.8149038461538461 0.042067307692307696 0.16105769230769232
0 0.4387019230769231 0.7860576923076923 0.037259615384615384 0.1622596153846154
0 0.3918269230769231 0.8028846153846154 0.04447115384615385 0.16346153846153846
0 0.3389423076923077 0.7920673076923077 0.04326923076923077 0.1622596153846154
0 0.9362980769230769 0.016826923076923076 0.05048076923076923 0.03365384615384615
0 0.7992788461538461 0.01201923076923077 0.04447115384615385 0.02403846153846154
0 0.11899038461538461 0.08413461538461539 0.10096153846153846 0.078125
0 0.1201923076923077 0.1658653846153846 0.09014423076923077 0.0733173076923077
0 0.11057692307692307 0.25 0.09975961538461539 0.078125
0 0.10336538461538461 0.33413461538461536 0.10096153846153846 0.0733173076923077
0 0.09975961538461539 0.4206730769230769 0.10096153846153846 0.06971153846153846
0 0.09975961538461539 0.5084134615384616 0.09254807692307693 0.07932692307692307
0 0.09975961538461539 0.5997596153846154 0.09975961538461539 0.0733173076923077
0 0.09975961538461539 0.6971153846153846 0.0889423076923077 0.07211538461538461