0 0.8617788461538461 0.5769230769230769 0.05889423076923077 0.052884615384615384
0 0.6838942307692307 0.6322115384615384 0.030048076923076924 0.11057692307692307
0 0.6899038461538461 0.4699519230769231 0.028846153846153848 0.11778846153846154
0 0.6935096153846154 0.3317307692307692 0.03245192307692308 0.12259615384615384
0 0.6971153846153846 0.17668269230769232 0.030048076923076924 0.12259615384615384
0 0.6911057692307693 0.04326923076923077 0.03365384615384615 0.08653846153846154
0 0.5492788461538461 0.0625 0.051682692307692304 0.05889423076923077
0 0.546875 0.22956730769230768 0.0625 0.06009615384615385
0 0.5420673076923077 0.40024038461538464 0.056490384615384616 0.052884615384615384
0 0.5492788461538461 0.4579326923076923 0.056490384615384616 0.04567307692307692
0 0.546875 0.515625 0.0625 0.05048076923076923
0 0.546875 0.5721153846153846 0.05889423076923077 0.04807692307692308
0 0.5432692307692307 0.6310096153846154 0.05889423076923077 0.05048076923076923
0 0.5432692307692307 0.6850961538461539 0.06129807692307692 0.04326923076923077
0 0.5384615384615384 0.7415865384615384 0.0625 0.051682692307692304
0 0.5372596153846154 0.8028846153846154 0.06370192307692307 0.04807692307692308
0 0.5372596153846154 0.859375 0.06490384615384616 0.04807692307692308
0 0.5348557692307693 0.9158653846153846 0.06129807692307692 0.04447115384615385
0 0.5372596153846154 0.9675480769230769 0.06610576923076923 0.04807692307692308
0 0.4074519230769231 0.026442307692307692 0.0625 0.052884615384615384
0 0.4074519230769231 0.12740384615384615 0.06370192307692307 0.07932692307692307
0 0.40384615384615385 0.5360576923076923 0.05889423076923077 0.078125
0 0.40024038461538464 0.8293269230769231 0.05889423076923077 0.0733173076923077
0 0.39903846153846156 0.8918269230769231 0.06370192307692307 0.07091346153846154
0 0.39663461538461536 0.9519230769230769 0.056490384615384616 0.0733173076923077
0 0.27163461538461536 0.9314903846153846 0.06129807692307692 0.07211538461538461
0 0.2668269230769231 0.9783653846153846 0.06129807692307692 0.042067307692307696
0 0.27403846153846156 0.8677884615384616 0.05048076923076923 0.07451923076923077
0 0.2776442307692308 0.8052884615384616 0.055288461538461536 0.06370192307692307
0 0.27524038461538464 0.7391826923076923 0.056490384615384616 0.0733173076923077
0 0.2692307692307692 0.671875 0.055288461538461536 0.06129807692307692
0 0.27524038461538464 0.6105769230769231 0.057692307692307696 0.07211538461538461
0 0.2800480769230769 0.5420673076923077 0.051682692307692304 0.06009615384615385
0 0.2824519230769231 0.4723557692307692 0.06129807692307692 0.0829326923076923
0 0.27403846153846156 0.39903846153846156 0.06490384615384616 0.08413461538461539
0 0.2764423076923077 0.3401442307692308 0.06370192307692307 0.0829326923076923
0 0.28125 0.2800480769230769 0.06129807692307692 0.07932692307692307
0 0.2824519230769231 0.20793269230769232 0.06490384615384616 0.07932692307692307
0 0.2824519230769231 0.1466346153846154 0.0625 0.06610576923076923
0 0.28846153846153844 0.07692307692307693 0.05889423076923077 0.078125
0 0.28725961538461536 0.02283653846153846 0.05889423076923077 0.04567307692307692