0 0.671875 0.25721153846153844 0.09735576923076923 0.07932692307692307
0 0.6682692307692307 0.5108173076923077 0.09975961538461539 0.07932692307692307
0 0.6754807692307693 0.3449519230769231 0.0985576923076923 0.078125
0 0.3449519230769231 0.328125 0.09375 0.06490384615384616
0 0.3425480769230769 0.4026442307692308 0.08052884615384616 0.06490384615384616
0 0.23317307692307693 0.2403846153846154 0.10096153846153846 0.07211538461538461
0 0.23197115384615385 0.15745192307692307 0.10096153846153846 0.0733173076923077
0 0.6766826923076923 0.17307692307692307 0.09254807692307693 0.07451923076923077
0 0.5588942307692307 0.16706730769230768 0.0985576923076923 0.07451923076923077
0 0.5612980769230769 0.2536057692307692 0.09375 0.078125
0 0.5564903846153846 0.5012019230769231 0.08774038461538461 0.06610576923076923
0 0.6658653846153846 0.5901442307692307 0.09014423076923077 0.06490384615384616
0 0.6754807692307693 0.7560096153846154 0.08774038461538461 0.06971153846153846
0 0.5600961538461539 0.6706730769230769 0.09014423076923077 0.07211538461538461
0 0.6682692307692307 0.8401442307692307 0.08413461538461539 0.07451923076923077
0 0.6634615384615384 0.9182692307692307 0.08533653846153846 0.0733173076923077
0 0.5528846153846154 0.8425480769230769 0.07932692307692307 0.06850961538461539
0 0.3389423076923077 0.6622596153846154 0.10096153846153846 0.08173076923076923
0 0.33533653846153844 0.7487980769230769 0.09735576923076923 0.07211538461538461
0 0.3401442307692308 0.9230769230769231 0.09735576923076923 0.08052884615384616
0 0.22716346153846154 0.4879807692307692 0.08413461538461539 0.06610576923076923
0 0.8557692307692307 0.19471153846153846 0.09134615384615384 0.07211538461538461
0 0.9447115384615384 0.20192307692307693 0.08653846153846154 0.07211538461538461
0 0.9447115384615384 0.27884615384615385 0.08533653846153846 0.07091346153846154
0 0.8581730769230769 0.26802884615384615 0.0829326923076923 0.06490384615384616
0 0.8569711538461539 0.34975961538461536 0.07932692307692307 0.06490384615384616
0 0.9375 0.3581730769230769 0.078125 0.06370192307692307
0 0.9447115384615384 0.42908653846153844 0.0889423076923077 0.06490384615384616
0 0.9435096153846154 0.5024038461538461 0.0829326923076923 0.0625
0 0.9459134615384616 0.5697115384615384 0.08052884615384616 0.06370192307692307
0 0.9435096153846154 0.6430288461538461 0.09254807692307693 0.06850961538461539
0 0.9362980769230769 0.7163461538461539 0.08774038461538461 0.06850961538461539
0 0.9411057692307693 0.7908653846153846 0.09375 0.06971153846153846
0 0.8509615384615384 0.7908653846153846 0.08774038461538461 0.07692307692307693
0 0.8521634615384616 0.8713942307692307 0.08052884615384616 0.06490384615384616
0 0.9423076923076923 0.8677884615384616 0.08533653846153846 0.06971153846153846
0 0.9146634615384616 0.9483173076923077 0.09014423076923077 0.07692307692307693