0 0.5144230769230769 0.3293269230769231 0.03245192307692308 0.13341346153846154
0 0.5504807692307693 0.31490384615384615 0.028846153846153848 0.11298076923076923
0 0.5901442307692307 0.3088942307692308 0.03125 0.12379807692307693
0 0.7427884615384616 0.30528846153846156 0.03485576923076923 0.12740384615384615
0 0.7055288461538461 0.30288461538461536 0.038461538461538464 0.12259615384615384
0 0.6658653846153846 0.3004807692307692 0.030048076923076924 0.12860576923076922
0 0.6262019230769231 0.3125 0.037259615384615384 0.12379807692307693
0 0.7956730769230769 0.6334134615384616 0.037259615384615384 0.12259615384615384
0 0.7487980769230769 0.6466346153846154 0.03485576923076923 0.12379807692307693
0 0.5901442307692307 0.10817307692307693 0.07451923076923077 0.06490384615384616
0 0.4387019230769231 0.3389423076923077 0.03485576923076923 0.1310096153846154
0 0.39903846153846156 0.3425480769230769 0.03485576923076923 0.1310096153846154
0 0.3629807692307692 0.31850961538461536 0.03245192307692308 0.12620192307692307
0 0.3245192307692308 0.3269230769230769 0.03245192307692308 0.12620192307692307
0 0.29086538461538464 0.3245192307692308 0.03245192307692308 0.12379807692307693
0 0.22115384615384615 0.33653846153846156 0.03245192307692308 0.11899038461538461
0 0.18389423076923078 0.34615384615384615 0.03485576923076923 0.13701923076923078
0 0.14783653846153846 0.34615384615384615 0.03485576923076923 0.10576923076923077
0 0.1141826923076923 0.36538461538461536 0.03485576923076923 0.12740384615384615
0 0.078125 0.359375 0.03485576923076923 0.11658653846153846
0 0.038461538461538464 0.3629807692307692 0.040865384615384616 0.1346153846153846
0 0.010817307692307692 0.37259615384615385 0.021634615384615384 0.12860576923076922
0 0.7127403846153846 0.6526442307692307 0.03485576923076923 0.1045673076923077
0 0.6778846153846154 0.6370192307692307 0.039663461538461536 0.12860576923076922
0 0.6394230769230769 0.6670673076923077 0.03485576923076923 0.12259615384615384
0 0.6033653846153846 0.6610576923076923 0.03245192307692308 0.12860576923076922
0 0.5649038461538461 0.671875 0.03365384615384615 0.12620192307692307
0 0.5252403846153846 0.6838942307692307 0.03245192307692308 0.12740384615384615
0 0.4855769230769231 0.6802884615384616 0.040865384615384616 0.19831730769230768
0 0.3786057692307692 0.6959134615384616 0.036057692307692304 0.12620192307692307
0 0.34134615384615385 0.6730769230769231 0.03485576923076923 0.12259615384615384
0 0.22956730769230768 0.7139423076923077 0.038461538461538464 0.1310096153846154
0 0.15985576923076922 0.6947115384615384 0.037259615384615384 0.1346153846153846
0 0.08774038461538461 0.7019230769230769 0.038461538461538464 0.125
0 0.05048076923076923 0.7079326923076923 0.03485576923076923 0.12259615384615384
0 0.018028846153846152 0.7127403846153846 0.036057692307692304 0.12740384615384615
0 0.010817307692307692 0.036057692307692304 0.021634615384615384 0.07211538461538461
0 0.06971153846153846 0.03485576923076923 0.038461538461538464 0.06971153846153846
0 0.1045673076923077 0.03245192307692308 0.038461538461538464 0.06370192307692307
0 0.1466346153846154 0.03125 0.03485576923076923 0.0625
0 0.1814903846153846 0.02403846153846154 0.03125 0.046875
0 0.28846153846153844 0.025240384615384616 0.03245192307692308 0.05048076923076923
0 0.3233173076923077 0.02403846153846154 0.03245192307692308 0.04807692307692308
0 0.3605769230769231 0.025240384615384616 0.03245192307692308 0.05048076923076923
0 0.39903846153846156 0.013221153846153846 0.03365384615384615 0.026442307692307692
0 0.4362980769230769 0.013221153846153846 0.03245192307692308 0.026442307692307692
0 0.4723557692307692 0.016826923076923076 0.036057692307692304 0.03365384615384615
0 0.5072115384615384 0.014423076923076924 0.027644230769230768 0.028846153846153848
0 0.5408653846153846 0.018028846153846152 0.03365384615384615 0.036057692307692304
0 0.5769230769230769 0.016826923076923076 0.03125 0.03365384615384615
0 0.6153846153846154 0.010817307692307692 0.03245192307692308 0.021634615384615384
0 0.6526442307692307 0.01201923076923077 0.03485576923076923 0.02403846153846154
0 0.6887019230769231 0.010817307692307692 0.036057692307692304 0.021634615384615384
0 0.7283653846153846 0.008413461538461538 0.03365384615384615 0.016826923076923076