0 0.6802884615384616 0.021634615384615384 0.03365384615384615 0.04326923076923077
0 0.6754807692307693 0.109375 0.03125 0.12259615384615384
0 0.6790865384615384 0.2536057692307692 0.03365384615384615 0.11538461538461539
0 0.6754807692307693 0.41225961538461536 0.030048076923076924 0.12379807692307693
0 0.6730769230769231 0.5504807692307693 0.030048076923076924 0.11538461538461539
0 0.6658653846153846 0.7115384615384616 0.027644230769230768 0.1141826923076923
0 0.8401442307692307 0.6502403846153846 0.056490384615384616 0.051682692307692304
0 0.5348557692307693 0.13701923076923078 0.051682692307692304 0.056490384615384616
0 0.5300480769230769 0.30649038461538464 0.06009615384615385 0.055288461538461536
0 0.5276442307692307 0.47836538461538464 0.056490384615384616 0.05048076923076923
0 0.5288461538461539 0.5348557692307693 0.057692307692307696 0.04567307692307692
0 0.5300480769230769 0.5913461538461539 0.06129807692307692 0.051682692307692304
0 0.5300480769230769 0.6514423076923077 0.05889423076923077 0.046875
0 0.5252403846153846 0.7067307692307693 0.05889423076923077 0.04807692307692308
0 0.5252403846153846 0.7644230769230769 0.05889423076923077 0.052884615384615384
0 0.5216346153846154 0.8161057692307693 0.0625 0.046875
0 0.5204326923076923 0.8762019230769231 0.0625 0.05048076923076923
0 0.5192307692307693 0.9290865384615384 0.06370192307692307 0.04567307692307692
0 0.5192307692307693 0.9807692307692307 0.0625 0.03485576923076923
0 0.3942307692307692 0.09254807692307693 0.0625 0.06971153846153846
0 0.3942307692307692 0.20552884615384615 0.06610576923076923 0.07692307692307693
0 0.38822115384615385 0.6141826923076923 0.06129807692307692 0.0733173076923077
0 0.38221153846153844 0.9098557692307693 0.05889423076923077 0.06850961538461539
0 0.38221153846153844 0.9663461538461539 0.06129807692307692 0.06370192307692307
0 0.27163461538461536 0.027644230769230768 0.057692307692307696 0.054086538461538464
0 0.27163461538461536 0.08173076923076923 0.06370192307692307 0.06971153846153846
0 0.27163461538461536 0.1502403846153846 0.0625 0.078125
0 0.2668269230769231 0.22115384615384615 0.06370192307692307 0.06850961538461539
0 0.2668269230769231 0.2848557692307692 0.06610576923076923 0.08653846153846154
0 0.2644230769230769 0.3545673076923077 0.06370192307692307 0.08052884615384616
0 0.25961538461538464 0.41225961538461536 0.06370192307692307 0.08653846153846154
0 0.25600961538461536 0.4735576923076923 0.06490384615384616 0.08413461538461539
0 0.2644230769230769 0.546875 0.06129807692307692 0.0829326923076923
0 0.25961538461538464 0.6189903846153846 0.056490384615384616 0.06850961538461539
0 0.25600961538461536 0.6838942307692307 0.056490384615384616 0.0733173076923077
0 0.2512019230769231 0.7487980769230769 0.056490384615384616 0.06129807692307692
0 0.25600961538461536 0.8161057692307693 0.056490384615384616 0.06850961538461539
0 0.25600961538461536 0.8846153846153846 0.056490384615384616 0.06610576923076923
0 0.2512019230769231 0.9435096153846154 0.055288461538461536 0.07451923076923077