0 0.6682692307692307 0.030048076923076924 0.03365384615384615 0.06009615384615385
0 0.6634615384615384 0.12860576923076922 0.030048076923076924 0.10096153846153846
0 0.6670673076923077 0.2439903846153846 0.03245192307692308 0.1141826923076923
0 0.6550480769230769 0.5540865384615384 0.030048076923076924 0.11298076923076923
0 0.6502403846153846 0.7067307692307693 0.030048076923076924 0.11057692307692307
0 0.6466346153846154 0.8365384615384616 0.03245192307692308 0.10817307692307693
0 0.6466346153846154 0.9627403846153846 0.03245192307692308 0.07091346153846154
0 0.5 0.8665865384615384 0.05048076923076923 0.055288461538461536
0 0.4951923076923077 0.6334134615384616 0.06129807692307692 0.06129807692307692
0 0.5072115384615384 0.5709134615384616 0.056490384615384616 0.05048076923076923
0 0.5144230769230769 0.4567307692307692 0.056490384615384616 0.054086538461538464
0 0.5192307692307693 0.4026442307692308 0.04807692307692308 0.046875
0 0.5084134615384616 0.34134615384615385 0.056490384615384616 0.051682692307692304
0 0.5036057692307693 0.2824519230769231 0.05889423076923077 0.051682692307692304
0 0.5072115384615384 0.22355769230769232 0.057692307692307696 0.052884615384615384
0 0.515625 0.17067307692307693 0.05889423076923077 0.054086538461538464
0 0.5228365384615384 0.11658653846153846 0.0625 0.052884615384615384
0 0.5216346153846154 0.05889423076923077 0.06129807692307692 0.05048076923076923
0 0.5108173076923077 0.014423076923076924 0.06129807692307692 0.028846153846153848
0 0.3870192307692308 0.042067307692307696 0.05889423076923077 0.07692307692307693
0 0.38461538461538464 0.10817307692307693 0.055288461538461536 0.06490384615384616
0 0.3762019230769231 0.16947115384615385 0.06610576923076923 0.07091346153846154
0 0.375 0.23076923076923078 0.06129807692307692 0.06490384615384616
0 0.3713942307692308 0.40024038461538464 0.056490384615384616 0.06370192307692307
0 0.375 0.46153846153846156 0.0625 0.06971153846153846
0 0.3581730769230769 0.8149038461538461 0.06129807692307692 0.07211538461538461
0 0.3545673076923077 0.9314903846153846 0.06850961538461539 0.08052884615384616
0 0.22596153846153846 0.9399038461538461 0.06009615384615385 0.0733173076923077
0 0.23076923076923078 0.8677884615384616 0.06490384615384616 0.08173076923076923
0 0.23197115384615385 0.8004807692307693 0.0625 0.06610576923076923
0 0.22956730769230768 0.7307692307692307 0.06370192307692307 0.08653846153846154
0 0.23317307692307693 0.6754807692307693 0.06370192307692307 0.08173076923076923
0 0.23918269230769232 0.609375 0.06610576923076923 0.0733173076923077
0 0.23798076923076922 0.5444711538461539 0.06490384615384616 0.07211538461538461
0 0.23557692307692307 0.46274038461538464 0.06490384615384616 0.078125
0 0.24278846153846154 0.4050480769230769 0.06370192307692307 0.07692307692307693
0 0.24879807692307693 0.34134615384615385 0.06370192307692307 0.07932692307692307
0 0.24639423076923078 0.27163461538461536 0.06610576923076923 0.08173076923076923
0 0.2512019230769231 0.20552884615384615 0.06490384615384616 0.08173076923076923
0 0.25 0.13701923076923078 0.06129807692307692 0.07932692307692307
0 0.2536057692307692 0.07211538461538461 0.057692307692307696 0.0733173076923077
0 0.2548076923076923 0.02403846153846154 0.056490384615384616 0.046875