0 0.4411057692307692 0.31850961538461536 0.03245192307692308 0.12139423076923077
0 0.40625 0.3137019230769231 0.030048076923076924 0.11538461538461539
0 0.3713942307692308 0.31971153846153844 0.027644230769230768 0.10576923076923077
0 0.33774038461538464 0.3317307692307692 0.03125 0.12740384615384615
0 0.2692307692307692 0.34134615384615385 0.03485576923076923 0.12620192307692307
0 0.234375 0.3473557692307692 0.036057692307692304 0.11899038461538461
0 0.20192307692307693 0.32211538461538464 0.03365384615384615 0.11778846153846154
0 0.1658653846153846 0.3293269230769231 0.03125 0.11899038461538461
0 0.1346153846153846 0.328125 0.03365384615384615 0.11658653846153846
0 0.07091346153846154 0.33413461538461536 0.03125 0.11538461538461539
0 0.03485576923076923 0.3449519230769231 0.03365384615384615 0.12860576923076922
0 0.009615384615384616 0.3449519230769231 0.019230769230769232 0.10576923076923077
0 0.03245192307692308 0.03365384615384615 0.038461538461538464 0.06610576923076923
0 0.009615384615384616 0.036057692307692304 0.019230769230769232 0.07211538461538461
0 0.13581730769230768 0.03485576923076923 0.036057692307692304 0.06971153846153846
0 0.16826923076923078 0.036057692307692304 0.038461538461538464 0.07211538461538461
0 0.20192307692307693 0.039663461538461536 0.036057692307692304 0.07932692307692307
0 0.2403846153846154 0.02403846153846154 0.03245192307692308 0.046875
0 0.27403846153846156 0.025240384615384616 0.028846153846153848 0.05048076923076923
0 0.30528846153846156 0.027644230769230768 0.03245192307692308 0.054086538461538464
0 0.33653846153846156 0.025240384615384616 0.027644230769230768 0.05048076923076923
0 0.3713942307692308 0.030048076923076924 0.03125 0.06009615384615385
0 0.40384615384615385 0.027644230769230768 0.028846153846153848 0.054086538461538464
0 0.43990384615384615 0.021634615384615384 0.030048076923076924 0.04326923076923077
0 0.47475961538461536 0.020432692307692308 0.030048076923076924 0.040865384615384616
0 0.5096153846153846 0.02283653846153846 0.030048076923076924 0.04567307692307692
0 0.5492788461538461 0.016826923076923076 0.03125 0.03365384615384615
0 0.6189903846153846 0.021634615384615384 0.036057692307692304 0.04326923076923077
0 0.4807692307692308 0.30528846153846156 0.028846153846153848 0.12259615384615384
0 0.5192307692307693 0.30649038461538464 0.03125 0.12259615384615384
0 0.5552884615384616 0.31009615384615385 0.03365384615384615 0.125
0 0.6057692307692307 0.6262019230769231 0.03245192307692308 0.11778846153846154
0 0.5612980769230769 0.6370192307692307 0.030048076923076924 0.11899038461538461
0 0.5228365384615384 0.6430288461538461 0.027644230769230768 0.10336538461538461
0 0.4879807692307692 0.6286057692307693 0.03485576923076923 0.12740384615384615
0 0.4519230769230769 0.6526442307692307 0.03125 0.12259615384615384
0 0.41586538461538464 0.6514423076923077 0.030048076923076924 0.12620192307692307
0 0.3798076923076923 0.6598557692307693 0.03245192307692308 0.12860576923076922
0 0.34375 0.6634615384615384 0.03245192307692308 0.12379807692307693
0 0.30528846153846156 0.6622596153846154 0.040865384615384616 0.18389423076923078
0 0.21033653846153846 0.6730769230769231 0.036057692307692304 0.12259615384615384
0 0.17908653846153846 0.6526442307692307 0.03485576923076923 0.12259615384615384
0 0.07572115384615384 0.6887019230769231 0.037259615384615384 0.1310096153846154
0 0.013221153846153846 0.6694711538461539 0.025240384615384616 0.1310096153846154