0 0.6622596153846154 0.03245192307692308 0.06610576923076923 0.06009615384615385
0 0.6694711538461539 0.09735576923076923 0.06490384615384616 0.055288461538461536
0 0.6778846153846154 0.15144230769230768 0.06129807692307692 0.052884615384615384
0 0.6790865384615384 0.20552884615384615 0.057692307692307696 0.051682692307692304
0 0.6814903846153846 0.2608173076923077 0.06129807692307692 0.04567307692307692
0 0.6778846153846154 0.3161057692307692 0.06129807692307692 0.04447115384615385
0 0.6730769230769231 0.3713942307692308 0.05889423076923077 0.04807692307692308
0 0.6959134615384616 0.4266826923076923 0.06370192307692307 0.046875
0 0.6742788461538461 0.484375 0.057692307692307696 0.04807692307692308
0 0.6935096153846154 0.5444711538461539 0.06610576923076923 0.05048076923076923
0 0.6911057692307693 0.6045673076923077 0.06129807692307692 0.051682692307692304
0 0.6862980769230769 0.6598557692307693 0.054086538461538464 0.04807692307692308
0 0.6850961538461539 0.7139423076923077 0.056490384615384616 0.046875
0 0.6911057692307693 0.7668269230769231 0.06129807692307692 0.051682692307692304
0 0.6899038461538461 0.8269230769230769 0.056490384615384616 0.046875
0 0.6947115384615384 0.8810096153846154 0.0625 0.05048076923076923
0 0.6947115384615384 0.9362980769230769 0.06490384615384616 0.054086538461538464
0 0.703125 0.9819711538461539 0.0625 0.03245192307692308
0 0.5661057692307693 0.18028846153846154 0.025240384615384616 0.10336538461538461
0 0.5661057692307693 0.28846153846153844 0.027644230769230768 0.09975961538461539
0 0.5745192307692307 0.40865384615384615 0.030048076923076924 0.11057692307692307
0 0.5769230769230769 0.5276442307692307 0.026442307692307692 0.11658653846153846
0 0.5769230769230769 0.6574519230769231 0.030048076923076924 0.11538461538461539
0 0.5817307692307693 0.7620192307692307 0.026442307692307692 0.09254807692307693
0 0.5841346153846154 0.8725961538461539 0.027644230769230768 0.1141826923076923
0 0.5865384615384616 0.9651442307692307 0.027644230769230768 0.06490384615384616
0 0.5192307692307693 0.14182692307692307 0.05889423076923077 0.0625
0 0.5168269230769231 0.21153846153846154 0.06490384615384616 0.04807692307692308
0 0.5168269230769231 0.2644230769230769 0.056490384615384616 0.04807692307692308
0 0.5168269230769231 0.32091346153846156 0.0625 0.04567307692307692
0 0.5216346153846154 0.3762019230769231 0.057692307692307696 0.04807692307692308
0 0.5276442307692307 0.4362980769230769 0.05889423076923077 0.052884615384615384
0 0.5252403846153846 0.49278846153846156 0.056490384615384616 0.051682692307692304
0 0.5252403846153846 0.5528846153846154 0.057692307692307696 0.046875
0 0.5240384615384616 0.609375 0.0625 0.054086538461538464
0 0.5276442307692307 0.6658653846153846 0.0625 0.04807692307692308
0 0.53125 0.7223557692307693 0.0625 0.05048076923076923
0 0.5252403846153846 0.7836538461538461 0.06370192307692307 0.04807692307692308
0 0.5252403846153846 0.8389423076923077 0.06370192307692307 0.046875
0 0.5276442307692307 0.8966346153846154 0.06610576923076923 0.056490384615384616
0 0.5300480769230769 0.9543269230769231 0.0673076923076923 0.06009615384615385
0 0.33413461538461536 0.037259615384615384 0.056490384615384616 0.05889423076923077
0 0.3449519230769231 0.09975961538461539 0.05889423076923077 0.055288461538461536
0 0.3449519230769231 0.1622596153846154 0.06850961538461539 0.054086538461538464
0 0.3329326923076923 0.21754807692307693 0.0625 0.054086538461538464
0 0.3329326923076923 0.2764423076923077 0.06129807692307692 0.052884615384615384
0 0.3389423076923077 0.3317307692307692 0.054086538461538464 0.051682692307692304
0 0.3293269230769231 0.3942307692307692 0.054086538461538464 0.04447115384615385
0 0.3329326923076923 0.44711538461538464 0.06009615384615385 0.051682692307692304
0 0.3329326923076923 0.5084134615384616 0.054086538461538464 0.05048076923076923
0 0.3449519230769231 0.5612980769230769 0.06129807692307692 0.046875
0 0.3485576923076923 0.6189903846153846 0.0625 0.051682692307692304
0 0.34375 0.6802884615384616 0.06129807692307692 0.051682692307692304
0 0.3401442307692308 0.7379807692307693 0.05889423076923077 0.051682692307692304
0 0.34134615384615385 0.7956730769230769 0.0625 0.051682692307692304
0 0.3425480769230769 0.8509615384615384 0.06370192307692307 0.04807692307692308
0 0.3449519230769231 0.9122596153846154 0.06610576923076923 0.052884615384615384
0 0.35096153846153844 0.9675480769230769 0.06610576923076923 0.05889423076923077