0 0.4182692307692308 0.21634615384615385 0.05048076923076923 0.09735576923076923
0 0.40024038461538464 0.25841346153846156 0.052884615384615384 0.09495192307692307
0 0.3737980769230769 0.2920673076923077 0.052884615384615384 0.09254807692307693
0 0.35096153846153844 0.3317307692307692 0.052884615384615384 0.0985576923076923
0 0.3317307692307692 0.3762019230769231 0.051682692307692304 0.09014423076923077
0 0.43149038461538464 0.5552884615384616 0.040865384615384616 0.07091346153846154
0 0.5348557692307693 0.34134615384615385 0.04326923076923077 0.07692307692307693
0 0.5588942307692307 0.30649038461538464 0.05048076923076923 0.08653846153846154
0 0.5805288461538461 0.265625 0.046875 0.08653846153846154
0 0.4495192307692308 0.5108173076923077 0.046875 0.07932692307692307
0 0.30649038461538464 0.41947115384615385 0.051682692307692304 0.09254807692307693
0 0.28846153846153844 0.4579326923076923 0.05048076923076923 0.09254807692307693
0 0.2668269230769231 0.4963942307692308 0.052884615384615384 0.09495192307692307
0 0.24879807692307693 0.5420673076923077 0.052884615384615384 0.09735576923076923
0 0.2283653846153846 0.5865384615384616 0.052884615384615384 0.09254807692307693
0 0.390625 0.6430288461538461 0.054086538461538464 0.0889423076923077
0 0.3701923076923077 0.6911057692307693 0.04927884615384615 0.09495192307692307
0 0.44471153846153844 0.17908653846153846 0.054086538461538464 0.0889423076923077
0 0.5168269230769231 0.38221153846153844 0.042067307692307696 0.06850961538461539
0 0.49399038461538464 0.421875 0.04447115384615385 0.07091346153846154
0 0.4699519230769231 0.4699519230769231 0.04447115384615385 0.07932692307692307
0 0.3112980769230769 0.8088942307692307 0.05048076923076923 0.08653846153846154
0 0.28725961538461536 0.8377403846153846 0.05048076923076923 0.08653846153846154
0 0.19831730769230768 0.6105769230769231 0.05048076923076923 0.09134615384615384
0 0.1778846153846154 0.6502403846153846 0.056490384615384616 0.09735576923076923
0 0.15985576923076922 0.6959134615384616 0.055288461538461536 0.10336538461538461
0 0.13701923076923078 0.7379807692307693 0.052884615384615384 0.09735576923076923
0 0.46033653846153844 0.13341346153846154 0.051682692307692304 0.0889423076923077
0 0.4795673076923077 0.08774038461538461 0.04927884615384615 0.08653846153846154
0 0.5060096153846154 0.06850961538461539 0.052884615384615384 0.09975961538461539
0 0.5288461538461539 0.038461538461538464 0.05048076923076923 0.07692307692307693
0 0.5576923076923077 0.016826923076923076 0.037259615384615384 0.03365384615384615
0 0.35216346153846156 0.020432692307692308 0.042067307692307696 0.040865384615384616
0 0.3245192307692308 0.037259615384615384 0.056490384615384616 0.07451923076923077
0 0.11899038461538461 0.7788461538461539 0.05048076923076923 0.09014423076923077
0 0.09495192307692307 0.8221153846153846 0.055288461538461536 0.09495192307692307
0 0.5997596153846154 0.2247596153846154 0.046875 0.08173076923076923
0 0.4050480769230769 0.5889423076923077 0.052884615384615384 0.09615384615384616
0 0.33413461538461536 0.7716346153846154 0.05048076923076923 0.08774038461538461
0 0.3485576923076923 0.7247596153846154 0.052884615384615384 0.08413461538461539
0 0.26802884615384615 0.8918269230769231 0.055288461538461536 0.09495192307692307
0 0.24879807692307693 0.9350961538461539 0.055288461538461536 0.0985576923076923
0 0.22355769230769232 0.9579326923076923 0.055288461538461536 0.08052884615384616
0 0.19471153846153846 0.9759615384615384 0.04927884615384615 0.04447115384615385
0 0.015625 0.625 0.030048076923076924 0.08774038461538461
0 0.026442307692307692 0.5817307692307693 0.052884615384615384 0.09254807692307693
0 0.06129807692307692 0.5 0.05889423076923077 0.09014423076923077
0 0.08653846153846154 0.46634615384615385 0.055288461538461536 0.08774038461538461
0 0.10576923076923077 0.421875 0.05889423076923077 0.09254807692307693
0 0.12139423076923077 0.38100961538461536 0.06370192307692307 0.1045673076923077
0 0.1466346153846154 0.3389423076923077 0.055288461538461536 0.08774038461538461
0 0.16826923076923078 0.3016826923076923 0.05048076923076923 0.0889423076923077
0 0.19230769230769232 0.2620192307692308 0.05048076923076923 0.08774038461538461
0 0.22115384615384615 0.23076923076923078 0.05048076923076923 0.09134615384615384
0 0.24278846153846154 0.18990384615384615 0.055288461538461536 0.09975961538461539
0 0.26322115384615385 0.15264423076923078 0.055288461538461536 0.09254807692307693
0 0.2824519230769231 0.1141826923076923 0.05048076923076923 0.08653846153846154
0 0.016826923076923076 0.9759615384615384 0.03245192307692308 0.04447115384615385