0 0.07451923076923077 0.22956730769230768 0.07932692307692307 0.06610576923076923
0 0.08413461538461539 0.30408653846153844 0.08173076923076923 0.06490384615384616
0 0.08533653846153846 0.38100961538461536 0.07932692307692307 0.06490384615384616
0 0.08653846153846154 0.45913461538461536 0.08173076923076923 0.05889423076923077
0 0.0889423076923077 0.5348557692307693 0.08052884615384616 0.06610576923076923
0 0.2644230769230769 0.28725961538461536 0.09014423076923077 0.07211538461538461
0 0.27163461538461536 0.19591346153846154 0.09254807692307693 0.078125
0 0.2848557692307692 0.7740384615384616 0.078125 0.06370192307692307
0 0.6045673076923077 0.8064903846153846 0.0889423076923077 0.08052884615384616
0 0.49038461538461536 0.6490384615384616 0.09134615384615384 0.07091346153846154
0 0.6045673076923077 0.640625 0.08413461538461539 0.07451923076923077
0 0.6045673076923077 0.5612980769230769 0.07692307692307693 0.0625
0 0.5889423076923077 0.4831730769230769 0.0889423076923077 0.07932692307692307
0 0.4831730769230769 0.49399038461538464 0.09254807692307693 0.07692307692307693
0 0.5949519230769231 0.23798076923076922 0.0733173076923077 0.078125
0 0.5877403846153846 0.15504807692307693 0.07451923076923077 0.07091346153846154
0 0.47836538461538464 0.17548076923076922 0.0889423076923077 0.07091346153846154
0 0.47836538461538464 0.09615384615384616 0.08173076923076923 0.06971153846153846
0 0.7896634615384616 0.13701923076923078 0.09254807692307693 0.06971153846153846
0 0.7836538461538461 0.054086538461538464 0.09254807692307693 0.07211538461538461
0 0.8894230769230769 0.042067307692307696 0.08774038461538461 0.07692307692307693
0 0.9026442307692307 0.36778846153846156 0.08413461538461539 0.06490384615384616
0 0.7956730769230769 0.22115384615384615 0.09254807692307693 0.07091346153846154
0 0.8016826923076923 0.37259615384615385 0.078125 0.06850961538461539
0 0.8064903846153846 0.5384615384615384 0.08774038461538461 0.07211538461538461
0 0.8137019230769231 0.7704326923076923 0.08533653846153846 0.06850961538461539
0 0.9230769230769231 0.7620192307692307 0.09134615384615384 0.07091346153846154
0 0.9266826923076923 0.8461538461538461 0.08413461538461539 0.07451923076923077
0 0.9134615384615384 0.6850961538461539 0.09014423076923077 0.06009615384615385
0 0.9146634615384616 0.6069711538461539 0.09375 0.07091346153846154
0 0.9086538461538461 0.44591346153846156 0.09134615384615384 0.06370192307692307
0 0.5925480769230769 0.39663461538461536 0.08774038461538461 0.07091346153846154