0 0.48677884615384615 0.7127403846153846 0.04567307692307692 0.17908653846153846
0 0.43509615384615385 0.7115384615384616 0.04567307692307692 0.17067307692307693
0 0.6009615384615384 0.21634615384615385 0.042067307692307696 0.15264423076923078
0 0.5528846153846154 0.20552884615384615 0.042067307692307696 0.17067307692307693
0 0.6466346153846154 0.22235576923076922 0.042067307692307696 0.1658653846153846
0 0.6947115384615384 0.23317307692307693 0.042067307692307696 0.16706730769230768
0 0.7487980769230769 0.22115384615384615 0.04326923076923077 0.16826923076923078
0 0.5048076923076923 0.19591346153846154 0.040865384615384616 0.15865384615384615
0 0.45552884615384615 0.17067307692307693 0.04567307692307692 0.17908653846153846
0 0.4026442307692308 0.20552884615384615 0.04567307692307692 0.1778846153846154
0 0.35096153846153844 0.19471153846153846 0.04326923076923077 0.17548076923076922
0 0.30649038461538464 0.18629807692307693 0.04567307692307692 0.17548076923076922
0 0.3858173076923077 0.6658653846153846 0.04326923076923077 0.17548076923076922
0 0.33533653846153844 0.6706730769230769 0.04447115384615385 0.17548076923076922
0 0.28846153846153844 0.6598557692307693 0.046875 0.1658653846153846
0 0.7932692307692307 0.21514423076923078 0.04447115384615385 0.18990384615384615
0 0.19471153846153846 0.6586538461538461 0.04447115384615385 0.15865384615384615
0 0.1466346153846154 0.6634615384615384 0.04807692307692308 0.18629807692307693
0 0.09735576923076923 0.6538461538461539 0.04927884615384615 0.13942307692307693
0 0.051682692307692304 0.671875 0.052884615384615384 0.17067307692307693
0 0.013221153846153846 0.6598557692307693 0.025240384615384616 0.16346153846153846
0 0.15985576923076922 0.17908653846153846 0.04807692307692308 0.14423076923076922
0 0.11538461538461539 0.1875 0.04807692307692308 0.15384615384615385
0 0.057692307692307696 0.18629807692307693 0.052884615384615384 0.1622596153846154
0 0.019230769230769232 0.171875 0.038461538461538464 0.171875
0 0.8389423076923077 0.23918269230769232 0.04326923076923077 0.16105769230769232
0 0.8870192307692307 0.24278846153846154 0.04326923076923077 0.1502403846153846
0 0.9314903846153846 0.19951923076923078 0.05048076923076923 0.15985576923076922
0 0.9783653846153846 0.23197115384615385 0.040865384615384616 0.17067307692307693
0 0.5925480769230769 0.7127403846153846 0.04326923076923077 0.1778846153846154
0 0.6394230769230769 0.6995192307692307 0.038461538461538464 0.15144230769230768
0 0.6923076923076923 0.6995192307692307 0.04326923076923077 0.16105769230769232
0 0.7391826923076923 0.7079326923076923 0.04326923076923077 0.17067307692307693
0 0.7908653846153846 0.6947115384615384 0.04326923076923077 0.16947115384615385
0 0.8401442307692307 0.703125 0.04807692307692308 0.16346153846153846
0 0.8894230769230769 0.7091346153846154 0.04927884615384615 0.16706730769230768