0 0.6887019230769231 0.036057692307692304 0.06370192307692307 0.04567307692307692
0 0.6935096153846154 0.09134615384615384 0.06610576923076923 0.052884615384615384
0 0.6935096153846154 0.14903846153846154 0.06129807692307692 0.052884615384615384
0 0.7043269230769231 0.20432692307692307 0.06009615384615385 0.052884615384615384
0 0.7043269230769231 0.31490384615384615 0.06129807692307692 0.04567307692307692
0 0.7043269230769231 0.3713942307692308 0.057692307692307696 0.052884615384615384
0 0.7019230769230769 0.4338942307692308 0.06370192307692307 0.054086538461538464
0 0.5348557692307693 0.15865384615384615 0.05889423076923077 0.055288461538461536
0 0.3485576923076923 0.1622596153846154 0.0625 0.055288461538461536
0 0.3329326923076923 0.2283653846153846 0.05889423076923077 0.051682692307692304
0 0.33533653846153844 0.2920673076923077 0.07211538461538461 0.06370192307692307
0 0.2283653846153846 0.4963942307692308 0.06009615384615385 0.09975961538461539
0 0.3245192307692308 0.4483173076923077 0.07451923076923077 0.0625
0 0.3317307692307692 0.5480769230769231 0.06971153846153846 0.06129807692307692
0 0.3317307692307692 0.5997596153846154 0.06850961538461539 0.054086538461538464
0 0.3317307692307692 0.6610576923076923 0.06971153846153846 0.06009615384615385
0 0.7175480769230769 0.6334134615384616 0.03125 0.11658653846153846
0 0.6826923076923077 0.6658653846153846 0.027644230769230768 0.10336538461538461
0 0.6526442307692307 0.6802884615384616 0.03245192307692308 0.11658653846153846
0 0.6201923076923077 0.6875 0.03245192307692308 0.11057692307692307
0 0.5877403846153846 0.6814903846153846 0.028846153846153848 0.11538461538461539
0 0.5540865384615384 0.6959134615384616 0.027644230769230768 0.11057692307692307
0 0.5240384615384616 0.6983173076923077 0.027644230769230768 0.09615384615384616
0 0.49038461538461536 0.6971153846153846 0.030048076923076924 0.11538461538461539
0 0.4579326923076923 0.7055288461538461 0.030048076923076924 0.10697115384615384
0 0.4254807692307692 0.7259615384615384 0.027644230769230768 0.11538461538461539
0 0.5324519230769231 0.22115384615384615 0.0625 0.052884615384615384
0 0.34975961538461536 0.04447115384615385 0.06610576923076923 0.05048076923076923
0 0.34615384615384615 0.0985576923076923 0.051682692307692304 0.051682692307692304
0 0.5853365384615384 0.171875 0.030048076923076924 0.109375
0 0.5805288461538461 0.054086538461538464 0.03125 0.10817307692307693
0 0.6995192307692307 0.2620192307692308 0.06009615384615385 0.054086538461538464
0 0.5348557692307693 0.26802884615384615 0.07451923076923077 0.06490384615384616
0 0.5324519230769231 0.0889423076923077 0.06850961538461539 0.06129807692307692
0 0.5240384615384616 0.03365384615384615 0.05048076923076923 0.04567307692307692