0 0.5637019230769231 0.49759615384615385 0.027644230769230768 0.10817307692307693
0 0.5324519230769231 0.49759615384615385 0.028846153846153848 0.109375
0 0.5 0.4987980769230769 0.027644230769230768 0.10576923076923077
0 0.42908653846153844 0.10336538461538461 0.027644230769230768 0.10817307692307693
0 0.34134615384615385 0.4963942307692308 0.030048076923076924 0.11298076923076923
0 0.3737980769230769 0.5 0.030048076923076924 0.10576923076923077
0 0.4026442307692308 0.5 0.027644230769230768 0.09615384615384616
0 0.36778846153846156 0.3737980769230769 0.025240384615384616 0.10336538461538461
0 0.39903846153846156 0.37740384615384615 0.03125 0.12379807692307693
0 0.4338942307692308 0.37259615384615385 0.030048076923076924 0.1141826923076923
0 0.4326923076923077 0.49158653846153844 0.028846153846153848 0.11538461538461539
0 0.4639423076923077 0.3629807692307692 0.026442307692307692 0.109375
0 0.4963942307692308 0.3737980769230769 0.025240384615384616 0.09495192307692307
0 0.5276442307692307 0.3641826923076923 0.027644230769230768 0.11538461538461539
0 0.5588942307692307 0.375 0.025240384615384616 0.10336538461538461
0 0.5925480769230769 0.3605769230769231 0.027644230769230768 0.10096153846153846
0 0.24278846153846154 0.38100961538461536 0.030048076923076924 0.10697115384615384
0 0.21153846153846154 0.38461538461538464 0.030048076923076924 0.1045673076923077
0 0.3112980769230769 0.5036057692307693 0.030048076923076924 0.10817307692307693
0 0.2800480769230769 0.5036057692307693 0.030048076923076924 0.10576923076923077
0 0.24759615384615385 0.5072115384615384 0.03485576923076923 0.10697115384615384
0 0.4338942307692308 0.7764423076923077 0.027644230769230768 0.10576923076923077
0 0.4026442307692308 0.8846153846153846 0.030048076923076924 0.1045673076923077
0 0.2824519230769231 0.9002403846153846 0.030048076923076924 0.10336538461538461
0 0.21754807692307693 0.7716346153846154 0.030048076923076924 0.10697115384615384
0 0.421875 0.02283653846153846 0.06009615384615385 0.04567307692307692
0 0.49038461538461536 0.020432692307692308 0.0625 0.040865384615384616
0 0.45913461538461536 0.10817307692307693 0.030048076923076924 0.11057692307692307
0 0.49038461538461536 0.11057692307692307 0.027644230769230768 0.09735576923076923
0 0.3954326923076923 0.12379807692307693 0.027644230769230768 0.11057692307692307
0 0.3641826923076923 0.109375 0.025240384615384616 0.10336538461538461
0 0.3329326923076923 0.11298076923076923 0.026442307692307692 0.10576923076923077
0 0.21514423076923078 0.5192307692307693 0.030048076923076924 0.10697115384615384
0 0.3641826923076923 0.016826923076923076 0.026442307692307692 0.03365384615384615
0 0.3317307692307692 0.02403846153846154 0.025240384615384616 0.04807692307692308
0 0.29927884615384615 0.021634615384615384 0.03125 0.04326923076923077
0 0.2692307692307692 0.02403846153846154 0.030048076923076924 0.046875
0 0.23557692307692307 0.018028846153846152 0.025240384615384616 0.036057692307692304
0 0.20432692307692307 0.021634615384615384 0.030048076923076924 0.04326923076923077
0 0.17067307692307693 0.02283653846153846 0.030048076923076924 0.04567307692307692
0 0.14182692307692307 0.02403846153846154 0.025240384615384616 0.04807692307692308
0 0.10576923076923077 0.02283653846153846 0.03245192307692308 0.04567307692307692
0 0.07091346153846154 0.02283653846153846 0.03245192307692308 0.04567307692307692
0 0.039663461538461536 0.03125 0.036057692307692304 0.0625
0 0.040865384615384616 0.13581730769230768 0.037259615384615384 0.11298076923076923
0 0.078125 0.12379807692307693 0.030048076923076924 0.10697115384615384
0 0.109375 0.13341346153846154 0.030048076923076924 0.10576923076923077
0 0.14302884615384615 0.12620192307692307 0.03125 0.10576923076923077
0 0.171875 0.11057692307692307 0.030048076923076924 0.10576923076923077
0 0.20673076923076922 0.12379807692307693 0.030048076923076924 0.10576923076923077
0 0.23798076923076922 0.109375 0.027644230769230768 0.09975961538461539
0 0.26802884615384615 0.109375 0.025240384615384616 0.10576923076923077
0 0.3004807692307692 0.11057692307692307 0.028846153846153848 0.10336538461538461
0 0.5216346153846154 0.11057692307692307 0.027644230769230768 0.1045673076923077
0 0.5540865384615384 0.10576923076923077 0.026442307692307692 0.10817307692307693
0 0.5853365384615384 0.09495192307692307 0.025240384615384616 0.09615384615384616
0 0.6153846153846154 0.0985576923076923 0.025240384615384616 0.09975961538461539
0 0.6454326923076923 0.09735576923076923 0.026442307692307692 0.10576923076923077
0 0.6766826923076923 0.10336538461538461 0.026442307692307692 0.1141826923076923
0 0.7043269230769231 0.10336538461538461 0.027644230769230768 0.10336538461538461
0 0.7367788461538461 0.1141826923076923 0.027644230769230768 0.09134615384615384
0 0.7632211538461539 0.109375 0.028846153846153848 0.109375
0 0.7944711538461539 0.09134615384615384 0.028846153846153848 0.09975961538461539
0 0.8209134615384616 0.11057692307692307 0.026442307692307692 0.09735576923076923
0 0.8509615384615384 0.10336538461538461 0.027644230769230768 0.08653846153846154
0 0.8810096153846154 0.10697115384615384 0.030048076923076924 0.0985576923076923
0 0.9098557692307693 0.109375 0.028846153846153848 0.10817307692307693
0 0.9399038461538461 0.10576923076923077 0.025240384615384616 0.09975961538461539
0 0.9651442307692307 0.0985576923076923 0.025240384615384616 0.0985576923076923
0 0.17908653846153846 0.3954326923076923 0.027644230769230768 0.10817307692307693
0 0.1466346153846154 0.39302884615384615 0.030048076923076924 0.109375
0 0.11538461538461539 0.3942307692307692 0.028846153846153848 0.10096153846153846
0 0.0829326923076923 0.3954326923076923 0.030048076923076924 0.10697115384615384
0 0.05048076923076923 0.4026442307692308 0.03365384615384615 0.10576923076923077
0 0.18389423076923078 0.5264423076923077 0.030048076923076924 0.0985576923076923
0 0.15264423076923078 0.5252403846153846 0.03245192307692308 0.09975961538461539
0 0.0889423076923077 0.5420673076923077 0.03245192307692308 0.10096153846153846
0 0.055288461538461536 0.5336538461538461 0.03485576923076923 0.10817307692307693
0 0.6274038461538461 0.484375 0.026442307692307692 0.0985576923076923
0 0.65625 0.4855769230769231 0.030048076923076924 0.09735576923076923
0 0.6237980769230769 0.3545673076923077 0.030048076923076924 0.11298076923076923
0 0.6538461538461539 0.35096153846153844 0.028846153846153848 0.1045673076923077
0 0.6826923076923077 0.3473557692307692 0.026442307692307692 0.09615384615384616
0 0.6875 0.47596153846153844 0.027644230769230768 0.09975961538461539
0 0.4699519230769231 0.4963942307692308 0.028846153846153848 0.11538461538461539
0 0.27524038461538464 0.3762019230769231 0.026442307692307692 0.10576923076923077
0 0.30649038461538464 0.3786057692307692 0.030048076923076924 0.109375
0 0.33653846153846156 0.3737980769230769 0.027644230769230768 0.10817307692307693
0 0.12139423076923077 0.5216346153846154 0.03125 0.09975961538461539
0 0.7127403846153846 0.34975961538461536 0.027644230769230768 0.1045673076923077
0 0.7439903846153846 0.3581730769230769 0.027644230769230768 0.109375
0 0.7740384615384616 0.3485576923076923 0.025240384615384616 0.0985576923076923
0 0.8028846153846154 0.33653846153846156 0.027644230769230768 0.10336538461538461
0 0.8317307692307693 0.35697115384615385 0.026442307692307692 0.0985576923076923
0 0.8581730769230769 0.34134615384615385 0.028846153846153848 0.10096153846153846
0 0.8870192307692307 0.3425480769230769 0.027644230769230768 0.10336538461538461
0 0.9134615384615384 0.3425480769230769 0.025240384615384616 0.0889423076923077
0 0.9411057692307693 0.33774038461538464 0.028846153846153848 0.09615384615384616
0 0.9735576923076923 0.3389423076923077 0.03485576923076923 0.1045673076923077
0 0.7175480769230769 0.4699519230769231 0.028846153846153848 0.1141826923076923
0 0.7487980769230769 0.4723557692307692 0.025240384615384616 0.10336538461538461
0 0.7776442307692307 0.47115384615384615 0.028846153846153848 0.1141826923076923
0 0.8076923076923077 0.47475961538461536 0.025240384615384616 0.10336538461538461
0 0.8353365384615384 0.4735576923076923 0.025240384615384616 0.0985576923076923
0 0.8629807692307693 0.46634615384615385 0.025240384615384616 0.1045673076923077
0 0.890625 0.4675480769230769 0.030048076923076924 0.10336538461538461
0 0.9206730769230769 0.46634615384615385 0.030048076923076924 0.10096153846153846
0 0.9495192307692307 0.46634615384615385 0.025240384615384616 0.10336538461538461
0 0.9747596153846154 0.4699519230769231 0.025240384615384616 0.09495192307692307
0 0.9927884615384616 0.46153846153846156 0.01201923076923077 0.10576923076923077
0 0.22235576923076922 0.9098557692307693 0.030048076923076924 0.10817307692307693
0 0.2512019230769231 0.9074519230769231 0.03125 0.10697115384615384
0 0.3125 0.7704326923076923 0.025240384615384616 0.09735576923076923
0 0.27884615384615385 0.7716346153846154 0.027644230769230768 0.11298076923076923
0 0.24759615384615385 0.7764423076923077 0.027644230769230768 0.109375
0 0.39663461538461536 0.765625 0.030048076923076924 0.11057692307692307
0 0.46634615384615385 0.7668269230769231 0.030048076923076924 0.11298076923076923
0 0.49759615384615385 0.7572115384615384 0.025240384615384616 0.10096153846153846
0 0.5324519230769231 0.7644230769230769 0.026442307692307692 0.10697115384615384
0 0.4387019230769231 0.890625 0.027644230769230768 0.09735576923076923
0 0.47115384615384615 0.8954326923076923 0.027644230769230768 0.11057692307692307
0 0.9951923076923077 0.703125 0.007211538461538462 0.10096153846153846
0 0.9759615384615384 0.7055288461538461 0.030048076923076924 0.09975961538461539
0 0.9483173076923077 0.7067307692307693 0.03365384615384615 0.09975961538461539
0 0.9206730769230769 0.7139423076923077 0.03245192307692308 0.10576923076923077
0 0.9807692307692307 0.8413461538461539 0.030048076923076924 0.09735576923076923
0 0.9495192307692307 0.8185096153846154 0.03245192307692308 0.10096153846153846
0 0.9230769230769231 0.8269230769230769 0.028846153846153848 0.08413461538461539
0 0.890625 0.7139423076923077 0.027644230769230768 0.08413461538461539
0 0.8954326923076923 0.8293269230769231 0.030048076923076924 0.0985576923076923
0 0.8617788461538461 0.7211538461538461 0.03125 0.10817307692307693
0 0.8653846153846154 0.8317307692307693 0.027644230769230768 0.09615384615384616
0 0.8341346153846154 0.7127403846153846 0.030048076923076924 0.10697115384615384
0 0.8365384615384616 0.8401442307692307 0.030048076923076924 0.11057692307692307
0 0.8076923076923077 0.8365384615384616 0.027644230769230768 0.10817307692307693
0 0.8040865384615384 0.7163461538461539 0.027644230769230768 0.10697115384615384
0 0.7752403846153846 0.7211538461538461 0.027644230769230768 0.09615384615384616
0 0.7451923076923077 0.7223557692307693 0.027644230769230768 0.08774038461538461
0 0.7163461538461539 0.7235576923076923 0.027644230769230768 0.09615384615384616
0 0.7788461538461539 0.8317307692307693 0.027644230769230768 0.09975961538461539
0 0.7487980769230769 0.8473557692307693 0.028846153846153848 0.10576923076923077
0 0.7199519230769231 0.8545673076923077 0.03245192307692308 0.1141826923076923
0 0.6887019230769231 0.8533653846153846 0.025240384615384616 0.08413461538461539
0 0.6875 0.734375 0.027644230769230768 0.10336538461538461
0 0.6550480769230769 0.7307692307692307 0.030048076923076924 0.10336538461538461
0 0.6262019230769231 0.7536057692307693 0.027644230769230768 0.1141826923076923
0 0.5949519230769231 0.7596153846153846 0.028846153846153848 0.10576923076923077
0 0.5649038461538461 0.7644230769230769 0.027644230769230768 0.1045673076923077
0 0.6586538461538461 0.8665865384615384 0.028846153846153848 0.10576923076923077
0 0.6274038461538461 0.875 0.028846153846153848 0.10817307692307693
0 0.5973557692307693 0.8786057692307693 0.027644230769230768 0.10817307692307693
0 0.5673076923076923 0.8846153846153846 0.028846153846153848 0.11298076923076923
0 0.5036057692307693 0.8942307692307693 0.027644230769230768 0.109375
0 0.3173076923076923 0.9074519230769231 0.027644230769230768 0.1045673076923077
0 0.19230769230769232 0.9134615384615384 0.03125 0.09735576923076923
0 0.18389423076923078 0.7872596153846154 0.028846153846153848 0.11057692307692307
0 0.1502403846153846 0.7920673076923077 0.030048076923076924 0.11057692307692307
0 0.1201923076923077 0.7860576923076923 0.027644230769230768 0.10096153846153846
0 0.08774038461538461 0.7980769230769231 0.03245192307692308 0.10817307692307693
0 0.056490384615384616 0.7932692307692307 0.03245192307692308 0.1045673076923077
0 0.056490384615384616 0.9170673076923077 0.037259615384615384 0.125
0 0.09375 0.9170673076923077 0.03245192307692308 0.11538461538461539
0 0.12620192307692307 0.9074519230769231 0.03125 0.10697115384615384
0 0.15865384615384615 0.9206730769230769 0.03245192307692308 0.11658653846153846