0 0.19471153846153846 0.23317307692307693 0.03125 0.10817307692307693
0 0.11057692307692307 0.46634615384615385 0.03485576923076923 0.10697115384615384
0 0.07572115384615384 0.47596153846153844 0.030048076923076924 0.10576923076923077
0 0.15745192307692307 0.23197115384615385 0.028846153846153848 0.0985576923076923
0 0.12620192307692307 0.2283653846153846 0.030048076923076924 0.10576923076923077
0 0.09615384615384616 0.2247596153846154 0.030048076923076924 0.10817307692307693
0 0.06850961538461539 0.22115384615384615 0.030048076923076924 0.10336538461538461
0 0.036057692307692304 0.22115384615384615 0.03125 0.10817307692307693
0 0.009615384615384616 0.22115384615384615 0.019230769230769232 0.0985576923076923
0 0.046875 0.4735576923076923 0.03245192307692308 0.10817307692307693
0 0.019230769230769232 0.453125 0.030048076923076924 0.0985576923076923
0 0.04326923076923077 0.7055288461538461 0.03245192307692308 0.10576923076923077
0 0.013221153846153846 0.6995192307692307 0.026442307692307692 0.1045673076923077