0 0.46153846153846156 0.5180288461538461 0.0889423076923077 0.07692307692307693
0 0.46153846153846156 0.42908653846153844 0.09495192307692307 0.078125
0 0.6262019230769231 0.6790865384615384 0.0829326923076923 0.08173076923076923
0 0.17548076923076922 0.40865384615384615 0.09975961538461539 0.0733173076923077
0 0.171875 0.6502403846153846 0.09495192307692307 0.06971153846153846
0 0.16826923076923078 0.7235576923076923 0.08774038461538461 0.06610576923076923
0 0.3641826923076923 0.6670673076923077 0.0829326923076923 0.06610576923076923
0 0.44471153846153844 0.8161057692307693 0.09134615384615384 0.07451923076923077
0 0.36177884615384615 0.4206730769230769 0.09134615384615384 0.06971153846153846
0 0.3557692307692308 0.5 0.10096153846153846 0.07451923076923077
0 0.3581730769230769 0.5877403846153846 0.0889423076923077 0.07091346153846154
0 0.3737980769230769 0.03365384615384615 0.0889423076923077 0.06490384615384616
0 0.6466346153846154 0.05048076923076923 0.08413461538461539 0.078125
0 0.6418269230769231 0.4483173076923077 0.08774038461538461 0.06850961538461539
0 0.6394230769230769 0.5276442307692307 0.08413461538461539 0.07091346153846154
0 0.6382211538461539 0.6057692307692307 0.08173076923076923 0.06610576923076923
0 0.796875 0.5625 0.07211538461538461 0.11899038461538461
0 0.7920673076923077 0.6490384615384616 0.06610576923076923 0.11298076923076923
0 0.7788461538461539 0.7247596153846154 0.07932692307692307 0.13221153846153846
0 0.7752403846153846 0.8149038461538461 0.07692307692307693 0.13221153846153846
0 0.6322115384615384 0.7572115384615384 0.08653846153846154 0.07091346153846154
0 0.4567307692307692 0.7391826923076923 0.09014423076923077 0.07932692307692307
0 0.4567307692307692 0.6598557692307693 0.0733173076923077 0.07211538461538461
0 0.4543269230769231 0.5901442307692307 0.09254807692307693 0.07211538461538461
0 0.3449519230769231 0.8834134615384616 0.09975961538461539 0.078125
0 0.4483173076923077 0.8894230769230769 0.07211538461538461 0.06971153846153846
0 0.7884615384615384 0.4375 0.07692307692307693 0.12740384615384615
0 0.7379807692307693 0.0733173076923077 0.08413461538461539 0.07451923076923077
0 0.17548076923076922 0.49038461538461536 0.0985576923076923 0.06610576923076923
0 0.08052884615384616 0.48197115384615385 0.09014423076923077 0.06370192307692307
0 0.08413461538461539 0.39903846153846156 0.10096153846153846 0.06610576923076923
0 0.07932692307692307 0.5625 0.0889423076923077 0.06490384615384616
0 0.1658653846153846 0.5721153846153846 0.08653846153846154 0.0625
0 0.16826923076923078 0.7920673076923077 0.08653846153846154 0.06370192307692307
0 0.16346153846153846 0.8665865384615384 0.09975961538461539 0.0733173076923077
0 0.7800480769230769 0.9086538461538461 0.06971153846153846 0.11778846153846154
0 0.6382211538461539 0.8269230769230769 0.07451923076923077 0.0625
0 0.6310096153846154 0.8990384615384616 0.08533653846153846 0.07091346153846154
0 0.10336538461538461 0.026442307692307692 0.10096153846153846 0.052884615384615384
0 0.20432692307692307 0.027644230769230768 0.08774038461538461 0.055288461538461536
0 0.4651442307692308 0.04447115384615385 0.09014423076923077 0.0733173076923077
0 0.15745192307692307 0.9411057692307693 0.09495192307692307 0.06971153846153846
0 0.056490384615384616 0.984375 0.10576923076923077 0.026442307692307692
0 0.15985576923076922 0.9879807692307693 0.09375 0.020432692307692308
0 0.3485576923076923 0.9591346153846154 0.09254807692307693 0.07692307692307693
0 0.43990384615384615 0.9627403846153846 0.08052884615384616 0.07091346153846154
0 0.625 0.9651442307692307 0.09254807692307693 0.06610576923076923