0 0.4519230769230769 0.3425480769230769 0.03245192307692308 0.13341346153846154
0 0.4891826923076923 0.3293269230769231 0.028846153846153848 0.11298076923076923
0 0.5288461538461539 0.32211538461538464 0.03125 0.12379807692307693
0 0.5661057692307693 0.3293269230769231 0.03485576923076923 0.125
0 0.6069711538461539 0.31490384615384615 0.03125 0.12860576923076922
0 0.6454326923076923 0.31850961538461536 0.036057692307692304 0.12620192307692307
0 0.6838942307692307 0.3233173076923077 0.03485576923076923 0.1310096153846154
0 0.5661057692307693 0.12139423076923077 0.07451923076923077 0.06971153846153846
0 0.6730769230769231 0.018028846153846152 0.030048076923076924 0.036057692307692304
0 0.6322115384615384 0.019230769230769232 0.03125 0.038461538461538464
0 0.5961538461538461 0.018028846153846152 0.03245192307692308 0.036057692307692304
0 0.5600961538461539 0.018028846153846152 0.030048076923076924 0.036057692307692304
0 0.5204326923076923 0.025240384615384616 0.027644230769230768 0.05048076923076923
0 0.484375 0.02283653846153846 0.028846153846153848 0.04567307692307692
0 0.45072115384615385 0.02283653846153846 0.03125 0.04567307692307692
0 0.41346153846153844 0.02283653846153846 0.030048076923076924 0.04567307692307692
0 0.38100961538461536 0.019230769230769232 0.03125 0.038461538461538464
0 0.3425480769230769 0.014423076923076924 0.03245192307692308 0.028846153846153848
0 0.30528846153846156 0.03125 0.03245192307692308 0.0625
0 0.2692307692307692 0.030048076923076924 0.03365384615384615 0.06009615384615385
0 0.23317307692307693 0.027644230769230768 0.03245192307692308 0.055288461538461536
0 0.12379807692307693 0.027644230769230768 0.03365384615384615 0.055288461538461536
0 0.09014423076923077 0.03365384615384615 0.037259615384615384 0.06610576923076923
0 0.04927884615384615 0.03485576923076923 0.04567307692307692 0.06971153846153846
0 0.015625 0.03365384615384615 0.030048076923076924 0.06610576923076923
0 0.37740384615384615 0.34975961538461536 0.036057692307692304 0.13341346153846154
0 0.3389423076923077 0.35336538461538464 0.036057692307692304 0.12860576923076922
0 0.3016826923076923 0.3269230769230769 0.030048076923076924 0.12620192307692307
0 0.2644230769230769 0.3329326923076923 0.03245192307692308 0.125
0 0.23076923076923078 0.3317307692307692 0.03365384615384615 0.12379807692307693
0 0.1622596153846154 0.33774038461538464 0.030048076923076924 0.12259615384615384
0 0.12620192307692307 0.3473557692307692 0.03245192307692308 0.13701923076923078
0 0.09014423076923077 0.34615384615384615 0.03485576923076923 0.10576923076923077
0 0.056490384615384616 0.36538461538461536 0.037259615384615384 0.12860576923076922
0 0.019230769230769232 0.3581730769230769 0.038461538461538464 0.1201923076923077
0 0.7355769230769231 0.6526442307692307 0.03485576923076923 0.12379807692307693
0 0.6875 0.6670673076923077 0.037259615384615384 0.12740384615384615
0 0.6490384615384616 0.671875 0.03125 0.10697115384615384
0 0.6117788461538461 0.6574519230769231 0.03485576923076923 0.13581730769230768
0 0.5757211538461539 0.6838942307692307 0.03125 0.12379807692307693
0 0.5372596153846154 0.6790865384615384 0.03125 0.13341346153846154
0 0.49759615384615385 0.6887019230769231 0.030048076923076924 0.1346153846153846
0 0.45913461538461536 0.6947115384615384 0.03365384615384615 0.1310096153846154
0 0.4182692307692308 0.6935096153846154 0.039663461538461536 0.19951923076923078
0 0.3137019230769231 0.7019230769230769 0.03365384615384615 0.12620192307692307
0 0.27884615384615385 0.6778846153846154 0.03365384615384615 0.125
0 0.1658653846153846 0.7163461538461539 0.038461538461538464 0.13341346153846154
0 0.09735576923076923 0.6959134615384616 0.040865384615384616 0.13581730769230768
0 0.025240384615384616 0.6971153846153846 0.039663461538461536 0.13341346153846154