0 0.9699519230769231 0.2692307692307692 0.057692307692307696 0.1466346153846154
0 0.9206730769230769 0.265625 0.05048076923076923 0.13581730769230768
0 0.8725961538461539 0.30649038461538464 0.046875 0.15504807692307693
0 0.8269230769230769 0.3112980769230769 0.055288461538461536 0.171875
0 0.7824519230769231 0.328125 0.051682692307692304 0.15264423076923078
0 0.3641826923076923 0.4182692307692308 0.04447115384615385 0.16105769230769232
0 0.2704326923076923 0.45552884615384615 0.040865384615384616 0.16105769230769232
0 0.22596153846153846 0.4795673076923077 0.039663461538461536 0.15865384615384615
0 0.27163461538461536 0.2403846153846154 0.07692307692307693 0.07451923076923077
0 0.9002403846153846 0.8112980769230769 0.06850961538461539 0.15264423076923078
0 0.9387019230769231 0.8533653846153846 0.06971153846153846 0.1466346153846154
0 0.6081730769230769 0.9014423076923077 0.06971153846153846 0.16105769230769232
0 0.6466346153846154 0.9411057692307693 0.06490384615384616 0.11298076923076923
0 0.5264423076923077 0.9735576923076923 0.04567307692307692 0.05048076923076923
0 0.7211538461538461 0.9651442307692307 0.051682692307692304 0.06490384615384616
0 0.9855769230769231 0.7067307692307693 0.027644230769230768 0.1502403846153846
0 0.5168269230769231 0.037259615384615384 0.040865384615384616 0.07451923076923077
0 0.5673076923076923 0.040865384615384616 0.04447115384615385 0.08173076923076923
0 0.6177884615384616 0.030048076923076924 0.038461538461538464 0.06009615384615385
0 0.33774038461538464 0.06971153846153846 0.04326923076923077 0.13942307692307693
0 0.2932692307692308 0.07091346153846154 0.04326923076923077 0.14182692307692307
0 0.24879807692307693 0.07692307692307693 0.04326923076923077 0.15264423076923078
0 0.20552884615384615 0.08052884615384616 0.04567307692307692 0.14302884615384615
0 0.16346153846153846 0.1045673076923077 0.04567307692307692 0.1310096153846154
0 0.11778846153846154 0.12379807692307693 0.055288461538461536 0.15144230769230768
0 0.07692307692307693 0.16105769230769232 0.04567307692307692 0.125
0 0.03365384615384615 0.14302884615384615 0.055288461538461536 0.1622596153846154
0 0.6634615384615384 0.016826923076923076 0.038461538461538464 0.03365384615384615
0 0.7079326923076923 0.018028846153846152 0.040865384615384616 0.036057692307692304
0 0.7512019230769231 0.014423076923076924 0.04326923076923077 0.027644230769230768
0 0.7992788461538461 0.014423076923076924 0.04326923076923077 0.028846153846153848
0 0.02403846153846154 0.02403846153846154 0.04447115384615385 0.046875
0 0.06850961538461539 0.016826923076923076 0.04567307692307692 0.03365384615384615