0 0.5432692307692307 0.8233173076923077 0.027644230769230768 0.09615384615384616
0 0.5769230769230769 0.5600961538461539 0.027644230769230768 0.1141826923076923
0 0.5432692307692307 0.5612980769230769 0.028846153846153848 0.11057692307692307
0 0.5108173076923077 0.5588942307692307 0.028846153846153848 0.11057692307692307
0 0.4795673076923077 0.5649038461538461 0.027644230769230768 0.10096153846153846
0 0.4495192307692308 0.5649038461538461 0.026442307692307692 0.1045673076923077
0 0.47716346153846156 0.4411057692307692 0.027644230769230768 0.1045673076923077
0 0.4423076923076923 0.4182692307692308 0.027644230769230768 0.109375
0 0.41225961538461536 0.43509615384615385 0.027644230769230768 0.10576923076923077
0 0.6394230769230769 0.5637019230769231 0.025240384615384616 0.10096153846153846
0 0.6081730769230769 0.5625 0.027644230769230768 0.1141826923076923
0 0.6682692307692307 0.5564903846153846 0.027644230769230768 0.10817307692307693
0 0.6370192307692307 0.4266826923076923 0.027644230769230768 0.10817307692307693
0 0.6033653846153846 0.4206730769230769 0.026442307692307692 0.10697115384615384
0 0.5721153846153846 0.4266826923076923 0.026442307692307692 0.09975961538461539
0 0.5420673076923077 0.4266826923076923 0.026442307692307692 0.10817307692307693
0 0.5108173076923077 0.4266826923076923 0.027644230769230768 0.11057692307692307
0 0.4050480769230769 0.1778846153846154 0.028846153846153848 0.11298076923076923
0 0.375 0.18389423076923078 0.025240384615384616 0.09615384615384616
0 0.41466346153846156 0.5625 0.03125 0.11778846153846154
0 0.3762019230769231 0.43990384615384615 0.028846153846153848 0.11298076923076923
0 0.38100961538461536 0.5625 0.030048076923076924 0.109375
0 0.3449519230769231 0.43509615384615385 0.026442307692307692 0.11057692307692307
0 0.34975961538461536 0.5588942307692307 0.030048076923076924 0.12139423076923077
0 0.3173076923076923 0.5637019230769231 0.03125 0.10817307692307693
0 0.3125 0.4338942307692308 0.026442307692307692 0.09735576923076923
0 0.28125 0.4375 0.027644230769230768 0.11057692307692307
0 0.2848557692307692 0.5769230769230769 0.030048076923076924 0.10096153846153846
0 0.44471153846153844 0.8245192307692307 0.027644230769230768 0.11658653846153846
0 0.47716346153846156 0.8197115384615384 0.028846153846153848 0.11538461538461539
0 0.5084134615384616 0.828125 0.027644230769230768 0.11538461538461539
0 0.5745192307692307 0.8233173076923077 0.030048076923076924 0.109375
0 0.6057692307692307 0.8149038461538461 0.030048076923076924 0.1045673076923077
0 0.6370192307692307 0.8137019230769231 0.028846153846153848 0.10697115384615384
0 0.7019230769230769 0.546875 0.026442307692307692 0.10336538461538461
0 0.2536057692307692 0.5721153846153846 0.027644230769230768 0.10096153846153846
0 0.24879807692307693 0.4411057692307692 0.028846153846153848 0.1141826923076923
0 0.21995192307692307 0.44591346153846156 0.026442307692307692 0.1045673076923077
0 0.18389423076923078 0.4579326923076923 0.026442307692307692 0.10096153846153846
0 0.18870192307692307 0.5829326923076923 0.03125 0.10817307692307693
0 0.15504807692307693 0.4495192307692308 0.030048076923076924 0.11658653846153846
0 0.15745192307692307 0.5817307692307693 0.03125 0.109375
0 0.12740384615384615 0.5829326923076923 0.030048076923076924 0.10697115384615384
0 0.12379807692307693 0.4567307692307692 0.03125 0.09254807692307693
0 0.09254807692307693 0.44711538461538464 0.03125 0.109375
0 0.06009615384615385 0.4543269230769231 0.03485576923076923 0.11298076923076923
0 0.09495192307692307 0.5817307692307693 0.036057692307692304 0.11298076923076923
0 0.05889423076923077 0.5745192307692307 0.03485576923076923 0.1141826923076923
0 0.021634615384615384 0.46153846153846156 0.038461538461538464 0.11778846153846154
0 0.026442307692307692 0.5829326923076923 0.030048076923076924 0.09134615384615384
0 0.007211538461538462 0.5829326923076923 0.014423076923076924 0.10576923076923077
0 0.3425480769230769 0.17548076923076922 0.026442307692307692 0.10576923076923077
0 0.3112980769230769 0.17307692307692307 0.027644230769230768 0.11658653846153846
0 0.2776442307692308 0.171875 0.027644230769230768 0.11057692307692307
0 0.24639423076923078 0.17548076923076922 0.027644230769230768 0.1045673076923077
0 0.21514423076923078 0.17067307692307693 0.027644230769230768 0.10096153846153846
0 0.18389423076923078 0.1814903846153846 0.03125 0.10576923076923077
0 0.15144230769230768 0.1875 0.027644230769230768 0.10096153846153846
0 0.11778846153846154 0.18990384615384615 0.03245192307692308 0.09735576923076923
0 0.08653846153846154 0.18629807692307693 0.03245192307692308 0.10817307692307693
0 0.056490384615384616 0.18389423076923078 0.026442307692307692 0.109375
0 0.02403846153846154 0.20793269230769232 0.03245192307692308 0.09975961538461539
0 0.052884615384615384 0.09495192307692307 0.056490384615384616 0.051682692307692304
0 0.12139423076923077 0.0889423076923077 0.06370192307692307 0.052884615384615384
0 0.4411057692307692 0.15865384615384615 0.027644230769230768 0.10697115384615384
0 0.4699519230769231 0.17908653846153846 0.02403846153846154 0.10576923076923077
0 0.5036057692307693 0.16706730769230768 0.02403846153846154 0.10336538461538461
0 0.6622596153846154 0.16826923076923078 0.025240384615384616 0.1045673076923077
0 0.6899038461538461 0.15504807692307693 0.030048076923076924 0.10096153846153846
0 0.7247596153846154 0.14423076923076922 0.030048076923076924 0.09735576923076923
0 0.7524038461538461 0.16346153846153846 0.027644230769230768 0.10336538461538461
0 0.78125 0.16947115384615385 0.030048076923076924 0.09134615384615384
0 0.8125 0.17548076923076922 0.030048076923076924 0.09134615384615384
0 0.8389423076923077 0.16947115384615385 0.027644230769230768 0.10817307692307693
0 0.8677884615384616 0.17548076923076922 0.030048076923076924 0.11298076923076923
0 0.8966346153846154 0.17307692307692307 0.030048076923076924 0.1045673076923077
0 0.9254807692307693 0.17067307692307693 0.027644230769230768 0.10096153846153846
0 0.9555288461538461 0.17067307692307693 0.03245192307692308 0.10817307692307693
0 0.9855769230769231 0.171875 0.027644230769230768 0.10336538461538461
0 0.7824519230769231 0.4170673076923077 0.027644230769230768 0.10336538461538461
0 0.8161057692307693 0.4266826923076923 0.027644230769230768 0.0985576923076923
0 0.8473557692307693 0.41947115384615385 0.030048076923076924 0.1045673076923077
0 0.8737980769230769 0.41346153846153844 0.027644230769230768 0.10096153846153846
0 0.9026442307692307 0.4170673076923077 0.030048076923076924 0.09975961538461539
0 0.9302884615384616 0.41586538461538464 0.027644230769230768 0.1045673076923077
0 0.9591346153846154 0.41225961538461536 0.03125 0.10817307692307693
0 0.9855769230769231 0.4050480769230769 0.026442307692307692 0.0985576923076923
0 0.9855769230769231 0.5240384615384616 0.025240384615384616 0.09615384615384616
0 0.9603365384615384 0.5276442307692307 0.03245192307692308 0.10576923076923077
0 0.9302884615384616 0.5288461538461539 0.030048076923076924 0.1045673076923077
0 0.9026442307692307 0.5324519230769231 0.027644230769230768 0.10336538461538461
0 0.8737980769230769 0.5324519230769231 0.03125 0.1045673076923077
0 0.8449519230769231 0.8016826923076923 0.027644230769230768 0.10576923076923077
0 0.9855769230769231 0.7680288461538461 0.025240384615384616 0.10817307692307693
0 0.9086538461538461 0.9050480769230769 0.02403846153846154 0.09735576923076923
0 0.8774038461538461 0.9194711538461539 0.03245192307692308 0.09975961538461539
0 0.8185096153846154 0.9350961538461539 0.02403846153846154 0.09134615384615384
0 0.8161057692307693 0.8028846153846154 0.028846153846153848 0.10576923076923077
0 0.7872596153846154 0.8125 0.026442307692307692 0.10817307692307693
0 0.7608173076923077 0.8149038461538461 0.030048076923076924 0.10697115384615384
0 0.7283653846153846 0.8161057692307693 0.028846153846153848 0.10697115384615384
0 0.6971153846153846 0.8112980769230769 0.03125 0.10697115384615384
0 0.6694711538461539 0.8112980769230769 0.028846153846153848 0.1045673076923077
0 0.7908653846153846 0.9278846153846154 0.027644230769230768 0.09254807692307693
0 0.7596153846153846 0.9290865384615384 0.030048076923076924 0.10817307692307693
0 0.7295673076923077 0.9338942307692307 0.026442307692307692 0.09735576923076923
0 0.7007211538461539 0.9447115384615384 0.025240384615384616 0.09975961538461539
0 0.6706730769230769 0.9399038461538461 0.025240384615384616 0.1045673076923077
0 0.6382211538461539 0.9519230769230769 0.030048076923076924 0.09254807692307693
0 0.6057692307692307 0.9314903846153846 0.028846153846153848 0.10697115384615384
0 0.5769230769230769 0.9411057692307693 0.025240384615384616 0.08774038461538461
0 0.5456730769230769 0.9447115384615384 0.027644230769230768 0.10096153846153846
0 0.5132211538461539 0.9435096153846154 0.025240384615384616 0.10336538461538461
0 0.4807692307692308 0.9471153846153846 0.028846153846153848 0.10096153846153846
0 0.4495192307692308 0.9435096153846154 0.030048076923076924 0.109375
0 0.4182692307692308 0.9435096153846154 0.027644230769230768 0.10096153846153846
0 0.38221153846153844 0.9483173076923077 0.030048076923076924 0.09975961538461539
0 0.35096153846153844 0.9471153846153846 0.03245192307692308 0.10096153846153846
0 0.31971153846153844 0.953125 0.027644230769230768 0.0889423076923077
0 0.28846153846153844 0.9543269230769231 0.030048076923076924 0.08774038461538461
0 0.25600961538461536 0.9567307692307693 0.030048076923076924 0.08173076923076923
0 0.22355769230769232 0.9579326923076923 0.030048076923076924 0.08052884615384616
0 0.1935096153846154 0.9579326923076923 0.030048076923076924 0.07932692307692307
0 0.12620192307692307 0.9639423076923077 0.03365384615384615 0.06850961538461539
0 0.09495192307692307 0.9627403846153846 0.030048076923076924 0.07211538461538461
0 0.05889423076923077 0.9639423076923077 0.03245192307692308 0.06971153846153846
0 0.021634615384615384 0.9579326923076923 0.037259615384615384 0.07932692307692307
0 0.018028846153846152 0.8533653846153846 0.036057692307692304 0.11778846153846154
0 0.056490384615384616 0.8605769230769231 0.037259615384615384 0.11057692307692307
0 0.09254807692307693 0.8533653846153846 0.03245192307692308 0.11298076923076923
0 0.12379807692307693 0.8449519230769231 0.027644230769230768 0.0985576923076923
0 0.15745192307692307 0.8533653846153846 0.028846153846153848 0.1141826923076923
0 0.19110576923076922 0.8545673076923077 0.027644230769230768 0.10096153846153846
0 0.22115384615384615 0.8509615384615384 0.030048076923076924 0.10697115384615384
0 0.25240384615384615 0.8461538461538461 0.028846153846153848 0.11298076923076923
0 0.28365384615384615 0.828125 0.030048076923076924 0.10697115384615384
0 0.3173076923076923 0.8329326923076923 0.030048076923076924 0.10576923076923077
0 0.34975961538461536 0.8233173076923077 0.026442307692307692 0.10096153846153846
0 0.38100961538461536 0.828125 0.027644230769230768 0.09254807692307693
0 0.41346153846153844 0.8245192307692307 0.025240384615384616 0.10096153846153846