0 0.8257211538461539 0.8365384615384616 0.08533653846153846 0.0733173076923077
0 0.8317307692307693 0.9110576923076923 0.08533653846153846 0.07211538461538461
0 0.8293269230769231 0.9747596153846154 0.0889423076923077 0.04567307692307692
0 0.9831730769230769 0.9663461538461539 0.03245192307692308 0.06370192307692307
0 0.9771634615384616 0.9002403846153846 0.04326923076923077 0.07211538461538461
0 0.9747596153846154 0.8185096153846154 0.04807692307692308 0.06490384615384616
0 0.7295673076923077 0.8377403846153846 0.078125 0.07091346153846154
0 0.7331730769230769 0.9254807692307693 0.08653846153846154 0.07211538461538461
0 0.7319711538461539 0.9819711538461539 0.08413461538461539 0.03245192307692308
0 0.5348557692307693 0.8665865384615384 0.08533653846153846 0.07692307692307693
0 0.43028846153846156 0.8762019230769231 0.09014423076923077 0.07211538461538461
0 0.4362980769230769 0.9567307692307693 0.08653846153846154 0.06971153846153846
0 0.23798076923076922 0.9675480769230769 0.07572115384615384 0.06129807692307692
0 0.1310096153846154 0.9747596153846154 0.09254807692307693 0.04567307692307692
0 0.13341346153846154 0.9122596153846154 0.08052884615384616 0.0625
0 0.9723557692307693 0.3485576923076923 0.052884615384615384 0.07091346153846154
0 0.9675480769230769 0.2644230769230769 0.06370192307692307 0.0625
0 0.9711538461538461 0.1875 0.052884615384615384 0.0625
0 0.9675480769230769 0.11538461538461539 0.06370192307692307 0.06850961538461539
0 0.7992788461538461 0.05889423076923077 0.09014423076923077 0.07692307692307693
0 0.796875 0.1310096153846154 0.08774038461538461 0.0733173076923077
0 0.8016826923076923 0.2127403846153846 0.08413461538461539 0.0733173076923077
0 0.7980769230769231 0.28725961538461536 0.08774038461538461 0.06370192307692307
0 0.8040865384615384 0.3629807692307692 0.0829326923076923 0.07211538461538461
0 0.8100961538461539 0.43990384615384615 0.0829326923076923 0.06129807692307692
0 0.7103365384615384 0.30408653846153844 0.07692307692307693 0.06370192307692307
0 0.7139423076923077 0.38100961538461536 0.08774038461538461 0.078125
0 0.7175480769230769 0.45913461538461536 0.08774038461538461 0.07091346153846154
0 0.7127403846153846 0.0733173076923077 0.0733173076923077 0.08173076923076923
0 0.7067307692307693 0.02283653846153846 0.09134615384615384 0.04567307692307692
0 0.5168269230769231 0.23557692307692307 0.09254807692307693 0.07932692307692307
0 0.5240384615384616 0.39302884615384615 0.08413461538461539 0.06971153846153846
0 0.5348557692307693 0.48197115384615385 0.08774038461538461 0.06370192307692307
0 0.4375 0.47836538461538464 0.0889423076923077 0.06850961538461539
0 0.42908653846153844 0.39663461538461536 0.09254807692307693 0.07091346153846154
0 0.4110576923076923 0.25 0.08413461538461539 0.07211538461538461