0 0.6033653846153846 0.3269230769230769 0.046875 0.16346153846153846
0 0.6430288461538461 0.3629807692307692 0.040865384615384616 0.12740384615384615
0 0.5588942307692307 0.31009615384615385 0.04567307692307692 0.15264423076923078
0 0.515625 0.2980769230769231 0.038461538461538464 0.13581730769230768
0 0.4675480769230769 0.29086538461538464 0.04326923076923077 0.14903846153846154
0 0.3762019230769231 0.2764423076923077 0.042067307692307696 0.14182692307692307
0 0.6189903846153846 0.7067307692307693 0.04447115384615385 0.16706730769230768
0 0.4254807692307692 0.27884615384615385 0.042067307692307696 0.15384615384615385
0 0.3317307692307692 0.27524038461538464 0.040865384615384616 0.1466346153846154
0 0.28725961538461536 0.2403846153846154 0.04326923076923077 0.1466346153846154
0 0.30288461538461536 0.08653846153846154 0.04927884615384615 0.15745192307692307
0 0.3473557692307692 0.0985576923076923 0.04567307692307692 0.14543269230769232
0 0.3894230769230769 0.10817307692307693 0.04927884615384615 0.14182692307692307
0 0.4326923076923077 0.11899038461538461 0.04447115384615385 0.14903846153846154
0 0.4807692307692308 0.13341346153846154 0.04807692307692308 0.14903846153846154
0 0.5264423076923077 0.1502403846153846 0.042067307692307696 0.13942307692307693
0 0.5673076923076923 0.14903846153846154 0.040865384615384616 0.13942307692307693
0 0.6153846153846154 0.15384615384615385 0.042067307692307696 0.14543269230769232
0 0.6550480769230769 0.16947115384615385 0.040865384615384616 0.14302884615384615
0 0.7007211538461539 0.18028846153846154 0.040865384615384616 0.1502403846153846
0 0.7403846153846154 0.1875 0.040865384615384616 0.15144230769230768
0 0.7848557692307693 0.21153846153846154 0.040865384615384616 0.13701923076923078
0 0.8245192307692307 0.21153846153846154 0.040865384615384616 0.14543269230769232
0 0.8665865384615384 0.23076923076923078 0.040865384615384616 0.14543269230769232
0 0.9098557692307693 0.21394230769230768 0.04326923076923077 0.140625
0 0.8978365384615384 0.41346153846153844 0.04927884615384615 0.15264423076923078
0 0.8581730769230769 0.39302884615384615 0.04807692307692308 0.15865384615384615
0 0.8185096153846154 0.37740384615384615 0.04927884615384615 0.15504807692307693
0 0.7764423076923077 0.3641826923076923 0.04567307692307692 0.13942307692307693
0 0.734375 0.3641826923076923 0.04326923076923077 0.12860576923076922
0 0.6899038461538461 0.3581730769230769 0.04447115384615385 0.1466346153846154
0 0.36899038461538464 0.47596153846153844 0.09495192307692307 0.09495192307692307
0 0.6634615384615384 0.734375 0.04807692307692308 0.1658653846153846
0 0.7043269230769231 0.7403846153846154 0.04567307692307692 0.1658653846153846
0 0.7487980769230769 0.7512019230769231 0.040865384615384616 0.15504807692307693
0 0.7932692307692307 0.7512019230769231 0.040865384615384616 0.15745192307692307
0 0.8353365384615384 0.7584134615384616 0.04326923076923077 0.15504807692307693
0 0.8822115384615384 0.7680288461538461 0.04567307692307692 0.15985576923076922