0 0.5060096153846154 0.5961538461538461 0.03245192307692308 0.13221153846153846
0 0.5420673076923077 0.5913461538461539 0.03485576923076923 0.1346153846153846
0 0.5805288461538461 0.5817307692307693 0.03485576923076923 0.13221153846153846
0 0.6189903846153846 0.5817307692307693 0.030048076923076924 0.12139423076923077
0 0.65625 0.5745192307692307 0.03485576923076923 0.13341346153846154
0 0.6935096153846154 0.5733173076923077 0.03485576923076923 0.125
0 0.7283653846153846 0.5721153846153846 0.03485576923076923 0.11658653846153846
0 0.7644230769230769 0.578125 0.03125 0.12379807692307693
0 0.7992788461538461 0.5769230769230769 0.03245192307692308 0.11778846153846154
0 0.8353365384615384 0.5829326923076923 0.037259615384615384 0.12259615384615384
0 0.8713942307692307 0.5877403846153846 0.03245192307692308 0.12379807692307693
0 0.9038461538461539 0.5841346153846154 0.037259615384615384 0.125
0 0.9375 0.5805288461538461 0.038461538461538464 0.13341346153846154
0 0.9747596153846154 0.5805288461538461 0.038461538461538464 0.11057692307692307
0 0.9627403846153846 0.22355769230769232 0.039663461538461536 0.12259615384615384
0 0.8978365384615384 0.22596153846153846 0.038461538461538464 0.10576923076923077
0 0.8293269230769231 0.22355769230769232 0.038461538461538464 0.10817307692307693
0 0.7932692307692307 0.23317307692307693 0.03485576923076923 0.12379807692307693
0 0.7247596153846154 0.23197115384615385 0.03245192307692308 0.125
0 0.6887019230769231 0.24158653846153846 0.037259615384615384 0.125
0 0.6526442307692307 0.2283653846153846 0.037259615384615384 0.1310096153846154
0 0.6153846153846154 0.2127403846153846 0.03125 0.12139423076923077
0 0.578125 0.203125 0.03125 0.12860576923076922
0 0.5432692307692307 0.21514423076923078 0.030048076923076924 0.12620192307692307
0 0.5024038461538461 0.2283653846153846 0.03125 0.140625
0 0.17067307692307693 0.7415865384615384 0.07091346153846154 0.06009615384615385
0 0.16826923076923078 0.6081730769230769 0.07692307692307693 0.056490384615384616
0 0.171875 0.5456730769230769 0.07692307692307693 0.056490384615384616
0 0.46875 0.5865384615384616 0.03485576923076923 0.1310096153846154
0 0.42908653846153844 0.5961538461538461 0.03485576923076923 0.12860576923076922
0 0.9903846153846154 0.22956730769230768 0.016826923076923076 0.12139423076923077
0 0.9639423076923077 0.3918269230769231 0.06971153846153846 0.05889423076923077
0 0.9807692307692307 0.921875 0.037259615384615384 0.13942307692307693
0 0.9447115384615384 0.921875 0.039663461538461536 0.1310096153846154
0 0.9098557692307693 0.9290865384615384 0.037259615384615384 0.13701923076923078
0 0.8737980769230769 0.9110576923076923 0.036057692307692304 0.11899038461538461
0 0.8389423076923077 0.9254807692307693 0.037259615384615384 0.13221153846153846
0 0.8016826923076923 0.9266826923076923 0.03245192307692308 0.12740384615384615
0 0.765625 0.9302884615384616 0.03485576923076923 0.12259615384615384
0 0.7307692307692307 0.9278846153846154 0.03485576923076923 0.13341346153846154
0 0.6947115384615384 0.9375 0.038461538461538464 0.12259615384615384
0 0.6526442307692307 0.9375 0.03365384615384615 0.12259615384615384
0 0.6177884615384616 0.9350961538461539 0.03245192307692308 0.11538461538461539
0 0.5829326923076923 0.9399038461538461 0.030048076923076924 0.11538461538461539
0 0.5432692307692307 0.9362980769230769 0.03485576923076923 0.12379807692307693
0 0.5072115384615384 0.9483173076923077 0.030048076923076924 0.09975961538461539
0 0.4699519230769231 0.9411057692307693 0.030048076923076924 0.1141826923076923
0 0.43149038461538464 0.9254807692307693 0.027644230769230768 0.12379807692307693
0 0.39903846153846156 0.9387019230769231 0.03365384615384615 0.11778846153846154
0 0.3581730769230769 0.9362980769230769 0.03365384615384615 0.12379807692307693
0 0.17307692307692307 0.8137019230769231 0.07451923076923077 0.054086538461538464
0 0.17668269230769232 0.8834134615384616 0.06610576923076923 0.0625
0 0.17427884615384615 0.4831730769230769 0.06610576923076923 0.05048076923076923
0 0.16947115384615385 0.4206730769230769 0.07451923076923077 0.056490384615384616
0 0.16826923076923078 0.35096153846153844 0.07211538461538461 0.06009615384615385
0 0.16826923076923078 0.6754807692307693 0.07451923076923077 0.056490384615384616