0 0.17067307692307693 0.515625 0.052884615384615384 0.09134615384615384
0 0.5697115384615384 0.3605769230769231 0.051682692307692304 0.0985576923076923
0 0.47716346153846156 0.3629807692307692 0.05048076923076923 0.09254807692307693
0 0.4543269230769231 0.39903846153846156 0.05048076923076923 0.09735576923076923
0 0.5012019230769231 0.48197115384615385 0.04567307692307692 0.08173076923076923
0 0.4831730769230769 0.5288461538461539 0.054086538461538464 0.09975961538461539
0 0.43149038461538464 0.4375 0.055288461538461536 0.09735576923076923
0 0.40384615384615385 0.47475961538461536 0.04326923076923077 0.078125
0 0.45913461538461536 0.5625 0.04927884615384615 0.08774038461538461
0 0.4362980769230769 0.5997596153846154 0.04567307692307692 0.0829326923076923
0 0.38100961538461536 0.5120192307692307 0.052884615384615384 0.09735576923076923
0 0.3605769230769231 0.5504807692307693 0.05048076923076923 0.09254807692307693
0 0.6105769230769231 0.6670673076923077 0.052884615384615384 0.09495192307692307
0 0.6298076923076923 0.6286057692307693 0.054086538461538464 0.09495192307692307
0 0.6526442307692307 0.5949519230769231 0.04567307692307692 0.08173076923076923
0 0.4951923076923077 0.30408653846153844 0.055288461538461536 0.10096153846153846
0 0.5456730769230769 0.39903846153846156 0.04927884615384615 0.0889423076923077
0 0.5264423076923077 0.4387019230769231 0.052884615384615384 0.09615384615384616
0 0.41586538461538464 0.6442307692307693 0.051682692307692304 0.09495192307692307
0 0.3401442307692308 0.5913461538461539 0.04807692307692308 0.09134615384615384
0 0.31971153846153844 0.6346153846153846 0.05048076923076923 0.09014423076923077
0 0.39302884615384615 0.6862980769230769 0.051682692307692304 0.09735576923076923
0 0.3713942307692308 0.7223557692307693 0.054086538461538464 0.0985576923076923
0 0.3545673076923077 0.7584134615384616 0.052884615384615384 0.07692307692307693
0 0.19831730769230768 0.484375 0.04927884615384615 0.09134615384615384
0 0.2824519230769231 0.31850961538461536 0.04807692307692308 0.09134615384615384
0 0.15504807692307693 0.5649038461538461 0.06370192307692307 0.109375
0 0.6730769230769231 0.5456730769230769 0.046875 0.08413461538461539
0 0.6947115384615384 0.5084134615384616 0.054086538461538464 0.09615384615384616
0 0.6550480769230769 0.7463942307692307 0.04567307692307692 0.078125
0 0.5637019230769231 0.7391826923076923 0.04567307692307692 0.08173076923076923
0 0.27524038461538464 0.7139423076923077 0.04807692307692308 0.09254807692307693
0 0.2980769230769231 0.6802884615384616 0.051682692307692304 0.09975961538461539
0 0.25600961538461536 0.75 0.055288461538461536 0.09975961538461539
0 0.23076923076923078 0.7908653846153846 0.04807692307692308 0.09134615384615384
0 0.30649038461538464 0.8389423076923077 0.051682692307692304 0.09495192307692307
0 0.3293269230769231 0.8088942307692307 0.05048076923076923 0.0889423076923077
0 0.21394230769230768 0.8341346153846154 0.046875 0.08653846153846154
0 0.5432692307692307 0.7836538461538461 0.052884615384615384 0.09134615384615384
0 0.6382211538461539 0.7944711538461539 0.05048076923076923 0.09254807692307693
0 0.5925480769230769 0.32091346153846156 0.05048076923076923 0.08774038461538461
0 0.7439903846153846 0.5877403846153846 0.05048076923076923 0.09014423076923077
0 0.7644230769230769 0.5540865384615384 0.04807692307692308 0.09254807692307693
0 0.6141826923076923 0.28725961538461536 0.052884615384615384 0.09615384615384616
0 0.5432692307692307 0.23557692307692307 0.054086538461538464 0.09254807692307693
0 0.5192307692307693 0.2704326923076923 0.04567307692307692 0.08052884615384616
0 0.046875 0.7704326923076923 0.05889423076923077 0.08413461538461539
0 0.06971153846153846 0.7295673076923077 0.051682692307692304 0.08774038461538461
0 0.09134615384615384 0.6862980769230769 0.04807692307692308 0.08653846153846154
0 0.11177884615384616 0.6490384615384616 0.04807692307692308 0.09615384615384616
0 0.18509615384615385 0.027644230769230768 0.055288461538461536 0.055288461538461536
0 0.32572115384615385 0.24158653846153846 0.05048076923076923 0.09254807692307693
0 0.3425480769230769 0.19591346153846154 0.04927884615384615 0.09014423076923077
0 0.3016826923076923 0.2776442307692308 0.05048076923076923 0.08774038461538461
0 0.2620192307692308 0.36658653846153844 0.051682692307692304 0.09615384615384616
0 0.2403846153846154 0.40384615384615385 0.051682692307692304 0.09254807692307693
0 0.21875 0.44711538461538464 0.05048076923076923 0.0889423076923077
0 0.1310096153846154 0.6057692307692307 0.055288461538461536 0.09735576923076923
0 0.7367788461538461 0.4362980769230769 0.04807692307692308 0.0889423076923077
0 0.7127403846153846 0.45913461538461536 0.052884615384615384 0.09134615384615384
0 0.6995192307692307 0.6730769230769231 0.04807692307692308 0.09014423076923077
0 0.6802884615384616 0.7115384615384616 0.05048076923076923 0.09014423076923077
0 0.5240384615384616 0.8317307692307693 0.054086538461538464 0.09495192307692307
0 0.6153846153846154 0.8317307692307693 0.05048076923076923 0.09134615384615384
0 0.5877403846153846 0.7055288461538461 0.052884615384615384 0.09615384615384616
0 0.5625 0.19951923076923078 0.052884615384615384 0.09134615384615384
0 0.578125 0.1502403846153846 0.04807692307692308 0.0829326923076923
0 0.5985576923076923 0.11298076923076923 0.05048076923076923 0.09014423076923077
0 0.6201923076923077 0.07932692307692307 0.055288461538461536 0.09254807692307693
0 0.6394230769230769 0.04567307692307692 0.052884615384615384 0.09014423076923077
0 0.6310096153846154 0.24639423076923078 0.04927884615384615 0.08653846153846154
0 0.6490384615384616 0.20673076923076922 0.04447115384615385 0.08052884615384616
0 0.6706730769230769 0.16947115384615385 0.051682692307692304 0.08653846153846154
0 0.6947115384615384 0.13581730769230768 0.04567307692307692 0.08413461538461539
0 0.7872596153846154 0.018028846153846152 0.040865384615384616 0.036057692307692304
0 0.8545673076923077 0.05048076923076923 0.05048076923076923 0.06490384615384616
0 0.9362980769230769 0.05889423076923077 0.055288461538461536 0.09615384615384616
0 0.9555288461538461 0.03365384615384615 0.057692307692307696 0.06610576923076923
0 0.9807692307692307 0.009615384615384616 0.03125 0.019230769230769232
0 0.9891826923076923 0.09014423076923077 0.020432692307692308 0.06850961538461539
0 0.9771634615384616 0.140625 0.04326923076923077 0.09254807692307693
0 0.9591346153846154 0.16947115384615385 0.05048076923076923 0.08653846153846154
0 0.9435096153846154 0.20793269230769232 0.056490384615384616 0.0889423076923077
0 0.9206730769230769 0.24158653846153846 0.06129807692307692 0.09495192307692307
0 0.8762019230769231 0.16346153846153846 0.05048076923076923 0.08052884615384616
0 0.8990384615384616 0.13221153846153846 0.054086538461538464 0.09014423076923077
0 0.7596153846153846 0.3954326923076923 0.05048076923076923 0.09014423076923077
0 0.7752403846153846 0.3557692307692308 0.054086538461538464 0.09014423076923077
0 0.796875 0.3161057692307692 0.052884615384615384 0.08774038461538461
0 0.8425480769230769 0.40024038461538464 0.04447115384615385 0.08774038461538461
0 0.8233173076923077 0.4362980769230769 0.046875 0.08774038461538461
0 0.8052884615384616 0.4831730769230769 0.04807692307692308 0.09495192307692307
0 0.7776442307692307 0.5144230769230769 0.05048076923076923 0.09254807692307693
0 0.19230769230769232 0.8786057692307693 0.052884615384615384 0.09735576923076923
0 0.2848557692307692 0.8834134615384616 0.051682692307692304 0.09254807692307693
0 0.2644230769230769 0.9254807692307693 0.052884615384615384 0.09615384615384616
0 0.24519230769230768 0.9591346153846154 0.05048076923076923 0.07692307692307693
0 0.21514423076923078 0.9795673076923077 0.03365384615384615 0.038461538461538464
0 0.16947115384615385 0.9194711538461539 0.052884615384615384 0.09735576923076923
0 0.1502403846153846 0.9543269230769231 0.056490384615384616 0.08774038461538461
0 0.12620192307692307 0.9759615384615384 0.038461538461538464 0.04447115384615385
0 0.09254807692307693 0.9903846153846154 0.027644230769230768 0.016826923076923076
0 0.02403846153846154 0.7980769230769231 0.04807692307692308 0.09495192307692307
0 0.016826923076923076 0.8677884615384616 0.03365384615384615 0.07211538461538461
0 0.010817307692307692 0.6911057692307693 0.021634615384615384 0.07091346153846154
0 0.019230769230769232 0.6346153846153846 0.037259615384615384 0.0889423076923077
0 0.037259615384615384 0.6009615384615384 0.056490384615384616 0.0985576923076923
0 0.05889423076923077 0.5588942307692307 0.054086538461538464 0.09495192307692307
0 0.08413461538461539 0.5192307692307693 0.054086538461538464 0.09735576923076923
0 0.09975961538461539 0.4735576923076923 0.04807692307692308 0.09735576923076923
0 0.12620192307692307 0.4387019230769231 0.054086538461538464 0.09735576923076923
0 0.14783653846153846 0.40024038461538464 0.04927884615384615 0.09615384615384616
0 0.16706730769230768 0.35697115384615385 0.04927884615384615 0.09254807692307693
0 0.1935096153846154 0.32211538461538464 0.054086538461538464 0.0889423076923077
0 0.21394230769230768 0.2824519230769231 0.052884615384615384 0.09495192307692307
0 0.23197115384615385 0.23798076923076922 0.046875 0.08173076923076923
0 0.2536057692307692 0.1971153846153846 0.052884615384615384 0.09134615384615384
0 0.27283653846153844 0.14903846153846154 0.04326923076923077 0.0829326923076923
0 0.2980769230769231 0.11778846153846154 0.051682692307692304 0.09615384615384616
0 0.31850961538461536 0.07692307692307693 0.04567307692307692 0.08413461538461539
0 0.34134615384615385 0.046875 0.04807692307692308 0.08774038461538461
0 0.36658653846153844 0.16346153846153846 0.05048076923076923 0.0889423076923077
0 0.3918269230769231 0.125 0.05048076923076923 0.09014423076923077
0 0.4170673076923077 0.09254807692307693 0.04567307692307692 0.0889423076923077
0 0.4411057692307692 0.055288461538461536 0.051682692307692304 0.09735576923076923
0 0.4639423076923077 0.037259615384615384 0.055288461538461536 0.07451923076923077
0 0.36538461538461536 0.02403846153846154 0.04447115384615385 0.04807692307692308
0 0.4050480769230769 0.009615384615384616 0.030048076923076924 0.019230769230769232
0 0.49399038461538464 0.018028846153846152 0.036057692307692304 0.036057692307692304
0 0.9891826923076923 0.43990384615384615 0.020432692307692308 0.05889423076923077
0 0.9831730769230769 0.5012019230769231 0.03245192307692308 0.09014423076923077
0 0.9423076923076923 0.5925480769230769 0.04927884615384615 0.08173076923076923
0 0.9230769230769231 0.6274038461538461 0.051682692307692304 0.08413461538461539
0 0.90625 0.6706730769230769 0.052884615384615384 0.09014423076923077
0 0.8846153846153846 0.7067307692307693 0.05048076923076923 0.0889423076923077
0 0.8689903846153846 0.7463942307692307 0.05048076923076923 0.0889423076923077
0 0.8473557692307693 0.7824519230769231 0.054086538461538464 0.09615384615384616
0 0.5 0.8713942307692307 0.054086538461538464 0.09735576923076923
0 0.47836538461538464 0.9098557692307693 0.05048076923076923 0.08653846153846154
0 0.4543269230769231 0.9519230769230769 0.055288461538461536 0.09254807692307693
0 0.43028846153846156 0.9711538461538461 0.04447115384615385 0.054086538461538464
0 0.3942307692307692 0.9891826923076923 0.02403846153846154 0.019230769230769232
0 0.5252403846153846 0.9723557692307693 0.04567307692307692 0.051682692307692304
0 0.5504807692307693 0.9543269230769231 0.055288461538461536 0.0889423076923077
0 0.5709134615384616 0.9122596153846154 0.051682692307692304 0.09735576923076923
0 0.5925480769230769 0.8689903846153846 0.05048076923076923 0.09735576923076923
0 0.7115384615384616 0.984375 0.03245192307692308 0.026442307692307692
0 0.7403846153846154 0.9651442307692307 0.04567307692307692 0.06490384615384616
0 0.7620192307692307 0.9435096153846154 0.05048076923076923 0.09254807692307693
0 0.7860576923076923 0.9050480769230769 0.054086538461538464 0.09134615384615384
0 0.8088942307692307 0.8677884615384616 0.056490384615384616 0.09735576923076923
0 0.8257211538461539 0.8209134615384616 0.054086538461538464 0.09615384615384616
0 0.1310096153846154 0.1141826923076923 0.057692307692307696 0.09615384615384616
0 0.07211538461538461 0.20432692307692307 0.06370192307692307 0.09495192307692307
0 0.027644230769230768 0.2932692307692308 0.055288461538461536 0.09615384615384616
0 0.5072115384615384 0.1141826923076923 0.05048076923076923 0.08653846153846154