0 0.4362980769230769 0.02403846153846154 0.030048076923076924 0.046875
0 0.49278846153846156 0.02403846153846154 0.025240384615384616 0.046875
0 0.5396634615384616 0.02283653846153846 0.03125 0.04567307692307692
0 0.5865384615384616 0.018028846153846152 0.025240384615384616 0.036057692307692304
0 0.6322115384615384 0.02283653846153846 0.028846153846153848 0.04567307692307692
0 0.6838942307692307 0.02283653846153846 0.03125 0.04567307692307692
0 0.7283653846153846 0.018028846153846152 0.025240384615384616 0.036057692307692304
0 0.8185096153846154 0.027644230769230768 0.030048076923076924 0.055288461538461536
0 0.8677884615384616 0.026442307692307692 0.03245192307692308 0.052884615384615384
0 0.9074519230769231 0.030048076923076924 0.040865384615384616 0.06009615384615385
0 0.9399038461538461 0.02283653846153846 0.025240384615384616 0.04567307692307692
0 0.9723557692307693 0.02283653846153846 0.027644230769230768 0.04567307692307692
0 0.8713942307692307 0.24278846153846154 0.03485576923076923 0.1141826923076923
0 0.9026442307692307 0.24639423076923078 0.030048076923076924 0.10817307692307693
0 0.9338942307692307 0.24879807692307693 0.03245192307692308 0.10336538461538461
0 0.9663461538461539 0.2512019230769231 0.03245192307692308 0.10817307692307693
0 0.8100961538461539 0.24759615384615385 0.027644230769230768 0.10697115384615384
0 0.7776442307692307 0.2403846153846154 0.030048076923076924 0.1045673076923077
0 0.7463942307692307 0.23317307692307693 0.030048076923076924 0.10817307692307693
0 0.7151442307692307 0.23317307692307693 0.030048076923076924 0.109375
0 0.6838942307692307 0.24639423076923078 0.028846153846153848 0.11298076923076923
0 0.6502403846153846 0.23798076923076922 0.027644230769230768 0.11778846153846154
0 0.6189903846153846 0.23557692307692307 0.030048076923076924 0.1141826923076923
0 0.5841346153846154 0.24879807692307693 0.027644230769230768 0.11057692307692307
0 0.9699519230769231 0.3762019230769231 0.03485576923076923 0.1045673076923077
0 0.9362980769230769 0.36658653846153844 0.03245192307692308 0.11538461538461539
0 0.9050480769230769 0.36899038461538464 0.03245192307692308 0.1141826923076923
0 0.8737980769230769 0.3713942307692308 0.030048076923076924 0.0985576923076923
0 0.84375 0.36778846153846156 0.030048076923076924 0.11298076923076923
0 0.8137019230769231 0.36899038461538464 0.030048076923076924 0.1045673076923077
0 0.78125 0.36778846153846156 0.030048076923076924 0.11658653846153846
0 0.75 0.3737980769230769 0.027644230769230768 0.109375
0 0.7175480769230769 0.36778846153846156 0.030048076923076924 0.11658653846153846
0 0.6838942307692307 0.375 0.028846153846153848 0.11538461538461539
0 0.6514423076923077 0.3605769230769231 0.03125 0.12139423076923077
0 0.6213942307692307 0.3629807692307692 0.030048076923076924 0.11538461538461539
0 0.5841346153846154 0.36538461538461536 0.027644230769230768 0.11057692307692307
0 0.5841346153846154 0.6310096153846154 0.028846153846153848 0.11057692307692307
0 0.6189903846153846 0.6237980769230769 0.028846153846153848 0.0985576923076923
0 0.6526442307692307 0.6322115384615384 0.030048076923076924 0.11298076923076923
0 0.6838942307692307 0.6274038461538461 0.026442307692307692 0.09495192307692307
0 0.4338942307692308 0.15384615384615385 0.06490384615384616 0.054086538461538464
0 0.43028846153846156 0.24158653846153846 0.06370192307692307 0.054086538461538464
0 0.4362980769230769 0.40024038461538464 0.06129807692307692 0.054086538461538464
0 0.43509615384615385 0.5721153846153846 0.06971153846153846 0.051682692307692304
0 0.4387019230769231 0.6538461538461539 0.07211538461538461 0.05048076923076923
0 0.4338942307692308 0.7403846153846154 0.06610576923076923 0.051682692307692304
0 0.4495192307692308 0.828125 0.0625 0.04807692307692308
0 0.65625 0.7475961538461539 0.027644230769230768 0.10096153846153846
0 0.6862980769230769 0.7536057692307693 0.028846153846153848 0.1141826923076923
0 0.7199519230769231 0.7584134615384616 0.030048076923076924 0.11298076923076923
0 0.7512019230769231 0.7584134615384616 0.028846153846153848 0.10096153846153846
0 0.7824519230769231 0.7536057692307693 0.030048076923076924 0.10336538461538461
0 0.8149038461538461 0.7512019230769231 0.03245192307692308 0.1141826923076923
0 0.8449519230769231 0.7524038461538461 0.028846153846153848 0.10576923076923077
0 0.8762019230769231 0.75 0.028846153846153848 0.11298076923076923
0 0.9086538461538461 0.7572115384615384 0.028846153846153848 0.10336538461538461
0 0.9387019230769231 0.7512019230769231 0.030048076923076924 0.09495192307692307
0 0.9699519230769231 0.7463942307692307 0.03245192307692308 0.1045673076923077
0 0.7175480769230769 0.625 0.030048076923076924 0.11778846153846154
0 0.75 0.625 0.030048076923076924 0.12379807692307693
0 0.78125 0.6322115384615384 0.028846153846153848 0.11298076923076923
0 0.8125 0.6274038461538461 0.03245192307692308 0.11298076923076923
0 0.8449519230769231 0.625 0.03245192307692308 0.11298076923076923
0 0.875 0.6286057692307693 0.030048076923076924 0.109375
0 0.90625 0.6310096153846154 0.03365384615384615 0.10576923076923077
0 0.9399038461538461 0.6262019230769231 0.036057692307692304 0.11778846153846154
0 0.9699519230769231 0.6189903846153846 0.03245192307692308 0.10336538461538461
0 0.9927884615384616 0.03245192307692308 0.013221153846153846 0.06370192307692307
0 0.9026442307692307 0.13341346153846154 0.055288461538461536 0.04807692307692308
0 0.9891826923076923 0.24759615384615385 0.020432692307692308 0.11057692307692307
0 0.9891826923076923 0.37740384615384615 0.019230769230769232 0.10576923076923077
0 0.9903846153846154 0.6213942307692307 0.016826923076923076 0.1045673076923077
0 0.9915865384615384 0.7475961538461539 0.014423076923076924 0.10817307692307693
0 0.9927884615384616 0.9651442307692307 0.013221153846153846 0.06490384615384616
0 0.9723557692307693 0.9675480769230769 0.036057692307692304 0.06129807692307692
0 0.9387019230769231 0.9675480769230769 0.03365384615384615 0.06129807692307692
0 0.9038461538461539 0.9711538461538461 0.03365384615384615 0.055288461538461536
0 0.8725961538461539 0.9747596153846154 0.03125 0.046875
0 0.8425480769230769 0.9723557692307693 0.030048076923076924 0.052884615384615384
0 0.8100961538461539 0.9675480769230769 0.03125 0.06009615384615385
0 0.7776442307692307 0.9675480769230769 0.03245192307692308 0.06009615384615385
0 0.7439903846153846 0.9711538461538461 0.028846153846153848 0.055288461538461536
0 0.7139423076923077 0.9759615384615384 0.03245192307692308 0.04326923076923077
0 0.5769230769230769 0.8112980769230769 0.06129807692307692 0.09975961538461539