0 0.8473557692307693 0.02283653846153846 0.06490384615384616 0.04567307692307692
0 0.8473557692307693 0.0733173076923077 0.052884615384615384 0.05048076923076923
0 0.8569711538461539 0.1778846153846154 0.055288461538461536 0.05048076923076923
0 0.8605769230769231 0.23317307692307693 0.06129807692307692 0.051682692307692304
0 0.8605769230769231 0.28725961538461536 0.0625 0.05048076923076923
0 0.8665865384615384 0.33774038461538464 0.056490384615384616 0.04807692307692308
0 0.8713942307692307 0.390625 0.0625 0.05048076923076923
0 0.8665865384615384 0.44471153846153844 0.05889423076923077 0.04567307692307692
0 0.8689903846153846 0.49399038461538464 0.05889423076923077 0.04807692307692308
0 0.8762019230769231 0.5540865384615384 0.05889423076923077 0.042067307692307696
0 0.8762019230769231 0.6081730769230769 0.06370192307692307 0.04807692307692308
0 0.8834134615384616 0.6622596153846154 0.056490384615384616 0.04447115384615385
0 0.8858173076923077 0.7980769230769231 0.056490384615384616 0.04567307692307692
0 0.8870192307692307 0.8557692307692307 0.06009615384615385 0.05048076923076923
0 0.8918269230769231 0.9134615384615384 0.06370192307692307 0.05048076923076923
0 0.8918269230769231 0.9627403846153846 0.06129807692307692 0.04567307692307692
0 0.7355769230769231 0.8137019230769231 0.056490384615384616 0.04807692307692308
0 0.7355769230769231 0.8713942307692307 0.05889423076923077 0.052884615384615384
0 0.7427884615384616 0.9254807692307693 0.06009615384615385 0.054086538461538464
0 0.6670673076923077 0.8221153846153846 0.06129807692307692 0.04807692307692308
0 0.6682692307692307 0.8810096153846154 0.06009615384615385 0.051682692307692304
0 0.6742788461538461 0.9338942307692307 0.06610576923076923 0.051682692307692304
0 0.671875 0.9831730769230769 0.05889423076923077 0.030048076923076924
0 0.734375 0.9783653846153846 0.05889423076923077 0.040865384615384616
0 0.5144230769230769 0.8425480769230769 0.054086538461538464 0.05048076923076923
0 0.5120192307692307 0.8966346153846154 0.06129807692307692 0.051682692307692304
0 0.5132211538461539 0.9567307692307693 0.051682692307692304 0.04807692307692308
0 0.5168269230769231 0.9903846153846154 0.055288461538461536 0.016826923076923076
0 0.4338942307692308 0.9615384615384616 0.06129807692307692 0.046875
0 0.43509615384615385 0.9074519230769231 0.06610576923076923 0.051682692307692304
0 0.4338942307692308 0.8485576923076923 0.06490384615384616 0.052884615384615384
0 0.28846153846153844 0.8533653846153846 0.06490384615384616 0.06129807692307692
0 0.2956730769230769 0.9110576923076923 0.06370192307692307 0.054086538461538464
0 0.296875 0.9675480769230769 0.06370192307692307 0.054086538461538464
0 0.2127403846153846 0.9723557692307693 0.06009615384615385 0.046875
0 0.2127403846153846 0.9134615384615384 0.06129807692307692 0.055288461538461536
0 0.21514423076923078 0.8569711538461539 0.06610576923076923 0.04807692307692308
0 0.08653846153846154 0.9855769230769231 0.03485576923076923 0.025240384615384616
0 0.07932692307692307 0.6670673076923077 0.03485576923076923 0.11538461538461539
0 0.07211538461538461 0.5384615384615384 0.03485576923076923 0.11298076923076923
0 0.07211538461538461 0.40384615384615385 0.03485576923076923 0.1141826923076923
0 0.06971153846153846 0.25841346153846156 0.03125 0.10817307692307693
0 0.06850961538461539 0.13942307692307693 0.03245192307692308 0.11538461538461539
0 0.06370192307692307 0.03485576923076923 0.036057692307692304 0.06971153846153846
0 0.11778846153846154 0.036057692307692304 0.038461538461538464 0.07211538461538461
0 0.1971153846153846 0.046875 0.05889423076923077 0.054086538461538464
0 0.20072115384615385 0.1045673076923077 0.06370192307692307 0.054086538461538464
0 0.19951923076923078 0.16105769230769232 0.052884615384615384 0.05048076923076923
0 0.19951923076923078 0.21394230769230768 0.06370192307692307 0.05889423076923077
0 0.1935096153846154 0.2704326923076923 0.05889423076923077 0.056490384615384616
0 0.1971153846153846 0.3245192307692308 0.056490384615384616 0.04807692307692308
0 0.19831730769230768 0.38341346153846156 0.06129807692307692 0.052884615384615384
0 0.19951923076923078 0.4387019230769231 0.0625 0.052884615384615384
0 0.19831730769230768 0.4987980769230769 0.06009615384615385 0.054086538461538464
0 0.19831730769230768 0.5564903846153846 0.06009615384615385 0.052884615384615384
0 0.20793269230769232 0.6177884615384616 0.06370192307692307 0.05048076923076923
0 0.28365384615384615 0.6129807692307693 0.06490384615384616 0.054086538461538464
0 0.27403846153846156 0.5480769230769231 0.06009615384615385 0.051682692307692304
0 0.2776442307692308 0.49278846153846156 0.06129807692307692 0.051682692307692304
0 0.27524038461538464 0.43149038461538464 0.05889423076923077 0.05048076923076923
0 0.2668269230769231 0.375 0.06129807692307692 0.052884615384615384
0 0.27283653846153844 0.31850961538461536 0.05889423076923077 0.051682692307692304
0 0.265625 0.2620192307692308 0.056490384615384616 0.051682692307692304
0 0.265625 0.20793269230769232 0.05889423076923077 0.051682692307692304
0 0.26802884615384615 0.15144230769230768 0.06009615384615385 0.054086538461538464
0 0.2704326923076923 0.09735576923076923 0.06009615384615385 0.056490384615384616
0 0.2692307692307692 0.04326923076923077 0.057692307692307696 0.04567307692307692
0 0.2800480769230769 0.01201923076923077 0.06129807692307692 0.02403846153846154
0 0.4170673076923077 0.03365384615384615 0.055288461538461536 0.051682692307692304
0 0.4891826923076923 0.026442307692307692 0.06129807692307692 0.052884615384615384
0 0.4879807692307692 0.08052884615384616 0.06370192307692307 0.05048076923076923
0 0.4182692307692308 0.08413461538461539 0.06129807692307692 0.056490384615384616
0 0.4230769230769231 0.13701923076923078 0.06129807692307692 0.04447115384615385
0 0.49158653846153844 0.13221153846153846 0.06129807692307692 0.05048076923076923
0 0.49038461538461536 0.18389423076923078 0.06129807692307692 0.056490384615384616
0 0.4182692307692308 0.18990384615384615 0.06129807692307692 0.054086538461538464
0 0.421875 0.24879807692307693 0.06129807692307692 0.054086538461538464
0 0.49399038461538464 0.24158653846153846 0.06129807692307692 0.06009615384615385
0 0.5012019230769231 0.3004807692307692 0.06009615384615385 0.054086538461538464
0 0.4254807692307692 0.30649038461538464 0.0625 0.052884615384615384
0 0.43028846153846156 0.3629807692307692 0.06129807692307692 0.052884615384615384
0 0.5060096153846154 0.35096153846153844 0.06009615384615385 0.051682692307692304
0 0.5060096153846154 0.4098557692307692 0.05889423076923077 0.055288461538461536
0 0.43028846153846156 0.421875 0.0625 0.06009615384615385
0 0.43028846153846156 0.47596153846153844 0.057692307692307696 0.04807692307692308
0 0.4338942307692308 0.5336538461538461 0.06610576923076923 0.05048076923076923
0 0.5144230769230769 0.5264423076923077 0.05889423076923077 0.04807692307692308
0 0.5096153846153846 0.5877403846153846 0.06370192307692307 0.056490384615384616
0 0.43509615384615385 0.5913461538461539 0.06610576923076923 0.051682692307692304
0 0.6382211538461539 0.12860576923076922 0.055288461538461536 0.04807692307692308
0 0.6310096153846154 0.01201923076923077 0.056490384615384616 0.02403846153846154
0 0.7139423076923077 0.12740384615384615 0.06009615384615385 0.04807692307692308
0 0.7127403846153846 0.18870192307692307 0.05889423076923077 0.05048076923076923
0 0.6418269230769231 0.18870192307692307 0.06370192307692307 0.051682692307692304
0 0.6454326923076923 0.2439903846153846 0.06129807692307692 0.04447115384615385
0 0.7163461538461539 0.24158653846153846 0.06009615384615385 0.046875
0 0.6442307692307693 0.2980769230769231 0.05889423076923077 0.051682692307692304
0 0.7199519230769231 0.2920673076923077 0.06009615384615385 0.04807692307692308
0 0.7235576923076923 0.3485576923076923 0.056490384615384616 0.05048076923076923
0 0.6514423076923077 0.3557692307692308 0.06370192307692307 0.052884615384615384
0 0.6574519230769231 0.41346153846153844 0.06610576923076923 0.051682692307692304
0 0.7283653846153846 0.40384615384615385 0.0625 0.05048076923076923
0 0.7211538461538461 0.46153846153846156 0.057692307692307696 0.04807692307692308
0 0.6526442307692307 0.47115384615384615 0.06370192307692307 0.05889423076923077
0 0.6622596153846154 0.5240384615384616 0.0625 0.04807692307692308
0 0.7259615384615384 0.5168269230769231 0.06129807692307692 0.05048076923076923
0 0.7259615384615384 0.5745192307692307 0.0673076923076923 0.04807692307692308
0 0.6586538461538461 0.5841346153846154 0.057692307692307696 0.046875