0 0.9495192307692307 0.5060096153846154 0.04807692307692308 0.15144230769230768
0 0.9098557692307693 0.5108173076923077 0.04807692307692308 0.1502403846153846
0 0.8629807692307693 0.5180288461538461 0.05048076923076923 0.14903846153846154
0 0.8161057692307693 0.5240384615384616 0.04567307692307692 0.15384615384615385
0 0.7692307692307693 0.5288461538461539 0.04807692307692308 0.14903846153846154
0 0.7223557692307693 0.5420673076923077 0.04326923076923077 0.1502403846153846
0 0.9891826923076923 0.6778846153846154 0.019230769230769232 0.15384615384615385
0 0.9627403846153846 0.6862980769230769 0.055288461538461536 0.15865384615384615
0 0.9158653846153846 0.6862980769230769 0.04567307692307692 0.15144230769230768
0 0.875 0.6887019230769231 0.04927884615384615 0.1466346153846154
0 0.8293269230769231 0.703125 0.04567307692307692 0.15745192307692307
0 0.7824519230769231 0.7307692307692307 0.04927884615384615 0.171875
0 0.7331730769230769 0.7259615384615384 0.042067307692307696 0.1502403846153846
0 0.5360576923076923 0.5348557692307693 0.04326923076923077 0.1622596153846154
0 0.5096153846153846 0.16346153846153846 0.04447115384615385 0.13701923076923078
0 0.5961538461538461 0.15264423076923078 0.05048076923076923 0.16346153846153846
0 0.6430288461538461 0.15504807692307693 0.04447115384615385 0.16105769230769232
0 0.6887019230769231 0.14543269230769232 0.05048076923076923 0.14423076923076922
0 0.7668269230769231 0.18870192307692307 0.0889423076923077 0.06850961538461539
0 0.9002403846153846 0.2620192307692308 0.078125 0.12860576923076922
0 0.5492788461538461 0.7692307692307693 0.04326923076923077 0.16706730769230768
0 0.4891826923076923 0.5817307692307693 0.04567307692307692 0.1622596153846154
0 0.5012019230769231 0.7668269230769231 0.042067307692307696 0.17307692307692307
0 0.43990384615384615 0.5817307692307693 0.04567307692307692 0.1622596153846154
0 0.4495192307692308 0.7692307692307693 0.04326923076923077 0.1658653846153846
0 0.3942307692307692 0.6033653846153846 0.04326923076923077 0.15504807692307693
0 0.40384615384615385 0.7740384615384616 0.039663461538461536 0.1466346153846154
0 0.34134615384615385 0.5997596153846154 0.04567307692307692 0.16947115384615385
0 0.2980769230769231 0.609375 0.04807692307692308 0.16706730769230768
0 0.3581730769230769 0.7920673076923077 0.04326923076923077 0.13581730769230768
0 0.3088942307692308 0.8088942307692307 0.04807692307692308 0.15865384615384615
0 0.2512019230769231 0.6225961538461539 0.04447115384615385 0.15504807692307693
0 0.2620192307692308 0.8365384615384616 0.040865384615384616 0.1310096153846154
0 0.20673076923076922 0.625 0.042067307692307696 0.15264423076923078
0 0.21754807692307693 0.8125 0.04807692307692308 0.16706730769230768
0 0.17067307692307693 0.8149038461538461 0.04567307692307692 0.1502403846153846
0 0.15865384615384615 0.6394230769230769 0.04326923076923077 0.14903846153846154
0 0.11778846153846154 0.6586538461538461 0.046875 0.1502403846153846
0 0.125 0.8221153846153846 0.046875 0.12860576923076922
0 0.06850961538461539 0.6658653846153846 0.051682692307692304 0.15865384615384615
0 0.078125 0.8329326923076923 0.04567307692307692 0.15264423076923078
0 0.021634615384615384 0.6682692307692307 0.04326923076923077 0.16706730769230768
0 0.03245192307692308 0.8413461538461539 0.057692307692307696 0.15504807692307693
0 0.46634615384615385 0.18028846153846154 0.04447115384615385 0.16826923076923078
0 0.41947115384615385 0.1814903846153846 0.042067307692307696 0.1346153846153846
0 0.3701923076923077 0.18990384615384615 0.04326923076923077 0.1346153846153846
0 0.28125 0.21754807692307693 0.046875 0.15384615384615385
0 0.23317307692307693 0.22355769230769232 0.04807692307692308 0.15985576923076922
0 0.1875 0.23918269230769232 0.04326923076923077 0.14543269230769232
0 0.14302884615384615 0.25 0.04447115384615385 0.1622596153846154