0 0.09735576923076923 0.42908653846153844 0.052884615384615384 0.13701923076923078
0 0.15625 0.4110576923076923 0.04807692307692308 0.11899038461538461
0 0.19471153846153846 0.4651442307692308 0.06971153846153846 0.12379807692307693
0 0.02283653846153846 0.44591346153846156 0.04447115384615385 0.1658653846153846
0 0.34615384615384615 0.8653846153846154 0.04326923076923077 0.140625
0 0.38822115384615385 0.8629807692307693 0.046875 0.1466346153846154
0 0.4326923076923077 0.8389423076923077 0.040865384615384616 0.140625
0 0.5168269230769231 0.8197115384615384 0.04326923076923077 0.15504807692307693
0 0.5612980769230769 0.8088942307692307 0.042067307692307696 0.13942307692307693
0 0.6442307692307693 0.8016826923076923 0.04326923076923077 0.15504807692307693
0 0.04447115384615385 0.8713942307692307 0.08774038461538461 0.078125