0 0.6706730769230769 0.5336538461538461 0.03485576923076923 0.09615384615384616
0 0.6394230769230769 0.5637019230769231 0.038461538461538464 0.109375
0 0.6069711538461539 0.578125 0.039663461538461536 0.12740384615384615
0 0.5745192307692307 0.5769230769230769 0.040865384615384616 0.109375
0 0.5432692307692307 0.5889423076923077 0.037259615384615384 0.1045673076923077
0 0.5168269230769231 0.6129807692307693 0.03365384615384615 0.09495192307692307
0 0.4807692307692308 0.6153846153846154 0.03485576923076923 0.08774038461538461
0 0.4543269230769231 0.6358173076923077 0.037259615384615384 0.11057692307692307
0 0.4206730769230769 0.6502403846153846 0.038461538461538464 0.09495192307692307
0 0.39302884615384615 0.6838942307692307 0.037259615384615384 0.10576923076923077
0 0.3629807692307692 0.7019230769230769 0.039663461538461536 0.10576923076923077
0 0.3293269230769231 0.7067307692307693 0.038461538461538464 0.11057692307692307
0 0.2956730769230769 0.7211538461538461 0.038461538461538464 0.1045673076923077
0 0.2644230769230769 0.7391826923076923 0.038461538461538464 0.109375
0 0.23076923076923078 0.7560096153846154 0.037259615384615384 0.1141826923076923
0 0.19831730769230768 0.7752403846153846 0.042067307692307696 0.11658653846153846
0 0.1658653846153846 0.7980769230769231 0.04447115384615385 0.11538461538461539
0 0.1310096153846154 0.8161057692307693 0.042067307692307696 0.10817307692307693
0 0.09975961538461539 0.8449519230769231 0.038461538461538464 0.09975961538461539
0 0.06129807692307692 0.8485576923076923 0.05048076923076923 0.12259615384615384
0 0.025240384615384616 0.8641826923076923 0.04807692307692308 0.11778846153846154
0 0.6622596153846154 0.8689903846153846 0.04326923076923077 0.11658653846153846
0 0.6237980769230769 0.8713942307692307 0.038461538461538464 0.10817307692307693
0 0.5973557692307693 0.8918269230769231 0.036057692307692304 0.10576923076923077
0 0.5661057692307693 0.9038461538461539 0.03245192307692308 0.109375
0 0.5360576923076923 0.9278846153846154 0.03485576923076923 0.109375
0 0.5072115384615384 0.9483173076923077 0.037259615384615384 0.0985576923076923
0 0.47475961538461536 0.9567307692307693 0.03485576923076923 0.0829326923076923
0 0.44350961538461536 0.9639423076923077 0.03245192307692308 0.06850961538461539
0 0.4074519230769231 0.9711538461538461 0.03245192307692308 0.055288461538461536
0 0.6538461538461539 0.9519230769230769 0.052884615384615384 0.06610576923076923
0 0.59375 0.9711538461538461 0.055288461538461536 0.054086538461538464