0 0.6033653846153846 0.24879807692307693 0.030048076923076924 0.11057692307692307
0 0.6057692307692307 0.38100961538461536 0.03245192307692308 0.11298076923076923
0 0.5985576923076923 0.5625 0.03365384615384615 0.10697115384615384
0 0.5925480769230769 0.6971153846153846 0.030048076923076924 0.09254807692307693
0 0.5973557692307693 0.8052884615384616 0.030048076923076924 0.10576923076923077
0 0.44591346153846156 0.5709134615384616 0.06370192307692307 0.05048076923076923
0 0.4543269230769231 0.6334134615384616 0.05889423076923077 0.051682692307692304
0 0.4567307692307692 0.6887019230769231 0.05889423076923077 0.046875
0 0.44591346153846156 0.7439903846153846 0.06009615384615385 0.051682692307692304
0 0.44350961538461536 0.8004807692307693 0.055288461538461536 0.051682692307692304
0 0.4375 0.8569711538461539 0.057692307692307696 0.052884615384615384
0 0.44350961538461536 0.9122596153846154 0.055288461538461536 0.052884615384615384
0 0.4543269230769231 0.9663461538461539 0.04567307692307692 0.04326923076923077
0 0.38100961538461536 0.49278846153846156 0.05889423076923077 0.052884615384615384
0 0.3245192307692308 0.6189903846153846 0.05889423076923077 0.06610576923076923
0 0.32211538461538464 0.6838942307692307 0.052884615384615384 0.056490384615384616
0 0.2932692307692308 0.7512019230769231 0.0673076923076923 0.05889423076923077
0 0.3137019230769231 0.8040865384615384 0.05889423076923077 0.06129807692307692
0 0.3112980769230769 0.9615384615384616 0.05889423076923077 0.0625
0 0.1935096153846154 0.7824519230769231 0.0625 0.06971153846153846
0 0.19471153846153846 0.7151442307692307 0.055288461538461536 0.06490384615384616
0 0.19230769230769232 0.6514423076923077 0.06129807692307692 0.06850961538461539
0 0.19471153846153846 0.5901442307692307 0.05889423076923077 0.07692307692307693
0 0.1935096153846154 0.5216346153846154 0.06370192307692307 0.078125
0 0.20192307692307693 0.46634615384615385 0.05889423076923077 0.07211538461538461
0 0.20673076923076922 0.4026442307692308 0.0625 0.07211538461538461
0 0.203125 0.3389423076923077 0.056490384615384616 0.0625
0 0.28846153846153844 0.29447115384615385 0.06129807692307692 0.052884615384615384
0 0.18870192307692307 0.8401442307692307 0.06129807692307692 0.07211538461538461
0 0.19230769230769232 0.9110576923076923 0.05889423076923077 0.06971153846153846
0 0.18509615384615385 0.9675480769230769 0.06129807692307692 0.06129807692307692