0 0.703125 0.5637019230769231 0.055288461538461536 0.04567307692307692
0 0.7680288461538461 0.5625 0.06610576923076923 0.051682692307692304
0 0.7680288461538461 0.5060096153846154 0.06129807692307692 0.04807692307692308
0 0.7055288461538461 0.5096153846153846 0.06129807692307692 0.04567307692307692
0 0.4879807692307692 0.5060096153846154 0.05889423076923077 0.04807692307692308
0 0.4855769230769231 0.4543269230769231 0.056490384615384616 0.04567307692307692
0 0.4855769230769231 0.4014423076923077 0.05889423076923077 0.054086538461538464
0 0.265625 0.5264423076923077 0.056490384615384616 0.04807692307692308
0 0.27283653846153844 0.5829326923076923 0.06129807692307692 0.046875
0 0.7776442307692307 0.7944711538461539 0.055288461538461536 0.046875
0 0.7776442307692307 0.8497596153846154 0.056490384615384616 0.054086538461538464
0 0.7836538461538461 0.9050480769230769 0.057692307692307696 0.05048076923076923
0 0.7163461538461539 0.9098557692307693 0.06490384615384616 0.046875
0 0.5612980769230769 0.8653846153846154 0.06129807692307692 0.05048076923076923
0 0.7127403846153846 0.8569711538461539 0.06009615384615385 0.04807692307692308
0 0.5588942307692307 0.9254807692307693 0.05048076923076923 0.04447115384615385
0 0.5637019230769231 0.8125 0.055288461538461536 0.04447115384615385
0 0.484375 0.9266826923076923 0.06129807692307692 0.04567307692307692
0 0.4855769230769231 0.8737980769230769 0.06490384615384616 0.046875
0 0.27524038461538464 0.8137019230769231 0.06129807692307692 0.04807692307692308
0 0.3425480769230769 0.5805288461538461 0.0625 0.05048076923076923
0 0.9158653846153846 0.5997596153846154 0.06370192307692307 0.04567307692307692
0 0.9158653846153846 0.5456730769230769 0.06009615384615385 0.05048076923076923
0 0.7644230769230769 0.4495192307692308 0.056490384615384616 0.04567307692307692
0 0.7019230769230769 0.4543269230769231 0.05889423076923077 0.051682692307692304
0 0.7019230769230769 0.4026442307692308 0.06129807692307692 0.05048076923076923
0 0.5588942307692307 0.33653846153846156 0.055288461538461536 0.04807692307692308
0 0.48677884615384615 0.3425480769230769 0.06129807692307692 0.052884615384615384
0 0.4831730769230769 0.29086538461538464 0.05889423076923077 0.05048076923076923
0 0.33533653846153844 0.5192307692307693 0.05889423076923077 0.04567307692307692
0 0.3389423076923077 0.4639423076923077 0.056490384615384616 0.04807692307692308
0 0.33653846153846156 0.4050480769230769 0.05889423076923077 0.051682692307692304
0 0.3317307692307692 0.35336538461538464 0.057692307692307696 0.052884615384615384
0 0.2668269230769231 0.3581730769230769 0.05889423076923077 0.05048076923076923
0 0.2644230769230769 0.4110576923076923 0.06009615384615385 0.05048076923076923
0 0.2644230769230769 0.4699519230769231 0.06009615384615385 0.04807692307692308
0 0.26322115384615385 0.30288461538461536 0.054086538461538464 0.046875
0 0.33653846153846156 0.2980769230769231 0.055288461538461536 0.04807692307692308
0 0.7115384615384616 0.7956730769230769 0.05889423076923077 0.04567307692307692
0 0.484375 0.8149038461538461 0.0625 0.04807692307692308
0 0.3449519230769231 0.8149038461538461 0.06129807692307692 0.056490384615384616
0 0.35096153846153844 0.8725961538461539 0.06129807692307692 0.05048076923076923
0 0.27163461538461536 0.8689903846153846 0.06129807692307692 0.051682692307692304
0 0.35096153846153844 0.9266826923076923 0.05889423076923077 0.051682692307692304
0 0.35216346153846156 0.9783653846153846 0.06490384615384616 0.040865384615384616
0 0.27163461538461536 0.9278846153846154 0.057692307692307696 0.04567307692307692
0 0.27283653846153844 0.9795673076923077 0.06129807692307692 0.037259615384615384
0 0.1502403846153846 0.9591346153846154 0.03245192307692308 0.07692307692307693
0 0.4326923076923077 0.9711538461538461 0.027644230769230768 0.054086538461538464
0 0.4855769230769231 0.9795673076923077 0.056490384615384616 0.038461538461538464
0 0.5661057692307693 0.9759615384615384 0.056490384615384616 0.04447115384615385
0 0.7139423076923077 0.9675480769230769 0.056490384615384616 0.054086538461538464
0 0.7752403846153846 0.9627403846153846 0.05889423076923077 0.04807692307692308
0 0.9375 0.9891826923076923 0.06129807692307692 0.018028846153846152
0 0.9314903846153846 0.953125 0.06370192307692307 0.05048076923076923
0 0.9338942307692307 0.9002403846153846 0.06490384615384616 0.05048076923076923
0 0.9290865384615384 0.8413461538461539 0.0625 0.04807692307692308
0 0.9266826923076923 0.7872596153846154 0.057692307692307696 0.04567307692307692
0 0.9230769230769231 0.6514423076923077 0.05889423076923077 0.04567307692307692
0 0.9098557692307693 0.4855769230769231 0.06009615384615385 0.05048076923076923
0 0.9074519230769231 0.4362980769230769 0.05889423076923077 0.05048076923076923
0 0.9110576923076923 0.38100961538461536 0.0625 0.05048076923076923
0 0.90625 0.3317307692307692 0.05889423076923077 0.04447115384615385
0 0.9014423076923077 0.2776442307692308 0.06370192307692307 0.051682692307692304
0 0.9038461538461539 0.22596153846153846 0.06370192307692307 0.04567307692307692
0 0.8990384615384616 0.17307692307692307 0.055288461538461536 0.054086538461538464
0 0.8894230769230769 0.07692307692307693 0.052884615384615384 0.054086538461538464
0 0.8918269230769231 0.02403846153846154 0.057692307692307696 0.04807692307692308
0 0.7596153846153846 0.125 0.054086538461538464 0.04807692307692308
0 0.6862980769230769 0.12620192307692307 0.052884615384615384 0.055288461538461536
0 0.6802884615384616 0.01201923076923077 0.051682692307692304 0.02403846153846154
0 0.7716346153846154 0.3942307692307692 0.0625 0.04447115384615385
0 0.7668269230769231 0.33774038461538464 0.055288461538461536 0.05048076923076923
0 0.6995192307692307 0.3425480769230769 0.06009615384615385 0.05048076923076923
0 0.6911057692307693 0.28725961538461536 0.056490384615384616 0.04807692307692308
0 0.7644230769230769 0.2848557692307692 0.057692307692307696 0.046875
0 0.7620192307692307 0.23317307692307693 0.057692307692307696 0.04567307692307692
0 0.7560096153846154 0.18028846153846154 0.052884615384615384 0.04807692307692308
0 0.6887019230769231 0.18509615384615385 0.06009615384615385 0.05048076923076923
0 0.6935096153846154 0.234375 0.05889423076923077 0.04567307692307692
0 0.5432692307692307 0.02283653846153846 0.0625 0.04567307692307692
0 0.47596153846153844 0.027644230769230768 0.056490384615384616 0.046875
0 0.5408653846153846 0.07211538461538461 0.06009615384615385 0.05048076923076923
0 0.5444711538461539 0.12259615384615384 0.05889423076923077 0.04807692307692308
0 0.47596153846153844 0.07692307692307693 0.06009615384615385 0.051682692307692304
0 0.4795673076923077 0.12740384615384615 0.057692307692307696 0.05048076923076923
0 0.5456730769230769 0.17307692307692307 0.05889423076923077 0.052884615384615384
0 0.47475961538461536 0.1778846153846154 0.056490384615384616 0.04807692307692308
0 0.5480769230769231 0.22596153846153846 0.05889423076923077 0.054086538461538464
0 0.47836538461538464 0.23317307692307693 0.057692307692307696 0.055288461538461536
0 0.5552884615384616 0.2848557692307692 0.06009615384615385 0.04807692307692308
0 0.5588942307692307 0.390625 0.056490384615384616 0.04807692307692308
0 0.4879807692307692 0.5649038461538461 0.05889423076923077 0.051682692307692304
0 0.5612980769230769 0.5637019230769231 0.0625 0.051682692307692304
0 0.5661057692307693 0.5060096153846154 0.055288461538461536 0.046875
0 0.14783653846153846 0.6262019230769231 0.028846153846153848 0.11298076923076923
0 0.14423076923076922 0.5036057692307693 0.030048076923076924 0.10576923076923077
0 0.14423076923076922 0.37259615384615385 0.028846153846153848 0.11298076923076923
0 0.1466346153846154 0.23557692307692307 0.027644230769230768 0.10096153846153846
0 0.1466346153846154 0.12259615384615384 0.030048076923076924 0.10096153846153846
0 0.14423076923076922 0.027644230769230768 0.027644230769230768 0.054086538461538464
0 0.2668269230769231 0.037259615384615384 0.052884615384615384 0.046875
0 0.33413461538461536 0.03485576923076923 0.052884615384615384 0.046875
0 0.33653846153846156 0.08653846153846154 0.057692307692307696 0.051682692307692304
0 0.2704326923076923 0.09134615384615384 0.05889423076923077 0.051682692307692304
0 0.3329326923076923 0.13701923076923078 0.056490384615384616 0.04807692307692308
0 0.2668269230769231 0.14423076923076922 0.04807692307692308 0.05048076923076923
0 0.2668269230769231 0.19591346153846154 0.06009615384615385 0.052884615384615384
0 0.33052884615384615 0.18990384615384615 0.056490384615384616 0.046875
0 0.3293269230769231 0.24278846153846154 0.054086538461538464 0.046875
0 0.2608173076923077 0.25 0.055288461538461536 0.04807692307692308