0 0.5096153846153846 0.18389423076923078 0.08413461538461539 0.06370192307692307
0 0.171875 0.40384615384615385 0.09134615384615384 0.07091346153846154
0 0.4014423076923077 0.09615384615384616 0.07932692307692307 0.06971153846153846
0 0.5132211538461539 0.10336538461538461 0.09014423076923077 0.07211538461538461
0 0.7884615384615384 0.41947115384615385 0.08413461538461539 0.06490384615384616
0 0.7896634615384616 0.4963942307692308 0.078125 0.06610576923076923
0 0.7872596153846154 0.5661057692307693 0.0829326923076923 0.06850961538461539
0 0.6959134615384616 0.5625 0.08413461538461539 0.06850961538461539
0 0.7800480769230769 0.6394230769230769 0.08653846153846154 0.06971153846153846
0 0.390625 0.26802884615384615 0.09014423076923077 0.06971153846153846
0 0.08653846153846154 0.15865384615384615 0.08653846153846154 0.07211538461538461
0 0.703125 0.18990384615384615 0.07572115384615384 0.07932692307692307
0 0.7908653846153846 0.203125 0.08774038461538461 0.06971153846153846
0 0.7920673076923077 0.27884615384615385 0.07451923076923077 0.07091346153846154
0 0.7067307692307693 0.2668269230769231 0.09254807692307693 0.07451923076923077
0 0.703125 0.33653846153846156 0.0829326923076923 0.06971153846153846
0 0.6995192307692307 0.41225961538461536 0.08653846153846154 0.06971153846153846
0 0.6947115384615384 0.7079326923076923 0.08653846153846154 0.07451923076923077
0 0.7716346153846154 0.7884615384615384 0.08653846153846154 0.07091346153846154
0 0.7740384615384616 0.8677884615384616 0.08653846153846154 0.0733173076923077
0 0.9495192307692307 0.8725961538461539 0.09735576923076923 0.08052884615384616
0 0.9915865384615384 0.7211538461538461 0.014423076923076924 0.0625
0 0.9543269230769231 0.5865384615384616 0.0889423076923077 0.07091346153846154
0 0.9543269230769231 0.5120192307692307 0.08774038461538461 0.06490384615384616
0 0.9567307692307693 0.36899038461538464 0.08413461538461539 0.06971153846153846
0 0.9567307692307693 0.23557692307692307 0.08413461538461539 0.0733173076923077
0 0.9591346153846154 0.1622596153846154 0.07932692307692307 0.06490384615384616
0 0.9627403846153846 0.09615384615384616 0.0733173076923077 0.06850961538461539
0 0.9579326923076923 0.030048076923076924 0.07932692307692307 0.06009615384615385
0 0.7944711538461539 0.07451923076923077 0.07932692307692307 0.07451923076923077
0 0.7932692307692307 0.021634615384615384 0.08653846153846154 0.04326923076923077
0 0.7067307692307693 0.013221153846153846 0.08653846153846154 0.026442307692307692
0 0.7103365384615384 0.05889423076923077 0.0673076923076923 0.07091346153846154
0 0.5108173076923077 0.03125 0.08774038461538461 0.0625
0 0.6862980769230769 0.9879807692307693 0.08173076923076923 0.021634615384615384
0 0.7776442307692307 0.9891826923076923 0.08774038461538461 0.018028846153846152
0 0.15745192307692307 0.7211538461538461 0.09254807692307693 0.07211538461538461
0 0.055288461538461536 0.8810096153846154 0.0889423076923077 0.07451923076923077
0 0.042067307692307696 0.9615384615384616 0.08413461538461539 0.07211538461538461