0 0.4891826923076923 0.5985576923076923 0.09014423076923077 0.07692307692307693
0 0.484375 0.6814903846153846 0.09254807692307693 0.07692307692307693
0 0.3918269230769231 0.6670673076923077 0.09134615384615384 0.07211538461538461
0 0.4807692307692308 0.7596153846153846 0.0889423076923077 0.06971153846153846
0 0.47836538461538464 0.8341346153846154 0.08774038461538461 0.07211538461538461
0 0.38461538461538464 0.8149038461538461 0.06971153846153846 0.07091346153846154
0 0.3870192307692308 0.7415865384615384 0.09134615384615384 0.07211538461538461
0 0.6586538461538461 0.7115384615384616 0.08173076923076923 0.06850961538461539
0 0.6622596153846154 0.7872596153846154 0.08413461538461539 0.06971153846153846
0 0.7548076923076923 0.7932692307692307 0.08413461538461539 0.0733173076923077
0 0.7403846153846154 0.8810096153846154 0.0733173076923077 0.06971153846153846
0 0.6574519230769231 0.859375 0.07091346153846154 0.06490384615384616
0 0.18389423076923078 0.6141826923076923 0.09375 0.078125
0 0.07692307692307693 0.5877403846153846 0.09735576923076923 0.07091346153846154
0 0.18028846153846154 0.6983173076923077 0.09615384615384616 0.0829326923076923
0 0.18028846153846154 0.7836538461538461 0.09495192307692307 0.0733173076923077
0 0.171875 0.9411057692307693 0.09375 0.07451923076923077
0 0.06850961538461539 0.8473557692307693 0.08413461538461539 0.07451923076923077
0 0.3942307692307692 0.5817307692307693 0.08774038461538461 0.0733173076923077
0 0.3737980769230769 0.9567307692307693 0.07572115384615384 0.08173076923076923
0 0.4675480769230769 0.9639423076923077 0.09254807692307693 0.06971153846153846
0 0.6514423076923077 0.9290865384615384 0.07091346153846154 0.07211538461538461
0 0.6466346153846154 0.9819711538461539 0.08774038461538461 0.03245192307692308
0 0.7391826923076923 0.9783653846153846 0.08173076923076923 0.042067307692307696
0 0.7451923076923077 0.5036057692307693 0.09495192307692307 0.0733173076923077
0 0.5973557692307693 0.1622596153846154 0.04807692307692308 0.14543269230769232
0 0.5456730769230769 0.1658653846153846 0.04567307692307692 0.14903846153846154
0 0.4987980769230769 0.18028846153846154 0.04447115384615385 0.15865384615384615
0 0.45913461538461536 0.18028846153846154 0.040865384615384616 0.14302884615384615
0 0.4170673076923077 0.1875 0.040865384615384616 0.15865384615384615
0 0.3713942307692308 0.19471153846153846 0.039663461538461536 0.15745192307692307
0 0.2920673076923077 0.203125 0.04567307692307692 0.1622596153846154
0 0.24639423076923078 0.20673076923076922 0.038461538461538464 0.16346153846153846
0 0.20432692307692307 0.21514423076923078 0.042067307692307696 0.15504807692307693
0 0.09495192307692307 0.30649038461538464 0.056490384615384616 0.16346153846153846
0 0.04927884615384615 0.3245192307692308 0.05048076923076923 0.11899038461538461
0 0.014423076923076924 0.3317307692307692 0.028846153846153848 0.16826923076923078
0 0.9723557692307693 0.5649038461538461 0.052884615384615384 0.11658653846153846
0 0.9855769230769231 0.6550480769230769 0.027644230769230768 0.06129807692307692