0 0.8918269230769231 0.30288461538461536 0.037259615384615384 0.1141826923076923
0 0.859375 0.30288461538461536 0.028846153846153848 0.13221153846153846
0 0.828125 0.3125 0.04447115384615385 0.1466346153846154
0 0.7836538461538461 0.2980769230769231 0.03485576923076923 0.12620192307692307
0 0.75 0.2932692307692308 0.03245192307692308 0.12740384615384615
0 0.7103365384615384 0.28365384615384615 0.036057692307692304 0.13221153846153846
0 0.671875 0.30408653846153844 0.027644230769230768 0.13341346153846154
0 0.6322115384615384 0.28365384615384615 0.030048076923076924 0.13581730769230768
0 0.5961538461538461 0.28725961538461536 0.027644230769230768 0.12740384615384615
0 0.5564903846153846 0.2848557692307692 0.03245192307692308 0.13942307692307693
0 0.5180288461538461 0.28725961538461536 0.037259615384615384 0.13341346153846154
0 0.47836538461538464 0.27884615384615385 0.03365384615384615 0.1346153846153846
0 0.4387019230769231 0.28846153846153844 0.03485576923076923 0.13701923076923078
0 0.3954326923076923 0.27884615384615385 0.03245192307692308 0.13221153846153846
0 0.35336538461538464 0.26802884615384615 0.03245192307692308 0.11538461538461539
0 0.3137019230769231 0.28365384615384615 0.03485576923076923 0.140625
0 0.26802884615384615 0.2920673076923077 0.036057692307692304 0.12740384615384615
0 0.2644230769230769 0.4362980769230769 0.040865384615384616 0.14302884615384615
0 0.6057692307692307 0.5817307692307693 0.04326923076923077 0.13581730769230768
0 0.5661057692307693 0.5817307692307693 0.04326923076923077 0.13341346153846154
0 0.4026442307692308 0.5745192307692307 0.039663461538461536 0.11658653846153846
0 0.36538461538461536 0.5889423076923077 0.04326923076923077 0.1310096153846154
0 0.32572115384615385 0.5745192307692307 0.036057692307692304 0.11658653846153846
0 0.7391826923076923 0.8401442307692307 0.052884615384615384 0.13221153846153846
0 0.6947115384615384 0.8413461538461539 0.04927884615384615 0.12259615384615384
0 0.5637019230769231 0.8449519230769231 0.056490384615384616 0.14543269230769232
0 0.5144230769230769 0.859375 0.046875 0.13942307692307693
0 0.4723557692307692 0.8425480769230769 0.046875 0.12139423076923077
0 0.4254807692307692 0.8509615384615384 0.04807692307692308 0.1310096153846154
0 0.3389423076923077 0.8449519230769231 0.05048076923076923 0.11778846153846154
0 0.2980769230769231 0.8317307692307693 0.04326923076923077 0.13341346153846154
0 0.25240384615384615 0.8485576923076923 0.046875 0.12740384615384615
0 0.21514423076923078 0.828125 0.04447115384615385 0.12379807692307693
0 0.1778846153846154 0.8137019230769231 0.046875 0.12379807692307693
0 0.6862980769230769 0.5817307692307693 0.04447115384615385 0.12379807692307693
0 0.640625 0.5733173076923077 0.046875 0.12740384615384615
0 0.9254807692307693 0.30408653846153844 0.03485576923076923 0.13942307692307693
0 0.9675480769230769 0.32211538461538464 0.038461538461538464 0.1310096153846154
0 0.9423076923076923 0.5805288461538461 0.046875 0.12620192307692307
0 0.8701923076923077 0.5841346153846154 0.04567307692307692 0.12139423076923077
0 0.8269230769230769 0.8413461538461539 0.054086538461538464 0.12620192307692307
0 0.9783653846153846 0.5901442307692307 0.038461538461538464 0.12259615384615384
0 0.9915865384615384 0.3016826923076923 0.014423076923076924 0.11778846153846154
0 0.9699519230769231 0.02403846153846154 0.05889423076923077 0.04807692307692308