0 0.3245192307692308 0.4579326923076923 0.03365384615384615 0.12860576923076922
0 0.36778846153846156 0.4543269230769231 0.03485576923076923 0.15144230769230768
0 0.4098557692307692 0.46274038461538464 0.03245192307692308 0.13701923076923078
0 0.4266826923076923 0.7980769230769231 0.046875 0.1310096153846154
0 0.47115384615384615 0.7908653846153846 0.04447115384615385 0.140625
0 0.5144230769230769 0.7788461538461539 0.04807692307692308 0.140625
0 0.5552884615384616 0.7824519230769231 0.04807692307692308 0.1502403846153846
0 0.6009615384615384 0.7860576923076923 0.04927884615384615 0.140625
0 0.7668269230769231 0.671875 0.039663461538461536 0.14543269230769232
0 0.7043269230769231 0.49038461538461536 0.03485576923076923 0.13942307692307693
0 0.6634615384615384 0.47836538461538464 0.036057692307692304 0.13221153846153846
0 0.6225961538461539 0.4639423076923077 0.03485576923076923 0.1466346153846154
0 0.45913461538461536 0.12740384615384615 0.07932692307692307 0.06610576923076923
0 0.6538461538461539 0.13581730769230768 0.07692307692307693 0.06971153846153846
0 0.8028846153846154 0.25841346153846156 0.08653846153846154 0.06850961538461539
0 0.4519230769230769 0.4699519230769231 0.03125 0.11298076923076923
0 0.49399038461538464 0.4651442307692308 0.03245192307692308 0.1346153846153846
0 0.5372596153846154 0.47475961538461536 0.036057692307692304 0.14423076923076922
0 0.5817307692307693 0.46634615384615385 0.03485576923076923 0.14903846153846154
0 0.23918269230769232 0.1310096153846154 0.0829326923076923 0.06490384615384616
0 0.14783653846153846 0.12259615384615384 0.08173076923076923 0.07451923076923077
0 0.2848557692307692 0.4483173076923077 0.037259615384615384 0.13341346153846154
0 0.2439903846153846 0.44711538461538464 0.036057692307692304 0.08052884615384616
0 0.20552884615384615 0.44350961538461536 0.038461538461538464 0.13701923076923078
0 0.16826923076923078 0.4411057692307692 0.038461538461538464 0.12860576923076922
0 0.125 0.46274038461538464 0.04447115384615385 0.14423076923076922
0 0.08413461538461539 0.44350961538461536 0.04567307692307692 0.15264423076923078
0 0.04567307692307692 0.44350961538461536 0.04567307692307692 0.125
0 0.015625 0.44471153846153844 0.03125 0.14302884615384615
0 0.021634615384615384 0.7475961538461539 0.042067307692307696 0.13581730769230768
0 0.09495192307692307 0.75 0.051682692307692304 0.14182692307692307
0 0.13942307692307693 0.7608173076923077 0.046875 0.1346153846153846
0 0.3016826923076923 0.7776442307692307 0.05048076923076923 0.13341346153846154
0 0.34134615384615385 0.7752403846153846 0.052884615384615384 0.14543269230769232
0 0.2091346153846154 0.9759615384615384 0.04567307692307692 0.04447115384615385
0 0.24879807692307693 0.984375 0.030048076923076924 0.027644230769230768
0 0.34975961538461536 0.9879807692307693 0.03245192307692308 0.020432692307692308
0 0.39663461538461536 0.9891826923076923 0.030048076923076924 0.019230769230769232
0 0.4495192307692308 0.9855769230769231 0.036057692307692304 0.025240384615384616
0 0.7776442307692307 0.9879807692307693 0.037259615384615384 0.020432692307692308