0 0.3786057692307692 0.31490384615384615 0.042067307692307696 0.1658653846153846
0 0.4254807692307692 0.3112980769230769 0.040865384615384616 0.1658653846153846
0 0.4675480769230769 0.3088942307692308 0.039663461538461536 0.1466346153846154
0 0.5096153846153846 0.30408653846153844 0.04326923076923077 0.1622596153846154
0 0.5552884615384616 0.2920673076923077 0.04326923076923077 0.15384615384615385
0 0.296875 0.3161057692307692 0.04807692307692308 0.16706730769230768
0 0.25240384615384615 0.32091346153846156 0.04567307692307692 0.16826923076923078
0 0.20432692307692307 0.328125 0.04567307692307692 0.15504807692307693
0 0.09014423076923077 0.41586538461538464 0.052884615384615384 0.17307692307692307
0 0.04807692307692308 0.43509615384615385 0.040865384615384616 0.12379807692307693
0 0.015625 0.44350961538461536 0.03125 0.17548076923076922
0 0.6081730769230769 0.2920673076923077 0.04567307692307692 0.15504807692307693
0 0.9783653846153846 0.7199519230769231 0.039663461538461536 0.09975961538461539
0 0.7584134615384616 0.921875 0.08653846153846154 0.07692307692307693
0 0.6622596153846154 0.8425480769230769 0.08413461538461539 0.07211538461538461
0 0.49158653846153844 0.7307692307692307 0.09254807692307693 0.07451923076923077
0 0.39663461538461536 0.7127403846153846 0.09134615384615384 0.07692307692307693
0 0.3942307692307692 0.7944711538461539 0.09134615384615384 0.07211538461538461
0 0.4879807692307692 0.8112980769230769 0.09495192307692307 0.0733173076923077
0 0.484375 0.8918269230769231 0.0889423076923077 0.07692307692307693
0 0.3894230769230769 0.8713942307692307 0.09134615384615384 0.06850961538461539
0 0.4807692307692308 0.9639423076923077 0.09254807692307693 0.06850961538461539
0 0.3870192307692308 0.9471153846153846 0.07091346153846154 0.07932692307692307
0 0.18509615384615385 0.734375 0.09735576923076923 0.08774038461538461
0 0.18028846153846154 0.8221153846153846 0.09975961538461539 0.08173076923076923
0 0.18028846153846154 0.9026442307692307 0.09615384615384616 0.0829326923076923
0 0.07451923076923077 0.7067307692307693 0.10096153846153846 0.078125
0 0.06370192307692307 0.9627403846153846 0.09014423076923077 0.07091346153846154
0 0.6682692307692307 0.9182692307692307 0.08413461538461539 0.07211538461538461
0 0.7439903846153846 0.9855769230769231 0.078125 0.025240384615384616
0 0.6622596153846154 0.9747596153846154 0.0733173076923077 0.046875