0 0.5480769230769231 0.5985576923076923 0.05889423076923077 0.09495192307692307
0 0.5528846153846154 0.6778846153846154 0.07692307692307693 0.10336538461538461
0 0.5540865384615384 0.7644230769230769 0.06610576923076923 0.0985576923076923
0 0.5480769230769231 0.8425480769230769 0.07451923076923077 0.109375
0 0.5600961538461539 0.9459134615384616 0.07692307692307693 0.1045673076923077
0 0.4026442307692308 0.4987980769230769 0.07692307692307693 0.054086538461538464
0 0.40625 0.5733173076923077 0.08052884615384616 0.0625
0 0.4074519230769231 0.6466346153846154 0.08173076923076923 0.05889423076923077
0 0.4050480769230769 0.7139423076923077 0.08533653846153846 0.05889423076923077
0 0.40625 0.7824519230769231 0.078125 0.06009615384615385
0 0.41225961538461536 0.8581730769230769 0.08774038461538461 0.07451923076923077
0 0.41466346153846156 0.9254807692307693 0.07692307692307693 0.06370192307692307
0 0.23918269230769232 0.9819711538461539 0.0829326923076923 0.03245192307692308
0 0.23317307692307693 0.9302884615384616 0.07932692307692307 0.07091346153846154
0 0.23076923076923078 0.8641826923076923 0.06850961538461539 0.06610576923076923
0 0.22596153846153846 0.7932692307692307 0.08774038461538461 0.0625
0 0.13701923076923078 0.8004807692307693 0.08173076923076923 0.06490384615384616
0 0.14543269230769232 0.8665865384615384 0.07692307692307693 0.056490384615384616
0 0.14903846153846154 0.9387019230769231 0.0829326923076923 0.06610576923076923
0 0.15264423076923078 0.984375 0.078125 0.027644230769230768
0 0.2283653846153846 0.7199519230769231 0.06971153846153846 0.056490384615384616
0 0.1466346153846154 0.7199519230769231 0.08533653846153846 0.054086538461538464
0 0.14783653846153846 0.6550480769230769 0.0829326923076923 0.06009615384615385
0 0.2247596153846154 0.6586538461538461 0.06850961538461539 0.06129807692307692
0 0.22716346153846154 0.5889423076923077 0.08413461538461539 0.06009615384615385
0 0.23076923076923078 0.5120192307692307 0.08653846153846154 0.06009615384615385
0 0.13942307692307693 0.515625 0.08173076923076923 0.06009615384615385
0 0.1346153846153846 0.5925480769230769 0.0889423076923077 0.06971153846153846
0 0.4831730769230769 0.1346153846153846 0.07932692307692307 0.06129807692307692
0 0.47475961538461536 0.054086538461538464 0.078125 0.07091346153846154
0 0.3954326923076923 0.06971153846153846 0.0829326923076923 0.06370192307692307
0 0.3894230769230769 0.13581730769230768 0.0829326923076923 0.07091346153846154
0 0.39663461538461536 0.014423076923076924 0.078125 0.027644230769230768
0 0.21995192307692307 0.06971153846153846 0.0829326923076923 0.06490384615384616
0 0.21995192307692307 0.14302884615384615 0.08774038461538461 0.06610576923076923
0 0.13581730769230768 0.07211538461538461 0.08413461538461539 0.06850961538461539
0 0.13221153846153846 0.016826923076923076 0.0889423076923077 0.03365384615384615
0 0.21875 0.018028846153846152 0.08653846153846154 0.036057692307692304
0 0.010817307692307692 0.5216346153846154 0.021634615384615384 0.0673076923076923
0 0.014423076923076924 0.5913461538461539 0.028846153846153848 0.07211538461538461
0 0.013221153846153846 0.6682692307692307 0.025240384615384616 0.06009615384615385
0 0.010817307692307692 0.8100961538461539 0.021634615384615384 0.055288461538461536
0 0.01201923076923077 0.8713942307692307 0.02403846153846154 0.054086538461538464
0 0.010817307692307692 0.9447115384615384 0.021634615384615384 0.07211538461538461