0 0.5048076923076923 0.5324519230769231 0.06129807692307692 0.054086538461538464
0 0.5120192307692307 0.5877403846153846 0.057692307692307696 0.052884615384615384
0 0.5144230769230769 0.6442307692307693 0.06129807692307692 0.052884615384615384
0 0.4951923076923077 0.41947115384615385 0.057692307692307696 0.05048076923076923
0 0.4987980769230769 0.35697115384615385 0.0625 0.05048076923076923
0 0.5 0.296875 0.06610576923076923 0.04447115384615385
0 0.5012019230769231 0.24158653846153846 0.06370192307692307 0.054086538461538464
0 0.4987980769230769 0.1814903846153846 0.06129807692307692 0.051682692307692304
0 0.5084134615384616 0.7536057692307693 0.06370192307692307 0.056490384615384616
0 0.32091346153846156 0.5432692307692307 0.05889423076923077 0.04567307692307692
0 0.5552884615384616 0.2704326923076923 0.026442307692307692 0.1045673076923077
0 0.5576923076923077 0.3870192307692308 0.026442307692307692 0.10817307692307693
0 0.5600961538461539 0.5120192307692307 0.027644230769230768 0.10817307692307693
0 0.5637019230769231 0.6274038461538461 0.026442307692307692 0.109375
0 0.5060096153846154 0.8149038461538461 0.06009615384615385 0.05048076923076923
0 0.5108173076923077 0.6995192307692307 0.06009615384615385 0.05048076923076923
0 0.5192307692307693 0.921875 0.06129807692307692 0.0625
0 0.3293269230769231 0.3641826923076923 0.052884615384615384 0.04567307692307692
0 0.32211538461538464 0.30649038461538464 0.06129807692307692 0.046875
0 0.32091346153846156 0.24759615384615385 0.06490384615384616 0.051682692307692304
0 0.3112980769230769 0.07692307692307693 0.06370192307692307 0.05048076923076923
0 0.3137019230769231 0.1346153846153846 0.06129807692307692 0.05048076923076923
0 0.3161057692307692 0.19110576923076922 0.0625 0.051682692307692304
0 0.3293269230769231 0.5985576923076923 0.06370192307692307 0.05048076923076923
0 0.3245192307692308 0.7139423076923077 0.05889423076923077 0.04807692307692308
0 0.3269230769230769 0.6550480769230769 0.06009615384615385 0.052884615384615384
0 0.4963942307692308 0.12259615384615384 0.06129807692307692 0.052884615384615384
0 0.4951923076923077 0.06850961538461539 0.06009615384615385 0.054086538461538464
0 0.5492788461538461 0.046875 0.025240384615384616 0.09014423076923077
0 0.5516826923076923 0.15745192307692307 0.025240384615384616 0.10697115384615384
0 0.5 0.47596153846153844 0.06370192307692307 0.04326923076923077
0 0.31971153846153844 0.4807692307692308 0.0673076923076923 0.046875
0 0.6694711538461539 0.4050480769230769 0.06370192307692307 0.04567307692307692
0 0.6706730769230769 0.3545673076923077 0.0625 0.046875
0 0.6742788461538461 0.29447115384615385 0.057692307692307696 0.04807692307692308
0 0.6658653846153846 0.23557692307692307 0.06129807692307692 0.04567307692307692
0 0.6634615384615384 0.1814903846153846 0.06370192307692307 0.05048076923076923
0 0.6694711538461539 0.5745192307692307 0.06370192307692307 0.04807692307692308
0 0.5060096153846154 0.8689903846153846 0.05889423076923077 0.051682692307692304
0 0.5625 0.8665865384615384 0.028846153846153848 0.10697115384615384
0 0.3173076923076923 0.7716346153846154 0.06129807692307692 0.054086538461538464
0 0.31850961538461536 0.8305288461538461 0.06370192307692307 0.055288461538461536
0 0.3293269230769231 0.8870192307692307 0.0733173076923077 0.06850961538461539
0 0.33653846153846156 0.9471153846153846 0.06009615384615385 0.05048076923076923
0 0.5661057692307693 0.9639423076923077 0.025240384615384616 0.06850961538461539
0 0.5144230769230769 0.9783653846153846 0.06009615384615385 0.040865384615384616
0 0.6598557692307693 0.12139423076923077 0.056490384615384616 0.04807692307692308
0 0.6610576923076923 0.06490384615384616 0.06129807692307692 0.052884615384615384
0 0.32091346153846156 0.421875 0.06850961538461539 0.052884615384615384
0 0.6742788461538461 0.4639423076923077 0.06610576923076923 0.054086538461538464
0 0.6706730769230769 0.5240384615384616 0.06370192307692307 0.05048076923076923
0 0.31009615384615385 0.02403846153846154 0.056490384615384616 0.04807692307692308
0 0.5012019230769231 0.021634615384615384 0.06490384615384616 0.04326923076923077
0 0.6526442307692307 0.019230769230769232 0.052884615384615384 0.038461538461538464
0 0.6850961538461539 0.9675480769230769 0.06129807692307692 0.056490384615384616
0 0.6814903846153846 0.9158653846153846 0.05048076923076923 0.054086538461538464
0 0.6887019230769231 0.8605769230769231 0.0625 0.052884615384615384
0 0.6790865384615384 0.8016826923076923 0.06370192307692307 0.04807692307692308
0 0.6742788461538461 0.7463942307692307 0.057692307692307696 0.051682692307692304
0 0.6730769230769231 0.6899038461538461 0.06370192307692307 0.046875
0 0.6730769230769231 0.6334134615384616 0.0625 0.04807692307692308
0 0.5612980769230769 0.7524038461538461 0.028846153846153848 0.10817307692307693
0 0.33774038461538464 0.9891826923076923 0.051682692307692304 0.018028846153846152