0 0.5120192307692307 0.6814903846153846 0.06129807692307692 0.04807692307692308
0 0.5144230769230769 0.6237980769230769 0.06009615384615385 0.051682692307692304
0 0.7331730769230769 0.7944711538461539 0.056490384615384616 0.046875
0 0.5096153846153846 0.5168269230769231 0.06370192307692307 0.046875
0 0.5144230769230769 0.5721153846153846 0.051682692307692304 0.04807692307692308
0 0.44350961538461536 0.6322115384615384 0.056490384615384616 0.04567307692307692
0 0.44350961538461536 0.6875 0.06129807692307692 0.051682692307692304
0 0.44711538461538464 0.7415865384615384 0.05889423076923077 0.05048076923076923
0 0.515625 0.7355769230769231 0.06129807692307692 0.05048076923076923
0 0.515625 0.7932692307692307 0.06129807692307692 0.052884615384615384
0 0.5168269230769231 0.8497596153846154 0.06009615384615385 0.054086538461538464
0 0.44471153846153844 0.7956730769230769 0.057692307692307696 0.04807692307692308
0 0.44350961538461536 0.515625 0.0625 0.052884615384615384
0 0.44711538461538464 0.8569711538461539 0.05889423076923077 0.05048076923076923
0 0.4495192307692308 0.9110576923076923 0.06129807692307692 0.04807692307692308
0 0.4543269230769231 0.9699519230769231 0.06129807692307692 0.05048076923076923
0 0.5276442307692307 0.9591346153846154 0.056490384615384616 0.046875
0 0.5240384615384616 0.9086538461538461 0.05889423076923077 0.04807692307692308
0 0.6634615384615384 0.796875 0.06370192307692307 0.04807692307692308
0 0.6658653846153846 0.8509615384615384 0.0625 0.051682692307692304
0 0.7247596153846154 0.5817307692307693 0.056490384615384616 0.052884615384615384
0 0.6586538461538461 0.5901442307692307 0.06370192307692307 0.04807692307692308
0 0.6634615384615384 0.5252403846153846 0.056490384615384616 0.051682692307692304
0 0.44591346153846156 0.4098557692307692 0.05048076923076923 0.055288461538461536
0 0.43990384615384615 0.4639423076923077 0.057692307692307696 0.05048076923076923
0 0.4411057692307692 0.3557692307692308 0.06370192307692307 0.051682692307692304
0 0.296875 0.6370192307692307 0.057692307692307696 0.04567307692307692
0 0.3004807692307692 0.6947115384615384 0.05889423076923077 0.04807692307692308
0 0.23317307692307693 0.6959134615384616 0.06129807692307692 0.051682692307692304
0 0.22956730769230768 0.7536057692307693 0.04927884615384615 0.04326923076923077
0 0.23076923076923078 0.8064903846153846 0.06129807692307692 0.05048076923076923
0 0.2980769230769231 0.75 0.057692307692307696 0.04807692307692308
0 0.2956730769230769 0.8052884615384616 0.055288461538461536 0.04567307692307692
0 0.2956730769230769 0.8629807692307693 0.056490384615384616 0.04447115384615385
0 0.30288461538461536 0.9182692307692307 0.05889423076923077 0.046875
0 0.2956730769230769 0.9747596153846154 0.06009615384615385 0.046875
0 0.22956730769230768 0.9735576923076923 0.05889423076923077 0.04807692307692308
0 0.23076923076923078 0.9170673076923077 0.057692307692307696 0.051682692307692304
0 0.22596153846153846 0.8629807692307693 0.056490384615384616 0.04567307692307692
0 0.10817307692307693 0.8413461538461539 0.028846153846153848 0.1045673076923077
0 0.8846153846153846 0.8269230769230769 0.0625 0.046875
0 0.8810096153846154 0.8822115384615384 0.06370192307692307 0.046875
0 0.8870192307692307 0.9375 0.05889423076923077 0.04807692307692308
0 0.8894230769230769 0.9819711538461539 0.06370192307692307 0.03245192307692308
0 0.7427884615384616 0.9891826923076923 0.05889423076923077 0.018028846153846152
0 0.6706730769230769 0.9615384615384616 0.06129807692307692 0.051682692307692304
0 0.7427884615384616 0.9495192307692307 0.057692307692307696 0.046875
0 0.7379807692307693 0.8954326923076923 0.05889423076923077 0.052884615384615384
0 0.7379807692307693 0.8473557692307693 0.06009615384615385 0.051682692307692304
0 0.6622596153846154 0.734375 0.051682692307692304 0.04447115384615385
0 0.7355769230769231 0.7295673076923077 0.06370192307692307 0.04807692307692308
0 0.6634615384615384 0.9038461538461539 0.06009615384615385 0.046875
0 0.10817307692307693 0.9615384615384616 0.03245192307692308 0.07451923076923077
0 0.1045673076923077 0.5973557692307693 0.028846153846153848 0.10096153846153846
0 0.10817307692307693 0.7175480769230769 0.028846153846153848 0.10576923076923077
0 0.8810096153846154 0.7692307692307693 0.056490384615384616 0.04567307692307692
0 0.5144230769230769 0.4026442307692308 0.06009615384615385 0.04447115384615385
0 0.5132211538461539 0.45552884615384615 0.0625 0.04567307692307692
0 0.44591346153846156 0.578125 0.06610576923076923 0.052884615384615384
0 0.296875 0.5252403846153846 0.06129807692307692 0.04326923076923077
0 0.30528846153846156 0.5805288461538461 0.06129807692307692 0.04567307692307692
0 0.24759615384615385 0.5360576923076923 0.02403846153846154 0.10576923076923077
0 0.24519230769230768 0.4182692307692308 0.028846153846153848 0.10096153846153846
0 0.2283653846153846 0.6346153846153846 0.055288461538461536 0.04447115384615385
0 0.5120192307692307 0.3485576923076923 0.06129807692307692 0.05048076923076923
0 0.5120192307692307 0.29447115384615385 0.05889423076923077 0.046875
0 0.44591346153846156 0.30288461538461536 0.056490384615384616 0.046875
0 0.2956730769230769 0.4699519230769231 0.06009615384615385 0.052884615384615384
0 0.29927884615384615 0.4170673076923077 0.055288461538461536 0.04567307692307692
0 0.3004807692307692 0.359375 0.056490384615384616 0.04807692307692308
0 0.2956730769230769 0.30528846153846156 0.06009615384615385 0.04807692307692308
0 0.29086538461538464 0.2512019230769231 0.052884615384615384 0.04807692307692308
0 0.2932692307692308 0.19951923076923078 0.054086538461538464 0.051682692307692304
0 0.2932692307692308 0.1466346153846154 0.05889423076923077 0.05048076923076923
0 0.296875 0.09495192307692307 0.06370192307692307 0.05048076923076923
0 0.2980769230769231 0.04326923076923077 0.056490384615384616 0.051682692307692304
0 0.30288461538461536 0.009615384615384616 0.05048076923076923 0.018028846153846152
0 0.4338942307692308 0.036057692307692304 0.057692307692307696 0.051682692307692304
0 0.4987980769230769 0.028846153846153848 0.06129807692307692 0.051682692307692304
0 0.5036057692307693 0.08052884615384616 0.056490384615384616 0.04567307692307692
0 0.5072115384615384 0.13341346153846154 0.055288461538461536 0.052884615384615384
0 0.5072115384615384 0.18509615384615385 0.054086538461538464 0.05048076923076923
0 0.5096153846153846 0.23557692307692307 0.06370192307692307 0.04807692307692308
0 0.43149038461538464 0.08774038461538461 0.052884615384615384 0.046875
0 0.4338942307692308 0.13701923076923078 0.057692307692307696 0.055288461538461536
0 0.4362980769230769 0.18990384615384615 0.06129807692307692 0.051682692307692304
0 0.4375 0.2439903846153846 0.052884615384615384 0.052884615384615384
0 0.6370192307692307 0.006009615384615385 0.05048076923076923 0.01201923076923077
0 0.7091346153846154 0.03245192307692308 0.06370192307692307 0.056490384615384616
0 0.6394230769230769 0.036057692307692304 0.052884615384615384 0.04807692307692308
0 0.6454326923076923 0.08774038461538461 0.056490384615384616 0.052884615384615384
0 0.7091346153846154 0.08653846153846154 0.04807692307692308 0.05048076923076923
0 0.7151442307692307 0.13581730769230768 0.05889423076923077 0.052884615384615384
0 0.6418269230769231 0.140625 0.056490384615384616 0.051682692307692304
0 0.6526442307692307 0.1935096153846154 0.06370192307692307 0.05048076923076923
0 0.7211538461538461 0.19110576923076922 0.05889423076923077 0.05048076923076923
0 0.7223557692307693 0.2439903846153846 0.05889423076923077 0.046875
0 0.6574519230769231 0.24639423076923078 0.05889423076923077 0.051682692307692304
0 0.6610576923076923 0.2956730769230769 0.056490384615384616 0.046875
0 0.7247596153846154 0.29447115384615385 0.06129807692307692 0.04567307692307692
0 0.7295673076923077 0.35096153846153844 0.056490384615384616 0.05048076923076923
0 0.7319711538461539 0.4026442307692308 0.06009615384615385 0.04567307692307692
0 0.7307692307692307 0.45913461538461536 0.06129807692307692 0.04807692307692308
0 0.7283653846153846 0.5180288461538461 0.051682692307692304 0.04807692307692308
0 0.6622596153846154 0.4639423076923077 0.06129807692307692 0.046875
0 0.65625 0.4098557692307692 0.055288461538461536 0.04447115384615385
0 0.6622596153846154 0.3545673076923077 0.056490384615384616 0.05048076923076923
0 0.5276442307692307 0.9915865384615384 0.052884615384615384 0.01201923076923077
0 0.8713942307692307 0.6682692307692307 0.04927884615384615 0.05048076923076923
0 0.8725961538461539 0.6153846153846154 0.05889423076923077 0.04567307692307692
0 0.8701923076923077 0.5528846153846154 0.06009615384615385 0.05889423076923077
0 0.8689903846153846 0.49759615384615385 0.06370192307692307 0.04447115384615385
0 0.8665865384615384 0.44711538461538464 0.06009615384615385 0.05048076923076923
0 0.8653846153846154 0.390625 0.056490384615384616 0.05048076923076923
0 0.8677884615384616 0.33653846153846156 0.06129807692307692 0.054086538461538464
0 0.8653846153846154 0.28365384615384615 0.05889423076923077 0.05048076923076923
0 0.8629807692307693 0.23076923076923078 0.06610576923076923 0.055288461538461536
0 0.8605769230769231 0.17668269230769232 0.06370192307692307 0.05048076923076923
0 0.8617788461538461 0.125 0.05889423076923077 0.04807692307692308
0 0.8605769230769231 0.078125 0.06129807692307692 0.04567307692307692
0 0.8521634615384616 0.028846153846153848 0.06370192307692307 0.051682692307692304