0 0.6213942307692307 0.13341346153846154 0.03365384615384615 0.12259615384615384
0 0.6201923076923077 0.2692307692307692 0.027644230769230768 0.11658653846153846
0 0.6129807692307693 0.46153846153846156 0.027644230769230768 0.11658653846153846
0 0.6057692307692307 0.6033653846153846 0.027644230769230768 0.09615384615384616
0 0.6105769230769231 0.7127403846153846 0.030048076923076924 0.11538461538461539
0 0.4543269230769231 0.4675480769230769 0.0625 0.056490384615384616
0 0.46153846153846156 0.5324519230769231 0.06370192307692307 0.04807692307692308
0 0.46274038461538464 0.5913461538461539 0.06009615384615385 0.04567307692307692
0 0.45552884615384615 0.6502403846153846 0.06129807692307692 0.051682692307692304
0 0.4483173076923077 0.7067307692307693 0.056490384615384616 0.056490384615384616
0 0.44471153846153844 0.7644230769230769 0.06129807692307692 0.051682692307692304
0 0.4495192307692308 0.8221153846153846 0.056490384615384616 0.052884615384615384
0 0.45913461538461536 0.8822115384615384 0.04807692307692308 0.046875
0 0.453125 0.9375 0.06009615384615385 0.051682692307692304
0 0.38461538461538464 0.3858173076923077 0.06129807692307692 0.052884615384615384
0 0.29086538461538464 0.17548076923076922 0.06850961538461539 0.05889423076923077
0 0.20192307692307693 0.22235576923076922 0.05889423076923077 0.0733173076923077
0 0.20432692307692307 0.2860576923076923 0.06370192307692307 0.07932692307692307
0 0.20072115384615385 0.35096153846153844 0.05889423076923077 0.08173076923076923
0 0.19110576923076922 0.4110576923076923 0.06370192307692307 0.078125
0 0.19230769230769232 0.4855769230769231 0.05889423076923077 0.07932692307692307
0 0.1875 0.5516826923076923 0.06129807692307692 0.07451923076923077
0 0.19110576923076922 0.6177884615384616 0.056490384615384616 0.06850961538461539
0 0.18870192307692307 0.6802884615384616 0.06490384615384616 0.078125
0 0.1814903846153846 0.75 0.06610576923076923 0.07932692307692307
0 0.18389423076923078 0.8221153846153846 0.06850961538461539 0.07451923076923077
0 0.18028846153846154 0.8846153846153846 0.05889423076923077 0.07451923076923077
0 0.17307692307692307 0.9447115384615384 0.06850961538461539 0.078125
0 0.3112980769230769 0.8786057692307693 0.05889423076923077 0.06850961538461539
0 0.3125 0.9375 0.06009615384615385 0.06490384615384616
0 0.3137019230769231 0.7079326923076923 0.06129807692307692 0.06610576923076923
0 0.3137019230769231 0.6454326923076923 0.06610576923076923 0.06490384615384616
0 0.3245192307692308 0.5841346153846154 0.055288461538461536 0.0625
0 0.32572115384615385 0.5192307692307693 0.06490384615384616 0.06971153846153846