0 0.5492788461538461 0.30528846153846156 0.03365384615384615 0.12740384615384615
0 0.5973557692307693 0.6286057692307693 0.03365384615384615 0.12379807692307693
0 0.5108173076923077 0.3004807692307692 0.03365384615384615 0.12379807692307693
0 0.5528846153846154 0.6394230769230769 0.03125 0.12620192307692307
0 0.5120192307692307 0.6442307692307693 0.027644230769230768 0.10336538461538461
0 0.4735576923076923 0.296875 0.027644230769230768 0.12740384615384615
0 0.47836538461538464 0.6262019230769231 0.03485576923076923 0.1346153846153846
0 0.4411057692307692 0.6514423076923077 0.03125 0.12620192307692307
0 0.4050480769230769 0.6466346153846154 0.030048076923076924 0.13581730769230768
0 0.36778846153846156 0.6550480769230769 0.028846153846153848 0.12860576923076922
0 0.3329326923076923 0.6622596153846154 0.03245192307692308 0.12740384615384615
0 0.2920673076923077 0.6586538461538461 0.040865384615384616 0.19110576923076922
0 0.19471153846153846 0.6670673076923077 0.03365384615384615 0.125
0 0.16346153846153846 0.6454326923076923 0.03245192307692308 0.125
0 0.056490384615384616 0.6814903846153846 0.039663461538461536 0.1346153846153846
0 0.006009615384615385 0.6550480769230769 0.010817307692307692 0.12379807692307693
0 0.055288461538461536 0.3233173076923077 0.037259615384615384 0.1141826923076923
0 0.018028846153846152 0.3317307692307692 0.036057692307692304 0.12980769230769232
0 0.12139423076923077 0.3161057692307692 0.036057692307692304 0.11899038461538461
0 0.15264423076923078 0.32091346153846156 0.03485576923076923 0.11899038461538461
0 0.18870192307692307 0.3112980769230769 0.03485576923076923 0.12139423076923077
0 0.22235576923076922 0.33774038461538464 0.030048076923076924 0.125
0 0.25721153846153844 0.3329326923076923 0.03365384615384615 0.12620192307692307
0 0.3269230769230769 0.3245192307692308 0.03245192307692308 0.12740384615384615
0 0.36177884615384615 0.3125 0.030048076923076924 0.10697115384615384
0 0.39903846153846156 0.30528846153846156 0.030048076923076924 0.12139423076923077
0 0.43509615384615385 0.31009615384615385 0.03245192307692308 0.12139423076923077
0 0.6129807692307693 0.009615384615384616 0.03485576923076923 0.018028846153846152
0 0.5432692307692307 0.010817307692307692 0.027644230769230768 0.021634615384615384
0 0.5036057692307693 0.016826923076923076 0.036057692307692304 0.03365384615384615
0 0.4699519230769231 0.014423076923076924 0.03125 0.028846153846153848
0 0.4338942307692308 0.016826923076923076 0.03125 0.03365384615384615
0 0.39663461538461536 0.019230769230769232 0.03125 0.038461538461538464
0 0.36177884615384615 0.02403846153846154 0.027644230769230768 0.04807692307692308
0 0.328125 0.018028846153846152 0.028846153846153848 0.036057692307692304
0 0.2956730769230769 0.02283653846153846 0.030048076923076924 0.04567307692307692
0 0.2620192307692308 0.018028846153846152 0.03365384615384615 0.036057692307692304
0 0.2283653846153846 0.016826923076923076 0.03365384615384615 0.03365384615384615
0 0.19110576923076922 0.030048076923076924 0.03485576923076923 0.06009615384615385
0 0.15745192307692307 0.027644230769230768 0.036057692307692304 0.055288461538461536
0 0.12379807692307693 0.026442307692307692 0.036057692307692304 0.052884615384615384
0 0.019230769230769232 0.02283653846153846 0.038461538461538464 0.04567307692307692