0 0.24759615384615385 0.5276442307692307 0.04807692307692308 0.15985576923076922
0 0.29086538461538464 0.5072115384615384 0.040865384615384616 0.16706730769230768
0 0.38822115384615385 0.46634615384615385 0.05048076923076923 0.15264423076923078
0 0.1141826923076923 0.5348557692307693 0.040865384615384616 0.13701923076923078
0 0.8016826923076923 0.3485576923076923 0.04447115384615385 0.12620192307692307
0 0.8497596153846154 0.34134615384615385 0.05048076923076923 0.17548076923076922
0 0.8954326923076923 0.33774038461538464 0.04807692307692308 0.15985576923076922
0 0.9411057692307693 0.29447115384615385 0.052884615384615384 0.13701923076923078
0 0.9807692307692307 0.2932692307692308 0.037259615384615384 0.13701923076923078
0 0.3545673076923077 0.09735576923076923 0.04447115384615385 0.15745192307692307
0 0.3870192307692308 0.2668269230769231 0.07211538461538461 0.07211538461538461
0 0.3088942307692308 0.10336538461538461 0.04567307692307692 0.16826923076923078
0 0.2644230769230769 0.109375 0.04807692307692308 0.15985576923076922
0 0.21995192307692307 0.125 0.04326923076923077 0.14423076923076922
0 0.17908653846153846 0.1502403846153846 0.04567307692307692 0.12740384615384615
0 0.1346153846153846 0.16947115384615385 0.052884615384615384 0.15144230769230768
0 0.09254807692307693 0.20673076923076922 0.04567307692307692 0.125
0 0.04807692307692308 0.18990384615384615 0.052884615384615384 0.16826923076923078
0 0.015625 0.20192307692307693 0.030048076923076924 0.14182692307692307
0 0.03485576923076923 0.04567307692307692 0.04807692307692308 0.09014423076923077
0 0.07932692307692307 0.040865384615384616 0.052884615384615384 0.08173076923076923
0 0.12379807692307693 0.03485576923076923 0.04326923076923077 0.06971153846153846
0 0.16826923076923078 0.026442307692307692 0.040865384615384616 0.052884615384615384
0 0.21634615384615385 0.02283653846153846 0.04326923076923077 0.04567307692307692
0 0.5360576923076923 0.05889423076923077 0.04447115384615385 0.11658653846153846
0 0.5853365384615384 0.06009615384615385 0.04567307692307692 0.11899038461538461
0 0.6346153846153846 0.046875 0.040865384615384616 0.09254807692307693
0 0.6790865384615384 0.036057692307692304 0.040865384615384616 0.07211538461538461
0 0.7259615384615384 0.03365384615384615 0.042067307692307696 0.06610576923076923
0 0.7716346153846154 0.03125 0.04807692307692308 0.0625
0 0.8197115384615384 0.030048076923076924 0.04807692307692308 0.06009615384615385
0 0.8617788461538461 0.021634615384615384 0.04326923076923077 0.04326923076923077
0 0.6322115384615384 0.9278846153846154 0.07211538461538461 0.140625
0 0.6802884615384616 0.9615384615384616 0.05048076923076923 0.0733173076923077
0 0.9230769230769231 0.8473557692307693 0.06490384615384616 0.16105769230769232
0 0.9651442307692307 0.8834134615384616 0.06850961538461539 0.14302884615384615
0 0.9855769230769231 0.9290865384615384 0.027644230769230768 0.12379807692307693