0 0.8329326923076923 0.3942307692307692 0.042067307692307696 0.09014423076923077
0 0.7980769230769231 0.3918269230769231 0.037259615384615384 0.09735576923076923
0 0.7692307692307693 0.36899038461538464 0.039663461538461536 0.1045673076923077
0 0.7427884615384616 0.33774038461538464 0.039663461538461536 0.10336538461538461
0 0.7139423076923077 0.32091346153846156 0.038461538461538464 0.09975961538461539
0 0.6850961538461539 0.3125 0.03485576923076923 0.09134615384615384
0 0.65625 0.2776442307692308 0.03365384615384615 0.0889423076923077
0 0.6298076923076923 0.265625 0.037259615384615384 0.1045673076923077
0 0.5973557692307693 0.24639423076923078 0.030048076923076924 0.09134615384615384
0 0.5661057692307693 0.24879807692307693 0.037259615384615384 0.1045673076923077
0 0.5372596153846154 0.23317307692307693 0.03365384615384615 0.09975961538461539
0 0.5072115384615384 0.20793269230769232 0.037259615384615384 0.10336538461538461
0 0.47596153846153844 0.18389423076923078 0.038461538461538464 0.09615384615384616
0 0.44591346153846156 0.1658653846153846 0.038461538461538464 0.10697115384615384
0 0.41346153846153844 0.14903846153846154 0.038461538461538464 0.10576923076923077
0 0.38100961538461536 0.1346153846153846 0.038461538461538464 0.10817307692307693
0 0.3485576923076923 0.12139423076923077 0.040865384615384616 0.11298076923076923
0 0.3161057692307692 0.10336538461538461 0.039663461538461536 0.10817307692307693
0 0.28365384615384615 0.09495192307692307 0.037259615384615384 0.09615384615384616
0 0.25240384615384615 0.0625 0.04326923076923077 0.125
0 0.21995192307692307 0.051682692307692304 0.04326923076923077 0.10336538461538461
0 0.18629807692307693 0.037259615384615384 0.037259615384615384 0.07451923076923077
0 0.1466346153846154 0.036057692307692304 0.038461538461538464 0.07211538461538461
0 0.7259615384615384 0.6574519230769231 0.039663461538461536 0.09975961538461539
0 0.6935096153846154 0.6310096153846154 0.042067307692307696 0.1045673076923077
0 0.6658653846153846 0.6213942307692307 0.037259615384615384 0.09615384615384616
0 0.6358173076923077 0.6009615384615384 0.038461538461538464 0.10576923076923077
0 0.6057692307692307 0.5925480769230769 0.039663461538461536 0.10336538461538461
0 0.5757211538461539 0.5865384615384616 0.038461538461538464 0.10336538461538461
0 0.5480769230769231 0.5685096153846154 0.038461538461538464 0.09975961538461539
0 0.5168269230769231 0.5444711538461539 0.037259615384615384 0.10096153846153846
0 0.4879807692307692 0.5264423076923077 0.038461538461538464 0.109375
0 0.45913461538461536 0.515625 0.03245192307692308 0.10336538461538461
0 0.4254807692307692 0.5060096153846154 0.037259615384615384 0.109375
0 0.3942307692307692 0.4795673076923077 0.037259615384615384 0.109375
0 0.36538461538461536 0.46274038461538464 0.03485576923076923 0.11538461538461539
0 0.3317307692307692 0.44711538461538464 0.040865384615384616 0.10697115384615384
0 0.2956730769230769 0.42908653846153844 0.042067307692307696 0.11658653846153846
0 0.2668269230769231 0.4098557692307692 0.04447115384615385 0.11538461538461539
0 0.23557692307692307 0.390625 0.039663461538461536 0.11778846153846154
0 0.19951923076923078 0.3605769230769231 0.039663461538461536 0.10336538461538461
0 0.16466346153846154 0.35096153846153844 0.042067307692307696 0.11778846153846154
0 0.1310096153846154 0.3425480769230769 0.04326923076923077 0.11538461538461539
0 0.09735576923076923 0.33413461538461536 0.04447115384615385 0.11057692307692307
0 0.06129807692307692 0.31971153846153844 0.04807692307692308 0.10697115384615384
0 0.030048076923076924 0.296875 0.04567307692307692 0.109375
0 0.010817307692307692 0.26802884615384615 0.021634615384615384 0.12620192307692307
0 0.7379807692307693 0.9194711538461539 0.042067307692307696 0.10697115384615384
0 0.7019230769230769 0.9122596153846154 0.037259615384615384 0.1045673076923077
0 0.6754807692307693 0.9110576923076923 0.037259615384615384 0.0985576923076923
0 0.6466346153846154 0.8966346153846154 0.038461538461538464 0.10576923076923077
0 0.6165865384615384 0.890625 0.037259615384615384 0.10817307692307693
0 0.5901442307692307 0.8665865384615384 0.037259615384615384 0.09735576923076923
0 0.5637019230769231 0.8461538461538461 0.038461538461538464 0.09495192307692307
0 0.5252403846153846 0.8677884615384616 0.040865384615384616 0.10697115384615384
0 0.5060096153846154 0.8149038461538461 0.037259615384615384 0.10336538461538461
0 0.46875 0.8293269230769231 0.038461538461538464 0.11778846153846154
0 0.4387019230769231 0.8100961538461539 0.036057692307692304 0.109375
0 0.4098557692307692 0.7872596153846154 0.03245192307692308 0.09495192307692307
0 0.38100961538461536 0.7680288461538461 0.03485576923076923 0.10336538461538461
0 0.3473557692307692 0.7596153846153846 0.03485576923076923 0.11298076923076923
0 0.31971153846153844 0.7403846153846154 0.03485576923076923 0.10336538461538461
0 0.2848557692307692 0.7331730769230769 0.037259615384615384 0.11298076923076923
0 0.25240384615384615 0.7199519230769231 0.040865384615384616 0.11538461538461539
0 0.21875 0.7163461538461539 0.037259615384615384 0.10697115384615384
0 0.1875 0.6911057692307693 0.040865384615384616 0.1141826923076923
0 0.15384615384615385 0.6730769230769231 0.04326923076923077 0.11538461538461539
0 0.11899038461538461 0.6622596153846154 0.04807692307692308 0.12259615384615384
0 0.08774038461538461 0.6394230769230769 0.040865384615384616 0.11778846153846154
0 0.055288461538461536 0.6237980769230769 0.042067307692307696 0.12259615384615384
0 0.020432692307692308 0.6069711538461539 0.040865384615384616 0.11778846153846154
0 0.6947115384615384 0.7223557692307693 0.051682692307692304 0.0625
0 0.6382211538461539 0.6935096153846154 0.054086538461538464 0.06129807692307692
0 0.578125 0.6730769230769231 0.06009615384615385 0.06971153846153846
0 0.5144230769230769 0.6430288461538461 0.06370192307692307 0.07451923076923077
0 0.4483173076923077 0.6057692307692307 0.06129807692307692 0.06971153846153846
0 0.3894230769230769 0.5745192307692307 0.05048076923076923 0.054086538461538464
0 0.3293269230769231 0.546875 0.06370192307692307 0.06850961538461539
0 0.265625 0.5180288461538461 0.0625 0.06971153846153846
0 0.19831730769230768 0.48197115384615385 0.06610576923076923 0.06850961538461539
0 0.12259615384615384 0.44711538461538464 0.07091346153846154 0.06610576923076923
0 0.056490384615384616 0.4098557692307692 0.06971153846153846 0.06971153846153846