0 0.3858173076923077 0.1935096153846154 0.030048076923076924 0.11778846153846154
0 0.38341346153846156 0.3293269230769231 0.025240384615384616 0.11899038461538461
0 0.37740384615384615 0.5144230769230769 0.030048076923076924 0.109375
0 0.36899038461538464 0.6550480769230769 0.02403846153846154 0.09975961538461539
0 0.3737980769230769 0.7680288461538461 0.027644230769230768 0.1141826923076923
0 0.21754807692307693 0.5216346153846154 0.06370192307692307 0.05889423076923077
0 0.2283653846153846 0.5889423076923077 0.06370192307692307 0.05048076923076923
0 0.22596153846153846 0.6442307692307693 0.06490384615384616 0.04807692307692308
0 0.21875 0.6983173076923077 0.06370192307692307 0.054086538461538464
0 0.21394230769230768 0.7560096153846154 0.06129807692307692 0.05889423076923077
0 0.2091346153846154 0.8149038461538461 0.06009615384615385 0.052884615384615384
0 0.2127403846153846 0.8713942307692307 0.055288461538461536 0.055288461538461536
0 0.22235576923076922 0.9290865384615384 0.04807692307692308 0.04807692307692308
0 0.21394230769230768 0.9783653846153846 0.06129807692307692 0.040865384615384616
0 0.1502403846153846 0.44350961538461536 0.06129807692307692 0.054086538461538464
0 0.09014423076923077 0.5697115384615384 0.06129807692307692 0.07091346153846154
0 0.08774038461538461 0.6370192307692307 0.055288461538461536 0.06009615384615385
0 0.046875 0.7091346153846154 0.0673076923076923 0.06490384615384616
0 0.07932692307692307 0.7596153846153846 0.06129807692307692 0.06490384615384616
0 0.07451923076923077 0.9254807692307693 0.06009615384615385 0.0733173076923077
0 0.07451923076923077 0.9747596153846154 0.06129807692307692 0.04567307692307692
0 0.057692307692307696 0.23076923076923078 0.0673076923076923 0.0625