0 0.5408653846153846 0.10576923076923077 0.027644230769230768 0.10697115384615384
0 0.49399038461538464 0.2848557692307692 0.04927884615384615 0.04567307692307692
0 0.5432692307692307 0.22115384615384615 0.02403846153846154 0.10096153846153846
0 0.4831730769230769 0.051682692307692304 0.05889423076923077 0.05048076923076923
0 0.484375 0.10576923076923077 0.06009615384615385 0.051682692307692304
0 0.49158653846153844 0.22235576923076922 0.05889423076923077 0.05048076923076923
0 0.49278846153846156 0.3389423076923077 0.046875 0.042067307692307696
0 0.5480769230769231 0.3473557692307692 0.026442307692307692 0.11778846153846154
0 0.4987980769230769 0.39302884615384615 0.06610576923076923 0.054086538461538464
0 0.5012019230769231 0.46153846153846156 0.056490384615384616 0.05048076923076923
0 0.31490384615384615 0.40865384615384615 0.052884615384615384 0.046875
0 0.3112980769230769 0.2932692307692308 0.06971153846153846 0.051682692307692304
0 0.31971153846153844 0.3545673076923077 0.06370192307692307 0.04807692307692308
0 0.6646634615384616 0.20793269230769232 0.06129807692307692 0.054086538461538464
0 0.6574519230769231 0.33052884615384615 0.06370192307692307 0.04567307692307692
0 0.6598557692307693 0.38221153846153844 0.06490384615384616 0.056490384615384616
0 0.3161057692307692 0.23557692307692307 0.052884615384615384 0.04447115384615385
0 0.30408653846153844 0.1141826923076923 0.07211538461538461 0.06009615384615385
0 0.30408653846153844 0.5913461538461539 0.07091346153846154 0.0625
0 0.30288461538461536 0.5276442307692307 0.05889423076923077 0.046875
0 0.6850961538461539 0.9170673076923077 0.03125 0.1141826923076923
0 0.6502403846153846 0.2692307692307692 0.06129807692307692 0.052884615384615384
0 0.30288461538461536 0.9519230769230769 0.06850961538461539 0.06009615384615385
0 0.6586538461538461 0.4375 0.06129807692307692 0.051682692307692304
0 0.6598557692307693 0.1502403846153846 0.05048076923076923 0.04807692307692308
0 0.6682692307692307 0.49158653846153844 0.06009615384615385 0.055288461538461536
0 0.6550480769230769 0.04567307692307692 0.0625 0.052884615384615384
0 0.6658653846153846 0.1045673076923077 0.0625 0.052884615384615384
0 0.4951923076923077 0.15384615384615385 0.06129807692307692 0.0625
0 0.31490384615384615 0.1814903846153846 0.06129807692307692 0.05048076923076923
0 0.5060096153846154 0.5721153846153846 0.07572115384615384 0.06009615384615385
0 0.5012019230769231 0.5180288461538461 0.0625 0.051682692307692304
0 0.29447115384615385 0.06129807692307692 0.06370192307692307 0.052884615384615384
0 0.3173076923076923 0.46634615384615385 0.06490384615384616 0.046875
0 0.671875 0.6057692307692307 0.057692307692307696 0.04447115384615385
0 0.6706730769230769 0.6622596153846154 0.06009615384615385 0.051682692307692304
0 0.6706730769230769 0.7175480769230769 0.06370192307692307 0.051682692307692304
0 0.5528846153846154 0.47115384615384615 0.028846153846153848 0.10576923076923077
0 0.6706730769230769 0.5540865384615384 0.06129807692307692 0.05889423076923077
0 0.3004807692307692 0.8461538461538461 0.06971153846153846 0.06009615384615385
0 0.3016826923076923 0.8954326923076923 0.06610576923076923 0.05889423076923077
0 0.4831730769230769 0.01201923076923077 0.0673076923076923 0.02403846153846154
0 0.5384615384615384 0.020432692307692308 0.027644230769230768 0.040865384615384616
0 0.2932692307692308 0.016826923076923076 0.0673076923076923 0.03365384615384615
0 0.20673076923076922 0.7860576923076923 0.06610576923076923 0.11538461538461539
0 0.6502403846153846 0.9483173076923077 0.026442307692307692 0.09975961538461539
0 0.6201923076923077 0.953125 0.03245192307692308 0.09014423076923077
0 0.5877403846153846 0.9615384615384616 0.030048076923076924 0.07451923076923077
0 0.5576923076923077 0.9567307692307693 0.027644230769230768 0.08173076923076923
0 0.5228365384615384 0.9663461538461539 0.028846153846153848 0.06370192307692307
0 0.49038461538461536 0.9699519230769231 0.026442307692307692 0.056490384615384616
0 0.45913461538461536 0.9639423076923077 0.026442307692307692 0.06850961538461539
0 0.4266826923076923 0.9711538461538461 0.027644230769230768 0.055288461538461536