0 0.6009615384615384 0.5564903846153846 0.03245192307692308 0.11899038461538461
0 0.640625 0.5649038461538461 0.03365384615384615 0.12740384615384615
0 0.6778846153846154 0.546875 0.030048076923076924 0.109375
0 0.7127403846153846 0.5528846153846154 0.03485576923076923 0.1346153846153846
0 0.7487980769230769 0.5456730769230769 0.03365384615384615 0.11899038461538461
0 0.8185096153846154 0.5432692307692307 0.03485576923076923 0.12139423076923077
0 0.8509615384615384 0.5480769230769231 0.03365384615384615 0.12139423076923077
0 0.8882211538461539 0.5420673076923077 0.03485576923076923 0.12139423076923077
0 0.9242788461538461 0.5733173076923077 0.037259615384615384 0.12259615384615384
0 0.9603365384615384 0.5697115384615384 0.042067307692307696 0.12860576923076922
0 0.8930288461538461 0.7163461538461539 0.056490384615384616 0.125
0 0.9855769230769231 0.9026442307692307 0.025240384615384616 0.18990384615384615
0 0.9855769230769231 0.20793269230769232 0.025240384615384616 0.12620192307692307
0 0.9567307692307693 0.20432692307692307 0.036057692307692304 0.1141826923076923
0 0.9194711538461539 0.18629807692307693 0.037259615384615384 0.1310096153846154
0 0.8834134615384616 0.2127403846153846 0.03485576923076923 0.12620192307692307
0 0.8509615384615384 0.20673076923076922 0.037259615384615384 0.1310096153846154
0 0.8149038461538461 0.1971153846153846 0.03485576923076923 0.125
0 0.7091346153846154 0.19471153846153846 0.03125 0.11778846153846154
0 0.6754807692307693 0.1971153846153846 0.03125 0.11778846153846154
0 0.6346153846153846 0.19831730769230768 0.03125 0.12259615384615384
0 0.5973557692307693 0.18629807692307693 0.03245192307692308 0.12620192307692307
0 0.5276442307692307 0.18870192307692307 0.03245192307692308 0.11298076923076923
0 0.45552884615384615 0.18870192307692307 0.030048076923076924 0.1141826923076923
0 0.41947115384615385 0.20192307692307693 0.03245192307692308 0.13341346153846154
0 0.3473557692307692 0.203125 0.03125 0.12620192307692307
0 0.3088942307692308 0.21514423076923078 0.03485576923076923 0.125
0 0.27403846153846156 0.20192307692307693 0.03485576923076923 0.12379807692307693
0 0.24158653846153846 0.18990384615384615 0.03245192307692308 0.12259615384615384
0 0.20552884615384615 0.18389423076923078 0.037259615384615384 0.125
0 0.171875 0.19471153846153846 0.03125 0.12379807692307693
0 0.1346153846153846 0.20673076923076922 0.03485576923076923 0.13221153846153846
0 0.2439903846153846 0.4170673076923077 0.06971153846153846 0.0733173076923077
0 0.5612980769230769 0.5552884615384616 0.03245192307692308 0.140625
0 0.5264423076923077 0.5600961538461539 0.030048076923076924 0.13341346153846154
0 0.49038461538461536 0.5612980769230769 0.03125 0.12860576923076922
0 0.4543269230769231 0.5600961538461539 0.03125 0.12379807692307693
0 0.41225961538461536 0.5528846153846154 0.030048076923076924 0.12139423076923077
0 0.37740384615384615 0.5504807692307693 0.030048076923076924 0.12379807692307693
0 0.34134615384615385 0.5444711538461539 0.03125 0.125
0 0.30528846153846156 0.5432692307692307 0.030048076923076924 0.12860576923076922
0 0.2692307692307692 0.5432692307692307 0.036057692307692304 0.13221153846153846
0 0.23317307692307693 0.5516826923076923 0.030048076923076924 0.11778846153846154
0 0.19951923076923078 0.5516826923076923 0.037259615384615384 0.12860576923076922
0 0.1622596153846154 0.5612980769230769 0.037259615384615384 0.12620192307692307
0 0.12860576923076922 0.5612980769230769 0.03485576923076923 0.1310096153846154
0 0.09615384615384616 0.5516826923076923 0.038461538461538464 0.12259615384615384
0 0.056490384615384616 0.5600961538461539 0.040865384615384616 0.12139423076923077
0 0.859375 0.8858173076923077 0.03485576923076923 0.12860576923076922
0 0.7463942307692307 0.921875 0.03485576923076923 0.13942307692307693
0 0.6754807692307693 0.9014423076923077 0.03365384615384615 0.14182692307692307
0 0.6021634615384616 0.9014423076923077 0.03245192307692308 0.13221153846153846
0 0.5637019230769231 0.9086538461538461 0.028846153846153848 0.12860576923076922
0 0.5276442307692307 0.9110576923076923 0.03245192307692308 0.1346153846153846
0 0.4891826923076923 0.8918269230769231 0.03245192307692308 0.11778846153846154
0 0.4519230769230769 0.9074519230769231 0.030048076923076924 0.13341346153846154
0 0.41586538461538464 0.9050480769230769 0.030048076923076924 0.12620192307692307
0 0.3798076923076923 0.9074519230769231 0.03245192307692308 0.12259615384615384
0 0.3425480769230769 0.9002403846153846 0.03365384615384615 0.12620192307692307
0 0.30649038461538464 0.9086538461538461 0.03485576923076923 0.12740384615384615
0 0.26802884615384615 0.9086538461538461 0.03245192307692308 0.1310096153846154
0 0.23317307692307693 0.8966346153846154 0.030048076923076924 0.12139423076923077
0 0.19951923076923078 0.9014423076923077 0.03245192307692308 0.12139423076923077
0 0.1622596153846154 0.8966346153846154 0.036057692307692304 0.12620192307692307
0 0.12740384615384615 0.9074519230769231 0.03485576923076923 0.09975961538461539
0 0.09495192307692307 0.9014423076923077 0.037259615384615384 0.12379807692307693
0 0.057692307692307696 0.8822115384615384 0.040865384615384616 0.12259615384615384
0 0.020432692307692308 0.8990384615384616 0.039663461538461536 0.125