0 0.3641826923076923 0.265625 0.03245192307692308 0.12139423076923077
0 0.46033653846153844 0.5829326923076923 0.04326923076923077 0.12379807692307693
0 0.44350961538461536 0.2668269230769231 0.030048076923076924 0.12860576923076922
0 0.4026442307692308 0.2608173076923077 0.03365384615384615 0.13581730769230768
0 0.46875 0.828125 0.056490384615384616 0.13581730769230768
0 0.5552884615384616 0.8389423076923077 0.055288461538461536 0.11899038461538461
0 0.5637019230769231 0.2824519230769231 0.03485576923076923 0.13942307692307693
0 0.5240384615384616 0.27163461538461536 0.03125 0.125
0 0.4831730769230769 0.2776442307692308 0.030048076923076924 0.10576923076923077
0 0.5024038461538461 0.578125 0.04326923076923077 0.1346153846153846
0 0.5420673076923077 0.5649038461538461 0.046875 0.1346153846153846
0 0.3786057692307692 0.5637019230769231 0.05048076923076923 0.13701923076923078
0 0.3389423076923077 0.5685096153846154 0.04567307692307692 0.12379807692307693
0 0.5829326923076923 0.5625 0.04807692307692308 0.14903846153846154
0 0.6262019230769231 0.5721153846153846 0.046875 0.13221153846153846
0 0.6442307692307693 0.26802884615384615 0.03125 0.13341346153846154
0 0.6057692307692307 0.27163461538461536 0.03245192307692308 0.13581730769230768
0 0.3269230769230769 0.25721153846153844 0.03245192307692308 0.12379807692307693
0 0.28846153846153844 0.25600961538461536 0.03125 0.07932692307692307
0 0.25 0.25600961538461536 0.03485576923076923 0.12620192307692307
0 0.2127403846153846 0.25600961538461536 0.036057692307692304 0.125
0 0.17427884615384615 0.27163461538461536 0.040865384615384616 0.13341346153846154
0 0.13221153846153846 0.25841346153846156 0.040865384615384616 0.140625
0 0.09615384615384616 0.25961538461538464 0.038461538461538464 0.11658653846153846
0 0.05889423076923077 0.25841346153846156 0.038461538461538464 0.12860576923076922
0 0.020432692307692308 0.2704326923076923 0.040865384615384616 0.1466346153846154
0 0.06850961538461539 0.5480769230769231 0.05048076923076923 0.12740384615384615
0 0.021634615384615384 0.8149038461538461 0.042067307692307696 0.13701923076923078
0 0.24278846153846154 0.8137019230769231 0.06009615384615385 0.1502403846153846
0 0.2824519230769231 0.8209134615384616 0.04927884615384615 0.12139423076923077
0 0.3762019230769231 0.8305288461538461 0.055288461538461536 0.1310096153846154
0 0.4206730769230769 0.8317307692307693 0.055288461538461536 0.1310096153846154
0 0.18389423076923078 0.5588942307692307 0.04447115384615385 0.1310096153846154
0 0.14182692307692307 0.5480769230769231 0.04567307692307692 0.13701923076923078
0 0.5072115384615384 0.8473557692307693 0.052884615384615384 0.1346153846153846
0 0.6009615384615384 0.8413461538461539 0.052884615384615384 0.13221153846153846
0 0.6526442307692307 0.8389423076923077 0.054086538461538464 0.12860576923076922
0 0.6923076923076923 0.8497596153846154 0.04807692307692308 0.11778846153846154
0 0.734375 0.8569711538461539 0.055288461538461536 0.140625
0 0.7836538461538461 0.8269230769230769 0.04927884615384615 0.12379807692307693
0 0.8197115384615384 0.8305288461538461 0.046875 0.11057692307692307
0 0.8605769230769231 0.8473557692307693 0.04807692307692308 0.11899038461538461
0 0.7800480769230769 0.4651442307692308 0.037259615384615384 0.13581730769230768
0 0.8112980769230769 0.08052884615384616 0.07932692307692307 0.07211538461538461
0 0.7199519230769231 0.2932692307692308 0.03125 0.12740384615384615
0 0.6814903846153846 0.27884615384615385 0.03485576923076923 0.11778846153846154