0 0.6177884615384616 0.24278846153846154 0.028846153846153848 0.12379807692307693
0 0.6177884615384616 0.37259615384615385 0.030048076923076924 0.11057692307692307
0 0.6117788461538461 0.5552884615384616 0.03125 0.10817307692307693
0 0.6057692307692307 0.6911057692307693 0.028846153846153848 0.09014423076923077
0 0.609375 0.8004807692307693 0.030048076923076924 0.10817307692307693
0 0.45913461538461536 0.5625 0.05889423076923077 0.04807692307692308
0 0.46875 0.6262019230769231 0.056490384615384616 0.05048076923076923
0 0.4699519230769231 0.6814903846153846 0.05889423076923077 0.04807692307692308
0 0.46033653846153844 0.7355769230769231 0.056490384615384616 0.05048076923076923
0 0.45552884615384615 0.7908653846153846 0.054086538461538464 0.051682692307692304
0 0.4495192307692308 0.8449519230769231 0.057692307692307696 0.051682692307692304
0 0.4567307692307692 0.9026442307692307 0.052884615384615384 0.051682692307692304
0 0.46634615384615385 0.9579326923076923 0.04567307692307692 0.04326923076923077
0 0.39302884615384615 0.484375 0.05889423076923077 0.05048076923076923
0 0.30288461538461536 0.2848557692307692 0.057692307692307696 0.054086538461538464
0 0.21754807692307693 0.33413461538461536 0.056490384615384616 0.0625
0 0.21995192307692307 0.3954326923076923 0.06370192307692307 0.06971153846153846
0 0.21634615384615385 0.45552884615384615 0.056490384615384616 0.07692307692307693
0 0.20793269230769232 0.515625 0.06129807692307692 0.07692307692307693
0 0.2091346153846154 0.5865384615384616 0.06009615384615385 0.07932692307692307
0 0.20432692307692307 0.6442307692307693 0.06370192307692307 0.06850961538461539
0 0.20552884615384615 0.7091346153846154 0.055288461538461536 0.06490384615384616
0 0.20793269230769232 0.7716346153846154 0.06610576923076923 0.07211538461538461
0 0.20072115384615385 0.8365384615384616 0.06610576923076923 0.07451923076923077
0 0.20432692307692307 0.9002403846153846 0.0673076923076923 0.07692307692307693
0 0.20072115384615385 0.9639423076923077 0.0625 0.06610576923076923
0 0.3269230769230769 0.7932692307692307 0.055288461538461536 0.0625
0 0.3245192307692308 0.9555288461538461 0.054086538461538464 0.06610576923076923
0 0.3125 0.7427884615384616 0.06370192307692307 0.06610576923076923
0 0.33653846153846156 0.6790865384615384 0.052884615384615384 0.06370192307692307
0 0.33653846153846156 0.6141826923076923 0.05889423076923077 0.07692307692307693