0 0.8137019230769231 0.4987980769230769 0.04447115384615385 0.12620192307692307
0 0.8617788461538461 0.49158653846153844 0.05048076923076923 0.17548076923076922
0 0.31009615384615385 0.6682692307692307 0.04807692307692308 0.1658653846153846
0 0.2620192307692308 0.6862980769230769 0.04927884615384615 0.15865384615384615
0 0.36658653846153844 0.25240384615384615 0.046875 0.15985576923076922
0 0.32211538461538464 0.25841346153846156 0.04326923076923077 0.16346153846153846
0 0.27524038461538464 0.26802884615384615 0.046875 0.16105769230769232
0 0.7704326923076923 0.4879807692307692 0.042067307692307696 0.11658653846153846
0 0.6802884615384616 0.5276442307692307 0.04807692307692308 0.1346153846153846
0 0.6334134615384616 0.5588942307692307 0.052884615384615384 0.13221153846153846
0 0.9074519230769231 0.48197115384615385 0.04807692307692308 0.15264423076923078
0 0.9543269230769231 0.43990384615384615 0.055288461538461536 0.13701923076923078
0 0.23317307692307693 0.28365384615384615 0.04807692307692308 0.13701923076923078
0 0.19110576923076922 0.31009615384615385 0.04447115384615385 0.1310096153846154
0 0.14543269230769232 0.3317307692307692 0.055288461538461536 0.14903846153846154
0 0.10336538461538461 0.36778846153846156 0.04326923076923077 0.12620192307692307
0 0.05889423076923077 0.35336538461538464 0.054086538461538464 0.16346153846153846
0 0.5456730769230769 0.19471153846153846 0.04447115384615385 0.140625
0 0.5961538461538461 0.1875 0.04927884615384615 0.1622596153846154
0 0.6442307692307693 0.1622596153846154 0.04567307692307692 0.15264423076923078
0 0.6887019230769231 0.1466346153846154 0.04447115384615385 0.14302884615384615
0 0.7331730769230769 0.13942307692307693 0.04326923076923077 0.14423076923076922
0 0.7776442307692307 0.1310096153846154 0.05048076923076923 0.15504807692307693
0 0.8221153846153846 0.125 0.051682692307692304 0.15985576923076922
0 0.8677884615384616 0.10817307692307693 0.055288461538461536 0.16105769230769232
0 0.9098557692307693 0.09254807692307693 0.04927884615384615 0.1466346153846154
0 0.9603365384615384 0.10576923076923077 0.05048076923076923 0.15745192307692307
0 0.5300480769230769 0.04927884615384615 0.04567307692307692 0.0985576923076923
0 0.5793269230769231 0.038461538461538464 0.04326923076923077 0.07692307692307693
0 0.6262019230769231 0.03485576923076923 0.040865384615384616 0.06971153846153846
0 0.6754807692307693 0.026442307692307692 0.04326923076923077 0.052884615384615384
0 0.7211538461538461 0.02403846153846154 0.042067307692307696 0.046875
0 0.7644230769230769 0.019230769230769232 0.040865384615384616 0.038461538461538464
0 0.4699519230769231 0.421875 0.07211538461538461 0.06490384615384616
0 0.40625 0.6322115384615384 0.054086538461538464 0.1622596153846154
0 0.34975961538461536 0.6514423076923077 0.042067307692307696 0.15865384615384615
0 0.1778846153846154 0.7019230769230769 0.040865384615384616 0.13221153846153846
0 0.13221153846153846 0.7127403846153846 0.040865384615384616 0.1658653846153846
0 0.9387019230769231 0.9483173076923077 0.06129807692307692 0.09975961538461539
0 0.9831730769230769 0.9723557692307693 0.03245192307692308 0.051682692307692304
0 0.34975961538461536 0.05889423076923077 0.04447115384615385 0.11778846153846154
0 0.30649038461538464 0.09254807692307693 0.04807692307692308 0.1466346153846154
0 0.2620192307692308 0.0985576923076923 0.04567307692307692 0.14423076923076922
0 0.22235576923076922 0.12620192307692307 0.046875 0.13701923076923078
0 0.17307692307692307 0.13341346153846154 0.046875 0.15384615384615385
0 0.1346153846153846 0.1502403846153846 0.05048076923076923 0.15504807692307693
0 0.09014423076923077 0.17307692307692307 0.04927884615384615 0.14182692307692307
0 0.04807692307692308 0.1778846153846154 0.04807692307692308 0.14302884615384615
0 0.013221153846153846 0.19951923076923078 0.025240384615384616 0.13942307692307693
0 0.021634615384615384 0.3629807692307692 0.04326923076923077 0.14423076923076922
0 0.7259615384615384 0.5252403846153846 0.040865384615384616 0.140625
0 0.9855769230769231 0.44591346153846156 0.027644230769230768 0.1622596153846154
0 0.9855769230769231 0.0733173076923077 0.027644230769230768 0.14543269230769232