0 0.4831730769230769 0.2247596153846154 0.046875 0.16105769230769232
0 0.5733173076923077 0.703125 0.040865384615384616 0.16346153846153846
0 0.5240384615384616 0.6971153846153846 0.042067307692307696 0.16826923076923078
0 0.4723557692307692 0.6947115384615384 0.04326923076923077 0.18028846153846154
0 0.22956730769230768 0.6838942307692307 0.04807692307692308 0.17067307692307693
0 0.1778846153846154 0.6947115384615384 0.05048076923076923 0.16346153846153846
0 0.4338942307692308 0.203125 0.039663461538461536 0.16706730769230768
0 0.3858173076923077 0.1875 0.04567307692307692 0.171875
0 0.3389423076923077 0.203125 0.040865384615384616 0.16706730769230768
0 0.28725961538461536 0.21514423076923078 0.04927884615384615 0.1778846153846154
0 0.6262019230769231 0.7115384615384616 0.04326923076923077 0.16346153846153846
0 0.671875 0.7151442307692307 0.04326923076923077 0.16105769230769232
0 0.7247596153846154 0.7259615384615384 0.04326923076923077 0.16706730769230768
0 0.7704326923076923 0.7331730769230769 0.040865384615384616 0.1658653846153846
0 0.8161057692307693 0.7307692307692307 0.04326923076923077 0.17067307692307693
0 0.8617788461538461 0.7295673076923077 0.04567307692307692 0.1778846153846154
0 0.9086538461538461 0.7307692307692307 0.04326923076923077 0.15264423076923078
0 0.9591346153846154 0.7439903846153846 0.04927884615384615 0.16947115384615385
0 0.9903846153846154 0.7235576923076923 0.018028846153846152 0.14182692307692307
0 0.4230769230769231 0.7019230769230769 0.037259615384615384 0.1622596153846154
0 0.3762019230769231 0.6983173076923077 0.04567307692307692 0.17548076923076922
0 0.3233173076923077 0.7067307692307693 0.04567307692307692 0.17668269230769232
0 0.27524038461538464 0.703125 0.04567307692307692 0.17067307692307693
0 0.5336538461538461 0.24879807692307693 0.04447115384615385 0.16947115384615385
0 0.5841346153846154 0.23557692307692307 0.038461538461538464 0.16706730769230768
0 0.6802884615384616 0.2439903846153846 0.04326923076923077 0.17548076923076922
0 0.7283653846153846 0.23076923076923078 0.04326923076923077 0.14903846153846154
0 0.8185096153846154 0.2439903846153846 0.04807692307692308 0.14423076923076922
0 0.9074519230769231 0.24879807692307693 0.04807692307692308 0.15985576923076922
0 0.9567307692307693 0.2644230769230769 0.04807692307692308 0.15865384615384615
0 0.9891826923076923 0.26802884615384615 0.019230769230769232 0.15384615384615385