0 0.7307692307692307 0.671875 0.026442307692307692 0.1045673076923077
0 0.7043269230769231 0.6670673076923077 0.026442307692307692 0.09975961538461539
0 0.6730769230769231 0.6634615384615384 0.028846153846153848 0.11298076923076923
0 0.4651442307692308 0.40865384615384615 0.052884615384615384 0.046875
0 0.3125 0.5108173076923077 0.05889423076923077 0.05048076923076923
0 0.31009615384615385 0.5649038461538461 0.05889423076923077 0.051682692307692304
0 0.31009615384615385 0.4543269230769231 0.05889423076923077 0.054086538461538464
0 0.4639423076923077 0.2512019230769231 0.055288461538461536 0.046875
0 0.4651442307692308 0.30408653846153844 0.0625 0.051682692307692304
0 0.31971153846153844 0.1346153846153846 0.055288461538461536 0.051682692307692304
0 0.4579326923076923 0.6911057692307693 0.06370192307692307 0.051682692307692304
0 0.45913461538461536 0.46153846153846156 0.05889423076923077 0.046875
0 0.46274038461538464 0.19831730769230768 0.05889423076923077 0.05048076923076923
0 0.453125 0.14182692307692307 0.05889423076923077 0.04807692307692308
0 0.4675480769230769 0.5216346153846154 0.06971153846153846 0.052884615384615384
0 0.4675480769230769 0.578125 0.06129807692307692 0.042067307692307696
0 0.45913461538461536 0.6322115384615384 0.06129807692307692 0.04807692307692308
0 0.8185096153846154 0.6730769230769231 0.025240384615384616 0.11057692307692307
0 0.6418269230769231 0.6706730769230769 0.026442307692307692 0.11298076923076923
0 0.6105769230769231 0.6682692307692307 0.028846153846153848 0.1045673076923077
0 0.19471153846153846 0.0625 0.06370192307692307 0.052884615384615384
0 0.19471153846153846 0.11298076923076923 0.055288461538461536 0.052884615384615384
0 0.6826923076923077 0.9194711538461539 0.05889423076923077 0.05048076923076923
0 0.32211538461538464 0.9014423076923077 0.05889423076923077 0.04807692307692308
0 0.3245192307692308 0.08413461538461539 0.055288461538461536 0.046875
0 0.4723557692307692 0.09495192307692307 0.06610576923076923 0.046875
0 0.4723557692307692 0.35697115384615385 0.056490384615384616 0.04447115384615385
0 0.5168269230769231 0.6766826923076923 0.02403846153846154 0.11658653846153846
0 0.546875 0.6682692307692307 0.025240384615384616 0.109375
0 0.5769230769230769 0.6706730769230769 0.026442307692307692 0.09735576923076923
0 0.8509615384615384 0.6634615384615384 0.030048076923076924 0.10817307692307693
0 0.7596153846153846 0.6850961538461539 0.025240384615384616 0.10576923076923077
0 0.7884615384615384 0.6838942307692307 0.026442307692307692 0.10817307692307693
0 0.7427884615384616 0.9134615384615384 0.04807692307692308 0.04447115384615385
0 0.7439903846153846 0.9675480769230769 0.051682692307692304 0.04807692307692308
0 0.6814903846153846 0.9723557692307693 0.05889423076923077 0.05048076923076923
0 0.5348557692307693 0.9086538461538461 0.05889423076923077 0.046875
0 0.5324519230769231 0.9663461538461539 0.056490384615384616 0.04807692307692308
0 0.4675480769230769 0.9615384615384616 0.056490384615384616 0.04807692307692308
0 0.46153846153846156 0.9074519230769231 0.056490384615384616 0.051682692307692304
0 0.16826923076923078 0.9182692307692307 0.06009615384615385 0.05048076923076923
0 0.16826923076923078 0.8641826923076923 0.05889423076923077 0.040865384615384616
0 0.16826923076923078 0.8125 0.06370192307692307 0.04567307692307692
0 0.17067307692307693 0.7019230769230769 0.055288461538461536 0.04567307692307692
0 0.1658653846153846 0.7584134615384616 0.06971153846153846 0.05048076923076923
0 0.17908653846153846 0.5877403846153846 0.06009615384615385 0.05048076923076923
0 0.17668269230769232 0.6418269230769231 0.057692307692307696 0.04807692307692308
0 0.3125 0.4026442307692308 0.052884615384615384 0.04447115384615385
0 0.3233173076923077 0.3473557692307692 0.055288461538461536 0.04807692307692308
0 0.3245192307692308 0.2932692307692308 0.05889423076923077 0.04807692307692308
0 0.31971153846153844 0.2403846153846154 0.056490384615384616 0.04567307692307692
0 0.32211538461538464 0.19110576923076922 0.056490384615384616 0.046875
0 0.3137019230769231 0.6213942307692307 0.054086538461538464 0.046875
0 0.3125 0.6790865384615384 0.056490384615384616 0.05048076923076923
0 0.1971153846153846 0.018028846153846152 0.05889423076923077 0.036057692307692304
0 0.18509615384615385 0.16826923076923078 0.052884615384615384 0.04447115384615385
0 0.1814903846153846 0.22235576923076922 0.056490384615384616 0.05048076923076923
0 0.18028846153846154 0.27403846153846156 0.05889423076923077 0.04447115384615385
0 0.1778846153846154 0.328125 0.06850961538461539 0.052884615384615384
0 0.17908653846153846 0.37740384615384615 0.05889423076923077 0.04567307692307692
0 0.1814903846153846 0.43028846153846156 0.055288461538461536 0.05048076923076923
0 0.17548076923076922 0.4855769230769231 0.057692307692307696 0.046875
0 0.3233173076923077 0.9903846153846154 0.056490384615384616 0.015625
0 0.32211538461538464 0.953125 0.06129807692307692 0.046875
0 0.17307692307692307 0.9711538461538461 0.0625 0.046875
0 0.46274038461538464 0.9927884615384616 0.056490384615384616 0.010817307692307692
0 0.8918269230769231 0.9747596153846154 0.06009615384615385 0.04567307692307692
0 0.8846153846153846 0.9266826923076923 0.06009615384615385 0.052884615384615384
0 0.8954326923076923 0.8665865384615384 0.05889423076923077 0.046875
0 0.8942307692307693 0.8125 0.055288461538461536 0.05048076923076923
0 0.8966346153846154 0.7512019230769231 0.06370192307692307 0.05048076923076923
0 0.46274038461538464 0.04447115384615385 0.06129807692307692 0.04567307692307692
0 0.32211538461538464 0.036057692307692304 0.05889423076923077 0.04567307692307692