0 0.46274038461538464 0.27884615384615385 0.052884615384615384 0.09014423076923077
0 0.4411057692307692 0.3137019230769231 0.055288461538461536 0.09615384615384616
0 0.5228365384615384 0.5432692307692307 0.055288461538461536 0.09975961538461539
0 0.3737980769230769 0.44711538461538464 0.055288461538461536 0.0985576923076923
0 0.3870192307692308 0.23197115384615385 0.052884615384615384 0.08774038461538461
0 0.2776442307692308 0.08413461538461539 0.056490384615384616 0.09735576923076923
0 0.20432692307692307 0.19471153846153846 0.055288461538461536 0.08653846153846154
0 0.10096153846153846 0.3737980769230769 0.06129807692307692 0.09615384615384616
0 0.39302884615384615 0.4026442307692308 0.05889423076923077 0.1045673076923077
0 0.4170673076923077 0.3605769230769231 0.052884615384615384 0.09254807692307693
0 0.3473557692307692 0.4855769230769231 0.05889423076923077 0.0985576923076923
0 0.16947115384615385 0.8629807692307693 0.05889423076923077 0.09134615384615384
0 0.10096153846153846 0.7644230769230769 0.06009615384615385 0.09975961538461539
0 0.4098557692307692 0.19110576923076922 0.05889423076923077 0.09735576923076923
0 0.4855769230769231 0.234375 0.05889423076923077 0.1045673076923077
0 0.2920673076923077 0.39302884615384615 0.056490384615384616 0.10096153846153846
0 0.31490384615384615 0.35336538461538464 0.054086538461538464 0.09975961538461539
0 0.3401442307692308 0.3137019230769231 0.05048076923076923 0.09254807692307693
0 0.36538461538461536 0.2776442307692308 0.052884615384615384 0.0985576923076923
0 0.17307692307692307 0.25600961538461536 0.056490384615384616 0.09735576923076923
0 0.13822115384615385 0.31971153846153844 0.05889423076923077 0.1045673076923077
0 0.07211538461538461 0.4387019230769231 0.06370192307692307 0.1045673076923077
0 0.038461538461538464 0.5060096153846154 0.0673076923076923 0.0985576923076923
0 0.016826923076923076 0.5901442307692307 0.03365384615384615 0.056490384615384616
0 0.2764423076923077 0.44350961538461536 0.052884615384615384 0.09735576923076923
0 0.3269230769230769 0.5336538461538461 0.057692307692307696 0.09975961538461539
0 0.2956730769230769 0.5661057692307693 0.06009615384615385 0.10817307692307693
0 0.25 0.4831730769230769 0.056490384615384616 0.1045673076923077
0 0.2283653846153846 0.5204326923076923 0.055288461538461536 0.0985576923076923
0 0.2776442307692308 0.6081730769230769 0.056490384615384616 0.09735576923076923
0 0.2548076923076923 0.6574519230769231 0.054086538461538464 0.09735576923076923
0 0.2091346153846154 0.5745192307692307 0.055288461538461536 0.0985576923076923
0 0.0673076923076923 0.6947115384615384 0.06009615384615385 0.1045673076923077
0 0.23798076923076922 0.9591346153846154 0.055288461538461536 0.07692307692307693
0 0.28365384615384615 0.9855769230769231 0.03245192307692308 0.02403846153846154
0 0.42788461538461536 0.9567307692307693 0.06850961538461539 0.0625
0 0.31009615384615385 0.036057692307692304 0.057692307692307696 0.07211538461538461
0 0.35096153846153844 0.013221153846153846 0.03245192307692308 0.026442307692307692
0 0.43509615384615385 0.02283653846153846 0.04567307692307692 0.04567307692307692
0 0.5949519230769231 0.5889423076923077 0.055288461538461536 0.09254807692307693
0 0.5733173076923077 0.6262019230769231 0.055288461538461536 0.09975961538461539
0 0.5492788461538461 0.671875 0.054086538461538464 0.09134615384615384
0 0.5 0.5901442307692307 0.055288461538461536 0.0985576923076923
0 0.5456730769230769 0.5012019230769231 0.055288461538461536 0.09735576923076923
0 0.47475961538461536 0.625 0.05889423076923077 0.10697115384615384
0 0.4495192307692308 0.671875 0.05889423076923077 0.10817307692307693
0 0.4266826923076923 0.7127403846153846 0.04807692307692308 0.08413461538461539
0 0.5288461538461539 0.7151442307692307 0.051682692307692304 0.0889423076923077
0 0.5060096153846154 0.7572115384615384 0.056490384615384616 0.09134615384615384
0 0.4795673076923077 0.7956730769230769 0.05889423076923077 0.09735576923076923
0 0.4543269230769231 0.8269230769230769 0.05048076923076923 0.08774038461538461
0 0.4050480769230769 0.7572115384615384 0.055288461538461536 0.09735576923076923
0 0.3786057692307692 0.7908653846153846 0.04807692307692308 0.08413461538461539
0 0.359375 0.8341346153846154 0.055288461538461536 0.09134615384615384
0 0.4338942307692308 0.1502403846153846 0.054086538461538464 0.09615384615384616
0 0.45913461538461536 0.11538461538461539 0.051682692307692304 0.09134615384615384
0 0.4831730769230769 0.07692307692307693 0.054086538461538464 0.09615384615384616
0 0.5012019230769231 0.040865384615384616 0.055288461538461536 0.08173076923076923
0 0.5300480769230769 0.02403846153846154 0.04567307692307692 0.046875
0 0.5745192307692307 0.07692307692307693 0.054086538461538464 0.09134615384615384
0 0.5564903846153846 0.11778846153846154 0.054086538461538464 0.09014423076923077
0 0.5360576923076923 0.1622596153846154 0.056490384615384616 0.09615384615384616
0 0.5072115384615384 0.19471153846153846 0.056490384615384616 0.10096153846153846
0 0.5024038461538461 0.35697115384615385 0.05889423076923077 0.10576923076923077
0 0.6009615384615384 0.04927884615384615 0.057692307692307696 0.0985576923076923
0 0.5685096153846154 0.4651442307692308 0.054086538461538464 0.09975961538461539
0 0.5925480769230769 0.4206730769230769 0.052884615384615384 0.09014423076923077
0 0.6129807692307693 0.38100961538461536 0.05889423076923077 0.1045673076923077
0 0.6334134615384616 0.33774038461538464 0.051682692307692304 0.0985576923076923
0 0.6550480769230769 0.2956730769230769 0.052884615384615384 0.09615384615384616
0 0.6754807692307693 0.25240384615384615 0.051682692307692304 0.0889423076923077
0 0.6983173076923077 0.22235576923076922 0.04807692307692308 0.08774038461538461
0 0.7247596153846154 0.18629807692307693 0.052884615384615384 0.09254807692307693
0 0.7403846153846154 0.1466346153846154 0.052884615384615384 0.09254807692307693
0 0.7620192307692307 0.10817307692307693 0.055288461538461536 0.0985576923076923
0 0.7848557692307693 0.07211538461538461 0.051682692307692304 0.09495192307692307
0 0.8028846153846154 0.040865384615384616 0.056490384615384616 0.08052884615384616
0 0.8269230769230769 0.02403846153846154 0.04567307692307692 0.04807692307692308
0 0.8557692307692307 0.008413461538461538 0.02403846153846154 0.016826923076923076
0 0.6177884615384616 0.5456730769230769 0.055288461538461536 0.0985576923076923
0 0.6454326923076923 0.5072115384615384 0.05048076923076923 0.0985576923076923
0 0.6634615384615384 0.4651442307692308 0.04807692307692308 0.0889423076923077
0 0.6826923076923077 0.421875 0.051682692307692304 0.09014423076923077
0 0.7055288461538461 0.3786057692307692 0.05048076923076923 0.0985576923076923
0 0.7259615384615384 0.34615384615384615 0.05048076923076923 0.09254807692307693
0 0.7463942307692307 0.30528846153846156 0.04807692307692308 0.09014423076923077
0 0.7680288461538461 0.2692307692307692 0.04807692307692308 0.09134615384615384
0 0.7884615384615384 0.22956730769230768 0.052884615384615384 0.10096153846153846
0 0.8112980769230769 0.1971153846153846 0.051682692307692304 0.09975961538461539
0 0.8305288461538461 0.15384615384615385 0.04927884615384615 0.09615384615384616
0 0.8473557692307693 0.11658653846153846 0.05048076923076923 0.0985576923076923
0 0.8653846153846154 0.08173076923076923 0.04927884615384615 0.09495192307692307
0 0.8870192307692307 0.04567307692307692 0.046875 0.0889423076923077
0 0.9098557692307693 0.026442307692307692 0.05048076923076923 0.052884615384615384
0 0.9375 0.009615384615384616 0.025240384615384616 0.018028846153846152
0 0.6213942307692307 0.027644230769230768 0.046875 0.054086538461538464
0 0.6538461538461539 0.01201923076923077 0.036057692307692304 0.02403846153846154
0 0.6033653846153846 0.9302884615384616 0.056490384615384616 0.0889423076923077
0 0.6189903846153846 0.8834134615384616 0.051682692307692304 0.09134615384615384
0 0.6454326923076923 0.8449519230769231 0.056490384615384616 0.10096153846153846
0 0.6658653846153846 0.7944711538461539 0.052884615384615384 0.09014423076923077
0 0.6923076923076923 0.7644230769230769 0.052884615384615384 0.10336538461538461
0 0.7151442307692307 0.7211538461538461 0.04927884615384615 0.08653846153846154
0 0.7355769230769231 0.6802884615384616 0.051682692307692304 0.09254807692307693
0 0.7548076923076923 0.6310096153846154 0.04807692307692308 0.09014423076923077
0 0.7776442307692307 0.5961538461538461 0.056490384615384616 0.09735576923076923
0 0.7956730769230769 0.546875 0.05048076923076923 0.09254807692307693
0 0.8185096153846154 0.5192307692307693 0.055288461538461536 0.09134615384615384
0 0.8413461538461539 0.4807692307692308 0.052884615384615384 0.09134615384615384
0 0.859375 0.4411057692307692 0.052884615384615384 0.09495192307692307
0 0.8798076923076923 0.39302884615384615 0.054086538461538464 0.09495192307692307
0 0.8978365384615384 0.36538461538461536 0.05048076923076923 0.09254807692307693
0 0.9230769230769231 0.328125 0.055288461538461536 0.09495192307692307
0 0.9411057692307693 0.28725961538461536 0.05048076923076923 0.09254807692307693
0 0.9639423076923077 0.25 0.05889423076923077 0.09735576923076923
0 0.9747596153846154 0.2091346153846154 0.04807692307692308 0.08173076923076923
0 0.9867788461538461 0.171875 0.02403846153846154 0.06850961538461539
0 0.9939903846153846 0.11899038461538461 0.010817307692307692 0.04447115384615385