0 0.6322115384615384 0.9074519230769231 0.08774038461538461 0.08413461538461539
0 0.6598557692307693 0.8425480769230769 0.07692307692307693 0.09735576923076923
0 0.6490384615384616 0.7415865384615384 0.07932692307692307 0.11778846153846154
0 0.6514423076923077 0.6670673076923077 0.052884615384615384 0.08052884615384616
0 0.6394230769230769 0.5709134615384616 0.06490384615384616 0.09254807692307693
0 0.6165865384615384 0.4699519230769231 0.078125 0.10817307692307693
0 0.6033653846153846 0.36538461538461536 0.07932692307692307 0.11538461538461539
0 0.6105769230769231 0.2848557692307692 0.0625 0.09254807692307693
0 0.6057692307692307 0.1971153846153846 0.078125 0.11057692307692307
0 0.6033653846153846 0.12139423076923077 0.06370192307692307 0.09975961538461539
0 0.4519230769230769 0.03125 0.07692307692307693 0.0625
0 0.4579326923076923 0.0985576923076923 0.08173076923076923 0.06850961538461539
0 0.45913461538461536 0.17067307692307693 0.08173076923076923 0.06610576923076923
0 0.4567307692307692 0.23798076923076922 0.08173076923076923 0.06850961538461539
0 0.46033653846153844 0.30649038461538464 0.07932692307692307 0.0625
0 0.46274038461538464 0.38461538461538464 0.09014423076923077 0.06370192307692307
0 0.4699519230769231 0.4543269230769231 0.08052884615384616 0.06129807692307692
0 0.46875 0.5985576923076923 0.08052884615384616 0.06129807692307692
0 0.4831730769230769 0.7355769230769231 0.07932692307692307 0.06370192307692307
0 0.29086538461538464 0.6850961538461539 0.08653846153846154 0.0625
0 0.2439903846153846 0.7572115384615384 0.07692307692307693 0.0625
0 0.20793269230769232 0.6887019230769231 0.09014423076923077 0.056490384615384616
0 0.042067307692307696 0.7019230769230769 0.08413461538461539 0.0673076923076923
0 0.030048076923076924 0.7692307692307693 0.06009615384615385 0.0625
0 0.28966346153846156 0.5408653846153846 0.08533653846153846 0.056490384615384616
0 0.20432692307692307 0.5444711538461539 0.08173076923076923 0.0733173076923077
0 0.1971153846153846 0.47836538461538464 0.0829326923076923 0.056490384615384616
0 0.2860576923076923 0.4639423076923077 0.08173076923076923 0.0625
0 0.2824519230769231 0.3954326923076923 0.06850961538461539 0.051682692307692304
0 0.27283653846153844 0.3293269230769231 0.09014423076923077 0.06370192307692307
0 0.2776442307692308 0.25600961538461536 0.07451923076923077 0.06370192307692307
0 0.27163461538461536 0.19110576923076922 0.06971153846153846 0.06129807692307692
0 0.27403846153846156 0.12139423076923077 0.08774038461538461 0.06370192307692307
0 0.2776442307692308 0.042067307692307696 0.09014423076923077 0.06971153846153846
0 0.18629807692307693 0.04807692307692308 0.07932692307692307 0.0733173076923077
0 0.18509615384615385 0.12860576923076922 0.09014423076923077 0.07211538461538461
0 0.19471153846153846 0.19471153846153846 0.0829326923076923 0.06129807692307692
0 0.19471153846153846 0.2620192307692308 0.08774038461538461 0.06129807692307692
0 0.18509615384615385 0.33052884615384615 0.07932692307692307 0.06009615384615385
0 0.19471153846153846 0.4050480769230769 0.07932692307692307 0.06009615384615385
0 0.036057692307692304 0.4855769230769231 0.07211538461538461 0.06490384615384616
0 0.037259615384615384 0.4182692307692308 0.07451923076923077 0.06129807692307692
0 0.03485576923076923 0.3545673076923077 0.06971153846153846 0.056490384615384616
0 0.027644230769230768 0.2860576923076923 0.055288461538461536 0.06370192307692307
0 0.03365384615384615 0.21394230769230768 0.06610576923076923 0.06850961538461539
0 0.03485576923076923 0.140625 0.06971153846153846 0.07211538461538461
0 0.03365384615384615 0.06129807692307692 0.0673076923076923 0.06850961538461539