0 0.5372596153846154 0.19471153846153846 0.052884615384615384 0.09014423076923077
0 0.5144230769230769 0.22956730769230768 0.055288461538461536 0.09615384615384616
0 0.5973557692307693 0.4579326923076923 0.055288461538461536 0.09975961538461539
0 0.4483173076923077 0.3629807692307692 0.055288461538461536 0.0985576923076923
0 0.46153846153846156 0.1466346153846154 0.052884615384615384 0.08774038461538461
0 0.4675480769230769 0.31850961538461536 0.05889423076923077 0.1045673076923077
0 0.49158653846153844 0.2764423076923077 0.052884615384615384 0.09254807692307693
0 0.4206730769230769 0.4014423076923077 0.05889423076923077 0.0985576923076923
0 0.4831730769230769 0.10697115384615384 0.05889423076923077 0.09735576923076923
0 0.5600961538461539 0.1502403846153846 0.05889423076923077 0.1045673076923077
0 0.36658653846153844 0.3088942307692308 0.056490384615384616 0.10096153846153846
0 0.3894230769230769 0.26802884615384615 0.054086538461538464 0.09975961538461539
0 0.41346153846153844 0.22956730769230768 0.05048076923076923 0.09254807692307693
0 0.43990384615384615 0.1935096153846154 0.052884615384615384 0.0985576923076923
0 0.35096153846153844 0.3581730769230769 0.052884615384615384 0.09735576923076923
0 0.4014423076923077 0.4483173076923077 0.057692307692307696 0.09975961538461539
0 0.3701923076923077 0.48197115384615385 0.06009615384615385 0.10817307692307693
0 0.3245192307692308 0.39903846153846156 0.056490384615384616 0.1045673076923077
0 0.30288461538461536 0.4362980769230769 0.055288461538461536 0.0985576923076923
0 0.35096153846153844 0.5240384615384616 0.056490384615384616 0.09735576923076923
0 0.3293269230769231 0.5721153846153846 0.054086538461538464 0.09735576923076923
0 0.2824519230769231 0.49038461538461536 0.055288461538461536 0.0985576923076923
0 0.6694711538461539 0.5036057692307693 0.055288461538461536 0.09254807692307693
0 0.6478365384615384 0.5420673076923077 0.055288461538461536 0.09975961538461539
0 0.6237980769230769 0.5877403846153846 0.054086538461538464 0.09134615384615384
0 0.5745192307692307 0.5060096153846154 0.055288461538461536 0.0985576923076923
0 0.5480769230769231 0.5408653846153846 0.05889423076923077 0.10697115384615384
0 0.5012019230769231 0.6274038461538461 0.04807692307692308 0.08413461538461539
0 0.6033653846153846 0.6310096153846154 0.051682692307692304 0.0889423076923077
0 0.5805288461538461 0.671875 0.056490384615384616 0.09134615384615384
0 0.5540865384615384 0.7115384615384616 0.05889423076923077 0.09735576923076923
0 0.4795673076923077 0.671875 0.055288461538461536 0.09735576923076923
0 0.453125 0.7055288461538461 0.04807692307692308 0.08413461538461539
0 0.4338942307692308 0.75 0.055288461538461536 0.09134615384615384
0 0.5072115384615384 0.06610576923076923 0.054086538461538464 0.09495192307692307
0 0.5817307692307693 0.109375 0.056490384615384616 0.10096153846153846
0 0.5456730769230769 0.8413461538461539 0.06370192307692307 0.08052884615384616
0 0.7451923076923077 0.17307692307692307 0.04927884615384615 0.0889423076923077
0 0.7668269230769231 0.14182692307692307 0.046875 0.08052884615384616
0 0.6081730769230769 0.0829326923076923 0.055288461538461536 0.09495192307692307
0 0.5324519230769231 0.038461538461538464 0.05048076923076923 0.07692307692307693
0 0.5637019230769231 0.021634615384615384 0.04567307692307692 0.04326923076923077
0 0.6286057692307693 0.042067307692307696 0.054086538461538464 0.08413461538461539
0 0.6514423076923077 0.02283653846153846 0.04567307692307692 0.04567307692307692
0 0.6814903846153846 0.010817307692307692 0.028846153846153848 0.021634615384615384
0 0.5372596153846154 0.34134615384615385 0.056490384615384616 0.10697115384615384
0 0.7932692307692307 0.11057692307692307 0.055288461538461536 0.09254807692307693
0 0.8088942307692307 0.06971153846153846 0.055288461538461536 0.08774038461538461
0 0.8353365384615384 0.19591346153846154 0.04807692307692308 0.0889423076923077
0 0.8137019230769231 0.23076923076923078 0.046875 0.0889423076923077
0 0.3088942307692308 0.890625 0.056490384615384616 0.10336538461538461
0 0.34375 0.9447115384615384 0.056490384615384616 0.10697115384615384
0 0.38100961538461536 0.9783653846153846 0.042067307692307696 0.042067307692307696
0 0.2403846153846154 0.7776442307692307 0.055288461538461536 0.10096153846153846
0 0.17427884615384615 0.6706730769230769 0.057692307692307696 0.09615384615384616
0 0.14182692307692307 0.6057692307692307 0.056490384615384616 0.09975961538461539
0 0.07091346153846154 0.49759615384615385 0.07211538461538461 0.07932692307692307
0 0.11538461538461539 0.4182692307692308 0.06370192307692307 0.09495192307692307
0 0.1466346153846154 0.34975961538461536 0.06129807692307692 0.10697115384615384
0 0.17668269230769232 0.28365384615384615 0.057692307692307696 0.10096153846153846
0 0.21394230769230768 0.23197115384615385 0.055288461538461536 0.10336538461538461
0 0.2512019230769231 0.16706730769230768 0.055288461538461536 0.0985576923076923
0 0.27884615384615385 0.10697115384615384 0.052884615384615384 0.08774038461538461
0 0.3557692307692308 0.02403846153846154 0.04807692307692308 0.046875
0 0.9879807692307693 0.19951923076923078 0.021634615384615384 0.0625
0 0.6754807692307693 0.8461538461538461 0.056490384615384616 0.0985576923076923
0 0.5300480769230769 0.7415865384615384 0.04927884615384615 0.0889423076923077
0 0.8557692307692307 0.15504807692307693 0.051682692307692304 0.10336538461538461
0 0.5252403846153846 0.5829326923076923 0.05889423076923077 0.1045673076923077
0 0.6189903846153846 0.4170673076923077 0.056490384615384616 0.10096153846153846
0 0.6418269230769231 0.38221153846153844 0.055288461538461536 0.09975961538461539
0 0.6899038461538461 0.46274038461538464 0.051682692307692304 0.0985576923076923
0 0.7163461538461539 0.4266826923076923 0.04807692307692308 0.09735576923076923
0 0.6658653846153846 0.3401442307692308 0.052884615384615384 0.09254807692307693
0 0.6862980769230769 0.3016826923076923 0.05889423076923077 0.10336538461538461
0 0.7055288461538461 0.25600961538461536 0.051682692307692304 0.09615384615384616
0 0.7247596153846154 0.21995192307692307 0.052884615384615384 0.09495192307692307
0 0.8305288461538461 0.040865384615384616 0.056490384615384616 0.08173076923076923
0 0.8557692307692307 0.02283653846153846 0.052884615384615384 0.04567307692307692
0 0.9651442307692307 0.008413461538461538 0.027644230769230768 0.016826923076923076
0 0.9362980769230769 0.027644230769230768 0.04326923076923077 0.055288461538461536
0 0.9158653846153846 0.04567307692307692 0.052884615384615384 0.09134615384615384
0 0.8966346153846154 0.078125 0.05048076923076923 0.09014423076923077
0 0.8774038461538461 0.12259615384615384 0.052884615384615384 0.0985576923076923
0 0.7944711538461539 0.26802884615384615 0.04927884615384615 0.09014423076923077
0 0.7752403846153846 0.3004807692307692 0.04927884615384615 0.09495192307692307
0 0.7524038461538461 0.3449519230769231 0.05048076923076923 0.09495192307692307
0 0.7331730769230769 0.38461538461538464 0.046875 0.08413461538461539
0 0.6923076923076923 0.7956730769230769 0.04807692307692308 0.09014423076923077
0 0.7151442307692307 0.7584134615384616 0.055288461538461536 0.09735576923076923
0 0.7379807692307693 0.7127403846153846 0.055288461538461536 0.09254807692307693
0 0.7620192307692307 0.6802884615384616 0.054086538461538464 0.10096153846153846
0 0.7848557692307693 0.6394230769230769 0.04927884615384615 0.08413461538461539
0 0.8040865384615384 0.5985576923076923 0.052884615384615384 0.09254807692307693
0 0.8233173076923077 0.5504807692307693 0.04807692307692308 0.09254807692307693
0 0.8449519230769231 0.5168269230769231 0.056490384615384616 0.09735576923076923
0 0.8617788461538461 0.47115384615384615 0.04927884615384615 0.0889423076923077
0 0.8858173076923077 0.44350961538461536 0.056490384615384616 0.09495192307692307
0 0.9074519230769231 0.4050480769230769 0.057692307692307696 0.09735576923076923
0 0.9266826923076923 0.3641826923076923 0.052884615384615384 0.09254807692307693
0 0.9447115384615384 0.31971153846153844 0.057692307692307696 0.09615384615384616
0 0.9651442307692307 0.28846153846153844 0.052884615384615384 0.09254807692307693
0 0.9807692307692307 0.25841346153846156 0.037259615384615384 0.10697115384615384