0 0.9098557692307693 0.23918269230769232 0.056490384615384616 0.051682692307692304
0 0.7475961538461539 0.13581730769230768 0.027644230769230768 0.11658653846153846
0 0.7475961538461539 0.03365384615384615 0.03485576923076923 0.06610576923076923
0 0.7403846153846154 0.2932692307692308 0.030048076923076924 0.11658653846153846
0 0.6033653846153846 0.06610576923076923 0.056490384615384616 0.04807692307692308
0 0.6069711538461539 0.12379807692307693 0.056490384615384616 0.046875
0 0.6081730769230769 0.17668269230769232 0.056490384615384616 0.051682692307692304
0 0.6057692307692307 0.23317307692307693 0.05889423076923077 0.046875
0 0.6057692307692307 0.28846153846153844 0.056490384615384616 0.051682692307692304
0 0.6045673076923077 0.3425480769230769 0.06370192307692307 0.051682692307692304
0 0.6009615384615384 0.4014423076923077 0.06129807692307692 0.051682692307692304
0 0.6021634615384616 0.4579326923076923 0.06129807692307692 0.042067307692307696
0 0.6009615384615384 0.5120192307692307 0.06009615384615385 0.054086538461538464
0 0.5997596153846154 0.5709134615384616 0.056490384615384616 0.046875
0 0.6021634615384616 0.625 0.0625 0.046875
0 0.5949519230769231 0.6838942307692307 0.06129807692307692 0.05048076923076923
0 0.46875 0.19951923076923078 0.056490384615384616 0.0733173076923077
0 0.46634615384615385 0.4891826923076923 0.051682692307692304 0.07091346153846154
0 0.46634615384615385 0.5504807692307693 0.05889423076923077 0.06610576923076923
0 0.4651442307692308 0.6081730769230769 0.056490384615384616 0.07211538461538461
0 0.3473557692307692 0.8557692307692307 0.05889423076923077 0.07211538461538461
0 0.3425480769230769 0.7800480769230769 0.05048076923076923 0.06850961538461539
0 0.3485576923076923 0.7223557692307693 0.04927884615384615 0.06610576923076923
0 0.3401442307692308 0.6490384615384616 0.056490384615384616 0.07692307692307693
0 0.34134615384615385 0.5865384615384616 0.05889423076923077 0.0733173076923077
0 0.3425480769230769 0.5252403846153846 0.052884615384615384 0.06971153846153846
0 0.3425480769230769 0.4639423076923077 0.057692307692307696 0.07211538461538461
0 0.34375 0.4014423076923077 0.055288461538461536 0.06610576923076923
0 0.3401442307692308 0.33052884615384615 0.051682692307692304 0.06490384615384616
0 0.34134615384615385 0.2692307692307692 0.057692307692307696 0.06610576923076923
0 0.34975961538461536 0.20552884615384615 0.04807692307692308 0.06370192307692307
0 0.34975961538461536 0.13581730769230768 0.057692307692307696 0.078125
0 0.3485576923076923 0.07091346153846154 0.052884615384615384 0.0733173076923077
0 0.34975961538461536 0.025240384615384616 0.057692307692307696 0.05048076923076923