0 0.5348557692307693 0.6358173076923077 0.05889423076923077 0.055288461538461536
0 0.5324519230769231 0.6983173076923077 0.0625 0.052884615384615384
0 0.53125 0.5661057692307693 0.06850961538461539 0.06129807692307692
0 0.5372596153846154 0.7512019230769231 0.07692307692307693 0.06490384615384616
0 0.5252403846153846 0.5192307692307693 0.046875 0.05048076923076923
0 0.5817307692307693 0.5276442307692307 0.026442307692307692 0.12139423076923077
0 0.5865384615384616 0.6514423076923077 0.030048076923076924 0.10817307692307693
0 0.5264423076923077 0.4639423076923077 0.05048076923076923 0.04807692307692308
0 0.6911057692307693 0.5612980769230769 0.06370192307692307 0.054086538461538464
0 0.6887019230769231 0.5072115384615384 0.06370192307692307 0.046875
0 0.6826923076923077 0.4495192307692308 0.06129807692307692 0.05048076923076923
0 0.6959134615384616 0.390625 0.06370192307692307 0.055288461538461536
0 0.6935096153846154 0.33052884615384615 0.05048076923076923 0.04807692307692308
0 0.6971153846153846 0.2800480769230769 0.0625 0.05889423076923077
0 0.5745192307692307 0.2848557692307692 0.027644230769230768 0.11298076923076923
0 0.5769230769230769 0.40024038461538464 0.02403846153846154 0.10576923076923077
0 0.5180288461538461 0.2848557692307692 0.06129807692307692 0.054086538461538464
0 0.5240384615384616 0.40024038461538464 0.056490384615384616 0.055288461538461536
0 0.3293269230769231 0.9314903846153846 0.07211538461538461 0.06370192307692307
0 0.23317307692307693 0.9627403846153846 0.06129807692307692 0.07211538461538461
0 0.3401442307692308 0.7740384615384616 0.06971153846153846 0.0625
0 0.33774038461538464 0.7091346153846154 0.05889423076923077 0.051682692307692304
0 0.35216346153846156 0.6466346153846154 0.06610576923076923 0.04807692307692308
0 0.35096153846153844 0.5877403846153846 0.052884615384615384 0.046875
0 0.35336538461538464 0.5324519230769231 0.06490384615384616 0.051682692307692304
0 0.34615384615384615 0.4723557692307692 0.06850961538461539 0.052884615384615384
0 0.34975961538461536 0.41586538461538464 0.055288461538461536 0.046875
0 0.3473557692307692 0.35697115384615385 0.06129807692307692 0.04807692307692308
0 0.33774038461538464 0.2956730769230769 0.07211538461538461 0.06129807692307692
0 0.3293269230769231 0.23798076923076922 0.06610576923076923 0.051682692307692304
0 0.3269230769230769 0.18389423076923078 0.06370192307692307 0.051682692307692304
0 0.33052884615384615 0.12379807692307693 0.05889423076923077 0.051682692307692304
0 0.3329326923076923 0.06971153846153846 0.05889423076923077 0.055288461538461536
0 0.33413461538461536 0.018028846153846152 0.06490384615384616 0.036057692307692304
0 0.5192307692307693 0.014423076923076924 0.06129807692307692 0.028846153846153848
0 0.5216346153846154 0.06009615384615385 0.0625 0.055288461538461536
0 0.5192307692307693 0.11057692307692307 0.06129807692307692 0.054086538461538464
0 0.5144230769230769 0.17067307692307693 0.0673076923076923 0.05889423076923077
0 0.515625 0.22956730769230768 0.06129807692307692 0.04807692307692308
0 0.5276442307692307 0.33413461538461536 0.0625 0.055288461538461536
0 0.5697115384615384 0.04567307692307692 0.027644230769230768 0.09134615384615384
0 0.5709134615384616 0.16346153846153846 0.027644230769230768 0.11298076923076923
0 0.6911057692307693 0.6177884615384616 0.06370192307692307 0.052884615384615384
0 0.7019230769230769 0.6694711538461539 0.06129807692307692 0.056490384615384616
0 0.6995192307692307 0.7259615384615384 0.06129807692307692 0.052884615384615384
0 0.7019230769230769 0.7788461538461539 0.05889423076923077 0.05048076923076923
0 0.7019230769230769 0.8329326923076923 0.06370192307692307 0.051682692307692304
0 0.7007211538461539 0.8918269230769231 0.06610576923076923 0.052884615384615384
0 0.6862980769230769 0.21995192307692307 0.0625 0.052884615384615384
0 0.6802884615384616 0.1622596153846154 0.057692307692307696 0.054086538461538464
0 0.6802884615384616 0.10697115384615384 0.06129807692307692 0.052884615384615384
0 0.6790865384615384 0.05048076923076923 0.0625 0.052884615384615384
0 0.6766826923076923 0.009615384615384616 0.06370192307692307 0.019230769230769232