0 0.38221153846153844 0.19831730769230768 0.042067307692307696 0.16346153846153846
0 0.43149038461538464 0.20432692307692307 0.040865384615384616 0.1622596153846154
0 0.3401442307692308 0.19471153846153846 0.040865384615384616 0.14903846153846154
0 0.2956730769230769 0.1875 0.04326923076923077 0.16346153846153846
0 0.25 0.1778846153846154 0.040865384615384616 0.15264423076923078
0 0.6875 0.9375 0.042067307692307696 0.12139423076923077
0 0.20432692307692307 0.15745192307692307 0.046875 0.16826923076923078
0 0.15264423076923078 0.19471153846153846 0.04567307692307692 0.171875
0 0.10336538461538461 0.18028846153846154 0.04567307692307692 0.17067307692307693
0 0.05889423076923077 0.17307692307692307 0.04447115384615385 0.16947115384615385
0 0.4855769230769231 0.1935096153846154 0.04326923076923077 0.16346153846153846
0 0.5324519230769231 0.18028846153846154 0.04326923076923077 0.1875
0 0.5805288461538461 0.20432692307692307 0.040865384615384616 0.16947115384615385
0 0.6322115384615384 0.20552884615384615 0.040865384615384616 0.14903846153846154
0 0.6814903846153846 0.1658653846153846 0.04326923076923077 0.15865384615384615
0 0.734375 0.19471153846153846 0.04567307692307692 0.16947115384615385
0 0.6322115384615384 0.6838942307692307 0.040865384615384616 0.17908653846153846
0 0.5805288461538461 0.6754807692307693 0.04567307692307692 0.1778846153846154
0 0.5288461538461539 0.6658653846153846 0.04326923076923077 0.171875
0 0.47475961538461536 0.6790865384615384 0.040865384615384616 0.17307692307692307
0 0.4254807692307692 0.6670673076923077 0.04567307692307692 0.16706730769230768
0 0.37259615384615385 0.6706730769230769 0.042067307692307696 0.14903846153846154
0 0.3269230769230769 0.6790865384615384 0.046875 0.1778846153846154
0 0.23076923076923078 0.6766826923076923 0.04567307692307692 0.17908653846153846
0 0.1814903846153846 0.6766826923076923 0.04567307692307692 0.16947115384615385
0 0.13701923076923078 0.6346153846153846 0.04807692307692308 0.1658653846153846
0 0.09014423076923077 0.640625 0.046875 0.16706730769230768
0 0.04567307692307692 0.6274038461538461 0.052884615384615384 0.15985576923076922