0 0.5408653846153846 0.11298076923076923 0.027644230769230768 0.10697115384615384
0 0.49399038461538464 0.2920673076923077 0.04927884615384615 0.04567307692307692
0 0.5432692307692307 0.2283653846153846 0.02403846153846154 0.10096153846153846
0 0.48197115384615385 0.05889423076923077 0.05889423076923077 0.05048076923076923
0 0.4831730769230769 0.11298076923076923 0.06009615384615385 0.051682692307692304
0 0.49038461538461536 0.22956730769230768 0.05889423076923077 0.05048076923076923
0 0.49278846153846156 0.34615384615384615 0.046875 0.042067307692307696
0 0.5480769230769231 0.3545673076923077 0.026442307692307692 0.11778846153846154
0 0.49759615384615385 0.40024038461538464 0.06610576923076923 0.054086538461538464
0 0.5012019230769231 0.4675480769230769 0.056490384615384616 0.05048076923076923
0 0.3137019230769231 0.41586538461538464 0.052884615384615384 0.046875
0 0.31009615384615385 0.3004807692307692 0.06971153846153846 0.051682692307692304
0 0.31850961538461536 0.3605769230769231 0.06370192307692307 0.04807692307692308
0 0.6634615384615384 0.21514423076923078 0.06129807692307692 0.054086538461538464
0 0.65625 0.33774038461538464 0.06370192307692307 0.04567307692307692
0 0.6586538461538461 0.3894230769230769 0.06490384615384616 0.056490384615384616
0 0.3161057692307692 0.24278846153846154 0.052884615384615384 0.04447115384615385
0 0.30288461538461536 0.12139423076923077 0.07211538461538461 0.06009615384615385
0 0.30288461538461536 0.5985576923076923 0.07091346153846154 0.0625
0 0.3016826923076923 0.5348557692307693 0.05889423076923077 0.046875
0 0.6838942307692307 0.9230769230769231 0.03125 0.1141826923076923
0 0.6502403846153846 0.2764423076923077 0.06129807692307692 0.052884615384615384
0 0.3016826923076923 0.9579326923076923 0.06850961538461539 0.06009615384615385
0 0.6574519230769231 0.44471153846153844 0.06129807692307692 0.051682692307692304
0 0.6586538461538461 0.15745192307692307 0.05048076923076923 0.04807692307692308
0 0.6682692307692307 0.4987980769230769 0.06009615384615385 0.055288461538461536
0 0.6538461538461539 0.052884615384615384 0.0625 0.052884615384615384
0 0.6646634615384616 0.11057692307692307 0.0625 0.052884615384615384
0 0.49399038461538464 0.16105769230769232 0.06129807692307692 0.0625
0 0.3137019230769231 0.18870192307692307 0.06129807692307692 0.05048076923076923
0 0.5048076923076923 0.5793269230769231 0.07572115384615384 0.06009615384615385
0 0.5 0.5252403846153846 0.0625 0.051682692307692304
0 0.2932692307692308 0.06850961538461539 0.06370192307692307 0.052884615384615384
0 0.3161057692307692 0.4735576923076923 0.06490384615384616 0.046875
0 0.6706730769230769 0.6129807692307693 0.057692307692307696 0.04447115384615385
0 0.6694711538461539 0.6694711538461539 0.06009615384615385 0.051682692307692304
0 0.6694711538461539 0.7247596153846154 0.06370192307692307 0.051682692307692304
0 0.5528846153846154 0.47836538461538464 0.028846153846153848 0.10576923076923077
0 0.6706730769230769 0.5612980769230769 0.06129807692307692 0.05889423076923077
0 0.3004807692307692 0.8533653846153846 0.06971153846153846 0.06009615384615385
0 0.3004807692307692 0.9026442307692307 0.06610576923076923 0.05889423076923077
0 0.6490384615384616 0.009615384615384616 0.05889423076923077 0.019230769230769232
0 0.48197115384615385 0.015625 0.0673076923076923 0.030048076923076924
0 0.5384615384615384 0.02403846153846154 0.027644230769230768 0.046875
0 0.2932692307692308 0.019230769230769232 0.06610576923076923 0.038461538461538464
0 0.1935096153846154 0.8088942307692307 0.05889423076923077 0.12379807692307693
0 0.6490384615384616 0.9519230769230769 0.026442307692307692 0.09254807692307693
0 0.6189903846153846 0.9555288461538461 0.03125 0.08413461538461539
0 0.5877403846153846 0.9627403846153846 0.027644230769230768 0.07091346153846154
0 0.5552884615384616 0.9591346153846154 0.028846153846153848 0.078125
0 0.5216346153846154 0.9699519230769231 0.026442307692307692 0.05889423076923077
0 0.49038461538461536 0.9735576923076923 0.026442307692307692 0.04807692307692308
0 0.4579326923076923 0.9675480769230769 0.027644230769230768 0.06009615384615385
0 0.4254807692307692 0.9735576923076923 0.028846153846153848 0.05048076923076923