0 0.65625 0.06490384615384616 0.030048076923076924 0.11057692307692307
0 0.6454326923076923 0.38100961538461536 0.030048076923076924 0.10817307692307693
0 0.6430288461538461 0.5264423076923077 0.030048076923076924 0.1045673076923077
0 0.6346153846153846 0.6550480769230769 0.030048076923076924 0.10576923076923077
0 0.6370192307692307 0.8028846153846154 0.030048076923076924 0.1045673076923077
0 0.7632211538461539 0.75 0.030048076923076924 0.11899038461538461
0 0.49278846153846156 0.6875 0.051682692307692304 0.05048076923076923
0 0.4855769230769231 0.8557692307692307 0.06009615384615385 0.052884615384615384
0 0.4879807692307692 0.4567307692307692 0.06129807692307692 0.055288461538461536
0 0.4963942307692308 0.3918269230769231 0.056490384615384616 0.05048076923076923
0 0.5024038461538461 0.27884615384615385 0.054086538461538464 0.051682692307692304
0 0.5108173076923077 0.2247596153846154 0.04567307692307692 0.051682692307692304
0 0.5012019230769231 0.16706730769230768 0.052884615384615384 0.05048076923076923
0 0.49278846153846156 0.10817307692307693 0.06129807692307692 0.056490384615384616
0 0.4963942307692308 0.04567307692307692 0.056490384615384616 0.054086538461538464
0 0.5048076923076923 0.013221153846153846 0.06129807692307692 0.026442307692307692
0 0.36658653846153844 0.056490384615384616 0.06129807692307692 0.06971153846153846
0 0.3629807692307692 0.21754807692307693 0.05889423076923077 0.06610576923076923
0 0.36658653846153844 0.2800480769230769 0.05889423076923077 0.07091346153846154
0 0.35096153846153844 0.6334134615384616 0.06009615384615385 0.06370192307692307
0 0.3485576923076923 0.7536057692307693 0.06370192307692307 0.07451923076923077
0 0.2127403846153846 0.9543269230769231 0.06370192307692307 0.08774038461538461
0 0.21995192307692307 0.8930288461538461 0.057692307692307696 0.08052884615384616
0 0.21995192307692307 0.8209134615384616 0.06370192307692307 0.09735576923076923
0 0.21875 0.7608173076923077 0.06370192307692307 0.06971153846153846
0 0.2247596153846154 0.6875 0.06370192307692307 0.08413461538461539
0 0.2247596153846154 0.6213942307692307 0.06850961538461539 0.06490384615384616
0 0.2247596153846154 0.546875 0.06370192307692307 0.08413461538461539
0 0.22596153846153846 0.4963942307692308 0.06610576923076923 0.07692307692307693
0 0.23317307692307693 0.42908653846153844 0.06370192307692307 0.0733173076923077
0 0.23317307692307693 0.3641826923076923 0.06370192307692307 0.06850961538461539
0 0.23197115384615385 0.2860576923076923 0.06370192307692307 0.08413461538461539
0 0.23317307692307693 0.22355769230769232 0.06610576923076923 0.07932692307692307
0 0.2403846153846154 0.1658653846153846 0.06850961538461539 0.078125
0 0.23557692307692307 0.09615384615384616 0.06490384615384616 0.0829326923076923
0 0.2439903846153846 0.036057692307692304 0.06610576923076923 0.07211538461538461