0 0.44471153846153844 0.7355769230769231 0.0625 0.051682692307692304
0 0.44591346153846156 0.5072115384615384 0.06370192307692307 0.04567307692307692
0 0.4495192307692308 0.5697115384615384 0.06129807692307692 0.05048076923076923
0 0.453125 0.6262019230769231 0.057692307692307696 0.04447115384615385
0 0.44591346153846156 0.6802884615384616 0.06129807692307692 0.046875
0 0.3112980769230769 0.9891826923076923 0.06490384615384616 0.019230769230769232
0 0.5204326923076923 0.9915865384615384 0.056490384615384616 0.014423076923076924
0 0.4579326923076923 0.9915865384615384 0.05889423076923077 0.014423076923076924
0 0.5252403846153846 0.9543269230769231 0.05889423076923077 0.05048076923076923
0 0.6742788461538461 0.9555288461538461 0.06129807692307692 0.04807692307692308
0 0.6754807692307693 0.9915865384615384 0.054086538461538464 0.01201923076923077
0 0.7367788461538461 0.9903846153846154 0.052884615384615384 0.016826923076923076
0 0.734375 0.953125 0.05048076923076923 0.04447115384615385
0 0.8822115384615384 0.9915865384615384 0.052884615384615384 0.014423076923076924
0 0.8786057692307693 0.9579326923076923 0.06129807692307692 0.052884615384615384
0 0.5024038461538461 0.7211538461538461 0.025240384615384616 0.12139423076923077
0 0.5336538461538461 0.7127403846153846 0.02403846153846154 0.11298076923076923
0 0.5661057692307693 0.7151442307692307 0.025240384615384616 0.09735576923076923
0 0.5985576923076923 0.7079326923076923 0.027644230769230768 0.10576923076923077
0 0.6286057692307693 0.7151442307692307 0.026442307692307692 0.10697115384615384
0 0.6598557692307693 0.7163461538461539 0.027644230769230768 0.10096153846153846
0 0.6923076923076923 0.7151442307692307 0.025240384615384616 0.09975961538461539
0 0.7211538461538461 0.7115384615384616 0.025240384615384616 0.10336538461538461
0 0.7487980769230769 0.7235576923076923 0.025240384615384616 0.10817307692307693
0 0.7800480769230769 0.7175480769230769 0.026442307692307692 0.109375
0 0.8064903846153846 0.7055288461538461 0.027644230769230768 0.109375
0 0.8401442307692307 0.6983173076923077 0.03125 0.109375
0 0.8882211538461539 0.7848557692307693 0.06610576923076923 0.051682692307692304
0 0.8870192307692307 0.8461538461538461 0.055288461538461536 0.04447115384615385
0 0.8870192307692307 0.8990384615384616 0.06129807692307692 0.05048076923076923
0 0.44350961538461536 0.24158653846153846 0.05889423076923077 0.052884615384615384
0 0.4483173076923077 0.2956730769230769 0.05889423076923077 0.05048076923076923
0 0.4483173076923077 0.35096153846153844 0.0673076923076923 0.05048076923076923
0 0.45552884615384615 0.40384615384615385 0.05889423076923077 0.04567307692307692
0 0.4495192307692308 0.45552884615384615 0.057692307692307696 0.046875
0 0.31009615384615385 0.9555288461538461 0.05889423076923077 0.046875
0 0.4519230769230769 0.9567307692307693 0.057692307692307696 0.04807692307692308
0 0.2980769230769231 0.7331730769230769 0.056490384615384616 0.05048076923076923
0 0.29927884615384615 0.6730769230769231 0.054086538461538464 0.046875
0 0.296875 0.6189903846153846 0.06009615384615385 0.05048076923076923
0 0.2980769230769231 0.5625 0.06370192307692307 0.054086538461538464
0 0.2932692307692308 0.5072115384615384 0.0625 0.05048076923076923
0 0.2932692307692308 0.4543269230769231 0.055288461538461536 0.04567307692307692
0 0.30528846153846156 0.40024038461538464 0.056490384615384616 0.051682692307692304
0 0.30528846153846156 0.3425480769230769 0.05889423076923077 0.051682692307692304
0 0.3004807692307692 0.29086538461538464 0.057692307692307696 0.04807692307692308
0 0.3016826923076923 0.23557692307692307 0.056490384615384616 0.051682692307692304
0 0.3004807692307692 0.1814903846153846 0.056490384615384616 0.04807692307692308
0 0.4326923076923077 0.18509615384615385 0.05889423076923077 0.051682692307692304
0 0.44711538461538464 0.1346153846153846 0.056490384615384616 0.05048076923076923
0 0.4423076923076923 0.08173076923076923 0.06370192307692307 0.046875
0 0.43990384615384615 0.03245192307692308 0.06129807692307692 0.042067307692307696
0 0.30288461538461536 0.028846153846153848 0.055288461538461536 0.05048076923076923
0 0.3004807692307692 0.07932692307692307 0.06009615384615385 0.04807692307692308
0 0.30288461538461536 0.12860576923076922 0.056490384615384616 0.04807692307692308
0 0.17307692307692307 0.018028846153846152 0.055288461538461536 0.036057692307692304
0 0.17307692307692307 0.06370192307692307 0.06129807692307692 0.046875
0 0.17307692307692307 0.1141826923076923 0.06370192307692307 0.05048076923076923
0 0.171875 0.16346153846153846 0.055288461538461536 0.046875
0 0.1622596153846154 0.22115384615384615 0.052884615384615384 0.04807692307692308
0 0.15985576923076922 0.27403846153846156 0.057692307692307696 0.04807692307692308
0 0.15865384615384615 0.3269230769230769 0.05889423076923077 0.04567307692307692
0 0.15745192307692307 0.38221153846153844 0.06850961538461539 0.051682692307692304
0 0.15985576923076922 0.43149038461538464 0.06370192307692307 0.04567307692307692
0 0.1622596153846154 0.4879807692307692 0.057692307692307696 0.04447115384615385
0 0.15625 0.5420673076923077 0.06129807692307692 0.04807692307692308
0 0.1622596153846154 0.6454326923076923 0.06129807692307692 0.046875
0 0.15985576923076922 0.703125 0.056490384615384616 0.04807692307692308
0 0.15504807692307693 0.7644230769230769 0.057692307692307696 0.046875
0 0.1502403846153846 0.8185096153846154 0.07091346153846154 0.051682692307692304
0 0.15504807692307693 0.875 0.06490384615384616 0.05048076923076923
0 0.15504807692307693 0.9266826923076923 0.06370192307692307 0.04326923076923077
0 0.15504807692307693 0.9747596153846154 0.06370192307692307 0.04567307692307692