0 0.3786057692307692 0.2439903846153846 0.04567307692307692 0.17668269230769232
0 0.4795673076923077 0.2403846153846154 0.04326923076923077 0.17548076923076922
0 0.5276442307692307 0.22956730769230768 0.038461538461538464 0.14302884615384615
0 0.5793269230769231 0.22355769230769232 0.040865384615384616 0.16105769230769232
0 0.6298076923076923 0.23317307692307693 0.04326923076923077 0.16105769230769232
0 0.6814903846153846 0.22355769230769232 0.040865384615384616 0.16105769230769232
0 0.7331730769230769 0.23076923076923078 0.04807692307692308 0.16346153846153846
0 0.7824519230769231 0.23918269230769232 0.04807692307692308 0.1622596153846154
0 0.328125 0.24759615384615385 0.040865384615384616 0.16706730769230768
0 0.2824519230769231 0.2091346153846154 0.04326923076923077 0.16706730769230768
0 0.23317307692307693 0.21995192307692307 0.04567307692307692 0.1622596153846154
0 0.18870192307692307 0.2127403846153846 0.04567307692307692 0.16105769230769232
0 0.09735576923076923 0.21634615384615385 0.04567307692307692 0.15745192307692307
0 0.04807692307692308 0.22596153846153846 0.051682692307692304 0.16947115384615385
0 0.014423076923076924 0.22115384615384615 0.027644230769230768 0.140625
0 0.8449519230769231 0.6850961538461539 0.04807692307692308 0.16105769230769232
0 0.78125 0.6971153846153846 0.04567307692307692 0.17668269230769232
0 0.7295673076923077 0.6971153846153846 0.04326923076923077 0.13942307692307693
0 0.6826923076923077 0.6730769230769231 0.04447115384615385 0.1778846153846154
0 0.6322115384615384 0.7055288461538461 0.04326923076923077 0.16706730769230768
0 0.5793269230769231 0.6971153846153846 0.038461538461538464 0.1778846153846154
0 0.5276442307692307 0.7079326923076923 0.039663461538461536 0.1778846153846154
0 0.47596153846153844 0.7115384615384616 0.040865384615384616 0.17307692307692307
0 0.421875 0.7055288461538461 0.05048076923076923 0.27403846153846156
0 0.2800480769230769 0.7091346153846154 0.04567307692307692 0.171875
0 0.234375 0.6730769230769231 0.04447115384615385 0.16826923076923078
0 0.08413461538461539 0.7127403846153846 0.04927884615384615 0.17908653846153846
0 0.009615384615384616 0.6766826923076923 0.019230769230769232 0.17668269230769232