0 0.6802884615384616 0.06490384615384616 0.027644230769230768 0.11057692307692307
0 0.6814903846153846 0.20793269230769232 0.030048076923076924 0.11899038461538461
0 0.6778846153846154 0.36778846153846156 0.030048076923076924 0.11658653846153846
0 0.6754807692307693 0.5084134615384616 0.030048076923076924 0.11899038461538461
0 0.6694711538461539 0.6682692307692307 0.026442307692307692 0.11658653846153846
0 0.8461538461538461 0.6081730769230769 0.05889423076923077 0.055288461538461536
0 0.5372596153846154 0.09615384615384616 0.04807692307692308 0.056490384615384616
0 0.5324519230769231 0.265625 0.0625 0.05889423076923077
0 0.5276442307692307 0.43509615384615385 0.05889423076923077 0.05048076923076923
0 0.5300480769230769 0.49278846153846156 0.05889423076923077 0.05048076923076923
0 0.53125 0.546875 0.05889423076923077 0.04807692307692308
0 0.53125 0.6045673076923077 0.056490384615384616 0.04567307692307692
0 0.5288461538461539 0.6634615384615384 0.06129807692307692 0.046875
0 0.5276442307692307 0.7199519230769231 0.06370192307692307 0.05048076923076923
0 0.5240384615384616 0.7752403846153846 0.06370192307692307 0.04807692307692308
0 0.5240384615384616 0.8317307692307693 0.06129807692307692 0.054086538461538464
0 0.5228365384615384 0.8858173076923077 0.06129807692307692 0.04807692307692308
0 0.5204326923076923 0.9459134615384616 0.06129807692307692 0.055288461538461536
0 0.5228365384615384 0.984375 0.06610576923076923 0.026442307692307692
0 0.3894230769230769 0.5709134615384616 0.06009615384615385 0.07451923076923077
0 0.3858173076923077 0.8629807692307693 0.056490384615384616 0.06850961538461539
0 0.3858173076923077 0.9194711538461539 0.05889423076923077 0.06850961538461539
0 0.38221153846153844 0.9699519230769231 0.057692307692307696 0.056490384615384616
0 0.3942307692307692 0.16346153846153846 0.0625 0.08173076923076923
0 0.39663461538461536 0.04807692307692308 0.06009615384615385 0.0733173076923077
0 0.27163461538461536 0.042067307692307696 0.06129807692307692 0.06610576923076923
0 0.27403846153846156 0.10817307692307693 0.0625 0.07932692307692307
0 0.26802884615384615 0.1778846153846154 0.06490384615384616 0.06971153846153846
0 0.2704326923076923 0.2439903846153846 0.06129807692307692 0.0829326923076923
0 0.2692307692307692 0.3137019230769231 0.06370192307692307 0.07692307692307693
0 0.2644230769230769 0.3713942307692308 0.0625 0.08052884615384616
0 0.2620192307692308 0.43149038461538464 0.06610576923076923 0.078125
0 0.26802884615384615 0.5036057692307693 0.06490384615384616 0.08052884615384616
0 0.26322115384615385 0.5745192307692307 0.0625 0.06850961538461539
0 0.25961538461538464 0.640625 0.056490384615384616 0.07211538461538461
0 0.25600961538461536 0.7043269230769231 0.05889423076923077 0.0625
0 0.25841346153846156 0.7680288461538461 0.05889423076923077 0.0733173076923077
0 0.25961538461538464 0.8377403846153846 0.06129807692307692 0.06490384615384616
0 0.25721153846153844 0.8966346153846154 0.055288461538461536 0.06850961538461539
0 0.25721153846153844 0.9567307692307693 0.06009615384615385 0.07451923076923077