0 0.8774038461538461 0.4543269230769231 0.056490384615384616 0.04807692307692308
0 0.7043269230769231 0.5072115384615384 0.03125 0.11538461538461539
0 0.7115384615384616 0.35096153846153844 0.028846153846153848 0.11298076923076923
0 0.7151442307692307 0.21394230769230768 0.030048076923076924 0.11538461538461539
0 0.71875 0.05889423076923077 0.03125 0.11538461538461539
0 0.5697115384615384 0.10817307692307693 0.05889423076923077 0.05889423076923077
0 0.5661057692307693 0.2776442307692308 0.056490384615384616 0.052884615384615384
0 0.5685096153846154 0.33413461538461536 0.056490384615384616 0.04807692307692308
0 0.5697115384615384 0.390625 0.05889423076923077 0.052884615384615384
0 0.5673076923076923 0.44711538461538464 0.056490384615384616 0.04447115384615385
0 0.5661057692307693 0.5024038461538461 0.056490384615384616 0.04807692307692308
0 0.5637019230769231 0.5612980769230769 0.06129807692307692 0.04447115384615385
0 0.5612980769230769 0.6153846153846154 0.06129807692307692 0.04567307692307692
0 0.5600961538461539 0.6766826923076923 0.06129807692307692 0.046875
0 0.5588942307692307 0.7295673076923077 0.06129807692307692 0.04807692307692308
0 0.5564903846153846 0.7908653846153846 0.06129807692307692 0.046875
0 0.5564903846153846 0.8413461538461539 0.06370192307692307 0.05048076923076923
0 0.5504807692307693 0.9026442307692307 0.06129807692307692 0.052884615384615384
0 0.41947115384615385 0.8221153846153846 0.05889423076923077 0.06610576923076923
0 0.4206730769230769 0.7620192307692307 0.06009615384615385 0.07211538461538461
0 0.421875 0.703125 0.056490384615384616 0.06850961538461539
0 0.42788461538461536 0.40865384615384615 0.057692307692307696 0.07091346153846154
0 0.43028846153846156 0.021634615384615384 0.06850961538461539 0.04326923076923077
0 0.3112980769230769 0.026442307692307692 0.06370192307692307 0.052884615384615384
0 0.3088942307692308 0.0829326923076923 0.06370192307692307 0.07692307692307693
0 0.30649038461538464 0.15384615384615385 0.06370192307692307 0.0829326923076923
0 0.30288461538461536 0.2091346153846154 0.0625 0.08052884615384616
0 0.3004807692307692 0.2704326923076923 0.06129807692307692 0.08173076923076923
0 0.30528846153846156 0.3425480769230769 0.06009615384615385 0.07932692307692307
0 0.30408653846153844 0.4110576923076923 0.052884615384615384 0.0625
0 0.3016826923076923 0.4795673076923077 0.052884615384615384 0.06610576923076923
0 0.29447115384615385 0.5408653846153846 0.056490384615384616 0.06370192307692307
0 0.3016826923076923 0.6129807692307693 0.04807692307692308 0.06850961538461539
0 0.3016826923076923 0.6754807692307693 0.05048076923076923 0.06490384615384616
0 0.29447115384615385 0.7391826923076923 0.052884615384615384 0.06610576923076923
0 0.29086538461538464 0.8016826923076923 0.06129807692307692 0.0733173076923077
0 0.29086538461538464 0.8629807692307693 0.057692307692307696 0.06971153846153846
0 0.29927884615384615 0.9350961538461539 0.05048076923076923 0.06129807692307692
0 0.28846153846153844 0.9735576923076923 0.057692307692307696 0.04807692307692308