0 0.4495192307692308 0.35096153846153844 0.0625 0.051682692307692304
0 0.44711538461538464 0.040865384615384616 0.06370192307692307 0.04807692307692308
0 0.4483173076923077 0.13942307692307693 0.05048076923076923 0.04567307692307692
0 0.44471153846153844 0.7355769230769231 0.0625 0.051682692307692304
0 0.4495192307692308 0.45552884615384615 0.055288461538461536 0.04567307692307692
0 0.44591346153846156 0.5072115384615384 0.06370192307692307 0.04567307692307692
0 0.4495192307692308 0.5697115384615384 0.06129807692307692 0.05048076923076923
0 0.453125 0.6262019230769231 0.057692307692307696 0.04447115384615385
0 0.44591346153846156 0.6802884615384616 0.06129807692307692 0.046875
0 0.3004807692307692 0.7259615384615384 0.05889423076923077 0.04807692307692308
0 0.3016826923076923 0.6706730769230769 0.055288461538461536 0.04567307692307692
0 0.29927884615384615 0.6165865384615384 0.057692307692307696 0.051682692307692304
0 0.3004807692307692 0.5600961538461539 0.06129807692307692 0.04807692307692308
0 0.2956730769230769 0.5036057692307693 0.06009615384615385 0.04807692307692308
0 0.296875 0.453125 0.054086538461538464 0.04807692307692308
0 0.30408653846153844 0.28846153846153844 0.057692307692307696 0.04807692307692308
0 0.30528846153846156 0.23798076923076922 0.057692307692307696 0.046875
0 0.30528846153846156 0.18509615384615385 0.055288461538461536 0.04807692307692308
0 0.1658653846153846 0.21995192307692307 0.055288461538461536 0.04567307692307692
0 0.1622596153846154 0.27163461538461536 0.056490384615384616 0.05048076923076923
0 0.16346153846153846 0.4831730769230769 0.056490384615384616 0.04807692307692308
0 0.15985576923076922 0.5384615384615384 0.0625 0.04447115384615385
0 0.3112980769230769 0.9891826923076923 0.06490384615384616 0.019230769230769232
0 0.5204326923076923 0.9915865384615384 0.056490384615384616 0.014423076923076924
0 0.30528846153846156 0.13942307692307693 0.05889423076923077 0.052884615384615384
0 0.30408653846153844 0.08173076923076923 0.05889423076923077 0.051682692307692304
0 0.30649038461538464 0.028846153846153848 0.055288461538461536 0.052884615384615384
0 0.4362980769230769 0.1875 0.06370192307692307 0.054086538461538464
0 0.44471153846153844 0.24278846153846154 0.05889423076923077 0.054086538461538464
0 0.4519230769230769 0.3004807692307692 0.06490384615384616 0.04447115384615385
0 0.4567307692307692 0.40384615384615385 0.056490384615384616 0.04447115384615385
0 0.3076923076923077 0.3425480769230769 0.06129807692307692 0.052884615384615384
0 0.44350961538461536 0.08774038461538461 0.06490384615384616 0.051682692307692304
0 0.30649038461538464 0.40024038461538464 0.056490384615384616 0.05048076923076923
0 0.16346153846153846 0.640625 0.05889423076923077 0.04807692307692308
0 0.16105769230769232 0.3245192307692308 0.05889423076923077 0.04567307692307692
0 0.15865384615384615 0.38100961538461536 0.06850961538461539 0.05048076923076923
0 0.16105769230769232 0.42908653846153844 0.06009615384615385 0.046875
0 0.16105769230769232 0.6983173076923077 0.056490384615384616 0.04326923076923077
0 0.15625 0.7596153846153846 0.055288461538461536 0.04807692307692308
0 0.15264423076923078 0.8149038461538461 0.06850961538461539 0.05048076923076923
0 0.15625 0.9735576923076923 0.06370192307692307 0.05048076923076923
0 0.15625 0.9206730769230769 0.06370192307692307 0.04567307692307692
0 0.15625 0.8737980769230769 0.0673076923076923 0.046875
0 0.3112980769230769 0.9519230769230769 0.06129807692307692 0.051682692307692304
0 0.453125 0.9543269230769231 0.06129807692307692 0.04567307692307692
0 0.4579326923076923 0.9915865384615384 0.05889423076923077 0.014423076923076924
0 0.5252403846153846 0.9543269230769231 0.05889423076923077 0.05048076923076923
0 0.6742788461538461 0.9555288461538461 0.06129807692307692 0.04807692307692308
0 0.6754807692307693 0.9915865384615384 0.054086538461538464 0.01201923076923077
0 0.7367788461538461 0.9903846153846154 0.052884615384615384 0.016826923076923076
0 0.734375 0.953125 0.05048076923076923 0.04447115384615385
0 0.8822115384615384 0.9915865384615384 0.052884615384615384 0.014423076923076924
0 0.8786057692307693 0.9579326923076923 0.06129807692307692 0.052884615384615384
0 0.5024038461538461 0.7211538461538461 0.025240384615384616 0.12139423076923077
0 0.5336538461538461 0.7127403846153846 0.02403846153846154 0.11298076923076923
0 0.5661057692307693 0.7151442307692307 0.025240384615384616 0.09735576923076923
0 0.5985576923076923 0.7079326923076923 0.027644230769230768 0.10576923076923077
0 0.6286057692307693 0.7151442307692307 0.026442307692307692 0.10697115384615384
0 0.6598557692307693 0.7163461538461539 0.027644230769230768 0.10096153846153846
0 0.6923076923076923 0.7151442307692307 0.025240384615384616 0.09975961538461539
0 0.7211538461538461 0.7115384615384616 0.025240384615384616 0.10336538461538461
0 0.7487980769230769 0.7235576923076923 0.025240384615384616 0.10817307692307693
0 0.7800480769230769 0.7175480769230769 0.026442307692307692 0.109375
0 0.8064903846153846 0.7055288461538461 0.027644230769230768 0.109375
0 0.8401442307692307 0.6983173076923077 0.03125 0.109375
0 0.8882211538461539 0.7848557692307693 0.06610576923076923 0.051682692307692304
0 0.8870192307692307 0.8461538461538461 0.055288461538461536 0.04447115384615385
0 0.8870192307692307 0.8990384615384616 0.06129807692307692 0.05048076923076923
0 0.17307692307692307 0.16105769230769232 0.056490384615384616 0.05048076923076923
0 0.17548076923076922 0.11057692307692307 0.06490384615384616 0.046875
0 0.17548076923076922 0.06129807692307692 0.05889423076923077 0.04567307692307692
0 0.17548076923076922 0.018028846153846152 0.056490384615384616 0.036057692307692304