0 0.8293269230769231 0.7620192307692307 0.05889423076923077 0.1502403846153846
0 0.7800480769230769 0.7692307692307693 0.04927884615384615 0.13221153846153846
0 0.7439903846153846 0.765625 0.04567307692307692 0.125
0 0.6947115384615384 0.7692307692307693 0.05048076923076923 0.12860576923076922
0 0.6069711538461539 0.765625 0.052884615384615384 0.12259615384615384
0 0.5661057692307693 0.7560096153846154 0.04447115384615385 0.15144230769230768
0 0.5204326923076923 0.7644230769230769 0.042067307692307696 0.12259615384615384
0 0.47596153846153844 0.75 0.04807692307692308 0.12740384615384615
0 0.4362980769230769 0.7331730769230769 0.05048076923076923 0.13221153846153846
0 0.6009615384615384 0.4807692307692308 0.038461538461538464 0.11538461538461539
0 0.6418269230769231 0.49759615384615385 0.04326923076923077 0.13581730769230768
0 0.6790865384615384 0.48197115384615385 0.04326923076923077 0.11899038461538461
0 0.8341346153846154 0.49278846153846156 0.04567307692307692 0.1346153846153846
0 0.8725961538461539 0.49759615384615385 0.04326923076923077 0.13221153846153846
0 0.90625 0.49399038461538464 0.04326923076923077 0.12740384615384615
0 0.9495192307692307 0.5024038461538461 0.04567307692307692 0.12259615384615384
0 0.9759615384615384 0.20793269230769232 0.04567307692307692 0.13581730769230768
0 0.9387019230769231 0.22235576923076922 0.037259615384615384 0.12740384615384615
0 0.9002403846153846 0.19831730769230768 0.038461538461538464 0.1346153846153846
0 0.8641826923076923 0.203125 0.036057692307692304 0.12740384615384615
0 0.828125 0.19951923076923078 0.03245192307692308 0.13581730769230768
0 0.7908653846153846 0.20192307692307693 0.040865384615384616 0.13701923076923078
0 0.7512019230769231 0.19110576923076922 0.037259615384615384 0.13581730769230768
0 0.7127403846153846 0.1935096153846154 0.036057692307692304 0.13701923076923078
0 0.6730769230769231 0.1814903846153846 0.03485576923076923 0.13221153846153846
0 0.6286057692307693 0.16706730769230768 0.03245192307692308 0.11778846153846154
0 0.5877403846153846 0.18028846153846154 0.03485576923076923 0.13942307692307693
0 0.5396634615384616 0.18629807692307693 0.036057692307692304 0.12860576923076922
0 0.5408653846153846 0.3329326923076923 0.036057692307692304 0.15264423076923078