0 0.65625 0.18870192307692307 0.06610576923076923 0.054086538461538464
0 0.6622596153846154 0.2536057692307692 0.06490384615384616 0.04567307692307692
0 0.6706730769230769 0.3112980769230769 0.06129807692307692 0.046875
0 0.6706730769230769 0.36658653846153844 0.05889423076923077 0.05048076923076923
0 0.6730769230769231 0.421875 0.06370192307692307 0.04567307692307692
0 0.6682692307692307 0.47836538461538464 0.06129807692307692 0.046875
0 0.6658653846153846 0.5288461538461539 0.05889423076923077 0.046875
0 0.6875 0.5877403846153846 0.0625 0.051682692307692304
0 0.6634615384615384 0.6430288461538461 0.06129807692307692 0.04326923076923077
0 0.6826923076923077 0.7055288461538461 0.06850961538461539 0.054086538461538464
0 0.6802884615384616 0.7620192307692307 0.06370192307692307 0.052884615384615384
0 0.6754807692307693 0.8161057692307693 0.055288461538461536 0.04807692307692308
0 0.6730769230769231 0.8689903846153846 0.057692307692307696 0.046875
0 0.6778846153846154 0.9254807692307693 0.06129807692307692 0.05048076923076923
0 0.6754807692307693 0.9759615384615384 0.057692307692307696 0.04447115384615385
0 0.5564903846153846 0.33774038461538464 0.027644230769230768 0.10576923076923077
0 0.5588942307692307 0.4483173076923077 0.025240384615384616 0.10817307692307693
0 0.5661057692307693 0.5649038461538461 0.027644230769230768 0.1141826923076923
0 0.5649038461538461 0.6862980769230769 0.028846153846153848 0.11538461538461539
0 0.5661057692307693 0.8125 0.027644230769230768 0.11538461538461539
0 0.5697115384615384 0.921875 0.02403846153846154 0.09615384615384616
0 0.5096153846153846 0.3004807692307692 0.06009615384615385 0.054086538461538464
0 0.5060096153846154 0.36778846153846156 0.0625 0.046875
0 0.5072115384615384 0.421875 0.057692307692307696 0.051682692307692304
0 0.5072115384615384 0.48197115384615385 0.06610576923076923 0.046875
0 0.5120192307692307 0.5372596153846154 0.06129807692307692 0.04807692307692308
0 0.5168269230769231 0.5925480769230769 0.06129807692307692 0.04567307692307692
0 0.5144230769230769 0.6514423076923077 0.05889423076923077 0.051682692307692304
0 0.5120192307692307 0.7091346153846154 0.05889423076923077 0.04567307692307692
0 0.5120192307692307 0.7692307692307693 0.0625 0.051682692307692304
0 0.5168269230769231 0.8233173076923077 0.06129807692307692 0.05048076923076923
0 0.5192307692307693 0.8822115384615384 0.06370192307692307 0.052884615384615384
0 0.5144230769230769 0.9399038461538461 0.06129807692307692 0.055288461538461536
0 0.515625 0.9831730769230769 0.06370192307692307 0.030048076923076924
0 0.3269230769230769 0.1875 0.057692307692307696 0.052884615384615384
0 0.33533653846153844 0.25600961538461536 0.06129807692307692 0.05048076923076923
0 0.33413461538461536 0.3137019230769231 0.06850961538461539 0.054086538461538464
0 0.3233173076923077 0.3737980769230769 0.0625 0.05048076923076923
0 0.32211538461538464 0.4338942307692308 0.06370192307692307 0.04567307692307692
0 0.3269230769230769 0.4879807692307692 0.052884615384615384 0.04567307692307692
0 0.31971153846153844 0.5516826923076923 0.052884615384615384 0.04447115384615385
0 0.32211538461538464 0.6045673076923077 0.0625 0.046875
0 0.32091346153846156 0.6634615384615384 0.054086538461538464 0.056490384615384616
0 0.33413461538461536 0.7199519230769231 0.06129807692307692 0.051682692307692304
0 0.33653846153846156 0.7776442307692307 0.05889423076923077 0.05048076923076923
0 0.3317307692307692 0.8341346153846154 0.05889423076923077 0.04807692307692308
0 0.328125 0.8930288461538461 0.05889423076923077 0.051682692307692304
0 0.3293269230769231 0.9519230769230769 0.06129807692307692 0.051682692307692304