0 0.3161057692307692 0.008413461538461538 0.06490384615384616 0.016826923076923076
0 0.31850961538461536 0.04567307692307692 0.06009615384615385 0.055288461538461536
0 0.3137019230769231 0.16346153846153846 0.05889423076923077 0.05048076923076923
0 0.5552884615384616 0.2956730769230769 0.025240384615384616 0.109375
0 0.5540865384615384 0.18990384615384615 0.02403846153846154 0.0889423076923077
0 0.5048076923076923 0.15264423076923078 0.0625 0.046875
0 0.3161057692307692 0.2848557692307692 0.06129807692307692 0.051682692307692304
0 0.31850961538461536 0.34134615384615385 0.06490384615384616 0.04807692307692308
0 0.3245192307692308 0.40024038461538464 0.06490384615384616 0.055288461538461536
0 0.3245192307692308 0.4579326923076923 0.06129807692307692 0.051682692307692304
0 0.3317307692307692 0.5108173076923077 0.051682692307692304 0.05048076923076923
0 0.4987980769230769 0.26802884615384615 0.0625 0.055288461538461536
0 0.5 0.2127403846153846 0.06370192307692307 0.052884615384615384
0 0.3137019230769231 0.22235576923076922 0.06370192307692307 0.04807692307692308
0 0.5 0.09495192307692307 0.06009615384615385 0.052884615384615384
0 0.6730769230769231 0.37259615384615385 0.06370192307692307 0.046875
0 0.6802884615384616 0.4266826923076923 0.06009615384615385 0.04567307692307692
0 0.6766826923076923 0.484375 0.06129807692307692 0.05048076923076923
0 0.6766826923076923 0.5372596153846154 0.06129807692307692 0.04807692307692308
0 0.6802884615384616 0.5973557692307693 0.06610576923076923 0.054086538461538464
0 0.3233173076923077 0.6286057692307693 0.06610576923076923 0.054086538461538464
0 0.33413461538461536 0.7512019230769231 0.0625 0.052884615384615384
0 0.3245192307692308 0.6899038461538461 0.05889423076923077 0.051682692307692304
0 0.3269230769230769 0.5733173076923077 0.06850961538461539 0.0625
0 0.5060096153846154 0.6237980769230769 0.06129807692307692 0.054086538461538464
0 0.5108173076923077 0.6766826923076923 0.06129807692307692 0.054086538461538464
0 0.5192307692307693 0.7319711538461539 0.057692307692307696 0.052884615384615384
0 0.5216346153846154 0.7884615384615384 0.06129807692307692 0.052884615384615384
0 0.5709134615384616 0.7704326923076923 0.025240384615384616 0.10697115384615384
0 0.6826923076923077 0.8161057692307693 0.06129807692307692 0.04567307692307692
0 0.6814903846153846 0.765625 0.0625 0.05048076923076923
0 0.6790865384615384 0.6550480769230769 0.06370192307692307 0.051682692307692304
0 0.6790865384615384 0.7091346153846154 0.06129807692307692 0.054086538461538464
0 0.5012019230769231 0.5637019230769231 0.057692307692307696 0.05048076923076923
0 0.5060096153846154 0.5012019230769231 0.0625 0.05048076923076923
0 0.5060096153846154 0.4411057692307692 0.06610576923076923 0.04447115384615385
0 0.5072115384615384 0.3858173076923077 0.06370192307692307 0.054086538461538464
0 0.5060096153846154 0.3269230769230769 0.06129807692307692 0.051682692307692304
0 0.5697115384615384 0.6598557692307693 0.030048076923076924 0.11538461538461539
0 0.5661057692307693 0.5324519230769231 0.026442307692307692 0.10817307692307693
0 0.6706730769230769 0.3161057692307692 0.06370192307692307 0.046875
0 0.5625 0.41346153846153844 0.027644230769230768 0.10817307692307693
0 0.5204326923076923 0.8413461538461539 0.05889423076923077 0.051682692307692304
0 0.3329326923076923 0.8052884615384616 0.06009615384615385 0.054086538461538464
0 0.3317307692307692 0.8641826923076923 0.05889423076923077 0.055288461538461536
0 0.5721153846153846 0.8858173076923077 0.025240384615384616 0.10697115384615384
0 0.3137019230769231 0.10697115384615384 0.06009615384615385 0.051682692307692304
0 0.49399038461538464 0.040865384615384616 0.06129807692307692 0.055288461538461536
0 0.5480769230769231 0.08413461538461539 0.02403846153846154 0.109375
0 0.6598557692307693 0.09254807692307693 0.052884615384615384 0.046875
0 0.6610576923076923 0.037259615384615384 0.06129807692307692 0.054086538461538464
0 0.6814903846153846 0.8762019230769231 0.057692307692307696 0.052884615384615384
0 0.6875 0.9314903846153846 0.06370192307692307 0.054086538461538464
0 0.6947115384615384 0.9795673076923077 0.06370192307692307 0.037259615384615384
0 0.5733173076923077 0.9735576923076923 0.027644230769230768 0.04807692307692308
0 0.5144230769230769 0.8990384615384616 0.06370192307692307 0.056490384615384616
0 0.5144230769230769 0.9555288461538461 0.06009615384615385 0.051682692307692304
0 0.3269230769230769 0.921875 0.0625 0.051682692307692304
0 0.328125 0.9735576923076923 0.06370192307692307 0.05048076923076923
0 0.6574519230769231 0.1466346153846154 0.054086538461538464 0.04807692307692308
0 0.6622596153846154 0.20432692307692307 0.05889423076923077 0.054086538461538464
0 0.6610576923076923 0.25841346153846156 0.055288461538461536 0.046875