0 0.6802884615384616 0.021634615384615384 0.03365384615384615 0.04326923076923077
0 0.6790865384615384 0.10817307692307693 0.03125 0.109375
0 0.6838942307692307 0.2536057692307692 0.03125 0.11899038461538461
0 0.6814903846153846 0.41225961538461536 0.03245192307692308 0.12379807692307693
0 0.6802884615384616 0.5528846153846154 0.027644230769230768 0.11778846153846154
0 0.6730769230769231 0.7115384615384616 0.028846153846153848 0.1141826923076923
0 0.8497596153846154 0.6514423076923077 0.05889423076923077 0.052884615384615384
0 0.5372596153846154 0.14182692307692307 0.051682692307692304 0.055288461538461536
0 0.5348557692307693 0.3125 0.06370192307692307 0.051682692307692304
0 0.5324519230769231 0.4831730769230769 0.06009615384615385 0.05048076923076923
0 0.5348557692307693 0.5408653846153846 0.056490384615384616 0.04447115384615385
0 0.5360576923076923 0.5973557692307693 0.05889423076923077 0.05048076923076923
0 0.5348557692307693 0.6574519230769231 0.06129807692307692 0.04807692307692308
0 0.5336538461538461 0.7127403846153846 0.05889423076923077 0.04567307692307692
0 0.5324519230769231 0.7680288461538461 0.06129807692307692 0.051682692307692304
0 0.5300480769230769 0.8269230769230769 0.06610576923076923 0.04807692307692308
0 0.5288461538461539 0.8858173076923077 0.06129807692307692 0.051682692307692304
0 0.5276442307692307 0.9411057692307693 0.0625 0.046875
0 0.5264423076923077 0.9855769230769231 0.05889423076923077 0.02403846153846154
0 0.3918269230769231 0.6237980769230769 0.06009615384615385 0.07211538461538461
0 0.39663461538461536 0.21514423076923078 0.06610576923076923 0.078125
0 0.3954326923076923 0.09975961538461539 0.06129807692307692 0.07692307692307693
0 0.3894230769230769 0.9194711538461539 0.057692307692307696 0.06850961538461539
0 0.38822115384615385 0.9723557692307693 0.06370192307692307 0.051682692307692304
0 0.25961538461538464 0.9555288461538461 0.056490384615384616 0.06850961538461539
0 0.265625 0.8930288461538461 0.054086538461538464 0.06850961538461539
0 0.2620192307692308 0.8221153846153846 0.057692307692307696 0.07692307692307693
0 0.25721153846153844 0.7560096153846154 0.057692307692307696 0.06490384615384616
0 0.2620192307692308 0.6959134615384616 0.05889423076923077 0.07091346153846154
0 0.2668269230769231 0.6274038461538461 0.055288461538461536 0.07091346153846154
0 0.27163461538461536 0.5540865384615384 0.05889423076923077 0.08413461538461539
0 0.26322115384615385 0.4855769230769231 0.06490384615384616 0.08052884615384616
0 0.2644230769230769 0.421875 0.0673076923076923 0.08413461538461539
0 0.2704326923076923 0.36538461538461536 0.0625 0.08653846153846154
0 0.26802884615384615 0.29086538461538464 0.0673076923076923 0.0733173076923077
0 0.2692307692307692 0.22956730769230768 0.06850961538461539 0.07091346153846154
0 0.2764423076923077 0.1622596153846154 0.056490384615384616 0.06850961538461539
0 0.27283653846153844 0.08774038461538461 0.06490384615384616 0.06850961538461539
0 0.2704326923076923 0.03125 0.06490384615384616 0.0625