0 0.38461538461538464 0.9110576923076923 0.08774038461538461 0.0733173076923077
0 0.28846153846153844 0.9459134615384616 0.08653846153846154 0.07692307692307693
0 0.2824519230769231 0.8665865384615384 0.07211538461538461 0.0829326923076923
0 0.28725961538461536 0.7908653846153846 0.06971153846153846 0.07692307692307693
0 0.2848557692307692 0.7175480769230769 0.0829326923076923 0.08052884615384616
0 0.37740384615384615 0.6959134615384616 0.09014423076923077 0.07932692307692307
0 0.3713942307692308 0.7884615384615384 0.07932692307692307 0.06850961538461539
0 0.7932692307692307 0.7439903846153846 0.07572115384615384 0.12860576923076922
0 0.2704326923076923 0.6418269230769231 0.078125 0.07211538461538461
0 0.8413461538461539 0.7932692307692307 0.06850961538461539 0.12379807692307693
0 0.7680288461538461 0.6778846153846154 0.08173076923076923 0.1502403846153846
0 0.7403846153846154 0.6237980769230769 0.06971153846153846 0.13581730769230768
0 0.8701923076923077 0.8569711538461539 0.06971153846153846 0.11538461538461539
0 0.8990384615384616 0.9254807692307693 0.06370192307692307 0.109375
0 0.9338942307692307 0.9639423076923077 0.055288461538461536 0.06971153846153846
0 0.7151442307692307 0.5444711538461539 0.06971153846153846 0.11538461538461539
0 0.9771634615384616 0.6322115384615384 0.04326923076923077 0.11538461538461539
0 0.96875 0.5420673076923077 0.06009615384615385 0.12740384615384615
0 0.9495192307692307 0.48197115384615385 0.07451923076923077 0.1346153846153846
0 0.9134615384615384 0.4266826923076923 0.07932692307692307 0.13581730769230768
0 0.8882211538461539 0.3629807692307692 0.07932692307692307 0.13341346153846154
0 0.8569711538461539 0.3004807692307692 0.07211538461538461 0.12259615384615384
0 0.8305288461538461 0.24278846153846154 0.06971153846153846 0.11778846153846154
0 0.7944711538461539 0.1875 0.07572115384615384 0.125
0 0.7608173076923077 0.12860576923076922 0.07932692307692307 0.13942307692307693
0 0.7307692307692307 0.06370192307692307 0.07091346153846154 0.11778846153846154
0 0.9543269230769231 0.25240384615384615 0.08173076923076923 0.12259615384615384
0 0.9254807692307693 0.19591346153846154 0.07091346153846154 0.12740384615384615
0 0.8942307692307693 0.1310096153846154 0.06971153846153846 0.13221153846153846
0 0.8629807692307693 0.06850961538461539 0.0733173076923077 0.125
0 0.8245192307692307 0.036057692307692304 0.055288461538461536 0.07211538461538461
0 0.45913461538461536 0.08052884615384616 0.08173076923076923 0.13701923076923078
0 0.03485576923076923 0.1814903846153846 0.05048076923076923 0.13942307692307693
0 0.013221153846153846 0.20793269230769232 0.026442307692307692 0.14182692307692307
0 0.3918269230769231 0.9747596153846154 0.09254807692307693 0.04567307692307692
0 0.09495192307692307 0.5709134615384616 0.09254807692307693 0.08173076923076923
0 0.025240384615384616 0.5841346153846154 0.05048076923076923 0.07211538461538461
0 0.09735576923076923 0.6538461538461539 0.09735576923076923 0.07091346153846154
0 0.02403846153846154 0.6670673076923077 0.04807692307692308 0.07091346153846154
0 0.10216346153846154 0.7355769230769231 0.08774038461538461 0.07451923076923077
0 0.028846153846153848 0.7379807692307693 0.057692307692307696 0.07211538461538461
0 0.109375 0.8112980769230769 0.08774038461538461 0.07211538461538461
0 0.02283653846153846 0.8233173076923077 0.04567307692307692 0.07451923076923077
0 0.10817307692307693 0.953125 0.09375 0.07692307692307693
0 0.02403846153846154 0.9651442307692307 0.04807692307692308 0.06610576923076923