0 0.6598557692307693 0.07692307692307693 0.03245192307692308 0.11658653846153846
0 0.65625 0.2247596153846154 0.027644230769230768 0.12139423076923077
0 0.6526442307692307 0.35697115384615385 0.03125 0.11057692307692307
0 0.6574519230769231 0.5072115384615384 0.027644230769230768 0.12259615384615384
0 0.6622596153846154 0.6911057692307693 0.04447115384615385 0.11658653846153846
0 0.6502403846153846 0.8052884615384616 0.027644230769230768 0.11538461538461539
0 0.8221153846153846 0.9026442307692307 0.06129807692307692 0.06129807692307692
0 0.6442307692307693 0.953125 0.027644230769230768 0.09014423076923077
0 0.5096153846153846 0.09495192307692307 0.057692307692307696 0.054086538461538464
0 0.5 0.15865384615384615 0.05889423076923077 0.06129807692307692
0 0.5072115384615384 0.3894230769230769 0.05048076923076923 0.051682692307692304
0 0.5036057692307693 0.5649038461538461 0.0625 0.055288461538461536
0 0.4987980769230769 0.734375 0.05889423076923077 0.052884615384615384
0 0.5024038461538461 0.7932692307692307 0.056490384615384616 0.04807692307692308
0 0.5024038461538461 0.8497596153846154 0.06129807692307692 0.051682692307692304
0 0.5036057692307693 0.9098557692307693 0.05889423076923077 0.05048076923076923
0 0.4987980769230769 0.9663461538461539 0.06129807692307692 0.052884615384615384
0 0.3641826923076923 0.34615384615384615 0.06009615384615385 0.07211538461538461
0 0.3629807692307692 0.46153846153846156 0.06370192307692307 0.08173076923076923
0 0.35697115384615385 0.8725961538461539 0.06129807692307692 0.08052884615384616
0 0.23197115384615385 0.8810096153846154 0.055288461538461536 0.06971153846153846
0 0.22596153846153846 0.9459134615384616 0.05889423076923077 0.0733173076923077
0 0.234375 0.8064903846153846 0.0625 0.07932692307692307
0 0.22596153846153846 0.734375 0.06610576923076923 0.08653846153846154
0 0.22956730769230768 0.6778846153846154 0.06610576923076923 0.09134615384615384
0 0.23317307692307693 0.6141826923076923 0.0673076923076923 0.08052884615384616
0 0.23317307692307693 0.5384615384615384 0.06610576923076923 0.08413461538461539
0 0.23798076923076922 0.47596153846153844 0.05889423076923077 0.0733173076923077
0 0.23677884615384615 0.4050480769230769 0.06850961538461539 0.08052884615384616
0 0.23798076923076922 0.33653846153846156 0.06370192307692307 0.07451923076923077
0 0.23557692307692307 0.2608173076923077 0.06009615384615385 0.08173076923076923
0 0.23557692307692307 0.203125 0.06490384615384616 0.078125
0 0.24278846153846154 0.140625 0.0673076923076923 0.078125
0 0.23918269230769232 0.07692307692307693 0.06490384615384616 0.078125
0 0.2439903846153846 0.019230769230769232 0.055288461538461536 0.038461538461538464