0 0.5889423076923077 0.9134615384615384 0.03245192307692308 0.14423076923076922
0 0.6298076923076923 0.9122596153846154 0.03245192307692308 0.13221153846153846
0 0.6682692307692307 0.9050480769230769 0.03245192307692308 0.14302884615384615
0 0.7043269230769231 0.9254807692307693 0.03245192307692308 0.1346153846153846
0 0.7439903846153846 0.9050480769230769 0.036057692307692304 0.14182692307692307
0 0.9891826923076923 0.5877403846153846 0.016826923076923076 0.06009615384615385
0 0.6802884615384616 0.5913461538461539 0.07692307692307693 0.0625
0 0.5408653846153846 0.5865384615384616 0.07211538461538461 0.05889423076923077
0 0.44591346153846156 0.5841346153846154 0.078125 0.0625
0 0.34134615384615385 0.5901442307692307 0.08413461538461539 0.06009615384615385
0 0.15264423076923078 0.5985576923076923 0.08052884615384616 0.06490384615384616
0 0.07692307692307693 0.5949519230769231 0.08173076923076923 0.056490384615384616
0 0.29086538461538464 0.9338942307692307 0.037259615384615384 0.12860576923076922
0 0.33774038461538464 0.9266826923076923 0.038461538461538464 0.14302884615384615
0 0.3798076923076923 0.9134615384615384 0.036057692307692304 0.12620192307692307
0 0.4230769230769231 0.9206730769230769 0.037259615384615384 0.1346153846153846
0 0.4675480769230769 0.9278846153846154 0.03485576923076923 0.14182692307692307
0 0.5072115384615384 0.9170673076923077 0.03245192307692308 0.14182692307692307
0 0.5504807692307693 0.9254807692307693 0.038461538461538464 0.140625
0 0.7848557692307693 0.9026442307692307 0.03485576923076923 0.13221153846153846
0 0.8197115384615384 0.9074519230769231 0.03485576923076923 0.1346153846153846
0 0.8677884615384616 0.9194711538461539 0.051682692307692304 0.15745192307692307
0 0.8990384615384616 0.9026442307692307 0.038461538461538464 0.140625
0 0.9338942307692307 0.8990384615384616 0.040865384615384616 0.12379807692307693
0 0.9699519230769231 0.8990384615384616 0.039663461538461536 0.15144230769230768
0 0.9939903846153846 0.9074519230769231 0.009615384615384616 0.12139423076923077