0 0.5540865384615384 0.4050480769230769 0.026442307692307692 0.09735576923076923
0 0.6911057692307693 0.4014423076923077 0.03245192307692308 0.109375
0 0.7247596153846154 0.4110576923076923 0.027644230769230768 0.0985576923076923
0 0.5228365384615384 0.4014423076923077 0.027644230769230768 0.10817307692307693
0 0.5516826923076923 0.2620192307692308 0.027644230769230768 0.11057692307692307
0 0.6887019230769231 0.27403846153846156 0.028846153846153848 0.10817307692307693
0 0.71875 0.2692307692307692 0.030048076923076924 0.10576923076923077
0 0.7487980769230769 0.26802884615384615 0.025240384615384616 0.0985576923076923
0 0.7776442307692307 0.27163461538461536 0.028846153846153848 0.10576923076923077
0 0.8064903846153846 0.27403846153846156 0.030048076923076924 0.1045673076923077
0 0.8353365384615384 0.2668269230769231 0.027644230769230768 0.10336538461538461
0 0.8653846153846154 0.2644230769230769 0.027644230769230768 0.10096153846153846
0 0.8930288461538461 0.25961538461538464 0.030048076923076924 0.10096153846153846
0 0.921875 0.2620192307692308 0.027644230769230768 0.0985576923076923
0 0.9519230769230769 0.25961538461538464 0.027644230769230768 0.10576923076923077
0 0.9783653846153846 0.25841346153846156 0.026442307692307692 0.09134615384615384
0 0.9963942307692307 0.25721153846153844 0.006009615384615385 0.10096153846153846
0 0.9831730769230769 0.3762019230769231 0.030048076923076924 0.09975961538461539
0 0.9519230769230769 0.375 0.030048076923076924 0.10576923076923077
0 0.9266826923076923 0.3786057692307692 0.027644230769230768 0.10336538461538461
0 0.8990384615384616 0.37740384615384615 0.03245192307692308 0.10096153846153846
0 0.8689903846153846 0.38341346153846156 0.030048076923076924 0.10096153846153846
0 0.7524038461538461 0.39302884615384615 0.027644230769230768 0.10096153846153846
0 0.7824519230769231 0.39903846153846156 0.028846153846153848 0.09735576923076923
0 0.8125 0.39903846153846156 0.027644230769230768 0.09615384615384616
0 0.8401442307692307 0.39302884615384615 0.027644230769230768 0.10336538461538461
0 0.9927884615384616 0.039663461538461536 0.009615384615384616 0.07932692307692307
0 0.9759615384615384 0.027644230769230768 0.026442307692307692 0.055288461538461536
0 0.9471153846153846 0.03245192307692308 0.030048076923076924 0.06370192307692307
0 0.9158653846153846 0.030048076923076924 0.03365384615384615 0.06009615384615385
0 0.8870192307692307 0.027644230769230768 0.027644230769230768 0.055288461538461536
0 0.8569711538461539 0.026442307692307692 0.03125 0.052884615384615384
0 0.828125 0.03245192307692308 0.026442307692307692 0.06370192307692307
0 0.7980769230769231 0.030048076923076924 0.028846153846153848 0.06009615384615385
0 0.7704326923076923 0.03245192307692308 0.028846153846153848 0.06370192307692307
0 0.7391826923076923 0.03485576923076923 0.03125 0.06971153846153846
0 0.7115384615384616 0.03125 0.028846153846153848 0.0625
0 0.6766826923076923 0.039663461538461536 0.03125 0.07932692307692307
0 0.5192307692307693 0.2644230769230769 0.027644230769230768 0.11658653846153846
0 0.5480769230769231 0.036057692307692304 0.028846153846153848 0.07211538461538461
0 0.515625 0.040865384615384616 0.026442307692307692 0.08052884615384616
0 0.4855769230769231 0.039663461538461536 0.028846153846153848 0.07932692307692307
0 0.4519230769230769 0.042067307692307696 0.025240384615384616 0.08413461538461539
0 0.4182692307692308 0.04567307692307692 0.028846153846153848 0.09014423076923077
0 0.3870192307692308 0.042067307692307696 0.027644230769230768 0.0829326923076923
0 0.3557692307692308 0.040865384615384616 0.027644230769230768 0.08173076923076923
0 0.3233173076923077 0.036057692307692304 0.026442307692307692 0.07211538461538461
0 0.28966346153846156 0.036057692307692304 0.03125 0.07211538461538461
0 0.25961538461538464 0.03365384615384615 0.027644230769230768 0.06610576923076923
0 0.22716346153846154 0.039663461538461536 0.026442307692307692 0.07932692307692307
0 0.19591346153846154 0.038461538461538464 0.030048076923076924 0.07692307692307693
0 0.1658653846153846 0.040865384615384616 0.03125 0.08173076923076923
0 0.1310096153846154 0.04927884615384615 0.03245192307692308 0.0985576923076923
0 0.0985576923076923 0.05048076923076923 0.03125 0.09975961538461539
0 0.06610576923076923 0.05048076923076923 0.03125 0.10096153846153846
0 0.03365384615384615 0.052884615384615384 0.038461538461538464 0.10576923076923077
0 0.007211538461538462 0.04447115384615385 0.014423076923076924 0.0889423076923077
0 0.9903846153846154 0.625 0.016826923076923076 0.10697115384615384
0 0.9915865384615384 0.7403846153846154 0.014423076923076924 0.0985576923076923
0 0.9867788461538461 0.9747596153846154 0.021634615384615384 0.05048076923076923
0 0.9615384615384616 0.9759615384615384 0.03245192307692308 0.04326923076923077
0 0.9338942307692307 0.9795673076923077 0.030048076923076924 0.037259615384615384
0 0.9050480769230769 0.9819711538461539 0.027644230769230768 0.03365384615384615
0 0.875 0.9819711538461539 0.027644230769230768 0.03245192307692308
0 0.8449519230769231 0.9807692307692307 0.028846153846153848 0.036057692307692304
0 0.8161057692307693 0.9879807692307693 0.030048076923076924 0.021634615384615384
0 0.7884615384615384 0.9903846153846154 0.027644230769230768 0.015625
0 0.7584134615384616 0.9891826923076923 0.026442307692307692 0.019230769230769232
0 0.7319711538461539 0.9915865384615384 0.02283653846153846 0.014423076923076924
0 0.9314903846153846 0.7608173076923077 0.025240384615384616 0.09735576923076923
0 0.9278846153846154 0.6286057692307693 0.027644230769230768 0.09014423076923077
0 0.8942307692307693 0.6322115384615384 0.028846153846153848 0.10697115384615384
0 0.8677884615384616 0.6370192307692307 0.028846153846153848 0.10096153846153846
0 0.8401442307692307 0.6370192307692307 0.027644230769230768 0.09975961538461539
0 0.8100961538461539 0.6502403846153846 0.028846153846153848 0.1045673076923077
0 0.7824519230769231 0.6538461538461539 0.030048076923076924 0.10697115384615384
0 0.7524038461538461 0.6514423076923077 0.027644230769230768 0.0985576923076923
0 0.8137019230769231 0.7752403846153846 0.027644230769230768 0.09735576923076923
0 0.8413461538461539 0.7668269230769231 0.027644230769230768 0.10336538461538461
0 0.8689903846153846 0.7620192307692307 0.027644230769230768 0.10697115384615384
0 0.8978365384615384 0.7560096153846154 0.026442307692307692 0.09735576923076923
0 0.7848557692307693 0.7788461538461539 0.030048076923076924 0.10817307692307693
0 0.7548076923076923 0.7692307692307693 0.025240384615384616 0.10096153846153846
0 0.7259615384615384 0.7800480769230769 0.027644230769230768 0.10576923076923077
0 0.6935096153846154 0.7788461538461539 0.03125 0.11658653846153846
0 0.6923076923076923 0.6610576923076923 0.027644230769230768 0.0985576923076923
0 0.7235576923076923 0.6622596153846154 0.027644230769230768 0.10336538461538461
0 0.48677884615384615 0.2620192307692308 0.027644230769230768 0.10697115384615384
0 0.4879807692307692 0.39903846153846156 0.025240384615384616 0.09495192307692307
0 0.4543269230769231 0.265625 0.02403846153846154 0.1045673076923077
0 0.4567307692307692 0.40865384615384615 0.027644230769230768 0.10576923076923077
0 0.4206730769230769 0.2860576923076923 0.030048076923076924 0.11057692307692307
0 0.42427884615384615 0.4182692307692308 0.028846153846153848 0.11298076923076923
0 0.3918269230769231 0.29086538461538464 0.025240384615384616 0.11298076923076923
0 0.3942307692307692 0.41346153846153844 0.028846153846153848 0.1045673076923077
0 0.359375 0.28725961538461536 0.026442307692307692 0.09735576923076923
0 0.3605769230769231 0.4170673076923077 0.026442307692307692 0.11298076923076923
0 0.328125 0.4110576923076923 0.027644230769230768 0.10336538461538461
0 0.3269230769230769 0.2800480769230769 0.028846153846153848 0.11298076923076923
0 0.2920673076923077 0.30408653846153844 0.026442307692307692 0.10697115384615384
0 0.2980769230769231 0.4206730769230769 0.027644230769230768 0.11057692307692307
0 0.2620192307692308 0.3004807692307692 0.028846153846153848 0.10817307692307693
0 0.2644230769230769 0.4206730769230769 0.027644230769230768 0.08774038461538461
0 0.23076923076923078 0.30288461538461536 0.027644230769230768 0.11057692307692307
0 0.19471153846153846 0.296875 0.03125 0.09014423076923077
0 0.16346153846153846 0.2956730769230769 0.030048076923076924 0.109375
0 0.13221153846153846 0.3004807692307692 0.03125 0.10697115384615384
0 0.10096153846153846 0.30528846153846156 0.030048076923076924 0.09975961538461539
0 0.06971153846153846 0.3137019230769231 0.03125 0.10336538461538461
0 0.03485576923076923 0.31850961538461536 0.03245192307692308 0.109375
0 0.009615384615384616 0.31850961538461536 0.019230769230769232 0.10576923076923077
0 0.23197115384615385 0.4375 0.030048076923076924 0.12139423076923077
0 0.19951923076923078 0.43149038461538464 0.030048076923076924 0.10697115384615384
0 0.16826923076923078 0.43028846153846156 0.030048076923076924 0.09615384615384616
0 0.13701923076923078 0.4362980769230769 0.03125 0.109375
0 0.10336538461538461 0.4387019230769231 0.03245192307692308 0.109375
0 0.07211538461538461 0.43990384615384615 0.030048076923076924 0.10817307692307693
0 0.039663461538461536 0.453125 0.03485576923076923 0.10817307692307693
0 0.01201923076923077 0.453125 0.02403846153846154 0.10096153846153846
0 0.5612980769230769 0.6754807692307693 0.025240384615384616 0.109375
0 0.5276442307692307 0.6790865384615384 0.02403846153846154 0.109375
0 0.5625 0.8004807692307693 0.027644230769230768 0.10336538461538461
0 0.5324519230769231 0.8004807692307693 0.026442307692307692 0.10697115384615384
0 0.49759615384615385 0.6862980769230769 0.025240384615384616 0.11538461538461539
0 0.4987980769230769 0.8112980769230769 0.027644230769230768 0.11057692307692307
0 0.46153846153846156 0.6862980769230769 0.026442307692307692 0.10576923076923077
0 0.4651442307692308 0.7956730769230769 0.026442307692307692 0.10697115384615384
0 0.4326923076923077 0.6730769230769231 0.028846153846153848 0.109375
0 0.43509615384615385 0.8088942307692307 0.026442307692307692 0.1045673076923077
0 0.4050480769230769 0.8112980769230769 0.028846153846153848 0.10697115384615384
0 0.39903846153846156 0.6838942307692307 0.030048076923076924 0.11538461538461539
0 0.36538461538461536 0.6862980769230769 0.030048076923076924 0.1045673076923077
0 0.37259615384615385 0.8209134615384616 0.027644230769230768 0.11298076923076923
0 0.33774038461538464 0.8185096153846154 0.030048076923076924 0.1045673076923077
0 0.3317307692307692 0.6971153846153846 0.025240384615384616 0.09615384615384616
0 0.30288461538461536 0.6947115384615384 0.028846153846153848 0.1141826923076923
0 0.27163461538461536 0.6971153846153846 0.030048076923076924 0.10817307692307693
0 0.3076923076923077 0.8185096153846154 0.030048076923076924 0.10697115384615384
0 0.23918269230769232 0.6947115384615384 0.028846153846153848 0.10817307692307693
0 0.27524038461538464 0.8137019230769231 0.027644230769230768 0.0889423076923077
0 0.2439903846153846 0.8269230769230769 0.03125 0.10817307692307693
0 0.2091346153846154 0.6935096153846154 0.028846153846153848 0.09254807692307693
0 0.21153846153846154 0.8233173076923077 0.028846153846153848 0.10817307692307693
0 0.1778846153846154 0.6983173076923077 0.028846153846153848 0.10576923076923077
0 0.18028846153846154 0.8245192307692307 0.03125 0.1141826923076923
0 0.14423076923076922 0.7079326923076923 0.03245192307692308 0.1141826923076923
0 0.14903846153846154 0.8269230769230769 0.030048076923076924 0.10817307692307693
0 0.11538461538461539 0.8329326923076923 0.03245192307692308 0.11298076923076923
0 0.11177884615384616 0.7055288461538461 0.03485576923076923 0.11057692307692307
0 0.08052884615384616 0.7091346153846154 0.03245192307692308 0.10336538461538461
0 0.08533653846153846 0.8317307692307693 0.030048076923076924 0.10697115384615384
0 0.04567307692307692 0.7091346153846154 0.037259615384615384 0.11298076923076923
0 0.015625 0.7139423076923077 0.03125 0.11057692307692307
0 0.05048076923076923 0.8449519230769231 0.03485576923076923 0.11298076923076923
0 0.016826923076923076 0.8473557692307693 0.03245192307692308 0.09975961538461539