0 0.44350961538461536 0.12740384615384615 0.026442307692307692 0.11899038461538461
0 0.5408653846153846 0.11057692307692307 0.028846153846153848 0.11298076923076923
0 0.9831730769230769 0.14182692307692307 0.03245192307692308 0.10576923076923077
0 0.7620192307692307 0.38341346153846156 0.028846153846153848 0.1045673076923077
0 0.7319711538461539 0.37740384615384615 0.030048076923076924 0.10576923076923077
0 0.7007211538461539 0.36899038461538464 0.03125 0.10576923076923077
0 0.6670673076923077 0.3737980769230769 0.026442307692307692 0.11658653846153846
0 0.6370192307692307 0.3858173076923077 0.027644230769230768 0.11298076923076923
0 0.6033653846153846 0.37740384615384615 0.026442307692307692 0.12259615384615384
0 0.5697115384615384 0.3762019230769231 0.028846153846153848 0.11538461538461539
0 0.5360576923076923 0.3870192307692308 0.027644230769230768 0.11298076923076923
0 0.6033653846153846 0.5024038461538461 0.027644230769230768 0.11899038461538461
0 0.5721153846153846 0.5036057692307693 0.030048076923076924 0.1141826923076923
0 0.5360576923076923 0.5060096153846154 0.026442307692307692 0.10817307692307693
0 0.38822115384615385 0.5420673076923077 0.06129807692307692 0.054086538461538464
0 0.38341346153846156 0.38221153846153844 0.06370192307692307 0.052884615384615384
0 0.3894230769230769 0.29447115384615385 0.06370192307692307 0.05048076923076923
0 0.3858173076923077 0.7079326923076923 0.06850961538461539 0.055288461538461536
0 0.9519230769230769 0.14543269230769232 0.030048076923076924 0.1141826923076923
0 0.921875 0.1346153846153846 0.03485576923076923 0.11298076923076923
0 0.8918269230769231 0.12860576923076922 0.03125 0.11298076923076923
0 0.8605769230769231 0.140625 0.03245192307692308 0.11298076923076923
0 0.8197115384615384 0.13701923076923078 0.03245192307692308 0.10697115384615384
0 0.7728365384615384 0.13942307692307693 0.030048076923076924 0.10697115384615384
0 0.6838942307692307 0.12139423076923077 0.027644230769230768 0.09975961538461539
0 0.6394230769230769 0.125 0.026442307692307692 0.10817307692307693
0 0.5889423076923077 0.125 0.025240384615384616 0.11658653846153846
0 0.49399038461538464 0.12139423076923077 0.026442307692307692 0.11899038461538461
0 0.3858173076923077 0.125 0.042067307692307696 0.11298076923076923
0 0.8245192307692307 0.38221153846153844 0.03365384615384615 0.10697115384615384
0 0.8545673076923077 0.38341346153846156 0.030048076923076924 0.10336538461538461
0 0.8846153846153846 0.3870192307692308 0.03245192307692308 0.10336538461538461
0 0.9158653846153846 0.39302884615384615 0.03365384615384615 0.10817307692307693
0 0.9447115384615384 0.3858173076923077 0.030048076923076924 0.10817307692307693
0 0.9771634615384616 0.39302884615384615 0.03245192307692308 0.10576923076923077
0 0.9951923076923077 0.39663461538461536 0.007211538461538462 0.09735576923076923
0 0.6358173076923077 0.515625 0.028846153846153848 0.11057692307692307
0 0.6694711538461539 0.5072115384615384 0.027644230769230768 0.11538461538461539
0 0.7019230769230769 0.5168269230769231 0.027644230769230768 0.11057692307692307
0 0.734375 0.5108173076923077 0.028846153846153848 0.11658653846153846
0 0.7644230769230769 0.5084134615384616 0.028846153846153848 0.1045673076923077
0 0.796875 0.5096153846153846 0.028846153846153848 0.1141826923076923
0 0.8269230769230769 0.5108173076923077 0.030048076923076924 0.10336538461538461
0 0.8581730769230769 0.5084134615384616 0.030048076923076924 0.11298076923076923
0 0.8894230769230769 0.5096153846153846 0.028846153846153848 0.11298076923076923
0 0.9206730769230769 0.5180288461538461 0.03365384615384615 0.09975961538461539
0 0.9507211538461539 0.5120192307692307 0.03485576923076923 0.1045673076923077
0 0.9795673076923077 0.5060096153846154 0.03245192307692308 0.10697115384615384
0 0.9963942307692307 0.5180288461538461 0.006009615384615385 0.09735576923076923
0 0.9807692307692307 0.7572115384615384 0.03485576923076923 0.1045673076923077
0 0.9507211538461539 0.7596153846153846 0.03245192307692308 0.10697115384615384
0 0.9194711538461539 0.7608173076923077 0.03245192307692308 0.10576923076923077
0 0.8870192307692307 0.7680288461538461 0.03485576923076923 0.11658653846153846
0 0.8569711538461539 0.7704326923076923 0.028846153846153848 0.10336538461538461
0 0.8245192307692307 0.7704326923076923 0.028846153846153848 0.109375
0 0.7956730769230769 0.765625 0.030048076923076924 0.11057692307692307
0 0.7644230769230769 0.7692307692307693 0.026442307692307692 0.109375
0 0.7307692307692307 0.7740384615384616 0.025240384615384616 0.10697115384615384
0 0.6995192307692307 0.765625 0.027644230769230768 0.11899038461538461
0 0.6646634615384616 0.7680288461538461 0.028846153846153848 0.11778846153846154
0 0.6322115384615384 0.7668269230769231 0.025240384615384616 0.09495192307692307
0 0.6009615384615384 0.7740384615384616 0.027644230769230768 0.11057692307692307
0 0.5673076923076923 0.7620192307692307 0.026442307692307692 0.09735576923076923
0 0.5324519230769231 0.7704326923076923 0.027644230769230768 0.11057692307692307
0 0.3894230769230769 0.7908653846153846 0.06850961538461539 0.052884615384615384
0 0.38221153846153844 0.8737980769230769 0.06610576923076923 0.055288461538461536
0 0.39903846153846156 0.9591346153846154 0.06129807692307692 0.051682692307692304
0 0.6045673076923077 0.8858173076923077 0.027644230769230768 0.10096153846153846
0 0.6334134615384616 0.8918269230769231 0.027644230769230768 0.11778846153846154
0 0.6682692307692307 0.8990384615384616 0.030048076923076924 0.11298076923076923
0 0.6995192307692307 0.8990384615384616 0.030048076923076924 0.09975961538461539
0 0.7307692307692307 0.8918269230769231 0.027644230769230768 0.1045673076923077
0 0.765625 0.8894230769230769 0.030048076923076924 0.11298076923076923
0 0.7956730769230769 0.8918269230769231 0.026442307692307692 0.10697115384615384
0 0.8245192307692307 0.8870192307692307 0.030048076923076924 0.11298076923076923
0 0.8581730769230769 0.8966346153846154 0.03125 0.1045673076923077
0 0.8882211538461539 0.890625 0.030048076923076924 0.09735576923076923
0 0.9194711538461539 0.8870192307692307 0.03125 0.10336538461538461
0 0.9543269230769231 0.8858173076923077 0.037259615384615384 0.10697115384615384
0 0.9831730769230769 0.890625 0.030048076923076924 0.10817307692307693