0 0.4543269230769231 0.3786057692307692 0.026442307692307692 0.11298076923076923
0 0.42427884615384615 0.38221153846153844 0.027644230769230768 0.1141826923076923
0 0.48677884615384615 0.38461538461538464 0.027644230769230768 0.10576923076923077
0 0.5168269230769231 0.38221153846153844 0.027644230769230768 0.10576923076923077
0 0.5480769230769231 0.38100961538461536 0.027644230769230768 0.10817307692307693
0 0.5793269230769231 0.38341346153846156 0.028846153846153848 0.109375
0 0.6117788461538461 0.38341346153846156 0.030048076923076924 0.10697115384615384
0 0.640625 0.390625 0.027644230769230768 0.10096153846153846
0 0.6778846153846154 0.3870192307692308 0.027644230769230768 0.11778846153846154
0 0.6009615384615384 0.6334134615384616 0.027644230769230768 0.1141826923076923
0 0.5685096153846154 0.6430288461538461 0.025240384615384616 0.09975961538461539
0 0.5336538461538461 0.6418269230769231 0.027644230769230768 0.10817307692307693
0 0.5060096153846154 0.625 0.025240384615384616 0.09495192307692307
0 0.47475961538461536 0.6322115384615384 0.02403846153846154 0.10336538461538461
0 0.44471153846153844 0.6454326923076923 0.026442307692307692 0.10697115384615384
0 0.41225961538461536 0.6394230769230769 0.027644230769230768 0.10817307692307693
0 0.38221153846153844 0.6490384615384616 0.026442307692307692 0.109375
0 0.34975961538461536 0.6346153846153846 0.025240384615384616 0.10697115384615384
0 0.31850961538461536 0.6358173076923077 0.026442307692307692 0.1141826923076923
0 0.28846153846153844 0.640625 0.027644230769230768 0.1045673076923077
0 0.25600961538461536 0.6394230769230769 0.027644230769230768 0.1045673076923077
0 0.2283653846153846 0.6418269230769231 0.025240384615384616 0.10697115384615384
0 0.19951923076923078 0.6394230769230769 0.026442307692307692 0.109375
0 0.16947115384615385 0.6502403846153846 0.027644230769230768 0.10697115384615384
0 0.13701923076923078 0.6526442307692307 0.027644230769230768 0.10817307692307693
0 0.10817307692307693 0.6334134615384616 0.03125 0.0985576923076923
0 0.078125 0.6346153846153846 0.030048076923076924 0.11057692307692307
0 0.04807692307692308 0.6430288461538461 0.03125 0.11298076923076923
0 0.015625 0.6442307692307693 0.03125 0.109375
0 0.5360576923076923 0.8774038461538461 0.027644230769230768 0.10697115384615384
0 0.5036057692307693 0.8762019230769231 0.027644230769230768 0.11298076923076923
0 0.4723557692307692 0.875 0.027644230769230768 0.1045673076923077
0 0.44471153846153844 0.8774038461538461 0.025240384615384616 0.09735576923076923
0 0.41346153846153844 0.8858173076923077 0.027644230769230768 0.10096153846153846
0 0.38341346153846156 0.8870192307692307 0.030048076923076924 0.10697115384615384
0 0.3485576923076923 0.8858173076923077 0.027644230769230768 0.10576923076923077
0 0.31971153846153844 0.8858173076923077 0.026442307692307692 0.11298076923076923
0 0.28966346153846156 0.9074519230769231 0.030048076923076924 0.11658653846153846
0 0.25721153846153844 0.8786057692307693 0.027644230769230768 0.11298076923076923
0 0.22716346153846154 0.8942307692307693 0.03245192307692308 0.10576923076923077
0 0.1971153846153846 0.9002403846153846 0.025240384615384616 0.1045673076923077
0 0.16706730769230768 0.8954326923076923 0.028846153846153848 0.10336538461538461
0 0.13581730769230768 0.9194711538461539 0.028846153846153848 0.11057692307692307
0 0.10697115384615384 0.9086538461538461 0.030048076923076924 0.10697115384615384
0 0.078125 0.9002403846153846 0.028846153846153848 0.11057692307692307
0 0.042067307692307696 0.9098557692307693 0.037259615384615384 0.109375
0 0.013221153846153846 0.921875 0.026442307692307692 0.12259615384615384
0 0.3605769230769231 0.3942307692307692 0.025240384615384616 0.09134615384615384
0 0.3293269230769231 0.3942307692307692 0.02403846153846154 0.1045673076923077
0 0.3004807692307692 0.40024038461538464 0.027644230769230768 0.10817307692307693
0 0.27163461538461536 0.39903846153846156 0.025240384615384616 0.09975961538461539
0 0.23798076923076922 0.3858173076923077 0.027644230769230768 0.09615384615384616
0 0.2091346153846154 0.38341346153846156 0.027644230769230768 0.10336538461538461
0 0.17908653846153846 0.38341346153846156 0.027644230769230768 0.1045673076923077
0 0.1466346153846154 0.38461538461538464 0.036057692307692304 0.11658653846153846
0 0.11899038461538461 0.390625 0.026442307692307692 0.1045673076923077
0 0.08774038461538461 0.39903846153846156 0.027644230769230768 0.0985576923076923
0 0.05889423076923077 0.3870192307692308 0.03125 0.1045673076923077
0 0.009615384615384616 0.4026442307692308 0.019230769230769232 0.10576923076923077