0 0.4387019230769231 0.45552884615384615 0.036057692307692304 0.1466346153846154
0 0.3737980769230769 0.2692307692307692 0.03365384615384615 0.13581730769230768
0 0.3317307692307692 0.2620192307692308 0.03485576923076923 0.12379807692307693
0 0.4795673076923077 0.04807692307692308 0.08413461538461539 0.07211538461538461
0 0.2932692307692308 0.24879807692307693 0.03485576923076923 0.13581730769230768
0 0.2548076923076923 0.2536057692307692 0.03485576923076923 0.14302884615384615
0 0.2127403846153846 0.2644230769230769 0.040865384615384616 0.13701923076923078
0 0.17307692307692307 0.25721153846153844 0.037259615384615384 0.12379807692307693
0 0.1346153846153846 0.2644230769230769 0.03485576923076923 0.109375
0 0.09495192307692307 0.25600961538461536 0.038461538461538464 0.13221153846153846
0 0.056490384615384616 0.25 0.040865384615384616 0.14182692307692307
0 0.019230769230769232 0.25721153846153844 0.037259615384615384 0.12259615384615384
0 0.27283653846153844 0.5637019230769231 0.052884615384615384 0.140625
0 0.2283653846153846 0.5540865384615384 0.051682692307692304 0.15384615384615385
0 0.18990384615384615 0.5540865384615384 0.04807692307692308 0.1346153846153846
0 0.1502403846153846 0.5661057692307693 0.04807692307692308 0.13701923076923078
0 0.10817307692307693 0.5769230769230769 0.05048076923076923 0.12620192307692307
0 0.030048076923076924 0.5588942307692307 0.055288461538461536 0.13701923076923078
0 0.028846153846153848 0.8221153846153846 0.056490384615384616 0.1310096153846154
0 0.06971153846153846 0.8245192307692307 0.056490384615384616 0.13221153846153846
0 0.1201923076923077 0.8149038461538461 0.056490384615384616 0.13701923076923078
0 0.15264423076923078 0.8413461538461539 0.06129807692307692 0.13701923076923078
0 0.20673076923076922 0.8377403846153846 0.04927884615384615 0.12259615384615384
0 0.24879807692307693 0.8389423076923077 0.056490384615384616 0.12860576923076922
0 0.3004807692307692 0.8449519230769231 0.06129807692307692 0.140625
0 0.34615384615384615 0.8557692307692307 0.05048076923076923 0.11899038461538461
0 0.390625 0.8629807692307693 0.05889423076923077 0.14302884615384615
0 0.44471153846153844 0.8341346153846154 0.04927884615384615 0.13341346153846154
0 0.4855769230769231 0.8425480769230769 0.05048076923076923 0.12139423076923077
0 0.53125 0.8653846153846154 0.04567307692307692 0.13221153846153846
0 0.008413461538461538 0.5721153846153846 0.016826923076923076 0.1045673076923077