0 0.5516826923076923 0.7752403846153846 0.06009615384615385 0.052884615384615384
0 0.6213942307692307 0.7740384615384616 0.06370192307692307 0.054086538461538464
0 0.5552884615384616 0.7199519230769231 0.0625 0.051682692307692304
0 0.34134615384615385 0.6081730769230769 0.05889423076923077 0.056490384615384616
0 0.4110576923076923 0.6057692307692307 0.06129807692307692 0.052884615384615384
0 0.41346153846153844 0.5504807692307693 0.0625 0.051682692307692304
0 0.34375 0.5528846153846154 0.056490384615384616 0.052884615384615384
0 0.3449519230769231 0.4987980769230769 0.05889423076923077 0.054086538461538464
0 0.41225961538461536 0.49278846153846156 0.05889423076923077 0.056490384615384616
0 0.3449519230769231 0.4387019230769231 0.06370192307692307 0.052884615384615384
0 0.4098557692307692 0.4362980769230769 0.051682692307692304 0.05048076923076923
0 0.4098557692307692 0.3858173076923077 0.057692307692307696 0.05048076923076923
0 0.34615384615384615 0.3858173076923077 0.056490384615384616 0.046875
0 0.33653846153846156 0.7836538461538461 0.05889423076923077 0.05048076923076923
0 0.33653846153846156 0.7247596153846154 0.052884615384615384 0.04567307692307692
0 0.33774038461538464 0.6694711538461539 0.057692307692307696 0.051682692307692304
0 0.41225961538461536 0.6634615384615384 0.06370192307692307 0.05048076923076923
0 0.4074519230769231 0.7211538461538461 0.06009615384615385 0.04807692307692308
0 0.4110576923076923 0.7800480769230769 0.0625 0.056490384615384616
0 0.40865384615384615 0.8377403846153846 0.05889423076923077 0.05048076923076923
0 0.34134615384615385 0.8365384615384616 0.06370192307692307 0.04567307692307692
0 0.4098557692307692 0.8930288461538461 0.06129807692307692 0.054086538461538464
0 0.3401442307692308 0.8954326923076923 0.06009615384615385 0.051682692307692304
0 0.1971153846153846 0.7247596153846154 0.06490384615384616 0.046875
0 0.5564903846153846 0.6598557692307693 0.06370192307692307 0.051682692307692304
0 0.625 0.6622596153846154 0.06129807692307692 0.046875
0 0.5552884615384616 0.8365384615384616 0.06129807692307692 0.052884615384615384
0 0.6213942307692307 0.8329326923076923 0.06129807692307692 0.05048076923076923
0 0.6237980769230769 0.890625 0.06490384615384616 0.051682692307692304
0 0.5552884615384616 0.8942307692307693 0.06129807692307692 0.046875
0 0.6237980769230769 0.7163461538461539 0.054086538461538464 0.04807692307692308
0 0.3449519230769231 0.27163461538461536 0.06009615384615385 0.052884615384615384
0 0.3473557692307692 0.21995192307692307 0.057692307692307696 0.052884615384615384
0 0.41225961538461536 0.21514423076923078 0.06009615384615385 0.055288461538461536
0 0.5492788461538461 0.32091346153846156 0.056490384615384616 0.051682692307692304
0 0.6225961538461539 0.32211538461538464 0.05889423076923077 0.052884615384615384
0 0.6262019230769231 0.37740384615384615 0.06009615384615385 0.046875
0 0.6262019230769231 0.43149038461538464 0.05889423076923077 0.054086538461538464
0 0.6213942307692307 0.49038461538461536 0.056490384615384616 0.051682692307692304
0 0.6213942307692307 0.5480769230769231 0.057692307692307696 0.05048076923076923
0 0.6201923076923077 0.6033653846153846 0.06129807692307692 0.04807692307692308
0 0.5504807692307693 0.4891826923076923 0.06370192307692307 0.051682692307692304
0 0.7572115384615384 0.6045673076923077 0.06370192307692307 0.046875
0 0.7596153846153846 0.6658653846153846 0.06370192307692307 0.055288461538461536
0 0.7584134615384616 0.7235576923076923 0.06129807692307692 0.046875
0 0.7572115384615384 0.7716346153846154 0.0625 0.04807692307692308
0 0.5552884615384616 0.5504807692307693 0.055288461538461536 0.05048076923076923
0 0.5564903846153846 0.609375 0.06129807692307692 0.05048076923076923
0 0.4098557692307692 0.2704326923076923 0.055288461538461536 0.051682692307692304
0 0.4098557692307692 0.3269230769230769 0.06129807692307692 0.052884615384615384
0 0.34615384615384615 0.328125 0.06370192307692307 0.052884615384615384
0 0.22596153846153846 0.6213942307692307 0.028846153846153848 0.109375
0 0.19831730769230768 0.7836538461538461 0.06370192307692307 0.04807692307692308
0 0.20192307692307693 0.8413461538461539 0.0625 0.052884615384615384
0 0.20192307692307693 0.8954326923076923 0.06129807692307692 0.056490384615384616
0 0.3401442307692308 0.1658653846153846 0.056490384615384616 0.052884615384615384
0 0.4050480769230769 0.1622596153846154 0.057692307692307696 0.05048076923076923
0 0.5480769230769231 0.2127403846153846 0.051682692307692304 0.05048076923076923
0 0.5516826923076923 0.265625 0.0625 0.04807692307692308
0 0.5504807692307693 0.15745192307692307 0.05889423076923077 0.05048076923076923
0 0.6237980769230769 0.2668269230769231 0.06129807692307692 0.05048076923076923
0 0.625 0.21394230769230768 0.056490384615384616 0.05048076923076923
0 0.6177884615384616 0.15985576923076922 0.06370192307692307 0.052884615384615384
0 0.5504807692307693 0.10576923076923077 0.05889423076923077 0.054086538461538464
0 0.7512019230769231 0.328125 0.05889423076923077 0.04807692307692308
0 0.7572115384615384 0.38100961538461536 0.06129807692307692 0.051682692307692304
0 0.5456730769230769 0.3786057692307692 0.06129807692307692 0.055288461538461536
0 0.5504807692307693 0.4375 0.05889423076923077 0.046875
0 0.7584134615384616 0.8305288461538461 0.05889423076923077 0.054086538461538464
0 0.41225961538461536 0.10817307692307693 0.0625 0.05048076923076923
0 0.3485576923076923 0.109375 0.052884615384615384 0.056490384615384616
0 0.7572115384615384 0.8810096153846154 0.06490384615384616 0.046875
0 0.6201923076923077 0.10336538461538461 0.055288461538461536 0.054086538461538464
0 0.41346153846153844 0.052884615384615384 0.056490384615384616 0.054086538461538464
0 0.3473557692307692 0.054086538461538464 0.056490384615384616 0.054086538461538464
0 0.34615384615384615 0.014423076923076924 0.06009615384615385 0.027644230769230768
0 0.41225961538461536 0.013221153846153846 0.06009615384615385 0.026442307692307692
0 0.5528846153846154 0.05048076923076923 0.057692307692307696 0.04807692307692308
0 0.6213942307692307 0.046875 0.055288461538461536 0.04807692307692308
0 0.6213942307692307 0.010817307692307692 0.06129807692307692 0.021634615384615384
0 0.5516826923076923 0.010817307692307692 0.054086538461538464 0.021634615384615384
0 0.7463942307692307 0.015625 0.06370192307692307 0.030048076923076924
0 0.7475961538461539 0.06009615384615385 0.0625 0.051682692307692304
0 0.7463942307692307 0.109375 0.05889423076923077 0.051682692307692304
0 0.7536057692307693 0.16346153846153846 0.056490384615384616 0.051682692307692304
0 0.7524038461538461 0.21634615384615385 0.05889423076923077 0.05048076923076923
0 0.7512019230769231 0.2704326923076923 0.0625 0.051682692307692304
0 0.7548076923076923 0.43509615384615385 0.06009615384615385 0.051682692307692304
0 0.7536057692307693 0.4891826923076923 0.05889423076923077 0.04807692307692308
0 0.7572115384615384 0.5444711538461539 0.06610576923076923 0.051682692307692304
0 0.7572115384615384 0.9350961538461539 0.06129807692307692 0.051682692307692304
0 0.7572115384615384 0.9831730769230769 0.0625 0.028846153846153848
0 0.6237980769230769 0.9447115384615384 0.06370192307692307 0.04807692307692308
0 0.6237980769230769 0.9855769230769231 0.06129807692307692 0.02403846153846154
0 0.5528846153846154 0.9903846153846154 0.06129807692307692 0.015625
0 0.5552884615384616 0.9483173076923077 0.06129807692307692 0.051682692307692304
0 0.2247596153846154 0.4987980769230769 0.028846153846153848 0.10096153846153846
0 0.2247596153846154 0.375 0.03365384615384615 0.11658653846153846
0 0.22956730769230768 0.25721153846153844 0.03125 0.1045673076923077
0 0.23076923076923078 0.13701923076923078 0.027644230769230768 0.0889423076923077
0 0.2283653846153846 0.038461538461538464 0.030048076923076924 0.07692307692307693
0 0.20673076923076922 0.9543269230769231 0.0625 0.04807692307692308
0 0.21153846153846154 0.9915865384615384 0.05889423076923077 0.014423076923076924
0 0.3401442307692308 0.9903846153846154 0.05889423076923077 0.015625
0 0.41466346153846156 0.9915865384615384 0.06129807692307692 0.014423076923076924
0 0.4050480769230769 0.9483173076923077 0.06370192307692307 0.04807692307692308
0 0.3425480769230769 0.9519230769230769 0.05889423076923077 0.04567307692307692
0 0.47836538461538464 0.44591346153846156 0.025240384615384616 0.11899038461538461