0 0.6334134615384616 0.7800480769230769 0.03485576923076923 0.13341346153846154
0 0.59375 0.7788461538461539 0.03245192307692308 0.14182692307692307
0 0.5552884615384616 0.7836538461538461 0.038461538461538464 0.13341346153846154
0 0.515625 0.7740384615384616 0.036057692307692304 0.13942307692307693
0 0.3581730769230769 0.44711538461538464 0.08413461538461539 0.056490384615384616
0 0.47475961538461536 0.7848557692307693 0.03485576923076923 0.14302884615384615
0 0.5504807692307693 0.4519230769230769 0.07091346153846154 0.06009615384615385
0 0.17668269230769232 0.44711538461538464 0.078125 0.06610576923076923
0 0.1045673076923077 0.4411057692307692 0.07211538461538461 0.06009615384615385
0 0.4326923076923077 0.7752403846153846 0.03245192307692308 0.13581730769230768
0 0.3894230769230769 0.7620192307692307 0.03245192307692308 0.12379807692307693
0 0.34975961538461536 0.7764423076923077 0.03485576923076923 0.14182692307692307
0 0.30288461538461536 0.7788461538461539 0.037259615384615384 0.1310096153846154
0 0.30288461538461536 0.9266826923076923 0.040865384615384616 0.13942307692307693
0 0.6670673076923077 0.7740384615384616 0.03485576923076923 0.13701923076923078
0 0.7043269230769231 0.7956730769230769 0.03365384615384615 0.13341346153846154
0 0.7439903846153846 0.7752403846153846 0.036057692307692304 0.13942307692307693
0 0.7800480769230769 0.7788461538461539 0.03125 0.12740384615384615
0 0.8137019230769231 0.7860576923076923 0.03485576923076923 0.12620192307692307
0 0.859375 0.8040865384615384 0.04807692307692308 0.15865384615384615
0 0.8870192307692307 0.7848557692307693 0.03485576923076923 0.13221153846153846
0 0.9206730769230769 0.7848557692307693 0.037259615384615384 0.11778846153846154
0 0.9555288461538461 0.7860576923076923 0.038461538461538464 0.14423076923076922
0 0.9879807692307693 0.796875 0.02283653846153846 0.12860576923076922
0 0.9855769230769231 0.4879807692307692 0.027644230769230768 0.0625
0 0.46153846153846156 0.4495192307692308 0.07451923076923077 0.056490384615384616
0 0.6838942307692307 0.4723557692307692 0.07211538461538461 0.06370192307692307