0 0.9855769230769231 0.21153846153846154 0.027644230769230768 0.04326923076923077
0 0.8617788461538461 0.20673076923076922 0.04807692307692308 0.04447115384615385
0 0.8064903846153846 0.19951923076923078 0.04927884615384615 0.046875
0 0.5769230769230769 0.18028846153846154 0.051682692307692304 0.04447115384615385
0 0.484375 0.17548076923076922 0.04807692307692308 0.046875
0 0.4230769230769231 0.17067307692307693 0.052884615384615384 0.04567307692307692
0 0.35336538461538464 0.171875 0.055288461538461536 0.046875
0 0.23197115384615385 0.17548076923076922 0.055288461538461536 0.04326923076923077
0 0.1814903846153846 0.17548076923076922 0.052884615384615384 0.04447115384615385
0 0.31490384615384615 0.3954326923076923 0.02403846153846154 0.09014423076923077
0 0.3137019230769231 0.49399038461538464 0.025240384615384616 0.09975961538461539
0 0.3473557692307692 0.3918269230769231 0.026442307692307692 0.09495192307692307
0 0.3762019230769231 0.38100961538461536 0.021634615384615384 0.0829326923076923
0 0.40384615384615385 0.3858173076923077 0.025240384615384616 0.09254807692307693
0 0.4338942307692308 0.3942307692307692 0.02403846153846154 0.09615384615384616
0 0.46033653846153844 0.3894230769230769 0.02283653846153846 0.09735576923076923
0 0.4879807692307692 0.3954326923076923 0.025240384615384616 0.09615384615384616
0 0.5132211538461539 0.39302884615384615 0.02283653846153846 0.09495192307692307
0 0.5420673076923077 0.39302884615384615 0.02403846153846154 0.09014423076923077
0 0.5673076923076923 0.390625 0.02283653846153846 0.09254807692307693
0 0.59375 0.4050480769230769 0.021634615384615384 0.09254807692307693
0 0.6213942307692307 0.39302884615384615 0.02403846153846154 0.09014423076923077
0 0.6490384615384616 0.3954326923076923 0.02283653846153846 0.09014423076923077
0 0.6730769230769231 0.4026442307692308 0.02283653846153846 0.09254807692307693
0 0.703125 0.41225961538461536 0.028846153846153848 0.10336538461538461
0 0.7259615384615384 0.40384615384615385 0.021634615384615384 0.09134615384615384
0 0.75 0.40384615384615385 0.020432692307692308 0.08413461538461539
0 0.7740384615384616 0.4026442307692308 0.02403846153846154 0.0985576923076923
0 0.8028846153846154 0.4170673076923077 0.02403846153846154 0.09495192307692307
0 0.8245192307692307 0.40384615384615385 0.02283653846153846 0.0829326923076923
0 0.8497596153846154 0.4050480769230769 0.02283653846153846 0.0829326923076923
0 0.8737980769230769 0.4074519230769231 0.02283653846153846 0.055288461538461536
0 0.8990384615384616 0.4074519230769231 0.02403846153846154 0.08052884615384616
0 0.9230769230769231 0.41346153846153844 0.025240384615384616 0.07932692307692307
0 0.9471153846153846 0.4098557692307692 0.025240384615384616 0.09254807692307693
0 0.9723557692307693 0.41225961538461536 0.025240384615384616 0.08774038461538461
0 0.9915865384615384 0.41947115384615385 0.015625 0.06971153846153846
0 0.9831730769230769 0.6165865384615384 0.03245192307692308 0.08413461538461539
0 0.9338942307692307 0.6069711538461539 0.036057692307692304 0.0889423076923077
0 0.9098557692307693 0.609375 0.03245192307692308 0.0829326923076923
0 0.8112980769230769 0.6057692307692307 0.027644230769230768 0.0889423076923077
0 0.7836538461538461 0.5973557692307693 0.03245192307692308 0.09014423076923077
0 0.7331730769230769 0.6009615384615384 0.03125 0.0889423076923077
0 0.6033653846153846 0.5997596153846154 0.03245192307692308 0.09014423076923077
0 0.5721153846153846 0.5949519230769231 0.03245192307692308 0.09014423076923077
0 0.5480769230769231 0.5973557692307693 0.030048076923076924 0.09254807692307693
0 0.5216346153846154 0.5961538461538461 0.03125 0.09254807692307693
0 0.4098557692307692 0.5913461538461539 0.027644230769230768 0.08413461538461539
0 0.38341346153846156 0.5997596153846154 0.030048076923076924 0.09254807692307693
0 0.3557692307692308 0.5889423076923077 0.02403846153846154 0.078125
0 0.9855769230769231 0.7704326923076923 0.026442307692307692 0.08653846153846154
0 0.9615384615384616 0.7776442307692307 0.038461538461538464 0.09014423076923077
0 0.9326923076923077 0.7788461538461539 0.042067307692307696 0.0889423076923077
0 0.8737980769230769 0.7764423076923077 0.037259615384615384 0.08413461538461539
0 0.8521634615384616 0.7704326923076923 0.039663461538461536 0.09134615384615384
0 0.703125 0.7776442307692307 0.037259615384615384 0.08413461538461539
0 0.640625 0.7764423076923077 0.038461538461538464 0.09615384615384616
0 0.6117788461538461 0.7788461538461539 0.036057692307692304 0.08653846153846154
0 0.5192307692307693 0.7776442307692307 0.037259615384615384 0.1045673076923077
0 0.4855769230769231 0.7884615384615384 0.03125 0.0985576923076923
0 0.4567307692307692 0.7824519230769231 0.03245192307692308 0.08774038461538461
0 0.4230769230769231 0.7848557692307693 0.036057692307692304 0.09134615384615384
0 0.36538461538461536 0.7800480769230769 0.036057692307692304 0.08774038461538461
0 0.33533653846153844 0.7716346153846154 0.03245192307692308 0.10096153846153846
0 0.30528846153846156 0.7764423076923077 0.03245192307692308 0.08774038461538461
0 0.2776442307692308 0.7716346153846154 0.03485576923076923 0.09615384615384616
0 0.2512019230769231 0.7584134615384616 0.03365384615384615 0.0889423076923077