0 0.49399038461538464 0.7439903846153846 0.040865384615384616 0.1778846153846154
0 0.44711538461538464 0.7427884615384616 0.040865384615384616 0.17307692307692307
0 0.40024038461538464 0.734375 0.042067307692307696 0.16706730769230768
0 0.5973557692307693 0.7439903846153846 0.038461538461538464 0.1622596153846154
0 0.6995192307692307 0.7391826923076923 0.039663461538461536 0.14423076923076922
0 0.3449519230769231 0.7223557692307693 0.04447115384615385 0.15865384615384615
0 0.2980769230769231 0.7127403846153846 0.04447115384615385 0.15985576923076922
0 0.2512019230769231 0.7019230769230769 0.04567307692307692 0.16105769230769232
0 0.203125 0.6995192307692307 0.04567307692307692 0.16706730769230768
0 0.4110576923076923 0.23076923076923078 0.039663461538461536 0.14903846153846154
0 0.3629807692307692 0.24639423076923078 0.046875 0.1778846153846154
0 0.2668269230769231 0.24158653846153846 0.046875 0.16346153846153846
0 0.21754807692307693 0.2536057692307692 0.05048076923076923 0.16826923076923078
0 0.1658653846153846 0.23317307692307693 0.055288461538461536 0.16346153846153846
0 0.5456730769230769 0.7463942307692307 0.042067307692307696 0.18509615384615385
0 0.6514423076923077 0.7596153846153846 0.042067307692307696 0.17668269230769232
0 0.7463942307692307 0.7475961538461539 0.04326923076923077 0.18028846153846154
0 0.7956730769230769 0.7391826923076923 0.04326923076923077 0.15745192307692307
0 0.8870192307692307 0.7391826923076923 0.04807692307692308 0.16105769230769232
0 0.9302884615384616 0.75 0.04807692307692308 0.16826923076923078
0 0.9783653846153846 0.7487980769230769 0.042067307692307696 0.16947115384615385
0 0.9795673076923077 0.30528846153846156 0.038461538461538464 0.16826923076923078
0 0.9387019230769231 0.29086538461538464 0.04567307692307692 0.17067307692307693
0 0.8918269230769231 0.27884615384615385 0.04567307692307692 0.171875
0 0.7512019230769231 0.2608173076923077 0.040865384615384616 0.14903846153846154
0 0.7043269230769231 0.265625 0.039663461538461536 0.15865384615384615
0 0.6514423076923077 0.2620192307692308 0.042067307692307696 0.16706730769230768
0 0.6033653846153846 0.2439903846153846 0.042067307692307696 0.17307692307692307
0 0.5084134615384616 0.24158653846153846 0.042067307692307696 0.15384615384615385
0 0.12379807692307693 0.2127403846153846 0.046875 0.16346153846153846
0 0.07451923076923077 0.19471153846153846 0.05048076923076923 0.17067307692307693
0 0.025240384615384616 0.2091346153846154 0.04807692307692308 0.1658653846153846
0 0.15264423076923078 0.6959134615384616 0.051682692307692304 0.1778846153846154
0 0.10576923076923077 0.7043269230769231 0.04567307692307692 0.15384615384615385
0 0.05889423076923077 0.6971153846153846 0.052884615384615384 0.17548076923076922
0 0.016826923076923076 0.7115384615384616 0.03365384615384615 0.1778846153846154