0 0.46634615384615385 0.6141826923076923 0.06129807692307692 0.051682692307692304
0 0.5396634615384616 0.6189903846153846 0.06129807692307692 0.046875
0 0.5420673076923077 0.5600961538461539 0.06129807692307692 0.051682692307692304
0 0.4675480769230769 0.5588942307692307 0.05889423076923077 0.04567307692307692
0 0.5432692307692307 0.5024038461538461 0.0625 0.05048076923076923
0 0.4675480769230769 0.5072115384615384 0.057692307692307696 0.04567307692307692
0 0.5456730769230769 0.44711538461538464 0.0625 0.05048076923076923
0 0.546875 0.390625 0.054086538461538464 0.046875
0 0.4675480769230769 0.4495192307692308 0.05889423076923077 0.04807692307692308
0 0.47475961538461536 0.6730769230769231 0.06009615384615385 0.04807692307692308
0 0.5444711538461539 0.6730769230769231 0.056490384615384616 0.046875
0 0.5420673076923077 0.7295673076923077 0.056490384615384616 0.04447115384615385
0 0.46033653846153844 0.7307692307692307 0.05889423076923077 0.051682692307692304
0 0.5384615384615384 0.7872596153846154 0.06610576923076923 0.052884615384615384
0 0.5372596153846154 0.8449519230769231 0.06009615384615385 0.051682692307692304
0 0.4699519230769231 0.8485576923076923 0.06009615384615385 0.04807692307692308
0 0.4675480769230769 0.7872596153846154 0.05889423076923077 0.051682692307692304
0 0.46634615384615385 0.9014423076923077 0.06009615384615385 0.051682692307692304
0 0.5348557692307693 0.8954326923076923 0.06490384615384616 0.04807692307692308
0 0.5372596153846154 0.9519230769230769 0.056490384615384616 0.052884615384615384
0 0.5408653846153846 0.9903846153846154 0.052884615384615384 0.016826923076923076
0 0.4651442307692308 0.9555288461538461 0.055288461538461536 0.04807692307692308
0 0.46634615384615385 0.9903846153846154 0.056490384615384616 0.016826923076923076
0 0.31971153846153844 0.9903846153846154 0.06009615384615385 0.016826923076923076
0 0.32211538461538464 0.9519230769230769 0.06610576923076923 0.052884615384615384
0 0.32211538461538464 0.8990384615384616 0.05889423076923077 0.05048076923076923
0 0.328125 0.8401442307692307 0.052884615384615384 0.04807692307692308
0 0.3269230769230769 0.7884615384615384 0.06370192307692307 0.05048076923076923
0 0.3173076923076923 0.7283653846153846 0.06009615384615385 0.04567307692307692
0 0.3269230769230769 0.6766826923076923 0.05889423076923077 0.046875
0 0.32211538461538464 0.44471153846153844 0.06009615384615385 0.04326923076923077
0 0.3245192307692308 0.390625 0.06370192307692307 0.046875
0 0.32572115384615385 0.3317307692307692 0.06009615384615385 0.04807692307692308
0 0.31971153846153844 0.2800480769230769 0.05889423076923077 0.054086538461538464
0 0.3137019230769231 0.21995192307692307 0.054086538461538464 0.055288461538461536
0 0.32572115384615385 0.16706730769230768 0.055288461538461536 0.04807692307692308
0 0.3293269230769231 0.11538461538461539 0.05048076923076923 0.054086538461538464
0 0.33413461538461536 0.06009615384615385 0.055288461538461536 0.04807692307692308
0 0.3317307692307692 0.016826923076923076 0.0625 0.03365384615384615
0 0.4723557692307692 0.018028846153846152 0.06129807692307692 0.036057692307692304
0 0.5408653846153846 0.020432692307692308 0.056490384615384616 0.040865384615384616
0 0.47716346153846156 0.06370192307692307 0.056490384615384616 0.04807692307692308
0 0.4675480769230769 0.11899038461538461 0.054086538461538464 0.052884615384615384
0 0.47115384615384615 0.171875 0.056490384615384616 0.05048076923076923
0 0.546875 0.33653846153846156 0.056490384615384616 0.05048076923076923
0 0.17427884615384615 0.040865384615384616 0.0625 0.052884615384615384
0 0.18028846153846154 0.09495192307692307 0.05889423076923077 0.05048076923076923
0 0.17307692307692307 0.1466346153846154 0.06129807692307692 0.046875
0 0.17067307692307693 0.203125 0.06129807692307692 0.052884615384615384
0 0.16826923076923078 0.25841346153846156 0.06129807692307692 0.05048076923076923
0 0.17548076923076922 0.3112980769230769 0.0625 0.05048076923076923
0 0.17668269230769232 0.36658653846153844 0.06490384615384616 0.054086538461538464
0 0.17908653846153846 0.41947115384615385 0.06370192307692307 0.04807692307692308
0 0.1814903846153846 0.47596153846153844 0.06490384615384616 0.05048076923076923
0 0.1814903846153846 0.5336538461538461 0.06129807692307692 0.04807692307692308
0 0.18629807692307693 0.5889423076923077 0.05889423076923077 0.04567307692307692
0 0.18509615384615385 0.6466346153846154 0.0625 0.04567307692307692
0 0.18269230769230768 0.7043269230769231 0.06009615384615385 0.04567307692307692
0 0.6826923076923077 0.9615384615384616 0.056490384615384616 0.046875
0 0.6778846153846154 0.9074519230769231 0.055288461538461536 0.046875
0 0.7512019230769231 0.9038461538461539 0.06490384615384616 0.055288461538461536
0 0.7463942307692307 0.9579326923076923 0.046875 0.04567307692307692
0 0.7536057692307693 0.9915865384615384 0.052884615384615384 0.014423076923076924
0 0.9038461538461539 0.9879807692307693 0.057692307692307696 0.020432692307692308
0 0.9026442307692307 0.9519230769230769 0.06370192307692307 0.05048076923076923
0 0.8978365384615384 0.8954326923076923 0.0625 0.05048076923076923
0 0.75 0.8509615384615384 0.06129807692307692 0.05048076923076923
0 0.6814903846153846 0.8533653846153846 0.05048076923076923 0.04567307692307692
0 0.6814903846153846 0.7944711538461539 0.056490384615384616 0.04567307692307692
0 0.7451923076923077 0.7908653846153846 0.055288461538461536 0.04567307692307692
0 0.8942307692307693 0.8401442307692307 0.05048076923076923 0.04807692307692308
0 0.890625 0.7788461538461539 0.05889423076923077 0.04567307692307692
0 0.8882211538461539 0.7307692307692307 0.056490384615384616 0.04567307692307692
0 0.890625 0.6790865384615384 0.06610576923076923 0.051682692307692304
0 0.6826923076923077 0.7403846153846154 0.06129807692307692 0.04807692307692308
0 0.7475961538461539 0.7355769230769231 0.06129807692307692 0.04807692307692308
0 0.7536057692307693 0.6814903846153846 0.0625 0.04447115384615385
0 0.6814903846153846 0.6838942307692307 0.0625 0.046875
0 0.7512019230769231 0.6262019230769231 0.055288461538461536 0.046875
0 0.6875 0.6310096153846154 0.0625 0.046875
0 0.6838942307692307 0.5721153846153846 0.05048076923076923 0.04447115384615385
0 0.7512019230769231 0.5709134615384616 0.055288461538461536 0.05048076923076923
0 0.8990384615384616 0.625 0.06129807692307692 0.04807692307692308
0 0.8990384615384616 0.5661057692307693 0.05889423076923077 0.04447115384615385
0 0.8966346153846154 0.5120192307692307 0.04567307692307692 0.046875
0 0.9002403846153846 0.46274038461538464 0.057692307692307696 0.046875
0 0.8894230769230769 0.3629807692307692 0.057692307692307696 0.05048076923076923
0 0.8918269230769231 0.30649038461538464 0.054086538461538464 0.04807692307692308
0 0.8870192307692307 0.2512019230769231 0.05889423076923077 0.04807692307692308
0 0.8882211538461539 0.1971153846153846 0.06370192307692307 0.051682692307692304
0 0.890625 0.14543269230769232 0.06490384615384616 0.05048076923076923
0 0.8846153846153846 0.09495192307692307 0.054086538461538464 0.05048076923076923
0 0.8918269230769231 0.038461538461538464 0.06490384615384616 0.051682692307692304
0 0.7584134615384616 0.08413461538461539 0.051682692307692304 0.04807692307692308
0 0.7548076923076923 0.13581730769230768 0.051682692307692304 0.051682692307692304
0 0.7512019230769231 0.18990384615384615 0.056490384615384616 0.052884615384615384
0 0.7536057692307693 0.24278846153846154 0.054086538461538464 0.04807692307692308
0 0.7584134615384616 0.2956730769230769 0.055288461538461536 0.05048076923076923
0 0.7560096153846154 0.3485576923076923 0.057692307692307696 0.051682692307692304
0 0.7572115384615384 0.4074519230769231 0.06129807692307692 0.04807692307692308
0 0.7475961538461539 0.46274038461538464 0.06129807692307692 0.051682692307692304
0 0.7512019230769231 0.5144230769230769 0.04807692307692308 0.04447115384615385
0 0.6838942307692307 0.0829326923076923 0.06129807692307692 0.051682692307692304
0 0.6899038461538461 0.13581730769230768 0.05889423076923077 0.05048076923076923
0 0.6911057692307693 0.18509615384615385 0.06129807692307692 0.046875
0 0.6899038461538461 0.2403846153846154 0.06009615384615385 0.05048076923076923
0 0.6862980769230769 0.2932692307692308 0.05889423076923077 0.051682692307692304
0 0.6838942307692307 0.3449519230769231 0.05889423076923077 0.04807692307692308
0 0.6850961538461539 0.4014423076923077 0.057692307692307696 0.051682692307692304
0 0.6850961538461539 0.46153846153846156 0.057692307692307696 0.05048076923076923
0 0.6875 0.5180288461538461 0.06129807692307692 0.04807692307692308