0 0.39302884615384615 0.43990384615384615 0.030048076923076924 0.12139423076923077
0 0.42788461538461536 0.43149038461538464 0.027644230769230768 0.1141826923076923
0 0.46153846153846156 0.4375 0.030048076923076924 0.11778846153846154
0 0.3737980769230769 0.5444711538461539 0.06129807692307692 0.05048076923076923
0 0.49399038461538464 0.43509615384615385 0.03125 0.10096153846153846
0 0.5252403846153846 0.4362980769230769 0.028846153846153848 0.1141826923076923
0 0.5588942307692307 0.4266826923076923 0.028846153846153848 0.11057692307692307
0 0.5889423076923077 0.42788461538461536 0.030048076923076924 0.10817307692307693
0 0.6213942307692307 0.4266826923076923 0.027644230769230768 0.10576923076923077
0 0.6550480769230769 0.4338942307692308 0.028846153846153848 0.11057692307692307
0 0.6862980769230769 0.4338942307692308 0.030048076923076924 0.10576923076923077
0 0.7175480769230769 0.42908653846153844 0.028846153846153848 0.11057692307692307
0 0.7475961538461539 0.43028846153846156 0.030048076923076924 0.11057692307692307
0 0.7764423076923077 0.43149038461538464 0.027644230769230768 0.10576923076923077
0 0.8052884615384616 0.4206730769230769 0.03125 0.1141826923076923
0 0.8341346153846154 0.4266826923076923 0.028846153846153848 0.10096153846153846
0 0.8653846153846154 0.42788461538461536 0.03245192307692308 0.09495192307692307
0 0.8954326923076923 0.42788461538461536 0.026442307692307692 0.10576923076923077
0 0.921875 0.41586538461538464 0.026442307692307692 0.10336538461538461
0 0.9495192307692307 0.41225961538461536 0.030048076923076924 0.0985576923076923
0 0.9771634615384616 0.4050480769230769 0.027644230769230768 0.10336538461538461
0 0.9951923076923077 0.4098557692307692 0.007211538461538462 0.10336538461538461
0 0.9927884615384616 0.296875 0.01201923076923077 0.09735576923076923
0 0.9747596153846154 0.296875 0.03245192307692308 0.10336538461538461
0 0.9447115384615384 0.2980769230769231 0.030048076923076924 0.0985576923076923
0 0.9158653846153846 0.2956730769230769 0.03245192307692308 0.09975961538461539
0 0.8605769230769231 0.30408653846153844 0.028846153846153848 0.09975961538461539
0 0.8894230769230769 0.30288461538461536 0.030048076923076924 0.09735576923076923
0 0.8317307692307693 0.2980769230769231 0.028846153846153848 0.1045673076923077
0 0.8028846153846154 0.2980769230769231 0.028846153846153848 0.109375
0 0.7728365384615384 0.2920673076923077 0.028846153846153848 0.09254807692307693
0 0.7439903846153846 0.3004807692307692 0.028846153846153848 0.1141826923076923
0 0.7127403846153846 0.2980769230769231 0.030048076923076924 0.1045673076923077
0 0.6802884615384616 0.2920673076923077 0.03245192307692308 0.10817307692307693
0 0.6490384615384616 0.2980769230769231 0.03125 0.10576923076923077
0 0.6189903846153846 0.3004807692307692 0.03245192307692308 0.11298076923076923
0 0.5841346153846154 0.3088942307692308 0.027644230769230768 0.10336538461538461
0 0.5528846153846154 0.3088942307692308 0.026442307692307692 0.109375
0 0.5240384615384616 0.3112980769230769 0.03125 0.11658653846153846
0 0.49038461538461536 0.3125 0.030048076923076924 0.1141826923076923
0 0.4567307692307692 0.30649038461538464 0.025240384615384616 0.11298076923076923
0 0.42427884615384615 0.3125 0.030048076923076924 0.1141826923076923
0 0.390625 0.3137019230769231 0.026442307692307692 0.109375
0 0.35697115384615385 0.3137019230769231 0.027644230769230768 0.11057692307692307
0 0.32211538461538464 0.3137019230769231 0.027644230769230768 0.109375
0 0.2920673076923077 0.31850961538461536 0.03245192307692308 0.109375
0 0.25961538461538464 0.3245192307692308 0.027644230769230768 0.1141826923076923
0 0.22596153846153846 0.328125 0.030048076923076924 0.11057692307692307
0 0.19471153846153846 0.328125 0.03125 0.11538461538461539
0 0.16346153846153846 0.33052884615384615 0.03245192307692308 0.11057692307692307
0 0.12980769230769232 0.33052884615384615 0.03245192307692308 0.109375
0 0.09495192307692307 0.33052884615384615 0.03245192307692308 0.11298076923076923
0 0.06370192307692307 0.3389423076923077 0.03245192307692308 0.1141826923076923
0 0.03125 0.33052884615384615 0.03245192307692308 0.09134615384615384
0 0.008413461538461538 0.33052884615384615 0.016826923076923076 0.10817307692307693
0 0.3605769230769231 0.4387019230769231 0.027644230769230768 0.11658653846153846
0 0.328125 0.43990384615384615 0.028846153846153848 0.10096153846153846
0 0.29447115384615385 0.4411057692307692 0.030048076923076924 0.109375
0 0.26322115384615385 0.44711538461538464 0.03245192307692308 0.10096153846153846
0 0.2283653846153846 0.44711538461538464 0.030048076923076924 0.10817307692307693
0 0.1971153846153846 0.4519230769230769 0.03125 0.11538461538461539
0 0.16466346153846154 0.453125 0.03365384615384615 0.1141826923076923
0 0.13221153846153846 0.46274038461538464 0.03245192307692308 0.11538461538461539
0 0.09975961538461539 0.45552884615384615 0.03365384615384615 0.11778846153846154
0 0.06850961538461539 0.46274038461538464 0.030048076923076924 0.10336538461538461
0 0.03485576923076923 0.45913461538461536 0.03485576923076923 0.10096153846153846
0 0.009615384615384616 0.4639423076923077 0.019230769230769232 0.109375
0 0.9807692307692307 0.6514423076923077 0.03245192307692308 0.08774038461538461
0 0.9519230769230769 0.6490384615384616 0.028846153846153848 0.08774038461538461
0 0.9230769230769231 0.6514423076923077 0.03125 0.11057692307692307
0 0.8966346153846154 0.6550480769230769 0.03245192307692308 0.10817307692307693
0 0.8677884615384616 0.6574519230769231 0.030048076923076924 0.1045673076923077
0 0.8377403846153846 0.6622596153846154 0.030048076923076924 0.1141826923076923
0 0.8064903846153846 0.6682692307692307 0.027644230769230768 0.09975961538461539
0 0.7788461538461539 0.6682692307692307 0.027644230769230768 0.11057692307692307
0 0.7487980769230769 0.6610576923076923 0.030048076923076924 0.10697115384615384
0 0.7175480769230769 0.6670673076923077 0.028846153846153848 0.11057692307692307
0 0.6887019230769231 0.6754807692307693 0.028846153846153848 0.10576923076923077
0 0.6574519230769231 0.6706730769230769 0.030048076923076924 0.11057692307692307
0 0.6262019230769231 0.6766826923076923 0.027644230769230768 0.109375
0 0.5961538461538461 0.6802884615384616 0.028846153846153848 0.11538461538461539
0 0.5637019230769231 0.6838942307692307 0.030048076923076924 0.10817307692307693
0 0.5288461538461539 0.6862980769230769 0.030048076923076924 0.11057692307692307
0 0.4951923076923077 0.6899038461538461 0.030048076923076924 0.1141826923076923
0 0.4651442307692308 0.6862980769230769 0.027644230769230768 0.10817307692307693
0 0.43149038461538464 0.6887019230769231 0.028846153846153848 0.10697115384615384
0 0.40024038461538464 0.6911057692307693 0.030048076923076924 0.11658653846153846
0 0.36778846153846156 0.6911057692307693 0.027644230769230768 0.11298076923076923
0 0.33413461538461536 0.6959134615384616 0.030048076923076924 0.11538461538461539
0 0.3016826923076923 0.703125 0.028846153846153848 0.09615384615384616
0 0.2692307692307692 0.6971153846153846 0.030048076923076924 0.11298076923076923
0 0.23798076923076922 0.7043269230769231 0.030048076923076924 0.1141826923076923
0 0.20432692307692307 0.7043269230769231 0.03245192307692308 0.11298076923076923
0 0.17307692307692307 0.7079326923076923 0.03125 0.11057692307692307
0 0.13942307692307693 0.7055288461538461 0.028846153846153848 0.11057692307692307
0 0.11057692307692307 0.6983173076923077 0.03245192307692308 0.11057692307692307
0 0.07572115384615384 0.7115384615384616 0.03245192307692308 0.11658653846153846
0 0.042067307692307696 0.7139423076923077 0.03485576923076923 0.109375
0 0.013221153846153846 0.7139423076923077 0.026442307692307692 0.1201923076923077
0 0.09375 0.0829326923076923 0.030048076923076924 0.109375
0 0.12620192307692307 0.004807692307692308 0.03125 0.009615384615384616
0 0.12379807692307693 0.07091346153846154 0.03365384615384615 0.1045673076923077
0 0.15985576923076922 0.07091346153846154 0.03125 0.10817307692307693
0 0.19110576923076922 0.06129807692307692 0.030048076923076924 0.10817307692307693
0 0.2247596153846154 0.06971153846153846 0.028846153846153848 0.11538461538461539
0 0.25600961538461536 0.06850961538461539 0.030048076923076924 0.11899038461538461
0 0.28725961538461536 0.06850961538461539 0.027644230769230768 0.109375
0 0.31850961538461536 0.06129807692307692 0.027644230769230768 0.10697115384615384
0 0.35336538461538464 0.054086538461538464 0.030048076923076924 0.10817307692307693
0 0.3870192307692308 0.056490384615384616 0.027644230769230768 0.11298076923076923
0 0.4182692307692308 0.055288461538461536 0.025240384615384616 0.109375
0 0.4495192307692308 0.055288461538461536 0.028846153846153848 0.11057692307692307
0 0.484375 0.052884615384615384 0.03125 0.10576923076923077
0 0.5180288461538461 0.06129807692307692 0.03125 0.12259615384615384
0 0.5480769230769231 0.056490384615384616 0.028846153846153848 0.11298076923076923
0 0.5793269230769231 0.056490384615384616 0.027644230769230768 0.11298076923076923
0 0.6105769230769231 0.056490384615384616 0.03245192307692308 0.10697115384615384
0 0.6442307692307693 0.052884615384615384 0.027644230769230768 0.09615384615384616
0 0.671875 0.054086538461538464 0.027644230769230768 0.10336538461538461
0 0.703125 0.055288461538461536 0.030048076923076924 0.109375
0 0.7331730769230769 0.04927884615384615 0.028846153846153848 0.0985576923076923
0 0.7668269230769231 0.054086538461538464 0.03365384615384615 0.10697115384615384
0 0.796875 0.04927884615384615 0.026442307692307692 0.0985576923076923
0 0.8233173076923077 0.055288461538461536 0.030048076923076924 0.11057692307692307
0 0.8533653846153846 0.06129807692307692 0.028846153846153848 0.10576923076923077
0 0.8834134615384616 0.05889423076923077 0.027644230769230768 0.109375
0 0.9134615384615384 0.054086538461538464 0.03365384615384615 0.10817307692307693
0 0.9447115384615384 0.05889423076923077 0.030048076923076924 0.10576923076923077
0 0.9735576923076923 0.056490384615384616 0.027644230769230768 0.10336538461538461
0 0.9927884615384616 0.04927884615384615 0.009615384615384616 0.0985576923076923