0 0.5913461538461539 0.24639423076923078 0.030048076923076924 0.11778846153846154
0 0.5901442307692307 0.37740384615384615 0.028846153846153848 0.11298076923076923
0 0.5841346153846154 0.5600961538461539 0.03245192307692308 0.10576923076923077
0 0.5793269230769231 0.6971153846153846 0.027644230769230768 0.0889423076923077
0 0.5829326923076923 0.8028846153846154 0.030048076923076924 0.10697115384615384
0 0.43149038461538464 0.5637019230769231 0.06129807692307692 0.055288461538461536
0 0.4411057692307692 0.6274038461538461 0.06009615384615385 0.04807692307692308
0 0.4411057692307692 0.6838942307692307 0.0625 0.051682692307692304
0 0.4338942307692308 0.7403846153846154 0.05889423076923077 0.046875
0 0.42908653846153844 0.7944711538461539 0.056490384615384616 0.051682692307692304
0 0.42427884615384615 0.8497596153846154 0.05889423076923077 0.056490384615384616
0 0.42788461538461536 0.9074519230769231 0.056490384615384616 0.052884615384615384
0 0.4387019230769231 0.9615384615384616 0.046875 0.046875
0 0.36538461538461536 0.49038461538461536 0.05889423076923077 0.052884615384615384
0 0.2764423076923077 0.2860576923076923 0.06370192307692307 0.055288461538461536
0 0.19110576923076922 0.33653846153846156 0.05889423076923077 0.0625
0 0.1935096153846154 0.39663461538461536 0.0625 0.06850961538461539
0 0.1875 0.45913461538461536 0.057692307692307696 0.07451923076923077
0 0.17908653846153846 0.5168269230769231 0.0625 0.07451923076923077
0 0.18028846153846154 0.5877403846153846 0.06009615384615385 0.07692307692307693
0 0.17668269230769232 0.6502403846153846 0.06370192307692307 0.07091346153846154
0 0.17908653846153846 0.7151442307692307 0.05889423076923077 0.06370192307692307
0 0.18028846153846154 0.7740384615384616 0.06370192307692307 0.07211538461538461
0 0.17427884615384615 0.8377403846153846 0.06490384615384616 0.06971153846153846
0 0.1778846153846154 0.9086538461538461 0.06129807692307692 0.06971153846153846
0 0.17067307692307693 0.9627403846153846 0.05889423076923077 0.06850961538461539
0 0.3088942307692308 0.6141826923076923 0.056490384615384616 0.06490384615384616
0 0.3088942307692308 0.6802884615384616 0.056490384615384616 0.056490384615384616
0 0.27524038461538464 0.7439903846153846 0.06129807692307692 0.052884615384615384
0 0.3004807692307692 0.7980769230769231 0.057692307692307696 0.0625
0 0.2980769230769231 0.9567307692307693 0.056490384615384616 0.06129807692307692