0 0.5865384615384616 0.8762019230769231 0.09014423076923077 0.06971153846153846
0 0.5913461538461539 0.8004807692307693 0.09014423076923077 0.08052884615384616
0 0.5877403846153846 0.7223557692307693 0.08774038461538461 0.07211538461538461
0 0.6826923076923077 0.6658653846153846 0.07932692307692307 0.07091346153846154
0 0.6754807692307693 0.5865384615384616 0.08173076923076923 0.07211538461538461
0 0.5817307692307693 0.6454326923076923 0.09014423076923077 0.07451923076923077
0 0.3786057692307692 0.8641826923076923 0.09735576923076923 0.08052884615384616
0 0.38461538461538464 0.7836538461538461 0.08653846153846154 0.06850961538461539
0 0.28725961538461536 0.6622596153846154 0.08653846153846154 0.078125
0 0.2956730769230769 0.7391826923076923 0.09254807692307693 0.07451923076923077
0 0.11057692307692307 0.7644230769230769 0.09254807692307693 0.078125
0 0.10817307692307693 0.8329326923076923 0.09615384615384616 0.07091346153846154
0 0.38100961538461536 0.6286057692307693 0.09014423076923077 0.07211538461538461
0 0.38461538461538464 0.7067307692307693 0.07091346153846154 0.07091346153846154
0 0.3737980769230769 0.47836538461538464 0.08533653846153846 0.08413461538461539
0 0.3786057692307692 0.5504807692307693 0.09014423076923077 0.0733173076923077
0 0.3701923076923077 0.3269230769230769 0.08774038461538461 0.0733173076923077
0 0.3762019230769231 0.4014423076923077 0.08774038461538461 0.0733173076923077
0 0.2824519230769231 0.5012019230769231 0.08052884615384616 0.08173076923076923
0 0.5721153846153846 0.5625 0.08774038461538461 0.07091346153846154
0 0.5697115384615384 0.48197115384615385 0.08653846153846154 0.07932692307692307
0 0.10576923076923077 0.6802884615384616 0.08173076923076923 0.07091346153846154
0 0.10336538461538461 0.6057692307692307 0.09495192307692307 0.0733173076923077
0 0.10096153846153846 0.4567307692307692 0.08653846153846154 0.07932692307692307
0 0.0985576923076923 0.3786057692307692 0.09014423076923077 0.07451923076923077
0 0.09735576923076923 0.23918269230769232 0.09495192307692307 0.07451923076923077
0 0.09495192307692307 0.16706730769230768 0.08774038461538461 0.078125
0 0.2776442307692308 0.3629807692307692 0.0829326923076923 0.08052884615384616
0 0.6923076923076923 0.8305288461538461 0.08774038461538461 0.078125
0 0.6971153846153846 0.9278846153846154 0.08173076923076923 0.07451923076923077
0 0.6983173076923077 0.9831730769230769 0.08653846153846154 0.030048076923076924
0 0.5925480769230769 0.9519230769230769 0.09495192307692307 0.08653846153846154
0 0.3942307692307692 0.9411057692307693 0.09014423076923077 0.07451923076923077
0 0.3605769230769231 0.19951923076923078 0.08173076923076923 0.06610576923076923
0 0.36538461538461536 0.11057692307692307 0.08774038461538461 0.08413461538461539
0 0.2620192307692308 0.06370192307692307 0.07932692307692307 0.0733173076923077
0 0.27283653846153844 0.13341346153846154 0.08052884615384616 0.078125
0 0.27403846153846156 0.20552884615384615 0.07211538461538461 0.07091346153846154
0 0.27283653846153844 0.27884615384615385 0.07211538461538461 0.07211538461538461
0 0.9026442307692307 0.4266826923076923 0.06610576923076923 0.14182692307692307
0 0.875 0.35096153846153844 0.0673076923076923 0.12620192307692307
0 0.8473557692307693 0.2824519230769231 0.07451923076923077 0.13341346153846154
0 0.8221153846153846 0.21634615384615385 0.0673076923076923 0.13221153846153846
0 0.7776442307692307 0.1622596153846154 0.07211538461538461 0.1310096153846154
0 0.7487980769230769 0.0985576923076923 0.07932692307692307 0.14423076923076922
0 0.7151442307692307 0.057692307692307696 0.07211538461538461 0.11538461538461539
0 0.9399038461538461 0.020432692307692308 0.04807692307692308 0.040865384615384616
0 0.9663461538461539 0.0625 0.0625 0.125
0 0.9879807692307693 0.13221153846153846 0.021634615384615384 0.07692307692307693
0 0.08774038461538461 0.02403846153846154 0.09735576923076923 0.04807692307692308
0 0.02283653846153846 0.030048076923076924 0.04567307692307692 0.06009615384615385
0 0.09014423076923077 0.08413461538461539 0.09975961538461539 0.07211538461538461
0 0.021634615384615384 0.09254807692307693 0.042067307692307696 0.06610576923076923
0 0.025240384615384616 0.16947115384615385 0.05048076923076923 0.07932692307692307
0 0.019230769230769232 0.24759615384615385 0.038461538461538464 0.07211538461538461
0 0.021634615384615384 0.3858173076923077 0.04326923076923077 0.06610576923076923
0 0.027644230769230768 0.46274038461538464 0.055288461538461536 0.0733173076923077
0 0.028846153846153848 0.5360576923076923 0.057692307692307696 0.06490384615384616
0 0.030048076923076924 0.6189903846153846 0.06009615384615385 0.07932692307692307
0 0.028846153846153848 0.7692307692307693 0.056490384615384616 0.07692307692307693
0 0.03365384615384615 0.9206730769230769 0.0673076923076923 0.08052884615384616
0 0.10096153846153846 0.9675480769230769 0.109375 0.06009615384615385