0 0.2692307692307692 0.17908653846153846 0.030048076923076924 0.11298076923076923
0 0.23317307692307693 0.17908653846153846 0.027644230769230768 0.09735576923076923
0 0.203125 0.171875 0.027644230769230768 0.10697115384615384
0 0.17307692307692307 0.17067307692307693 0.030048076923076924 0.1045673076923077
0 0.14423076923076922 0.16826923076923078 0.027644230769230768 0.10576923076923077
0 0.11538461538461539 0.16826923076923078 0.030048076923076924 0.10336538461538461
0 0.08533653846153846 0.16947115384615385 0.03245192307692308 0.09615384615384616
0 0.056490384615384616 0.1658653846153846 0.030048076923076924 0.1045673076923077
0 0.027644230769230768 0.1622596153846154 0.03125 0.109375
0 0.18269230769230768 0.41225961538461536 0.03245192307692308 0.10576923076923077
0 0.1502403846153846 0.41947115384615385 0.030048076923076924 0.10096153846153846
0 0.11899038461538461 0.41586538461538464 0.030048076923076924 0.10576923076923077
0 0.09495192307692307 0.39663461538461536 0.027644230769230768 0.09735576923076923
0 0.06490384615384616 0.4026442307692308 0.03245192307692308 0.09735576923076923
0 0.03485576923076923 0.41346153846153844 0.03245192307692308 0.0985576923076923
0 0.01201923076923077 0.40384615384615385 0.02403846153846154 0.09975961538461539
0 0.11538461538461539 0.6454326923076923 0.030048076923076924 0.1045673076923077
0 0.08533653846153846 0.6418269230769231 0.03125 0.1045673076923077
0 0.056490384615384616 0.6394230769230769 0.028846153846153848 0.10096153846153846
0 0.030048076923076924 0.6442307692307693 0.027644230769230768 0.109375
0 0.007211538461538462 0.6490384615384616 0.014423076923076924 0.109375