0 0.5697115384615384 0.07211538461538461 0.04807692307692308 0.14423076923076922
0 0.6165865384615384 0.07932692307692307 0.04567307692307692 0.15384615384615385
0 0.6598557692307693 0.06971153846153846 0.046875 0.13942307692307693
0 0.9675480769230769 0.5721153846153846 0.06370192307692307 0.13581730769230768
0 0.9855769230769231 0.6081730769230769 0.025240384615384616 0.109375
0 0.8473557692307693 0.7956730769230769 0.06610576923076923 0.15264423076923078
0 0.8846153846153846 0.8329326923076923 0.06610576923076923 0.15384615384615385
0 0.9230769230769231 0.8725961538461539 0.07211538461538461 0.1466346153846154
0 0.9567307692307693 0.9074519230769231 0.06009615384615385 0.15384615384615385
0 0.8016826923076923 0.9290865384615384 0.06490384615384616 0.13942307692307693
0 0.8425480769230769 0.9483173076923077 0.06850961538461539 0.0985576923076923
0 0.8858173076923077 0.9651442307692307 0.051682692307692304 0.06610576923076923
0 0.6670673076923077 0.5204326923076923 0.08653846153846154 0.09495192307692307
0 0.65625 0.5985576923076923 0.08774038461538461 0.0985576923076923
0 0.640625 0.6682692307692307 0.0829326923076923 0.08653846153846154
0 0.6262019230769231 0.7391826923076923 0.09014423076923077 0.09495192307692307
0 0.6117788461538461 0.8137019230769231 0.09254807692307693 0.10817307692307693
0 0.5769230769230769 0.9411057692307693 0.08774038461538461 0.09975961538461539
0 0.5564903846153846 0.9759615384615384 0.07932692307692307 0.04447115384615385