0 0.9411057692307693 0.9387019230769231 0.08413461538461539 0.11778846153846154
0 0.9435096153846154 0.8497596153846154 0.07091346153846154 0.0985576923076923
0 0.9362980769230769 0.7572115384615384 0.08413461538461539 0.11057692307692307
0 0.9302884615384616 0.6778846153846154 0.07211538461538461 0.10336538461538461
0 0.7716346153846154 0.5913461538461539 0.078125 0.06490384615384616
0 0.7800480769230769 0.671875 0.08413461538461539 0.06850961538461539
0 0.7836538461538461 0.7427884615384616 0.08653846153846154 0.0733173076923077
0 0.7848557692307693 0.8197115384615384 0.08653846153846154 0.06850961538461539
0 0.7884615384615384 0.8858173076923077 0.08173076923076923 0.08173076923076923
0 0.7944711538461539 0.9627403846153846 0.09014423076923077 0.07091346153846154
0 0.6430288461538461 0.39663461538461536 0.0733173076923077 0.1502403846153846
0 0.375 0.3016826923076923 0.054086538461538464 0.15865384615384615
0 0.5913461538461539 0.6262019230769231 0.08774038461538461 0.07091346153846154
0 0.5877403846153846 0.7067307692307693 0.08653846153846154 0.06850961538461539
0 0.5901442307692307 0.7836538461538461 0.0673076923076923 0.06971153846153846
0 0.5961538461538461 0.8473557692307693 0.07451923076923077 0.06971153846153846
0 0.5949519230769231 0.921875 0.08774038461538461 0.0733173076923077
0 0.6057692307692307 0.9783653846153846 0.06610576923076923 0.040865384615384616
0 0.49399038461538464 0.6394230769230769 0.08413461538461539 0.07451923076923077
0 0.49759615384615385 0.7223557692307693 0.08533653846153846 0.07692307692307693
0 0.5096153846153846 0.7884615384615384 0.08413461538461539 0.07091346153846154
0 0.5108173076923077 0.8569711538461539 0.08173076923076923 0.06610576923076923
0 0.5036057692307693 0.9350961538461539 0.07932692307692307 0.07211538461538461
0 0.5144230769230769 0.984375 0.0829326923076923 0.027644230769230768
0 0.32211538461538464 0.6622596153846154 0.0889423076923077 0.078125
0 0.33052884615384615 0.7415865384615384 0.08533653846153846 0.08052884615384616
0 0.3329326923076923 0.8221153846153846 0.08413461538461539 0.07211538461538461
0 0.31971153846153844 0.9014423076923077 0.08413461538461539 0.0733173076923077
0 0.3401442307692308 0.9639423076923077 0.08413461538461539 0.06850961538461539
0 0.24639423076923078 0.9759615384615384 0.08774038461538461 0.04326923076923077
0 0.23557692307692307 0.8413461538461539 0.08413461538461539 0.0733173076923077
0 0.23076923076923078 0.7644230769230769 0.08653846153846154 0.0733173076923077
0 0.23076923076923078 0.6778846153846154 0.07692307692307693 0.06971153846153846
0 0.04447115384615385 0.7175480769230769 0.08774038461538461 0.0733173076923077
0 0.8365384615384616 0.19831730769230768 0.08052884615384616 0.07091346153846154
0 0.7403846153846154 0.2127403846153846 0.09014423076923077 0.078125
0 0.8293269230769231 0.1141826923076923 0.0829326923076923 0.08052884615384616
0 0.7415865384615384 0.140625 0.08413461538461539 0.06971153846153846
0 0.7391826923076923 0.06490384615384616 0.078125 0.07211538461538461
0 0.828125 0.03485576923076923 0.08413461538461539 0.06971153846153846
0 0.5661057692307693 0.234375 0.08774038461538461 0.06850961538461539
0 0.5576923076923077 0.16105769230769232 0.08413461538461539 0.07451923076923077
0 0.47115384615384615 0.17548076923076922 0.08052884615384616 0.07091346153846154
0 0.5528846153846154 0.0889423076923077 0.08413461538461539 0.06490384615384616
0 0.46274038461538464 0.09615384615384616 0.08774038461538461 0.07211538461538461
0 0.5516826923076923 0.021634615384615384 0.07451923076923077 0.04326923076923077
0 0.4639423076923077 0.026442307692307692 0.07932692307692307 0.052884615384615384
0 0.3004807692307692 0.2776442307692308 0.078125 0.07091346153846154
0 0.2920673076923077 0.2091346153846154 0.08533653846153846 0.07211538461538461
0 0.28365384615384615 0.1310096153846154 0.08533653846153846 0.078125
0 0.2860576923076923 0.056490384615384616 0.0829326923076923 0.078125
0 0.19951923076923078 0.15144230769230768 0.07572115384615384 0.06850961538461539
0 0.20432692307692307 0.22596153846153846 0.08774038461538461 0.08052884615384616
0 0.21153846153846154 0.30288461538461536 0.0889423076923077 0.078125
0 0.030048076923076924 0.09735576923076923 0.06009615384615385 0.07692307692307693
0 0.03365384615384615 0.25600961538461536 0.06610576923076923 0.06610576923076923
0 0.039663461538461536 0.33653846153846156 0.07932692307692307 0.06129807692307692