0 0.3918269230769231 0.6490384615384616 0.046875 0.15985576923076922
0 0.6995192307692307 0.375 0.051682692307692304 0.1502403846153846
0 0.6526442307692307 0.3858173076923077 0.04807692307692308 0.1466346153846154
0 0.6033653846153846 0.3954326923076923 0.05048076923076923 0.14903846153846154
0 0.5576923076923077 0.41225961538461536 0.04567307692307692 0.14543269230769232
0 0.5456730769230769 0.8269230769230769 0.07451923076923077 0.0625
0 0.7463942307692307 0.3629807692307692 0.04807692307692308 0.14423076923076922
0 0.7884615384615384 0.35336538461538464 0.04326923076923077 0.1466346153846154
0 0.3762019230769231 0.4266826923076923 0.04567307692307692 0.15144230769230768
0 0.28725961538461536 0.4831730769230769 0.04567307692307692 0.15504807692307693
0 0.7283653846153846 0.12259615384615384 0.07692307692307693 0.12139423076923077
0 0.3329326923076923 0.4723557692307692 0.046875 0.15384615384615385
0 0.3473557692307692 0.6454326923076923 0.04326923076923077 0.1658653846153846
0 0.3016826923076923 0.6550480769230769 0.04927884615384615 0.15985576923076922
0 0.24519230769230768 0.5012019230769231 0.04326923076923077 0.1466346153846154
0 0.1971153846153846 0.5060096153846154 0.04567307692307692 0.15865384615384615
0 0.21514423076923078 0.6850961538461539 0.04567307692307692 0.12740384615384615
0 0.25721153846153844 0.6634615384615384 0.04807692307692308 0.13942307692307693
0 0.15865384615384615 0.5180288461538461 0.05048076923076923 0.15865384615384615
0 0.11538461538461539 0.5360576923076923 0.046875 0.140625
0 0.07451923076923077 0.5420673076923077 0.04567307692307692 0.14543269230769232
0 0.17067307692307693 0.7043269230769231 0.05048076923076923 0.14543269230769232
0 0.12860576923076922 0.7355769230769231 0.04326923076923077 0.12259615384615384
0 0.5949519230769231 0.06490384615384616 0.08774038461538461 0.07932692307692307
0 0.4735576923076923 0.0625 0.04326923076923077 0.125
0 0.5204326923076923 0.052884615384615384 0.04567307692307692 0.10576923076923077
0 0.4254807692307692 0.06370192307692307 0.04326923076923077 0.12620192307692307
0 0.3449519230769231 0.078125 0.04326923076923077 0.12259615384615384
0 0.30288461538461536 0.0985576923076923 0.04807692307692308 0.15985576923076922
0 0.2608173076923077 0.10697115384615384 0.04447115384615385 0.11899038461538461
0 0.21754807692307693 0.11899038461538461 0.04326923076923077 0.12740384615384615
0 0.1346153846153846 0.15504807692307693 0.05048076923076923 0.14423076923076922
0 0.08653846153846154 0.16346153846153846 0.052884615384615384 0.14423076923076922
0 0.04567307692307692 0.1814903846153846 0.05048076923076923 0.14182692307692307
0 0.8834134615384616 0.3245192307692308 0.08774038461538461 0.1346153846153846
0 0.9783653846153846 0.5036057692307693 0.040865384615384616 0.15264423076923078
0 0.014423076923076924 0.19471153846153846 0.027644230769230768 0.15865384615384615
0 0.5721153846153846 0.5913461538461539 0.040865384615384616 0.15264423076923078
0 0.625 0.5877403846153846 0.04807692307692308 0.16346153846153846
0 0.6706730769230769 0.5564903846153846 0.04326923076923077 0.1502403846153846
0 0.7175480769230769 0.5408653846153846 0.040865384615384616 0.13942307692307693
0 0.7608173076923077 0.5360576923076923 0.042067307692307696 0.1502403846153846
0 0.8052884615384616 0.5300480769230769 0.04927884615384615 0.1466346153846154
0 0.8485576923076923 0.5216346153846154 0.052884615384615384 0.15865384615384615
0 0.8930288461538461 0.5024038461538461 0.054086538461538464 0.1622596153846154
0 0.9338942307692307 0.49038461538461536 0.052884615384615384 0.14903846153846154
0 0.025240384615384616 0.5600961538461539 0.05048076923076923 0.14903846153846154
0 0.08533653846153846 0.7199519230769231 0.054086538461538464 0.1622596153846154
0 0.038461538461538464 0.7259615384615384 0.054086538461538464 0.1466346153846154
0 0.010817307692307692 0.7379807692307693 0.021634615384615384 0.12620192307692307
0 0.42788461538461536 0.9675480769230769 0.04326923076923077 0.06009615384615385
0 0.3737980769230769 0.9783653846153846 0.038461538461538464 0.042067307692307696
0 0.9711538461538461 0.8377403846153846 0.052884615384615384 0.1466346153846154
0 0.9242788461538461 0.8846153846153846 0.052884615384615384 0.1622596153846154
0 0.8786057692307693 0.8870192307692307 0.055288461538461536 0.17908653846153846
0 0.8341346153846154 0.9098557692307693 0.05048076923076923 0.16105769230769232
0 0.7908653846153846 0.9170673076923077 0.052884615384615384 0.16346153846153846
0 0.7487980769230769 0.9230769230769231 0.046875 0.14423076923076922
0 0.7019230769230769 0.9278846153846154 0.04567307692307692 0.14182692307692307
0 0.6538461538461539 0.9447115384615384 0.04807692307692308 0.10817307692307693