0 0.40625 0.6538461538461539 0.03245192307692308 0.13581730769230768
0 0.2848557692307692 0.6610576923076923 0.03365384615384615 0.10336538461538461
0 0.44471153846153844 0.6490384615384616 0.03245192307692308 0.13341346153846154
0 0.4831730769230769 0.6610576923076923 0.03245192307692308 0.125
0 0.5240384615384616 0.6754807692307693 0.03245192307692308 0.1310096153846154
0 0.3245192307692308 0.6526442307692307 0.03485576923076923 0.12379807692307693
0 0.3629807692307692 0.6622596153846154 0.037259615384615384 0.13581730769230768
0 0.24639423076923078 0.6502403846153846 0.03485576923076923 0.13221153846153846
0 0.20673076923076922 0.640625 0.037259615384615384 0.14182692307692307
0 0.38100961538461536 0.9362980769230769 0.04807692307692308 0.125
0 0.3425480769230769 0.9387019230769231 0.04447115384615385 0.11778846153846154
0 0.30408653846153844 0.9447115384615384 0.04567307692307692 0.10697115384615384
0 0.2644230769230769 0.9495192307692307 0.04567307692307692 0.09735576923076923
0 0.18509615384615385 0.9362980769230769 0.051682692307692304 0.125
0 0.14783653846153846 0.9399038461538461 0.04807692307692308 0.11538461538461539
0 0.16947115384615385 0.6466346153846154 0.03245192307692308 0.12259615384615384
0 0.13221153846153846 0.6358173076923077 0.03485576923076923 0.12620192307692307
0 0.09495192307692307 0.6346153846153846 0.03485576923076923 0.08052884615384616
0 0.056490384615384616 0.6334134615384616 0.040865384615384616 0.12740384615384615
0 0.021634615384615384 0.6286057692307693 0.042067307692307696 0.12379807692307693
0 0.47836538461538464 0.33052884615384615 0.07932692307692307 0.06490384615384616
0 0.5865384615384616 0.8485576923076923 0.03485576923076923 0.13942307692307693
0 0.008413461538461538 0.9350961538461539 0.016826923076923076 0.12259615384615384
0 0.019230769230769232 0.3245192307692308 0.038461538461538464 0.06971153846153846
0 0.08413461538461539 0.33052884615384615 0.07692307692307693 0.06370192307692307
0 0.2920673076923077 0.33052884615384615 0.0733173076923077 0.06490384615384616
0 0.4266826923076923 0.9447115384615384 0.04927884615384615 0.10817307692307693
0 0.6262019230769231 0.4495192307692308 0.08173076923076923 0.06370192307692307