0 0.5276442307692307 0.27163461538461536 0.05048076923076923 0.09014423076923077
0 0.6009615384615384 0.3233173076923077 0.051682692307692304 0.09735576923076923
0 0.5793269230769231 0.359375 0.054086538461538464 0.0985576923076923
0 0.4831730769230769 0.35096153846153844 0.04807692307692308 0.09254807692307693
0 0.5144230769230769 0.47596153846153844 0.051682692307692304 0.09495192307692307
0 0.5372596153846154 0.44591346153846156 0.05048076923076923 0.0889423076923077
0 0.49278846153846156 0.5204326923076923 0.051682692307692304 0.09254807692307693
0 0.37740384615384615 0.5564903846153846 0.052884615384615384 0.09735576923076923
0 0.31850961538461536 0.2860576923076923 0.05048076923076923 0.09134615384615384
0 0.4699519230769231 0.5625 0.052884615384615384 0.09735576923076923
0 0.46153846153846156 0.3870192307692308 0.055288461538461536 0.09735576923076923
0 0.5060096153846154 0.3137019230769231 0.05048076923076923 0.09735576923076923
0 0.5600961538461539 0.40865384615384615 0.054086538461538464 0.0985576923076923
0 0.4519230769230769 0.6069711538461539 0.052884615384615384 0.09134615384615384
0 0.6430288461538461 0.6237980769230769 0.051682692307692304 0.0889423076923077
0 0.6177884615384616 0.6658653846153846 0.054086538461538464 0.09615384615384616
0 0.25600961538461536 0.4074519230769231 0.057692307692307696 0.08653846153846154
0 0.21995192307692307 0.26802884615384615 0.05048076923076923 0.09014423076923077
0 0.22716346153846154 0.4362980769230769 0.057692307692307696 0.09495192307692307
0 0.296875 0.3245192307692308 0.04326923076923077 0.08653846153846154
0 0.3629807692307692 0.20432692307692307 0.057692307692307696 0.109375
0 0.43149038461538464 0.6490384615384616 0.052884615384615384 0.0985576923076923
0 0.4206730769230769 0.47596153846153844 0.046875 0.08653846153846154
0 0.39903846153846156 0.515625 0.052884615384615384 0.09615384615384616
0 0.4375 0.42908653846153844 0.05048076923076923 0.09134615384615384
0 0.28725961538461536 0.7055288461538461 0.057692307692307696 0.10096153846153846
0 0.3858173076923077 0.7295673076923077 0.054086538461538464 0.09615384615384616
0 0.5480769230769231 0.22596153846153846 0.04927884615384615 0.08774038461538461
0 0.5817307692307693 0.7536057692307693 0.056490384615384616 0.10336538461538461
0 0.6502403846153846 0.7944711538461539 0.05048076923076923 0.09495192307692307
0 0.6682692307692307 0.7512019230769231 0.04447115384615385 0.0829326923076923
0 0.6935096153846154 0.7139423076923077 0.04807692307692308 0.08774038461538461
0 0.36778846153846156 0.7716346153846154 0.04927884615384615 0.08173076923076923
0 0.35336538461538464 0.5997596153846154 0.054086538461538464 0.10096153846153846
0 0.15985576923076922 0.4026442307692308 0.054086538461538464 0.09495192307692307
0 0.19951923076923078 0.3125 0.055288461538461536 0.09735576923076923
0 0.13701923076923078 0.44591346153846156 0.052884615384615384 0.0985576923076923
0 0.12740384615384615 0.11057692307692307 0.057692307692307696 0.09014423076923077
0 0.5372596153846154 0.8317307692307693 0.055288461538461536 0.10096153846153846
0 0.3786057692307692 0.15264423076923078 0.04807692307692308 0.09014423076923077
0 0.40625 0.6862980769230769 0.052884615384615384 0.09735576923076923
0 0.3425480769230769 0.8100961538461539 0.055288461538461536 0.09495192307692307
0 0.3125 0.671875 0.055288461538461536 0.10096153846153846
0 0.3389423076923077 0.640625 0.051682692307692304 0.09254807692307693
0 0.2091346153846154 0.49038461538461536 0.056490384615384616 0.09735576923076923
0 0.1778846153846154 0.3545673076923077 0.054086538461538464 0.09735576923076923
0 0.27403846153846156 0.36778846153846156 0.04927884615384615 0.08653846153846154
0 0.26322115384615385 0.1971153846153846 0.05048076923076923 0.09495192307692307
0 0.2439903846153846 0.23918269230769232 0.051682692307692304 0.09495192307692307
0 0.28725961538461536 0.15865384615384615 0.05048076923076923 0.0889423076923077
0 0.30528846153846156 0.11057692307692307 0.04807692307692308 0.09014423076923077
0 0.3317307692307692 0.078125 0.054086538461538464 0.09254807692307693
0 0.4050480769230769 0.12620192307692307 0.05048076923076923 0.09134615384615384
0 0.33653846153846156 0.24278846153846154 0.054086538461538464 0.09615384615384616
0 0.17908653846153846 0.036057692307692304 0.051682692307692304 0.07211538461538461
0 0.35336538461538464 0.04447115384615385 0.05048076923076923 0.0889423076923077
0 0.37740384615384615 0.02403846153846154 0.04807692307692308 0.04807692307692308
0 0.4098557692307692 0.009615384615384616 0.030048076923076924 0.019230769230769232
0 0.4266826923076923 0.09014423076923077 0.052884615384615384 0.0829326923076923
0 0.44711538461538464 0.04567307692307692 0.052884615384615384 0.09134615384615384
0 0.4723557692307692 0.030048076923076924 0.05048076923076923 0.06009615384615385
0 0.5697115384615384 0.1875 0.05048076923076923 0.09254807692307693
0 0.5901442307692307 0.1502403846153846 0.05048076923076923 0.09014423076923077
0 0.7151442307692307 0.6706730769230769 0.055288461538461536 0.09254807692307693
0 0.6286057692307693 0.8233173076923077 0.04447115384615385 0.0733173076923077
0 0.5600961538461539 0.7908653846153846 0.054086538461538464 0.09975961538461539
0 0.6033653846153846 0.7139423076923077 0.052884615384615384 0.09735576923076923
0 0.007211538461538462 0.4266826923076923 0.013221153846153846 0.055288461538461536
0 0.06971153846153846 0.5216346153846154 0.06370192307692307 0.08173076923076923
0 0.15264423076923078 0.6526442307692307 0.052884615384615384 0.09495192307692307
0 0.11778846153846154 0.6947115384615384 0.055288461538461536 0.09495192307692307
0 0.12139423076923077 0.7716346153846154 0.055288461538461536 0.09254807692307693
0 0.07451923076923077 0.6935096153846154 0.055288461538461536 0.09615384615384616
0 0.052884615384615384 0.7391826923076923 0.04927884615384615 0.0889423076923077
0 0.10216346153846154 0.8197115384615384 0.056490384615384616 0.09495192307692307
0 0.13341346153846154 0.9362980769230769 0.057692307692307696 0.09495192307692307
0 0.07692307692307693 0.8581730769230769 0.052884615384615384 0.08774038461538461
0 0.030048076923076924 0.7776442307692307 0.05889423076923077 0.09975961538461539
0 0.016826923076923076 0.8185096153846154 0.03245192307692308 0.09254807692307693
0 0.004807692307692308 0.875 0.009615384615384616 0.040865384615384616
0 0.056490384615384616 0.8966346153846154 0.055288461538461536 0.09615384615384616
0 0.03125 0.9387019230769231 0.05889423076923077 0.09495192307692307
0 0.018028846153846152 0.9591346153846154 0.036057692307692304 0.07692307692307693
0 0.17067307692307693 0.9915865384615384 0.020432692307692308 0.01201923076923077
0 0.20072115384615385 0.9759615384615384 0.04807692307692308 0.04326923076923077
0 0.2283653846153846 0.9543269230769231 0.052884615384615384 0.0889423076923077
0 0.2668269230769231 0.9495192307692307 0.056490384615384616 0.09615384615384616
0 0.41225961538461536 0.859375 0.052884615384615384 0.09975961538461539
0 0.44591346153846156 0.9735576923076923 0.042067307692307696 0.04807692307692308
0 0.6237980769230769 0.2776442307692308 0.05048076923076923 0.09254807692307693
0 0.6418269230769231 0.23918269230769232 0.04567307692307692 0.08173076923076923
0 0.6105769230769231 0.11538461538461539 0.04326923076923077 0.0733173076923077
0 0.6358173076923077 0.0829326923076923 0.055288461538461536 0.09134615384615384
0 0.6574519230769231 0.04567307692307692 0.051682692307692304 0.09134615384615384
0 0.6790865384615384 0.030048076923076924 0.055288461538461536 0.06009615384615385
0 0.6646634615384616 0.20432692307692307 0.04927884615384615 0.08413461538461539
0 0.6862980769230769 0.17307692307692307 0.055288461538461536 0.09735576923076923
0 0.7019230769230769 0.125 0.04326923076923077 0.07692307692307693
0 0.7247596153846154 0.09014423076923077 0.05048076923076923 0.09495192307692307
0 0.7391826923076923 0.051682692307692304 0.04807692307692308 0.08413461538461539
0 0.7620192307692307 0.03365384615384615 0.04807692307692308 0.06610576923076923
0 0.7884615384615384 0.015625 0.03365384615384615 0.030048076923076924
0 0.4675480769230769 0.9495192307692307 0.054086538461538464 0.09254807692307693
0 0.5096153846153846 0.9915865384615384 0.02403846153846154 0.014423076923076924
0 0.5432692307692307 0.9723557692307693 0.046875 0.051682692307692304
0 0.5685096153846154 0.953125 0.052884615384615384 0.09134615384615384
0 0.49038461538461536 0.9074519230769231 0.054086538461538464 0.09254807692307693
0 0.515625 0.8737980769230769 0.051682692307692304 0.09615384615384616
0 0.5877403846153846 0.9158653846153846 0.05048076923076923 0.08653846153846154
0 0.6105769230769231 0.8737980769230769 0.055288461538461536 0.09735576923076923
0 0.7247596153846154 0.984375 0.030048076923076924 0.026442307692307692
0 0.7572115384615384 0.9651442307692307 0.04807692307692308 0.06610576923076923
0 0.7776442307692307 0.9411057692307693 0.042067307692307696 0.08052884615384616
0 0.8004807692307693 0.9038461538461539 0.051682692307692304 0.0889423076923077
0 0.8173076923076923 0.8629807692307693 0.052884615384615384 0.0889423076923077
0 0.8365384615384616 0.8161057692307693 0.052884615384615384 0.09134615384615384
0 0.8569711538461539 0.7764423076923077 0.051682692307692304 0.0829326923076923
0 0.8774038461538461 0.7355769230769231 0.052884615384615384 0.08774038461538461
0 0.6658653846153846 0.5829326923076923 0.056490384615384616 0.09735576923076923
0 0.6850961538461539 0.5432692307692307 0.05048076923076923 0.08413461538461539
0 0.7331730769230769 0.6237980769230769 0.046875 0.0889423076923077
0 0.7536057692307693 0.5889423076923077 0.055288461538461536 0.09495192307692307
0 0.7055288461538461 0.5024038461538461 0.056490384615384616 0.09254807692307693
0 0.7271634615384616 0.46634615384615385 0.052884615384615384 0.09495192307692307
0 0.7728365384615384 0.5444711538461539 0.05048076923076923 0.0889423076923077
0 0.7451923076923077 0.41947115384615385 0.051682692307692304 0.09134615384615384
0 0.7920673076923077 0.5060096153846154 0.051682692307692304 0.09495192307692307
0 0.8112980769230769 0.4699519230769231 0.04927884615384615 0.08774038461538461
0 0.7644230769230769 0.3786057692307692 0.04567307692307692 0.08052884615384616
0 0.7836538461538461 0.3449519230769231 0.052884615384615384 0.09014423076923077
0 0.8329326923076923 0.43149038461538464 0.04927884615384615 0.09254807692307693
0 0.8473557692307693 0.3894230769230769 0.04326923076923077 0.08052884615384616
0 0.8689903846153846 0.3557692307692308 0.04807692307692308 0.09134615384615384
0 0.8870192307692307 0.32211538461538464 0.04807692307692308 0.0889423076923077
0 0.8064903846153846 0.3088942307692308 0.052884615384615384 0.0889423076923077
0 0.8245192307692307 0.27403846153846156 0.05048076923076923 0.09134615384615384
0 0.8425480769230769 0.2439903846153846 0.04567307692307692 0.07932692307692307
0 0.8605769230769231 0.1971153846153846 0.04807692307692308 0.08173076923076923
0 0.8786057692307693 0.1658653846153846 0.055288461538461536 0.09134615384615384
0 0.9266826923076923 0.2439903846153846 0.04927884615384615 0.09615384615384616
0 0.9447115384615384 0.20793269230769232 0.04807692307692308 0.08653846153846154
0 0.9615384615384616 0.17067307692307693 0.051682692307692304 0.0889423076923077
0 0.9783653846153846 0.14543269230769232 0.039663461538461536 0.09735576923076923
0 0.9891826923076923 0.09014423076923077 0.016826923076923076 0.07451923076923077
0 0.9411057692307693 0.05889423076923077 0.055288461538461536 0.09134615384615384
0 0.9206730769230769 0.09615384615384616 0.051682692307692304 0.08052884615384616
0 0.8954326923076923 0.11899038461538461 0.052884615384615384 0.08653846153846154
0 0.9579326923076923 0.03485576923076923 0.06009615384615385 0.06971153846153846
0 0.8966346153846154 0.6983173076923077 0.05048076923076923 0.08774038461538461
0 0.9194711538461539 0.6610576923076923 0.06009615384615385 0.09615384615384616
0 0.9314903846153846 0.6213942307692307 0.04927884615384615 0.08774038461538461
0 0.9507211538461539 0.5829326923076923 0.051682692307692304 0.0829326923076923
0 0.9723557692307693 0.5528846153846154 0.054086538461538464 0.09495192307692307
0 0.9819711538461539 0.5084134615384616 0.03365384615384615 0.08653846153846154
0 0.9903846153846154 0.4495192307692308 0.018028846153846152 0.054086538461538464