0 0.5504807692307693 0.24879807692307693 0.08533653846153846 0.07091346153846154
0 0.8629807692307693 0.27884615384615385 0.07932692307692307 0.06850961538461539
0 0.7512019230769231 0.21153846153846154 0.08173076923076923 0.06971153846153846
0 0.8581730769230769 0.20432692307692307 0.08653846153846154 0.06850961538461539
0 0.8485576923076923 0.12620192307692307 0.08653846153846154 0.0625
0 0.8473557692307693 0.054086538461538464 0.09254807692307693 0.07692307692307693
0 0.5480769230769231 0.09134615384615384 0.08052884615384616 0.07091346153846154
0 0.5492788461538461 0.02283653846153846 0.07451923076923077 0.04567307692307692
0 0.4411057692307692 0.10096153846153846 0.08533653846153846 0.07932692307692307
0 0.24519230769230768 0.22235576923076922 0.0733173076923077 0.06490384615384616
0 0.05889423076923077 0.020432692307692308 0.07692307692307693 0.040865384615384616