0 0.6850961538461539 0.02283653846153846 0.028846153846153848 0.04567307692307692
0 0.6802884615384616 0.1141826923076923 0.03365384615384615 0.12139423076923077
0 0.6802884615384616 0.2608173076923077 0.030048076923076924 0.12620192307692307
0 0.6730769230769231 0.4170673076923077 0.03245192307692308 0.11778846153846154
0 0.6658653846153846 0.5552884615384616 0.028846153846153848 0.1141826923076923
0 0.65625 0.7151442307692307 0.026442307692307692 0.11658653846153846
0 0.8317307692307693 0.6694711538461539 0.06009615384615385 0.06009615384615385
0 0.5372596153846154 0.1346153846153846 0.052884615384615384 0.056490384615384616
0 0.5288461538461539 0.3004807692307692 0.05889423076923077 0.054086538461538464
0 0.5216346153846154 0.47115384615384615 0.05889423076923077 0.051682692307692304
0 0.5240384615384616 0.5324519230769231 0.056490384615384616 0.05048076923076923
0 0.5204326923076923 0.5889423076923077 0.06129807692307692 0.05048076923076923
0 0.5204326923076923 0.6442307692307693 0.057692307692307696 0.046875
0 0.5144230769230769 0.7019230769230769 0.05889423076923077 0.051682692307692304
0 0.5120192307692307 0.7596153846153846 0.06009615384615385 0.055288461538461536
0 0.5060096153846154 0.8161057692307693 0.0625 0.055288461538461536
0 0.5048076923076923 0.8725961538461539 0.06129807692307692 0.052884615384615384
0 0.5024038461538461 0.9290865384615384 0.06129807692307692 0.052884615384615384
0 0.4987980769230769 0.9783653846153846 0.0625 0.040865384615384616
0 0.3954326923076923 0.07451923076923077 0.06009615384615385 0.06850961538461539
0 0.3918269230769231 0.18990384615384615 0.06610576923076923 0.07692307692307693
0 0.37740384615384615 0.5985576923076923 0.06009615384615385 0.06610576923076923
0 0.3641826923076923 0.8942307692307693 0.057692307692307696 0.06850961538461539
0 0.36177884615384615 0.953125 0.06129807692307692 0.06971153846153846
0 0.27163461538461536 0.055288461538461536 0.06129807692307692 0.07451923076923077
0 0.27163461538461536 0.125 0.06490384615384616 0.0829326923076923
0 0.2668269230769231 0.1935096153846154 0.0625 0.06850961538461539
0 0.2620192307692308 0.25721153846153844 0.06610576923076923 0.0829326923076923
0 0.2620192307692308 0.3293269230769231 0.06129807692307692 0.08413461538461539
0 0.25600961538461536 0.3894230769230769 0.0625 0.08173076923076923
0 0.25 0.44711538461538464 0.06490384615384616 0.08413461538461539
0 0.25600961538461536 0.5216346153846154 0.0625 0.08413461538461539
0 0.2512019230769231 0.5925480769230769 0.055288461538461536 0.07091346153846154
0 0.2439903846153846 0.6586538461538461 0.056490384615384616 0.07692307692307693
0 0.23557692307692307 0.7211538461538461 0.054086538461538464 0.0625
0 0.23918269230769232 0.7908653846153846 0.05889423076923077 0.07211538461538461
0 0.2403846153846154 0.8581730769230769 0.05889423076923077 0.06610576923076923
0 0.23557692307692307 0.9170673076923077 0.051682692307692304 0.0733173076923077
0 0.23197115384615385 0.9699519230769231 0.05889423076923077 0.056490384615384616