0 0.6983173076923077 0.3401442307692308 0.052884615384615384 0.09735576923076923
0 0.7067307692307693 0.7596153846153846 0.051682692307692304 0.09134615384615384
0 0.625 0.5324519230769231 0.055288461538461536 0.09615384615384616
0 0.5997596153846154 0.5709134615384616 0.052884615384615384 0.0889423076923077
0 0.5721153846153846 0.43990384615384615 0.05048076923076923 0.09495192307692307
0 0.5540865384615384 0.4891826923076923 0.051682692307692304 0.09014423076923077
0 0.53125 0.5276442307692307 0.051682692307692304 0.09134615384615384
0 0.5036057692307693 0.5612980769230769 0.052884615384615384 0.09615384615384616
0 0.48677884615384615 0.6069711538461539 0.052884615384615384 0.09615384615384616
0 0.46274038461538464 0.6442307692307693 0.04927884615384615 0.09615384615384616
0 0.5805288461538461 0.6141826923076923 0.05048076923076923 0.09134615384615384
0 0.5564903846153846 0.6466346153846154 0.05048076923076923 0.0889423076923077
0 0.5120192307692307 0.7319711538461539 0.04927884615384615 0.0889423076923077
0 0.4879807692307692 0.765625 0.052884615384615384 0.09495192307692307
0 0.4411057692307692 0.6838942307692307 0.052884615384615384 0.09615384615384616
0 0.4639423076923077 0.7980769230769231 0.05048076923076923 0.09014423076923077
0 0.4182692307692308 0.7235576923076923 0.04927884615384615 0.0889423076923077
0 0.39663461538461536 0.7584134615384616 0.052884615384615384 0.09134615384615384
0 0.3762019230769231 0.7956730769230769 0.04807692307692308 0.09014423076923077
0 0.4699519230769231 0.2620192307692308 0.054086538461538464 0.09495192307692307
0 0.44711538461538464 0.30288461538461536 0.05889423076923077 0.09735576923076923
0 0.4254807692307692 0.34615384615384615 0.052884615384615384 0.0889423076923077
0 0.4050480769230769 0.3858173076923077 0.05048076923076923 0.09014423076923077
0 0.3786057692307692 0.4170673076923077 0.05048076923076923 0.09615384615384616
0 0.3557692307692308 0.4519230769230769 0.052884615384615384 0.09615384615384616
0 0.33653846153846156 0.4987980769230769 0.05048076923076923 0.08653846153846154
0 0.31971153846153844 0.5516826923076923 0.051682692307692304 0.09495192307692307
0 0.2980769230769231 0.5865384615384616 0.055288461538461536 0.09735576923076923
0 0.2764423076923077 0.6310096153846154 0.055288461538461536 0.09495192307692307
0 0.25600961538461536 0.6682692307692307 0.055288461538461536 0.09615384615384616
0 0.23317307692307693 0.7079326923076923 0.057692307692307696 0.10096153846153846
0 0.5348557692307693 0.6875 0.052884615384615384 0.09615384615384616
0 0.44711538461538464 0.8425480769230769 0.052884615384615384 0.09615384615384616
0 0.42788461538461536 0.8846153846153846 0.04927884615384615 0.08653846153846154
0 0.4050480769230769 0.9254807692307693 0.04927884615384615 0.08774038461538461
0 0.3557692307692308 0.8413461538461539 0.052884615384615384 0.09615384615384616
0 0.33413461538461536 0.8846153846153846 0.055288461538461536 0.09975961538461539
0 0.38461538461538464 0.9555288461538461 0.054086538461538464 0.08413461538461539
0 0.3581730769230769 0.9783653846153846 0.040865384615384616 0.040865384615384616
0 0.7223557692307693 0.3786057692307692 0.05048076923076923 0.08413461538461539
0 0.7451923076923077 0.41346153846153844 0.051682692307692304 0.08774038461538461
0 0.765625 0.4495192307692308 0.052884615384615384 0.0889423076923077
0 0.7848557692307693 0.4891826923076923 0.05048076923076923 0.09254807692307693
0 0.8088942307692307 0.5264423076923077 0.056490384615384616 0.09975961538461539
0 0.8317307692307693 0.5588942307692307 0.051682692307692304 0.1045673076923077
0 0.8485576923076923 0.5985576923076923 0.056490384615384616 0.09615384615384616
0 0.8617788461538461 0.6442307692307693 0.04807692307692308 0.08774038461538461
0 0.8822115384615384 0.6790865384615384 0.046875 0.08774038461538461
0 0.9026442307692307 0.6995192307692307 0.05048076923076923 0.09254807692307693
0 0.9326923076923077 0.7403846153846154 0.051682692307692304 0.09134615384615384
0 0.9338942307692307 0.8605769230769231 0.056490384615384616 0.10336538461538461
0 0.9098557692307693 0.8990384615384616 0.05048076923076923 0.08173076923076923
0 0.8918269230769231 0.9375 0.052884615384615384 0.09254807692307693
0 0.8641826923076923 0.9591346153846154 0.054086538461538464 0.078125
0 0.8377403846153846 0.9831730769230769 0.03485576923076923 0.030048076923076924
0 0.7680288461538461 0.7884615384615384 0.04326923076923077 0.0829326923076923
0 0.7487980769230769 0.8293269230769231 0.04567307692307692 0.08052884615384616
0 0.7235576923076923 0.7163461538461539 0.05048076923076923 0.09014423076923077
0 0.6850961538461539 0.796875 0.05048076923076923 0.09014423076923077
0 0.7271634615384616 0.8762019230769231 0.04807692307692308 0.09014423076923077
0 0.7079326923076923 0.9254807692307693 0.05048076923076923 0.08774038461538461
0 0.6622596153846154 0.8377403846153846 0.055288461538461536 0.0985576923076923
0 0.6887019230769231 0.9591346153846154 0.04807692307692308 0.078125
0 0.6394230769230769 0.8713942307692307 0.055288461538461536 0.09615384615384616
0 0.6153846153846154 0.9074519230769231 0.055288461538461536 0.09254807692307693
0 0.5973557692307693 0.9579326923076923 0.05048076923076923 0.07932692307692307
0 0.5697115384615384 0.9735576923076923 0.04567307692307692 0.04807692307692308
0 0.3161057692307692 0.9206730769230769 0.05048076923076923 0.09495192307692307
0 0.2932692307692308 0.9555288461538461 0.055288461538461536 0.08413461538461539
0 0.2692307692307692 0.9747596153846154 0.04447115384615385 0.046875
0 0.21153846153846154 0.7439903846153846 0.05048076923076923 0.09615384615384616
0 0.19230769230769232 0.7860576923076923 0.054086538461538464 0.09014423076923077
0 0.17067307692307693 0.8245192307692307 0.055288461538461536 0.09975961538461539
0 0.14783653846153846 0.8629807692307693 0.055288461538461536 0.10336538461538461
0 0.1310096153846154 0.9038461538461539 0.051682692307692304 0.09014423076923077
0 0.10576923076923077 0.9362980769230769 0.051682692307692304 0.08413461538461539
0 0.08052884615384616 0.9639423076923077 0.05048076923076923 0.06971153846153846
0 0.04567307692307692 0.9795673076923077 0.04927884615384615 0.038461538461538464
0 0.015625 0.7391826923076923 0.030048076923076924 0.07211538461538461
0 0.02283653846153846 0.6875 0.04567307692307692 0.0985576923076923
0 0.039663461538461536 0.6490384615384616 0.06370192307692307 0.1045673076923077
0 0.0625 0.6045673076923077 0.055288461538461536 0.09735576923076923
0 0.09134615384615384 0.5769230769230769 0.056490384615384616 0.08774038461538461
0 0.10697115384615384 0.5300480769230769 0.056490384615384616 0.09735576923076923
0 0.13701923076923078 0.49759615384615385 0.04927884615384615 0.08173076923076923
0 0.14903846153846154 0.44471153846153844 0.054086538461538464 0.09254807692307693
0 0.18629807692307693 0.3629807692307692 0.052884615384615384 0.09134615384615384
0 0.2091346153846154 0.32211538461538464 0.052884615384615384 0.09495192307692307
0 0.234375 0.2824519230769231 0.054086538461538464 0.0985576923076923
0 0.2776442307692308 0.19951923076923078 0.051682692307692304 0.09615384615384616
0 0.30649038461538464 0.17668269230769232 0.05048076923076923 0.09254807692307693
0 0.328125 0.13221153846153846 0.052884615384615384 0.09975961538461539
0 0.3473557692307692 0.08774038461538461 0.051682692307692304 0.10336538461538461
0 0.3701923076923077 0.051682692307692304 0.051682692307692304 0.0985576923076923
0 0.3894230769230769 0.03245192307692308 0.056490384615384616 0.06370192307692307
0 0.4230769230769231 0.016826923076923076 0.036057692307692304 0.03365384615384615
0 0.5516826923076923 0.09615384615384616 0.052884615384615384 0.09495192307692307
0 0.5745192307692307 0.056490384615384616 0.05048076923076923 0.08774038461538461
0 0.5925480769230769 0.03365384615384615 0.04927884615384615 0.06610576923076923
0 0.6262019230769231 0.020432692307692308 0.03365384615384615 0.040865384615384616
0 0.6526442307692307 0.2800480769230769 0.055288461538461536 0.10336538461538461
0 0.6754807692307693 0.24158653846153846 0.054086538461538464 0.09134615384615384
0 0.7007211538461539 0.21634615384615385 0.055288461538461536 0.09735576923076923
0 0.7163461538461539 0.17307692307692307 0.05048076923076923 0.0889423076923077
0 0.7355769230769231 0.12860576923076922 0.055288461538461536 0.0889423076923077
0 0.7560096153846154 0.09735576923076923 0.05048076923076923 0.08173076923076923
0 0.7800480769230769 0.0733173076923077 0.055288461538461536 0.08653846153846154
0 0.7932692307692307 0.039663461538461536 0.0625 0.07932692307692307
0 0.8221153846153846 0.021634615384615384 0.038461538461538464 0.04326923076923077