0 0.6225961538461539 0.5745192307692307 0.030048076923076924 0.1141826923076923
0 0.6598557692307693 0.3161057692307692 0.026442307692307692 0.10576923076923077
0 0.6262019230769231 0.3125 0.026442307692307692 0.1045673076923077
0 0.4963942307692308 0.5829326923076923 0.025240384615384616 0.10697115384615384
0 0.4987980769230769 0.7139423076923077 0.027644230769230768 0.109375
0 0.4651442307692308 0.5925480769230769 0.02403846153846154 0.10697115384615384
0 0.4651442307692308 0.7091346153846154 0.026442307692307692 0.1045673076923077
0 0.4338942307692308 0.7139423076923077 0.025240384615384616 0.10576923076923077
0 0.43509615384615385 0.5889423076923077 0.027644230769230768 0.1045673076923077
0 0.4987980769230769 0.3269230769230769 0.027644230769230768 0.109375
0 0.6550480769230769 0.5745192307692307 0.028846153846153848 0.10817307692307693
0 0.6838942307692307 0.5901442307692307 0.028846153846153848 0.11298076923076923
0 0.6322115384615384 0.6778846153846154 0.06129807692307692 0.04807692307692308
0 0.6346153846153846 0.7331730769230769 0.0625 0.05048076923076923
0 0.6370192307692307 0.7884615384615384 0.0625 0.046875
0 0.6394230769230769 0.8413461538461539 0.06370192307692307 0.04807692307692308
0 0.6334134615384616 0.8954326923076923 0.06009615384615385 0.054086538461538464
0 0.6346153846153846 0.9543269230769231 0.06370192307692307 0.05048076923076923
0 0.6370192307692307 0.9915865384615384 0.06490384615384616 0.014423076923076924
0 0.7151442307692307 0.5793269230769231 0.028846153846153848 0.1045673076923077
0 0.7463942307692307 0.5721153846153846 0.027644230769230768 0.10576923076923077
0 0.7740384615384616 0.5793269230769231 0.027644230769230768 0.09495192307692307
0 0.8004807692307693 0.5901442307692307 0.025240384615384616 0.10336538461538461
0 0.828125 0.5745192307692307 0.026442307692307692 0.109375
0 0.8557692307692307 0.5793269230769231 0.025240384615384616 0.09975961538461539
0 0.8834134615384616 0.5709134615384616 0.030048076923076924 0.1045673076923077
0 0.9146634615384616 0.5540865384615384 0.03125 0.09975961538461539
0 0.9423076923076923 0.5769230769230769 0.026442307692307692 0.09975961538461539
0 0.9675480769230769 0.5685096153846154 0.028846153846153848 0.11057692307692307
0 0.9903846153846154 0.5637019230769231 0.016826923076923076 0.1045673076923077
0 0.6862980769230769 0.3125 0.025240384615384616 0.10576923076923077
0 0.71875 0.3137019230769231 0.027644230769230768 0.11298076923076923
0 0.7463942307692307 0.31009615384615385 0.027644230769230768 0.11057692307692307
0 0.7752403846153846 0.3112980769230769 0.025240384615384616 0.09735576923076923
0 0.8028846153846154 0.3293269230769231 0.028846153846153848 0.10096153846153846
0 0.8317307692307693 0.3293269230769231 0.030048076923076924 0.10096153846153846
0 0.8581730769230769 0.3233173076923077 0.027644230769230768 0.10336538461538461
0 0.8870192307692307 0.3245192307692308 0.027644230769230768 0.0985576923076923
0 0.9170673076923077 0.3245192307692308 0.027644230769230768 0.09735576923076923
0 0.9435096153846154 0.3269230769230769 0.025240384615384616 0.0985576923076923
0 0.9711538461538461 0.3233173076923077 0.030048076923076924 0.10336538461538461
0 0.9915865384615384 0.328125 0.014423076923076924 0.09975961538461539
0 0.9831730769230769 0.09975961538461539 0.03125 0.1045673076923077
0 0.9555288461538461 0.09975961538461539 0.03245192307692308 0.10817307692307693
0 0.9290865384615384 0.09735576923076923 0.03125 0.09254807692307693
0 0.8966346153846154 0.08173076923076923 0.030048076923076924 0.09014423076923077
0 0.8677884615384616 0.07692307692307693 0.028846153846153848 0.09975961538461539
0 0.8401442307692307 0.0733173076923077 0.025240384615384616 0.10336538461538461
0 0.8137019230769231 0.07091346153846154 0.03245192307692308 0.11778846153846154
0 0.7848557692307693 0.07692307692307693 0.027644230769230768 0.10576923076923077
0 0.7548076923076923 0.07692307692307693 0.027644230769230768 0.09975961538461539
0 0.7247596153846154 0.06370192307692307 0.028846153846153848 0.10697115384615384
0 0.6394230769230769 0.06490384615384616 0.027644230769230768 0.09975961538461539
0 0.6706730769230769 0.07211538461538461 0.026442307692307692 0.10576923076923077
0 0.6057692307692307 0.052884615384615384 0.025240384615384616 0.09735576923076923
0 0.5757211538461539 0.054086538461538464 0.027644230769230768 0.10817307692307693
0 0.5444711538461539 0.052884615384615384 0.027644230769230768 0.10576923076923077
0 0.5144230769230769 0.052884615384615384 0.028846153846153848 0.10576923076923077
0 0.4855769230769231 0.051682692307692304 0.027644230769230768 0.10336538461538461
0 0.453125 0.055288461538461536 0.025240384615384616 0.109375
0 0.4182692307692308 0.055288461538461536 0.027644230769230768 0.1045673076923077
0 0.3894230769230769 0.04567307692307692 0.026442307692307692 0.09134615384615384
0 0.3581730769230769 0.05048076923076923 0.026442307692307692 0.09975961538461539
0 0.3269230769230769 0.04927884615384615 0.028846153846153848 0.0985576923076923
0 0.29447115384615385 0.04447115384615385 0.03125 0.0889423076923077
0 0.25961538461538464 0.04447115384615385 0.028846153846153848 0.0889423076923077
0 0.23076923076923078 0.04567307692307692 0.025240384615384616 0.09134615384615384
0 0.20192307692307693 0.05048076923076923 0.027644230769230768 0.09975961538461539
0 0.17067307692307693 0.0625 0.030048076923076924 0.0985576923076923
0 0.13701923076923078 0.051682692307692304 0.030048076923076924 0.10336538461538461
0 0.10576923076923077 0.06009615384615385 0.030048076923076924 0.1045673076923077
0 0.0733173076923077 0.05048076923076923 0.03245192307692308 0.09975961538461539
0 0.4675480769230769 0.328125 0.026442307692307692 0.1141826923076923
0 0.4362980769230769 0.3269230769230769 0.027644230769230768 0.10096153846153846
0 0.4026442307692308 0.33052884615384615 0.027644230769230768 0.10576923076923077
0 0.37259615384615385 0.31850961538461536 0.027644230769230768 0.10817307692307693
0 0.3425480769230769 0.3125 0.028846153846153848 0.10817307692307693
0 0.3076923076923077 0.31850961538461536 0.027644230769230768 0.0985576923076923
0 0.27524038461538464 0.3317307692307692 0.027644230769230768 0.1045673076923077
0 0.24519230769230768 0.328125 0.027644230769230768 0.10697115384615384
0 0.1814903846153846 0.3329326923076923 0.028846153846153848 0.109375
0 0.2127403846153846 0.33052884615384615 0.027644230769230768 0.10576923076923077
0 0.14903846153846154 0.3293269230769231 0.03125 0.11538461538461539
0 0.11899038461538461 0.3317307692307692 0.030048076923076924 0.10576923076923077
0 0.09014423076923077 0.33653846153846156 0.027644230769230768 0.10576923076923077
0 0.057692307692307696 0.3329326923076923 0.03245192307692308 0.11298076923076923
0 0.025240384615384616 0.3293269230769231 0.03245192307692308 0.1141826923076923
0 0.40024038461538464 0.5793269230769231 0.026442307692307692 0.10817307692307693
0 0.4026442307692308 0.7079326923076923 0.025240384615384616 0.10336538461538461
0 0.3701923076923077 0.5877403846153846 0.026442307692307692 0.10697115384615384
0 0.33774038461538464 0.5865384615384616 0.027644230769230768 0.10697115384615384
0 0.3713942307692308 0.7115384615384616 0.027644230769230768 0.10817307692307693
0 0.33653846153846156 0.7127403846153846 0.025240384615384616 0.10336538461538461
0 0.30649038461538464 0.5865384615384616 0.027644230769230768 0.11057692307692307
0 0.30649038461538464 0.7043269230769231 0.027644230769230768 0.11057692307692307
0 0.27524038461538464 0.5841346153846154 0.026442307692307692 0.09975961538461539
0 0.27403846153846156 0.6959134615384616 0.027644230769230768 0.10697115384615384
0 0.2439903846153846 0.578125 0.026442307692307692 0.09975961538461539
0 0.2439903846153846 0.7055288461538461 0.030048076923076924 0.10817307692307693
0 0.2127403846153846 0.5805288461538461 0.027644230769230768 0.10096153846153846
0 0.2127403846153846 0.7079326923076923 0.028846153846153848 0.10096153846153846
0 0.18028846153846154 0.5817307692307693 0.028846153846153848 0.10817307692307693
0 0.14903846153846154 0.5877403846153846 0.03125 0.11658653846153846
0 0.1201923076923077 0.5877403846153846 0.027644230769230768 0.10697115384615384
0 0.08774038461538461 0.5865384615384616 0.03125 0.109375
0 0.057692307692307696 0.5865384615384616 0.030048076923076924 0.10576923076923077
0 0.18389423076923078 0.7067307692307693 0.026442307692307692 0.1045673076923077
0 0.15144230769230768 0.7079326923076923 0.03125 0.109375
0 0.11899038461538461 0.7079326923076923 0.030048076923076924 0.11057692307692307
0 0.08653846153846154 0.7079326923076923 0.03125 0.11057692307692307
0 0.054086538461538464 0.7067307692307693 0.03125 0.1045673076923077
0 0.49399038461538464 0.9615384615384616 0.025240384615384616 0.07451923076923077
0 0.46153846153846156 0.9639423076923077 0.027644230769230768 0.06850961538461539
0 0.43028846153846156 0.9651442307692307 0.026442307692307692 0.06610576923076923
0 0.39903846153846156 0.9627403846153846 0.028846153846153848 0.07211538461538461
0 0.36778846153846156 0.9579326923076923 0.028846153846153848 0.08052884615384616
0 0.33653846153846156 0.9555288461538461 0.027644230769230768 0.08413461538461539
0 0.30288461538461536 0.9663461538461539 0.028846153846153848 0.0625
0 0.27163461538461536 0.9591346153846154 0.027644230769230768 0.07692307692307693
0 0.24278846153846154 0.9627403846153846 0.025240384615384616 0.07211538461538461
0 0.2091346153846154 0.9555288461538461 0.030048076923076924 0.08413461538461539
0 0.1778846153846154 0.9519230769230769 0.030048076923076924 0.09254807692307693
0 0.1466346153846154 0.9567307692307693 0.028846153846153848 0.0829326923076923
0 0.11538461538461539 0.9555288461538461 0.03245192307692308 0.08413461538461539
0 0.08173076923076923 0.9591346153846154 0.03125 0.07692307692307693
0 0.006009615384615385 0.33413461538461536 0.010817307692307692 0.10697115384615384
0 0.02403846153846154 0.5901442307692307 0.03485576923076923 0.11298076923076923
0 0.003605769230769231 0.5961538461538461 0.006009615384615385 0.10096153846153846
0 0.003605769230769231 0.7163461538461539 0.007211538461538462 0.10096153846153846
0 0.021634615384615384 0.7151442307692307 0.030048076923076924 0.11298076923076923
0 0.015625 0.9627403846153846 0.03125 0.06971153846153846
0 0.046875 0.9567307692307693 0.03485576923076923 0.08173076923076923