0 0.6370192307692307 0.04927884615384615 0.03365384615384615 0.0985576923076923
0 0.6358173076923077 0.171875 0.03125 0.12259615384615384
0 0.6286057692307693 0.359375 0.03125 0.11057692307692307
0 0.6225961538461539 0.5060096153846154 0.025240384615384616 0.09495192307692307
0 0.6262019230769231 0.6129807692307693 0.030048076923076924 0.11538461538461539
0 0.6129807692307693 0.9338942307692307 0.03245192307692308 0.109375
0 0.3088942307692308 0.07211538461538461 0.06971153846153846 0.06129807692307692
0 0.40024038461538464 0.2824519230769231 0.06129807692307692 0.055288461538461536
0 0.47115384615384615 0.3641826923076923 0.06129807692307692 0.052884615384615384
0 0.47836538461538464 0.43149038461538464 0.0625 0.051682692307692304
0 0.4795673076923077 0.49158653846153844 0.0625 0.052884615384615384
0 0.4723557692307692 0.546875 0.06129807692307692 0.054086538461538464
0 0.46634615384615385 0.6009615384615384 0.056490384615384616 0.05889423076923077
0 0.46153846153846156 0.6634615384615384 0.06129807692307692 0.054086538461538464
0 0.4651442307692308 0.7235576923076923 0.05889423076923077 0.051682692307692304
0 0.47475961538461536 0.7824519230769231 0.04807692307692308 0.046875
0 0.4699519230769231 0.8377403846153846 0.05889423076923077 0.052884615384615384
0 0.46153846153846156 0.9471153846153846 0.055288461538461536 0.051682692307692304
0 0.34134615384615385 0.41346153846153844 0.06009615384615385 0.07211538461538461
0 0.3401442307692308 0.4795673076923077 0.055288461538461536 0.056490384615384616
0 0.3317307692307692 0.5408653846153846 0.0625 0.07091346153846154
0 0.3293269230769231 0.6069711538461539 0.05889423076923077 0.06610576923076923
0 0.32572115384615385 0.7716346153846154 0.056490384615384616 0.06850961538461539
0 0.328125 0.8365384615384616 0.05889423076923077 0.07211538461538461
0 0.21875 0.11899038461538461 0.06370192307692307 0.07211538461538461
0 0.22235576923076922 0.18028846153846154 0.06610576923076923 0.0733173076923077
0 0.21514423076923078 0.25 0.06129807692307692 0.07451923076923077
0 0.20432692307692307 0.30649038461538464 0.06370192307692307 0.08413461538461539
0 0.20673076923076922 0.38221153846153844 0.0625 0.07932692307692307
0 0.203125 0.44471153846153844 0.06370192307692307 0.07932692307692307
0 0.20432692307692307 0.5144230769230769 0.057692307692307696 0.06971153846153846
0 0.20552884615384615 0.5793269230769231 0.06850961538461539 0.078125
0 0.19951923076923078 0.6454326923076923 0.06610576923076923 0.0733173076923077
0 0.19951923076923078 0.7175480769230769 0.06370192307692307 0.07211538461538461
0 0.1935096153846154 0.7788461538461539 0.06490384615384616 0.07451923076923077
0 0.19110576923076922 0.8413461538461539 0.06370192307692307 0.078125
0 0.19230769230769232 0.9254807692307693 0.06370192307692307 0.06850961538461539
0 0.19230769230769232 0.9747596153846154 0.06370192307692307 0.046875