0 0.5120192307692307 0.234375 0.027644230769230768 0.12139423076923077
0 0.5084134615384616 0.36538461538461536 0.026442307692307692 0.1141826923076923
0 0.5012019230769231 0.5516826923076923 0.03245192307692308 0.10697115384615384
0 0.4963942307692308 0.6947115384615384 0.028846153846153848 0.09134615384615384
0 0.4987980769230769 0.8028846153846154 0.028846153846153848 0.11057692307692307
0 0.34615384615384615 0.5588942307692307 0.0625 0.054086538461538464
0 0.35336538461538464 0.6237980769230769 0.06129807692307692 0.04567307692307692
0 0.3545673076923077 0.6814903846153846 0.06129807692307692 0.046875
0 0.3473557692307692 0.7391826923076923 0.0625 0.04567307692307692
0 0.3401442307692308 0.7932692307692307 0.056490384615384616 0.054086538461538464
0 0.33413461538461536 0.8485576923076923 0.0625 0.04807692307692308
0 0.3401442307692308 0.9074519230769231 0.056490384615384616 0.051682692307692304
0 0.34975961538461536 0.9639423076923077 0.04807692307692308 0.04447115384615385
0 0.2776442307692308 0.4795673076923077 0.06370192307692307 0.05048076923076923
0 0.21995192307692307 0.6081730769230769 0.06009615384615385 0.06971153846153846
0 0.21875 0.6730769230769231 0.055288461538461536 0.06370192307692307
0 0.19471153846153846 0.7391826923076923 0.06490384615384616 0.06009615384615385
0 0.20673076923076922 0.7920673076923077 0.06009615384615385 0.06129807692307692
0 0.20432692307692307 0.9579326923076923 0.057692307692307696 0.06850961538461539
0 0.07692307692307693 0.9651442307692307 0.06490384615384616 0.06610576923076923
0 0.08413461538461539 0.9038461538461539 0.06370192307692307 0.0733173076923077
0 0.07932692307692307 0.8365384615384616 0.0673076923076923 0.07451923076923077
0 0.08653846153846154 0.7704326923076923 0.06850961538461539 0.07692307692307693
0 0.08653846153846154 0.703125 0.06009615384615385 0.06971153846153846
0 0.08533653846153846 0.640625 0.06370192307692307 0.07211538461538461
0 0.09014423076923077 0.578125 0.0625 0.08173076923076923
0 0.08653846153846154 0.5096153846153846 0.07211538461538461 0.07932692307692307
0 0.09735576923076923 0.4495192307692308 0.05889423076923077 0.0733173076923077
0 0.09975961538461539 0.3858173076923077 0.0673076923076923 0.06850961538461539
0 0.09975961538461539 0.3245192307692308 0.06370192307692307 0.06490384615384616
0 0.18629807692307693 0.27403846153846156 0.06370192307692307 0.056490384615384616