0 0.6225961538461539 0.23798076923076922 0.03365384615384615 0.11658653846153846
0 0.6213942307692307 0.37259615384615385 0.027644230769230768 0.11899038461538461
0 0.6153846153846154 0.5612980769230769 0.03485576923076923 0.11057692307692307
0 0.6081730769230769 0.7067307692307693 0.028846153846153848 0.09134615384615384
0 0.6117788461538461 0.8149038461538461 0.027644230769230768 0.109375
0 0.45552884615384615 0.5697115384615384 0.06610576923076923 0.054086538461538464
0 0.4651442307692308 0.6358173076923077 0.06129807692307692 0.04807692307692308
0 0.46634615384615385 0.6911057692307693 0.06370192307692307 0.04567307692307692
0 0.45913461538461536 0.7475961538461539 0.06370192307692307 0.04807692307692308
0 0.4519230769230769 0.8064903846153846 0.056490384615384616 0.056490384615384616
0 0.44711538461538464 0.8665865384615384 0.06129807692307692 0.051682692307692304
0 0.453125 0.9206730769230769 0.052884615384615384 0.04807692307692308
0 0.46153846153846156 0.9783653846153846 0.046875 0.040865384615384616
0 0.3870192307692308 0.4891826923076923 0.0625 0.055288461538461536
0 0.2932692307692308 0.27524038461538464 0.06610576923076923 0.056490384615384616
0 0.20432692307692307 0.3269230769230769 0.06610576923076923 0.06971153846153846
0 0.20793269230769232 0.3894230769230769 0.0673076923076923 0.078125
0 0.20432692307692307 0.4567307692307692 0.05889423076923077 0.07932692307692307
0 0.19230769230769232 0.5168269230769231 0.06850961538461539 0.07692307692307693
0 0.3293269230769231 0.6177884615384616 0.05889423076923077 0.07692307692307693
0 0.3269230769230769 0.6875 0.055288461538461536 0.06610576923076923
0 0.31850961538461536 0.7463942307692307 0.0673076923076923 0.06610576923076923
0 0.3173076923076923 0.8100961538461539 0.06009615384615385 0.0625
0 0.3137019230769231 0.9711538461538461 0.056490384615384616 0.055288461538461536
0 0.18509615384615385 0.9711538461538461 0.0625 0.054086538461538464
0 0.19110576923076922 0.9158653846153846 0.06370192307692307 0.07692307692307693
0 0.18629807692307693 0.8497596153846154 0.0673076923076923 0.078125
0 0.19230769230769232 0.7836538461538461 0.06850961538461539 0.07451923076923077
0 0.19110576923076922 0.7199519230769231 0.06490384615384616 0.06971153846153846
0 0.18990384615384615 0.6514423076923077 0.06610576923076923 0.07451923076923077
0 0.19591346153846154 0.5901442307692307 0.06009615384615385 0.08653846153846154