0 0.8774038461538461 0.23918269230769232 0.056490384615384616 0.055288461538461536
0 0.7127403846153846 0.03125 0.03125 0.0625
0 0.7115384615384616 0.13942307692307693 0.030048076923076924 0.11778846153846154
0 0.7055288461538461 0.29447115384615385 0.03245192307692308 0.11538461538461539
0 0.5685096153846154 0.06370192307692307 0.05889423076923077 0.05048076923076923
0 0.5697115384615384 0.11778846153846154 0.056490384615384616 0.052884615384615384
0 0.5709134615384616 0.17548076923076922 0.055288461538461536 0.051682692307692304
0 0.5709134615384616 0.23197115384615385 0.056490384615384616 0.052884615384615384
0 0.5685096153846154 0.28725961538461536 0.06129807692307692 0.04447115384615385
0 0.5673076923076923 0.3425480769230769 0.06009615384615385 0.042067307692307696
0 0.5649038461538461 0.40024038461538464 0.0625 0.05048076923076923
0 0.5637019230769231 0.45552884615384615 0.06129807692307692 0.05048076923076923
0 0.5637019230769231 0.5096153846153846 0.06129807692307692 0.04447115384615385
0 0.5625 0.5661057692307693 0.057692307692307696 0.05048076923076923
0 0.5637019230769231 0.6262019230769231 0.06370192307692307 0.05048076923076923
0 0.5564903846153846 0.6814903846153846 0.05889423076923077 0.04567307692307692
0 0.4254807692307692 0.6081730769230769 0.055288461538461536 0.07211538461538461
0 0.42788461538461536 0.546875 0.056490384615384616 0.07451923076923077
0 0.42788461538461536 0.484375 0.052884615384615384 0.07211538461538461
0 0.43149038461538464 0.1971153846153846 0.055288461538461536 0.07211538461538461
0 0.3088942307692308 0.06971153846153846 0.05889423076923077 0.07211538461538461
0 0.3125 0.02283653846153846 0.0625 0.04567307692307692
0 0.3125 0.13701923076923078 0.05889423076923077 0.08052884615384616
0 0.3112980769230769 0.20432692307692307 0.04927884615384615 0.06370192307692307
0 0.30528846153846156 0.2692307692307692 0.056490384615384616 0.06610576923076923
0 0.3004807692307692 0.328125 0.05048076923076923 0.06129807692307692
0 0.30649038461538464 0.39663461538461536 0.052884615384615384 0.07091346153846154
0 0.3076923076923077 0.46274038461538464 0.052884615384615384 0.06610576923076923
0 0.2980769230769231 0.5204326923076923 0.05889423076923077 0.07211538461538461
0 0.3004807692307692 0.5865384615384616 0.06129807692307692 0.078125
0 0.29927884615384615 0.6490384615384616 0.057692307692307696 0.0733173076923077
0 0.3088942307692308 0.7223557692307693 0.052884615384615384 0.06370192307692307
0 0.29927884615384615 0.7788461538461539 0.057692307692307696 0.06850961538461539
0 0.30408653846153844 0.8509615384615384 0.06610576923076923 0.07091346153846154