0 0.7043269230769231 0.1778846153846154 0.039663461538461536 0.15745192307692307
0 0.6442307692307693 0.6129807692307693 0.07932692307692307 0.12139423076923077
0 0.9867788461538461 0.7307692307692307 0.02403846153846154 0.10336538461538461
0 0.9230769230769231 0.7872596153846154 0.07211538461538461 0.11778846153846154
0 0.6598557692307693 0.17548076923076922 0.038461538461538464 0.15384615384615385
0 0.6153846153846154 0.14903846153846154 0.040865384615384616 0.15144230769230768
0 0.5757211538461539 0.021634615384615384 0.08173076923076923 0.04326923076923077
0 0.6237980769230769 0.6802884615384616 0.08173076923076923 0.12139423076923077
0 0.5997596153846154 0.7355769230769231 0.07572115384615384 0.10817307692307693
0 0.5769230769230769 0.7980769230769231 0.08413461538461539 0.11899038461538461
0 0.5528846153846154 0.8605769230769231 0.08413461538461539 0.12860576923076922
0 0.5060096153846154 0.9555288461538461 0.08413461538461539 0.08413461538461539
0 0.78125 0.9350961538461539 0.0733173076923077 0.12620192307692307
0 0.8137019230769231 0.9627403846153846 0.06971153846153846 0.07211538461538461
0 0.9567307692307693 0.8245192307692307 0.07211538461538461 0.12620192307692307
0 0.9747596153846154 0.8774038461538461 0.04807692307692308 0.11057692307692307
0 0.9867788461538461 0.9447115384615384 0.025240384615384616 0.0733173076923077