0 0.5673076923076923 0.20192307692307693 0.09014423076923077 0.078125
0 0.47596153846153844 0.19471153846153846 0.0889423076923077 0.0733173076923077
0 0.46153846153846156 0.2824519230769231 0.09975961538461539 0.07451923076923077
0 0.5612980769230769 0.2848557692307692 0.08774038461538461 0.06971153846153846
0 0.8233173076923077 0.15264423076923078 0.08413461538461539 0.07211538461538461
0 0.8221153846153846 0.3137019230769231 0.08774038461538461 0.06610576923076923
0 0.7403846153846154 0.2283653846153846 0.08774038461538461 0.06850961538461539
0 0.7331730769230769 0.30288461538461536 0.09134615384615384 0.06490384615384616
0 0.8269230769230769 0.07211538461538461 0.08173076923076923 0.0733173076923077
0 0.8245192307692307 0.23317307692307693 0.06490384615384616 0.06490384615384616
0 0.7367788461538461 0.06610576923076923 0.08653846153846154 0.08173076923076923
0 0.5600961538461539 0.055288461538461536 0.08774038461538461 0.07211538461538461
0 0.5552884615384616 0.009615384615384616 0.0889423076923077 0.018028846153846152
0 0.27163461538461536 0.2644230769230769 0.09735576923076923 0.0733173076923077
0 0.16466346153846154 0.265625 0.078125 0.06490384615384616
0 0.9783653846153846 0.04567307692307692 0.039663461538461536 0.078125
0 0.9783653846153846 0.1778846153846154 0.040865384615384616 0.06610576923076923
0 0.9831730769230769 0.25240384615384615 0.03245192307692308 0.055288461538461536
0 0.9759615384615384 0.32091346153846156 0.04567307692307692 0.06610576923076923
0 0.9735576923076923 0.109375 0.04807692307692308 0.06490384615384616
0 0.8221153846153846 0.019230769230769232 0.08173076923076923 0.038461538461538464
0 0.9747596153846154 0.7127403846153846 0.04807692307692308 0.06610576923076923
0 0.9735576923076923 0.7848557692307693 0.04807692307692308 0.06490384615384616
0 0.9735576923076923 0.8629807692307693 0.051682692307692304 0.06971153846153846
0 0.96875 0.9314903846153846 0.06009615384615385 0.07091346153846154
0 0.9723557692307693 0.984375 0.054086538461538464 0.027644230769230768
0 0.8257211538461539 0.7019230769230769 0.08653846153846154 0.07211538461538461
0 0.7331730769230769 0.6959134615384616 0.08173076923076923 0.0625
0 0.734375 0.7764423076923077 0.08173076923076923 0.06370192307692307
0 0.8245192307692307 0.7836538461538461 0.08052884615384616 0.06971153846153846
0 0.8185096153846154 0.8557692307692307 0.08533653846153846 0.06971153846153846
0 0.8209134615384616 0.9230769230769231 0.06850961538461539 0.06490384615384616
0 0.8233173076923077 0.9783653846153846 0.08653846153846154 0.040865384615384616
0 0.7295673076923077 0.859375 0.0829326923076923 0.07211538461538461
0 0.7355769230769231 0.9338942307692307 0.078125 0.06610576923076923
0 0.5504807692307693 0.6899038461538461 0.09254807692307693 0.07692307692307693
0 0.5504807692307693 0.7764423076923077 0.09014423076923077 0.06971153846153846
0 0.5384615384615384 0.8545673076923077 0.08653846153846154 0.06850961538461539
0 0.5456730769230769 0.9278846153846154 0.09134615384615384 0.06850961538461539
0 0.5420673076923077 0.9807692307692307 0.08533653846153846 0.03485576923076923
0 0.4543269230769231 0.6862980769230769 0.0985576923076923 0.0733173076923077
0 0.453125 0.7668269230769231 0.09014423076923077 0.07091346153846154
0 0.45072115384615385 0.8497596153846154 0.08653846153846154 0.06971153846153846
0 0.2620192307692308 0.6706730769230769 0.09254807692307693 0.07211538461538461
0 0.25721153846153844 0.7584134615384616 0.09615384615384616 0.07211538461538461
0 0.25721153846153844 0.8425480769230769 0.09495192307692307 0.07692307692307693
0 0.25240384615384615 0.9795673076923077 0.09735576923076923 0.038461538461538464
0 0.14903846153846154 0.6634615384615384 0.09495192307692307 0.06850961538461539
0 0.1466346153846154 0.7524038461538461 0.09735576923076923 0.078125
0 0.13942307692307693 0.9783653846153846 0.0889423076923077 0.040865384615384616