0 0.43990384615384615 0.25600961538461536 0.06370192307692307 0.05048076923076923
0 0.8112980769230769 0.36778846153846156 0.030048076923076924 0.10697115384615384
0 0.7800480769230769 0.3605769230769231 0.030048076923076924 0.10336538461538461
0 0.7487980769230769 0.35096153846153844 0.030048076923076924 0.10576923076923077
0 0.7175480769230769 0.35096153846153844 0.025240384615384616 0.11538461538461539
0 0.6862980769230769 0.3641826923076923 0.027644230769230768 0.11298076923076923
0 0.6550480769230769 0.3545673076923077 0.028846153846153848 0.11658653846153846
0 0.6213942307692307 0.34975961538461536 0.027644230769230768 0.11538461538461539
0 0.5865384615384616 0.359375 0.028846153846153848 0.109375
0 0.6850961538461539 0.49038461538461536 0.027644230769230768 0.11658653846153846
0 0.6526442307692307 0.47596153846153844 0.030048076923076924 0.12139423076923077
0 0.6213942307692307 0.47596153846153844 0.028846153846153848 0.11538461538461539
0 0.5853365384615384 0.47596153846153844 0.027644230769230768 0.109375
0 0.8990384615384616 0.7524038461538461 0.03125 0.10096153846153846
0 0.6766826923076923 0.8641826923076923 0.028846153846153848 0.1141826923076923
0 0.4387019230769231 0.09134615384615384 0.040865384615384616 0.1141826923076923
0 0.49759615384615385 0.09495192307692307 0.027644230769230768 0.11778846153846154
0 0.546875 0.09254807692307693 0.027644230769230768 0.11899038461538461
0 0.5949519230769231 0.08653846153846154 0.026442307692307692 0.11298076923076923
0 0.6418269230769231 0.09975961538461539 0.026442307692307692 0.1141826923076923
0 0.6911057692307693 0.10576923076923077 0.025240384615384616 0.10817307692307693
0 0.734375 0.10336538461538461 0.027644230769230768 0.09975961538461539
0 0.8233173076923077 0.125 0.028846153846153848 0.1045673076923077
0 0.8713942307692307 0.125 0.03245192307692308 0.11298076923076923
0 0.9122596153846154 0.1310096153846154 0.036057692307692304 0.11538461538461539
0 0.9447115384615384 0.11658653846153846 0.028846153846153848 0.11298076923076923
0 0.8689903846153846 0.36538461538461536 0.03365384615384615 0.10817307692307693
0 0.9002403846153846 0.36899038461538464 0.030048076923076924 0.10817307692307693
0 0.9314903846153846 0.3737980769230769 0.03245192307692308 0.09975961538461539
0 0.9615384615384616 0.38100961538461536 0.03245192307692308 0.10336538461538461
0 0.9867788461538461 0.3762019230769231 0.025240384615384616 0.10817307692307693
0 0.8413461538461539 0.4879807692307692 0.027644230769230768 0.109375
0 0.8112980769230769 0.4891826923076923 0.028846153846153848 0.10336538461538461
0 0.7800480769230769 0.4879807692307692 0.027644230769230768 0.11538461538461539
0 0.7475961538461539 0.49038461538461536 0.027644230769230768 0.10697115384615384
0 0.7151442307692307 0.4831730769230769 0.030048076923076924 0.1141826923076923
0 0.8689903846153846 0.49399038461538464 0.028846153846153848 0.09975961538461539
0 0.9002403846153846 0.49278846153846156 0.030048076923076924 0.109375
0 0.9314903846153846 0.49158653846153844 0.030048076923076924 0.10817307692307693
0 0.9639423076923077 0.5060096153846154 0.03485576923076923 0.10336538461538461
0 0.9867788461538461 0.5036057692307693 0.021634615384615384 0.10817307692307693
0 0.9915865384615384 0.27163461538461536 0.01201923076923077 0.052884615384615384
0 0.8365384615384616 0.8677884615384616 0.026442307692307692 0.10576923076923077
0 0.8990384615384616 0.875 0.030048076923076924 0.1045673076923077
0 0.9278846153846154 0.8689903846153846 0.028846153846153848 0.09615384615384616
0 0.8665865384615384 0.7475961538461539 0.030048076923076924 0.10697115384615384
0 0.9302884615384616 0.7487980769230769 0.03485576923076923 0.11658653846153846
0 0.9591346153846154 0.7439903846153846 0.03245192307692308 0.1045673076923077
0 0.9867788461538461 0.7439903846153846 0.02403846153846154 0.10697115384615384
0 0.8365384615384616 0.7403846153846154 0.03365384615384615 0.11298076923076923
0 0.8052884615384616 0.7439903846153846 0.027644230769230768 0.11057692307692307
0 0.7740384615384616 0.7475961538461539 0.026442307692307692 0.10817307692307693
0 0.7439903846153846 0.7379807692307693 0.027644230769230768 0.11778846153846154
0 0.7103365384615384 0.7379807692307693 0.027644230769230768 0.11538461538461539
0 0.6778846153846154 0.7355769230769231 0.02403846153846154 0.09254807692307693
0 0.6478365384615384 0.7403846153846154 0.026442307692307692 0.10817307692307693
0 0.6129807692307693 0.7295673076923077 0.026442307692307692 0.09615384615384616
0 0.5793269230769231 0.7355769230769231 0.028846153846153848 0.10817307692307693
0 0.6490384615384616 0.8533653846153846 0.025240384615384616 0.0985576923076923
0 0.6995192307692307 0.9747596153846154 0.06370192307692307 0.04567307692307692
0 0.7115384615384616 0.8677884615384616 0.027644230769230768 0.10697115384615384
0 0.7403846153846154 0.8677884615384616 0.026442307692307692 0.09975961538461539
0 0.7728365384615384 0.8653846153846154 0.028846153846153848 0.10576923076923077
0 0.8052884615384616 0.8641826923076923 0.03245192307692308 0.11057692307692307
0 0.8653846153846154 0.8653846153846154 0.030048076923076924 0.109375
0 0.9591346153846154 0.8689903846153846 0.03245192307692308 0.10576923076923077
0 0.9879807692307693 0.8689903846153846 0.021634615384615384 0.10697115384615384
0 0.9735576923076923 0.12259615384615384 0.026442307692307692 0.1141826923076923
0 0.9927884615384616 0.13701923076923078 0.013221153846153846 0.1141826923076923
0 0.43509615384615385 0.3401442307692308 0.06370192307692307 0.052884615384615384
0 0.4387019230769231 0.5024038461538461 0.06129807692307692 0.05048076923076923
0 0.4362980769230769 0.6694711538461539 0.0673076923076923 0.04807692307692308
0 0.4362980769230769 0.7512019230769231 0.06971153846153846 0.046875
0 0.43028846153846156 0.8341346153846154 0.06370192307692307 0.054086538461538464
0 0.44350961538461536 0.9194711538461539 0.06009615384615385 0.051682692307692304