0 0.6610576923076923 0.7079326923076923 0.05889423076923077 0.09134615384615384
0 0.7475961538461539 0.7560096153846154 0.055288461538461536 0.09735576923076923
0 0.7596153846153846 0.7055288461538461 0.05048076923076923 0.08774038461538461
0 0.7848557692307693 0.6694711538461539 0.056490384615384616 0.09495192307692307
0 0.8064903846153846 0.6237980769230769 0.055288461538461536 0.09134615384615384
0 0.8293269230769231 0.5925480769230769 0.055288461538461536 0.09735576923076923
0 0.8509615384615384 0.5516826923076923 0.04927884615384615 0.08774038461538461
0 0.8689903846153846 0.5144230769230769 0.052884615384615384 0.08653846153846154
0 0.8870192307692307 0.4651442307692308 0.05048076923076923 0.09014423076923077
0 0.9098557692307693 0.4338942307692308 0.056490384615384616 0.09615384615384616
0 0.9278846153846154 0.3894230769230769 0.05048076923076923 0.09134615384615384
0 0.9507211538461539 0.3629807692307692 0.05889423076923077 0.09735576923076923
0 0.9711538461538461 0.3245192307692308 0.055288461538461536 0.09254807692307693
0 0.9807692307692307 0.2860576923076923 0.036057692307692304 0.09134615384615384
0 0.9903846153846154 0.2283653846153846 0.016826923076923076 0.07692307692307693
0 0.9014423076923077 0.11658653846153846 0.04807692307692308 0.0889423076923077
0 0.9206730769230769 0.078125 0.052884615384615384 0.10336538461538461
0 0.9447115384615384 0.046875 0.051682692307692304 0.09254807692307693
0 0.9699519230769231 0.027644230769230768 0.040865384615384616 0.054086538461538464
0 0.8810096153846154 0.020432692307692308 0.05048076923076923 0.040865384615384616
0 0.859375 0.040865384615384616 0.055288461538461536 0.08173076923076923
0 0.8341346153846154 0.06610576923076923 0.04567307692307692 0.08173076923076923
0 0.8112980769230769 0.09735576923076923 0.05048076923076923 0.0829326923076923
0 0.8605769230769231 0.18870192307692307 0.04807692307692308 0.09254807692307693
0 0.8810096153846154 0.15144230769230768 0.04567307692307692 0.08653846153846154
0 0.7920673076923077 0.140625 0.052884615384615384 0.09014423076923077
0 0.8413461538461539 0.22235576923076922 0.04807692307692308 0.09495192307692307
0 0.8185096153846154 0.2644230769230769 0.04927884615384615 0.09134615384615384
0 0.8016826923076923 0.3016826923076923 0.04447115384615385 0.08413461538461539
0 0.7836538461538461 0.3425480769230769 0.04807692307692308 0.09495192307692307
0 0.7728365384615384 0.17668269230769232 0.054086538461538464 0.09254807692307693
0 0.7548076923076923 0.21754807692307693 0.05889423076923077 0.0985576923076923
0 0.734375 0.25600961538461536 0.05048076923076923 0.09014423076923077
0 0.7127403846153846 0.296875 0.054086538461538464 0.09495192307692307
0 0.7572115384615384 0.37740384615384615 0.052884615384615384 0.09735576923076923
0 0.6911057692307693 0.3329326923076923 0.055288461538461536 0.09735576923076923
0 0.7391826923076923 0.4182692307692308 0.05048076923076923 0.09254807692307693
0 0.7175480769230769 0.453125 0.052884615384615384 0.0985576923076923
0 0.6706730769230769 0.37259615384615385 0.055288461538461536 0.0985576923076923
0 0.6971153846153846 0.4963942307692308 0.05048076923076923 0.09014423076923077
0 0.6754807692307693 0.5384615384615384 0.04807692307692308 0.09134615384615384
0 0.6550480769230769 0.578125 0.052884615384615384 0.09254807692307693
0 0.6286057692307693 0.6189903846153846 0.054086538461538464 0.09975961538461539
0 0.6045673076923077 0.6502403846153846 0.04807692307692308 0.09134615384615384
0 0.6490384615384616 0.4182692307692308 0.054086538461538464 0.09495192307692307
0 0.6237980769230769 0.4483173076923077 0.056490384615384616 0.10576923076923077
0 0.6009615384615384 0.49278846153846156 0.056490384615384616 0.1045673076923077
0 0.5769230769230769 0.5348557692307693 0.046875 0.08173076923076923
0 0.5564903846153846 0.5769230769230769 0.055288461538461536 0.0985576923076923
0 0.5300480769230769 0.6129807692307693 0.04927884615384615 0.08653846153846154
0 0.5084134615384616 0.6610576923076923 0.055288461538461536 0.0985576923076923
0 0.5733173076923077 0.3245192307692308 0.056490384615384616 0.10576923076923077
0 0.7127403846153846 0.009615384615384616 0.027644230769230768 0.019230769230769232
0 0.6790865384615384 0.027644230769230768 0.055288461538461536 0.054086538461538464
0 0.6538461538461539 0.040865384615384616 0.054086538461538464 0.08173076923076923
0 0.6334134615384616 0.07091346153846154 0.055288461538461536 0.09735576923076923
0 0.6129807692307693 0.1141826923076923 0.04807692307692308 0.08653846153846154
0 0.5877403846153846 0.016826923076923076 0.040865384615384616 0.03365384615384615
0 0.5588942307692307 0.037259615384615384 0.055288461538461536 0.07451923076923077
0 0.5384615384615384 0.06490384615384616 0.051682692307692304 0.09014423076923077
0 0.5901442307692307 0.14903846153846154 0.05048076923076923 0.09975961538461539
0 0.5685096153846154 0.18990384615384615 0.05048076923076923 0.09495192307692307
0 0.5180288461538461 0.10817307692307693 0.052884615384615384 0.09615384615384616
0 0.5456730769230769 0.2283653846153846 0.055288461538461536 0.10576923076923077
0 0.5252403846153846 0.27163461538461536 0.054086538461538464 0.09975961538461539
0 0.4987980769230769 0.30649038461538464 0.057692307692307696 0.10096153846153846
0 0.49399038461538464 0.14423076923076922 0.052884615384615384 0.09495192307692307
0 0.4675480769230769 0.17908653846153846 0.054086538461538464 0.09735576923076923
0 0.44591346153846156 0.21995192307692307 0.057692307692307696 0.10336538461538461
0 0.42908653846153844 0.2668269230769231 0.055288461538461536 0.09975961538461539
0 0.4026442307692308 0.30528846153846156 0.056490384615384616 0.10576923076923077
0 0.3786057692307692 0.3425480769230769 0.055288461538461536 0.09615384615384616
0 0.4795673076923077 0.3557692307692308 0.056490384615384616 0.0985576923076923
0 0.4495192307692308 0.3894230769230769 0.056490384615384616 0.10336538461538461
0 0.43028846153846156 0.43028846153846156 0.056490384615384616 0.09975961538461539
0 0.3581730769230769 0.3942307692307692 0.054086538461538464 0.09735576923076923
0 0.4050480769230769 0.47596153846153844 0.052884615384615384 0.0985576923076923
0 0.3557692307692308 0.03245192307692308 0.055288461538461536 0.06370192307692307
0 0.3269230769230769 0.078125 0.052884615384615384 0.09735576923076923
0 0.28966346153846156 0.14302884615384615 0.055288461538461536 0.10336538461538461
0 0.25240384615384615 0.19471153846153846 0.057692307692307696 0.10336538461538461
0 0.22235576923076922 0.25961538461538464 0.06009615384615385 0.10336538461538461
0 0.19110576923076922 0.3245192307692308 0.05889423076923077 0.09735576923076923
0 0.14903846153846154 0.4026442307692308 0.06850961538461539 0.07451923076923077
0 0.21875 0.5144230769230769 0.056490384615384616 0.10336538461538461
0 0.24879807692307693 0.5817307692307693 0.056490384615384616 0.09735576923076923
0 0.3161057692307692 0.6862980769230769 0.054086538461538464 0.09615384615384616
0 0.38461538461538464 0.7980769230769231 0.056490384615384616 0.10697115384615384
0 0.4182692307692308 0.8545673076923077 0.056490384615384616 0.10576923076923077
0 0.44711538461538464 0.9182692307692307 0.056490384615384616 0.0985576923076923
0 0.49278846153846156 0.953125 0.052884615384615384 0.09134615384615384