0 0.4074519230769231 0.8341346153846154 0.026442307692307692 0.10096153846153846
0 0.4387019230769231 0.8389423076923077 0.026442307692307692 0.09975961538461539
0 0.4699519230769231 0.7091346153846154 0.030048076923076924 0.10817307692307693
0 0.4699519230769231 0.8329326923076923 0.027644230769230768 0.109375
0 0.5324519230769231 0.7019230769230769 0.027644230769230768 0.10336538461538461
0 0.5012019230769231 0.6995192307692307 0.028846153846153848 0.10336538461538461
0 0.53125 0.8209134615384616 0.027644230769230768 0.10817307692307693
0 0.5 0.8221153846153846 0.026442307692307692 0.10697115384615384
0 0.47475961538461536 0.1778846153846154 0.030048076923076924 0.1141826923076923
0 0.5036057692307693 0.16947115384615385 0.028846153846153848 0.09975961538461539
0 0.5276442307692307 0.4519230769230769 0.026442307692307692 0.10576923076923077
0 0.5348557692307693 0.18028846153846154 0.027644230769230768 0.10336538461538461
0 0.41225961538461536 0.18509615384615385 0.025240384615384616 0.09975961538461539
0 0.4423076923076923 0.17067307692307693 0.026442307692307692 0.10697115384615384
0 0.5576923076923077 0.44591346153846156 0.027644230769230768 0.10817307692307693
0 0.5637019230769231 0.6971153846153846 0.027644230769230768 0.10336538461538461
0 0.5649038461538461 0.8185096153846154 0.026442307692307692 0.10817307692307693
0 0.5973557692307693 0.8137019230769231 0.030048076923076924 0.109375
0 0.5949519230769231 0.6947115384615384 0.030048076923076924 0.11298076923076923
0 0.625 0.6875 0.028846153846153848 0.10336538461538461
0 0.5877403846153846 0.43990384615384615 0.028846153846153848 0.11298076923076923
0 0.5649038461538461 0.16826923076923078 0.028846153846153848 0.10576923076923077
0 0.5961538461538461 0.1814903846153846 0.027644230769230768 0.0889423076923077
0 0.49038461538461536 0.016826923076923076 0.056490384615384616 0.03365384615384615
0 0.009615384615384616 0.15264423076923078 0.019230769230769232 0.06009615384615385
0 0.34975961538461536 0.1814903846153846 0.027644230769230768 0.10096153846153846
0 0.38221153846153844 0.18028846153846154 0.026442307692307692 0.09975961538461539
0 0.31850961538461536 0.1814903846153846 0.027644230769230768 0.10336538461538461
0 0.28966346153846156 0.19951923076923078 0.026442307692307692 0.109375
0 0.25961538461538464 0.20673076923076922 0.027644230769230768 0.11298076923076923
0 0.23076923076923078 0.21394230769230768 0.027644230769230768 0.10817307692307693
0 0.20192307692307693 0.22235576923076922 0.028846153846153848 0.10576923076923077
0 0.17427884615384615 0.2283653846153846 0.026442307692307692 0.1045673076923077
0 0.14423076923076922 0.23918269230769232 0.028846153846153848 0.10096153846153846
0 0.11538461538461539 0.23918269230769232 0.027644230769230768 0.09975961538461539
0 0.08533653846153846 0.2403846153846154 0.03125 0.10697115384615384
0 0.055288461538461536 0.25 0.030048076923076924 0.10336538461538461
0 0.027644230769230768 0.2644230769230769 0.03245192307692308 0.1045673076923077
0 0.6201923076923077 0.4411057692307692 0.030048076923076924 0.10697115384615384
0 0.6502403846153846 0.4362980769230769 0.026442307692307692 0.1045673076923077
0 0.6802884615384616 0.43149038461538464 0.030048076923076924 0.10576923076923077
0 0.7127403846153846 0.43149038461538464 0.030048076923076924 0.09975961538461539
0 0.4963942307692308 0.4519230769230769 0.027644230769230768 0.11298076923076923
0 0.4026442307692308 0.45552884615384615 0.027644230769230768 0.09735576923076923
0 0.4338942307692308 0.4567307692307692 0.026442307692307692 0.0985576923076923
0 0.46274038461538464 0.4519230769230769 0.027644230769230768 0.1141826923076923
0 0.4026442307692308 0.7067307692307693 0.028846153846153848 0.1045673076923077
0 0.4375 0.7211538461538461 0.027644230769230768 0.10336538461538461
0 0.6274038461538461 0.8125 0.028846153846153848 0.10096153846153846
0 0.6598557692307693 0.8100961538461539 0.030048076923076924 0.0985576923076923
0 0.6574519230769231 0.6838942307692307 0.028846153846153848 0.09975961538461539
0 0.6875 0.6790865384615384 0.028846153846153848 0.10336538461538461
0 0.71875 0.6814903846153846 0.027644230769230768 0.09615384615384616
0 0.7487980769230769 0.6778846153846154 0.027644230769230768 0.10576923076923077
0 0.7788461538461539 0.6730769230769231 0.030048076923076924 0.10096153846153846
0 0.8088942307692307 0.6754807692307693 0.028846153846153848 0.10697115384615384
0 0.8365384615384616 0.6598557692307693 0.030048076923076924 0.1045673076923077
0 0.8677884615384616 0.6682692307692307 0.03245192307692308 0.10096153846153846
0 0.8966346153846154 0.6682692307692307 0.028846153846153848 0.10336538461538461
0 0.9266826923076923 0.6550480769230769 0.030048076923076924 0.10336538461538461
0 0.9314903846153846 0.7836538461538461 0.03485576923076923 0.10697115384615384
0 0.8990384615384616 0.7836538461538461 0.03245192307692308 0.10096153846153846
0 0.8689903846153846 0.7908653846153846 0.027644230769230768 0.10336538461538461
0 0.8413461538461539 0.7860576923076923 0.027644230769230768 0.09735576923076923
0 0.8112980769230769 0.7920673076923077 0.03245192307692308 0.1045673076923077
0 0.7800480769230769 0.796875 0.025240384615384616 0.0985576923076923
0 0.7487980769230769 0.7932692307692307 0.028846153846153848 0.109375
0 0.7199519230769231 0.7908653846153846 0.027644230769230768 0.10576923076923077
0 0.6911057692307693 0.8016826923076923 0.030048076923076924 0.10817307692307693
0 0.3737980769230769 0.7163461538461539 0.026442307692307692 0.10336538461538461
0 0.37740384615384615 0.8461538461538461 0.027644230769230768 0.1045673076923077
0 0.3449519230769231 0.8305288461538461 0.027644230769230768 0.10817307692307693
0 0.3329326923076923 0.7139423076923077 0.025240384615384616 0.10697115384615384
0 0.25600961538461536 0.7127403846153846 0.028846153846153848 0.10096153846153846
0 0.22235576923076922 0.7151442307692307 0.025240384615384616 0.10096153846153846
0 0.31490384615384615 0.8365384615384616 0.027644230769230768 0.11057692307692307
0 0.2848557692307692 0.8449519230769231 0.026442307692307692 0.10336538461538461
0 0.13942307692307693 0.8473557692307693 0.028846153846153848 0.09735576923076923
0 0.10817307692307693 0.8497596153846154 0.027644230769230768 0.10697115384615384
0 0.07932692307692307 0.8509615384615384 0.025240384615384616 0.09615384615384616
0 0.046875 0.8485576923076923 0.03485576923076923 0.11298076923076923
0 0.015625 0.8509615384615384 0.03125 0.10576923076923077
0 0.04807692307692308 0.7247596153846154 0.030048076923076924 0.09975961538461539
0 0.015625 0.734375 0.030048076923076924 0.109375
0 0.07692307692307693 0.4675480769230769 0.026442307692307692 0.10096153846153846
0 0.10096153846153846 0.4855769230769231 0.028846153846153848 0.09495192307692307
0 0.13221153846153846 0.47475961538461536 0.027644230769230768 0.08653846153846154
0 0.1622596153846154 0.4795673076923077 0.027644230769230768 0.09615384615384616
0 0.19110576923076922 0.4795673076923077 0.027644230769230768 0.10697115384615384
0 0.21875 0.47115384615384615 0.028846153846153848 0.10697115384615384
0 0.24879807692307693 0.46274038461538464 0.027644230769230768 0.10697115384615384
0 0.28125 0.46153846153846156 0.030048076923076924 0.1045673076923077
0 0.3088942307692308 0.4483173076923077 0.027644230769230768 0.1045673076923077
0 0.3425480769230769 0.43509615384615385 0.027644230769230768 0.0985576923076923
0 0.3713942307692308 0.4519230769230769 0.025240384615384616 0.10096153846153846
0 0.7427884615384616 0.4182692307692308 0.028846153846153848 0.0985576923076923
0 0.7728365384615384 0.4110576923076923 0.030048076923076924 0.10576923076923077
0 0.8028846153846154 0.4110576923076923 0.028846153846153848 0.10096153846153846
0 0.8317307692307693 0.4206730769230769 0.030048076923076924 0.09735576923076923
0 0.8605769230769231 0.4182692307692308 0.03245192307692308 0.09615384615384616
0 0.8918269230769231 0.41346153846153844 0.03245192307692308 0.109375
0 0.9206730769230769 0.4110576923076923 0.03365384615384615 0.10336538461538461
0 0.984375 0.12860576923076922 0.028846153846153848 0.11538461538461539
0 0.9567307692307693 0.13942307692307693 0.036057692307692304 0.10817307692307693
0 0.9242788461538461 0.14182692307692307 0.027644230769230768 0.1045673076923077
0 0.8942307692307693 0.14182692307692307 0.03245192307692308 0.10096153846153846
0 0.8629807692307693 0.15264423076923078 0.027644230769230768 0.10336538461538461
0 0.8341346153846154 0.15745192307692307 0.03125 0.10336538461538461
0 0.8052884615384616 0.140625 0.030048076923076924 0.10576923076923077
0 0.7740384615384616 0.1502403846153846 0.03125 0.10096153846153846
0 0.7463942307692307 0.14543269230769232 0.027644230769230768 0.1045673076923077
0 0.7127403846153846 0.14182692307692307 0.030048076923076924 0.09975961538461539
0 0.6838942307692307 0.14423076923076922 0.026442307692307692 0.09975961538461539
0 0.65625 0.19951923076923078 0.027644230769230768 0.09615384615384616
0 0.6274038461538461 0.15745192307692307 0.027644230769230768 0.0985576923076923