0 0.6466346153846154 0.3605769230769231 0.030048076923076924 0.10697115384615384
0 0.640625 0.5096153846153846 0.03125 0.109375
0 0.6887019230769231 0.6899038461538461 0.06850961538461539 0.07451923076923077
0 0.6334134615384616 0.6418269230769231 0.030048076923076924 0.10817307692307693
0 0.6346153846153846 0.7956730769230769 0.03125 0.11298076923076923
0 0.48197115384615385 0.8401442307692307 0.0625 0.0625
0 0.49038461538461536 0.6670673076923077 0.05048076923076923 0.052884615384615384
0 0.4855769230769231 0.43509615384615385 0.057692307692307696 0.056490384615384616
0 0.49759615384615385 0.3737980769230769 0.056490384615384616 0.052884615384615384
0 0.5024038461538461 0.25961538461538464 0.054086538461538464 0.054086538461538464
0 0.5072115384615384 0.203125 0.04567307692307692 0.046875
0 0.6574519230769231 0.05048076923076923 0.030048076923076924 0.10096153846153846
0 0.4987980769230769 0.14543269230769232 0.055288461538461536 0.051682692307692304
0 0.49399038461538464 0.08653846153846154 0.05889423076923077 0.05048076923076923
0 0.4963942307692308 0.030048076923076924 0.055288461538461536 0.06009615384615385
0 0.36177884615384615 0.03365384615384615 0.06129807692307692 0.06490384615384616
0 0.3605769230769231 0.203125 0.056490384615384616 0.06490384615384616
0 0.3605769230769231 0.2644230769230769 0.056490384615384616 0.06971153846153846
0 0.34615384615384615 0.6177884615384616 0.05889423076923077 0.06971153846153846
0 0.3449519230769231 0.7355769230769231 0.06610576923076923 0.07932692307692307
0 0.24278846153846154 0.02403846153846154 0.06370192307692307 0.04807692307692308
0 0.234375 0.07692307692307693 0.06129807692307692 0.078125
0 0.23798076923076922 0.14302884615384615 0.06490384615384616 0.08173076923076923
0 0.23197115384615385 0.2091346153846154 0.06370192307692307 0.07692307692307693
0 0.22956730769230768 0.2704326923076923 0.056490384615384616 0.0829326923076923
0 0.2283653846153846 0.34975961538461536 0.0625 0.07091346153846154
0 0.2283653846153846 0.41225961538461536 0.06610576923076923 0.07932692307692307
0 0.22235576923076922 0.47836538461538464 0.05889423076923077 0.0733173076923077
0 0.22115384615384615 0.5360576923076923 0.05889423076923077 0.078125
0 0.22235576923076922 0.6045673076923077 0.06370192307692307 0.0625
0 0.21995192307692307 0.6706730769230769 0.06490384615384616 0.07692307692307693
0 0.21875 0.7475961538461539 0.05889423076923077 0.06610576923076923
0 0.21514423076923078 0.8125 0.0625 0.07451923076923077
0 0.2127403846153846 0.8810096153846154 0.06370192307692307 0.08052884615384616
0 0.2091346153846154 0.9411057692307693 0.06610576923076923 0.08774038461538461
0 0.20432692307692307 0.9795673076923077 0.05889423076923077 0.037259615384615384