0 0.04326923076923077 0.026442307692307692 0.08413461538461539 0.052884615384615384
0 0.1201923076923077 0.027644230769230768 0.08173076923076923 0.055288461538461536
0 0.2980769230769231 0.02403846153846154 0.07932692307692307 0.046875
0 0.39903846153846156 0.02403846153846154 0.07451923076923077 0.04807692307692308
0 0.4855769230769231 0.025240384615384616 0.06971153846153846 0.05048076923076923
0 0.6189903846153846 0.03125 0.07451923076923077 0.0625
0 0.9507211538461539 0.055288461538461536 0.06971153846153846 0.07211538461538461
0 0.9759615384615384 0.3485576923076923 0.03485576923076923 0.11899038461538461
0 0.9951923076923077 0.35336538461538464 0.007211538461538462 0.11899038461538461
0 0.9411057692307693 0.36538461538461536 0.039663461538461536 0.12860576923076922
0 0.8990384615384616 0.35336538461538464 0.03485576923076923 0.140625
0 0.8653846153846154 0.35096153846153844 0.03485576923076923 0.11658653846153846
0 0.8329326923076923 0.35096153846153844 0.030048076923076924 0.1310096153846154
0 0.8028846153846154 0.359375 0.04567307692307692 0.14423076923076922
0 0.7560096153846154 0.3473557692307692 0.03485576923076923 0.12740384615384615
0 0.7247596153846154 0.3389423076923077 0.03365384615384615 0.12620192307692307
0 0.6826923076923077 0.3317307692307692 0.03485576923076923 0.13221153846153846
0 0.6442307692307693 0.35096153846153844 0.03125 0.12860576923076922
0 0.6057692307692307 0.3293269230769231 0.03245192307692308 0.13581730769230768
0 0.5697115384615384 0.33413461538461536 0.030048076923076924 0.1310096153846154
0 0.5276442307692307 0.3329326923076923 0.03365384615384615 0.13942307692307693
0 0.49038461538461536 0.33413461538461536 0.03245192307692308 0.13942307692307693
0 0.4495192307692308 0.3269230769230769 0.03245192307692308 0.13341346153846154
0 0.41225961538461536 0.33774038461538464 0.03245192307692308 0.13942307692307693
0 0.36899038461538464 0.3269230769230769 0.03365384615384615 0.1310096153846154
0 0.3245192307692308 0.31490384615384615 0.03125 0.11778846153846154
0 0.2860576923076923 0.3293269230769231 0.03245192307692308 0.13701923076923078
0 0.2403846153846154 0.33774038461538464 0.036057692307692304 0.12620192307692307
0 0.23798076923076922 0.4831730769230769 0.040865384615384616 0.13942307692307693
0 0.3004807692307692 0.6213942307692307 0.038461538461538464 0.1141826923076923
0 0.3389423076923077 0.6358173076923077 0.04326923076923077 0.1310096153846154
0 0.375 0.6225961538461539 0.040865384615384616 0.11538461538461539
0 0.5396634615384616 0.6274038461538461 0.04447115384615385 0.1310096153846154
0 0.5769230769230769 0.6310096153846154 0.04326923076923077 0.12740384615384615
0 0.6129807692307693 0.625 0.04567307692307692 0.13341346153846154
0 0.6598557692307693 0.6322115384615384 0.04326923076923077 0.1310096153846154
0 0.8425480769230769 0.6334134615384616 0.04567307692307692 0.12139423076923077
0 0.9158653846153846 0.6310096153846154 0.04567307692307692 0.12740384615384615
0 0.9543269230769231 0.6418269230769231 0.04326923076923077 0.11899038461538461
0 0.7980769230769231 0.8918269230769231 0.052884615384615384 0.12620192307692307
0 0.7115384615384616 0.8870192307692307 0.055288461538461536 0.12860576923076922
0 0.6694711538461539 0.8918269230769231 0.05048076923076923 0.12259615384615384
0 0.5372596153846154 0.8918269230769231 0.056490384615384616 0.1466346153846154
0 0.4855769230769231 0.9086538461538461 0.04567307692307692 0.140625
0 0.44471153846153844 0.8954326923076923 0.04807692307692308 0.12259615384615384
0 0.39663461538461536 0.9026442307692307 0.04807692307692308 0.1310096153846154
0 0.3112980769230769 0.8930288461538461 0.04807692307692308 0.11538461538461539
0 0.2704326923076923 0.8822115384615384 0.04447115384615385 0.13701923076923078
0 0.22596153846153846 0.890625 0.046875 0.12620192307692307
0 0.18870192307692307 0.8774038461538461 0.04807692307692308 0.12259615384615384
0 0.1502403846153846 0.8629807692307693 0.04927884615384615 0.12259615384615384