0 0.44591346153846156 0.5072115384615384 0.06370192307692307 0.04567307692307692
0 0.4495192307692308 0.5697115384615384 0.06129807692307692 0.05048076923076923
0 0.453125 0.6262019230769231 0.057692307692307696 0.04447115384615385
0 0.5204326923076923 0.9915865384615384 0.056490384615384616 0.014423076923076924
0 0.4579326923076923 0.9915865384615384 0.05889423076923077 0.014423076923076924
0 0.5252403846153846 0.9543269230769231 0.05889423076923077 0.05048076923076923
0 0.6742788461538461 0.9555288461538461 0.06129807692307692 0.04807692307692308
0 0.6754807692307693 0.9915865384615384 0.054086538461538464 0.01201923076923077
0 0.7367788461538461 0.9903846153846154 0.052884615384615384 0.016826923076923076
0 0.8822115384615384 0.9915865384615384 0.052884615384615384 0.014423076923076924
0 0.5024038461538461 0.7211538461538461 0.025240384615384616 0.12139423076923077
0 0.5336538461538461 0.7127403846153846 0.02403846153846154 0.11298076923076923
0 0.5661057692307693 0.7151442307692307 0.025240384615384616 0.09735576923076923
0 0.5985576923076923 0.7079326923076923 0.027644230769230768 0.10576923076923077
0 0.6286057692307693 0.7151442307692307 0.026442307692307692 0.10697115384615384
0 0.6598557692307693 0.7163461538461539 0.027644230769230768 0.10096153846153846
0 0.6923076923076923 0.7151442307692307 0.025240384615384616 0.09975961538461539
0 0.7211538461538461 0.7115384615384616 0.025240384615384616 0.10336538461538461
0 0.44350961538461536 0.24158653846153846 0.05889423076923077 0.052884615384615384
0 0.4483173076923077 0.2956730769230769 0.05889423076923077 0.05048076923076923
0 0.4483173076923077 0.35096153846153844 0.0673076923076923 0.05048076923076923
0 0.45552884615384615 0.40384615384615385 0.05889423076923077 0.04567307692307692
0 0.4495192307692308 0.45552884615384615 0.057692307692307696 0.046875
0 0.4519230769230769 0.9567307692307693 0.057692307692307696 0.04807692307692308
0 0.2980769230769231 0.7331730769230769 0.056490384615384616 0.05048076923076923
0 0.29927884615384615 0.6730769230769231 0.054086538461538464 0.046875
0 0.296875 0.6189903846153846 0.06009615384615385 0.05048076923076923
0 0.2980769230769231 0.5625 0.06370192307692307 0.054086538461538464
0 0.2932692307692308 0.5072115384615384 0.0625 0.05048076923076923
0 0.2932692307692308 0.4543269230769231 0.055288461538461536 0.04567307692307692
0 0.30528846153846156 0.40024038461538464 0.056490384615384616 0.051682692307692304
0 0.30528846153846156 0.3425480769230769 0.05889423076923077 0.051682692307692304
0 0.3004807692307692 0.29086538461538464 0.057692307692307696 0.04807692307692308
0 0.3016826923076923 0.23557692307692307 0.056490384615384616 0.051682692307692304
0 0.3004807692307692 0.1814903846153846 0.056490384615384616 0.04807692307692308
0 0.4326923076923077 0.18509615384615385 0.05889423076923077 0.051682692307692304
0 0.44711538461538464 0.1346153846153846 0.056490384615384616 0.05048076923076923
0 0.4423076923076923 0.08173076923076923 0.06370192307692307 0.046875
0 0.43990384615384615 0.03245192307692308 0.06129807692307692 0.042067307692307696
0 0.30288461538461536 0.028846153846153848 0.055288461538461536 0.05048076923076923
0 0.3004807692307692 0.07932692307692307 0.06009615384615385 0.04807692307692308
0 0.30288461538461536 0.12860576923076922 0.056490384615384616 0.04807692307692308
0 0.1622596153846154 0.22115384615384615 0.052884615384615384 0.04807692307692308
0 0.15985576923076922 0.27403846153846156 0.057692307692307696 0.04807692307692308
0 0.15865384615384615 0.3269230769230769 0.05889423076923077 0.04567307692307692
0 0.75 0.7211538461538461 0.027644230769230768 0.10817307692307693
0 0.78125 0.7151442307692307 0.027644230769230768 0.10697115384615384
0 0.8088942307692307 0.7019230769230769 0.027644230769230768 0.109375
0 0.8425480769230769 0.6947115384615384 0.030048076923076924 0.109375
0 0.8918269230769231 0.7788461538461539 0.06370192307692307 0.051682692307692304
0 0.8894230769230769 0.8413461538461539 0.056490384615384616 0.04447115384615385
0 0.8918269230769231 0.8954326923076923 0.06129807692307692 0.04807692307692308
0 0.8822115384615384 0.9555288461538461 0.06009615384615385 0.052884615384615384
0 0.15745192307692307 0.4338942307692308 0.06370192307692307 0.04807692307692308
0 0.15504807692307693 0.38341346153846156 0.07091346153846154 0.05048076923076923
0 0.16947115384615385 0.16346153846153846 0.05889423076923077 0.052884615384615384
0 0.16826923076923078 0.11057692307692307 0.06490384615384616 0.046875
0 0.17067307692307693 0.06370192307692307 0.05889423076923077 0.04567307692307692
0 0.16947115384615385 0.020432692307692308 0.055288461538461536 0.040865384615384616
0 0.1622596153846154 0.6490384615384616 0.06129807692307692 0.04807692307692308
0 0.15985576923076922 0.7043269230769231 0.05889423076923077 0.04567307692307692
0 0.15384615384615385 0.7668269230769231 0.056490384615384616 0.046875
0 0.1502403846153846 0.8221153846153846 0.06971153846153846 0.046875
0 0.15504807692307693 0.8810096153846154 0.06610576923076923 0.04807692307692308
0 0.15504807692307693 0.9302884615384616 0.06370192307692307 0.04447115384615385
0 0.15504807692307693 0.9795673076923077 0.06370192307692307 0.038461538461538464
0 0.3112980769230769 0.9555288461538461 0.06129807692307692 0.04807692307692308
0 0.3137019230769231 0.9927884615384616 0.06129807692307692 0.010817307692307692
0 0.44471153846153844 0.7427884615384616 0.06370192307692307 0.052884615384615384
0 0.44591346153846156 0.6838942307692307 0.06129807692307692 0.05048076923076923
0 0.7379807692307693 0.9519230769230769 0.05048076923076923 0.04807692307692308
0 0.15985576923076922 0.49038461538461536 0.056490384615384616 0.04807692307692308
0 0.15504807692307693 0.5432692307692307 0.0625 0.046875