0 0.671875 0.021634615384615384 0.03125 0.04326923076923077
0 0.6682692307692307 0.10817307692307693 0.03125 0.11538461538461539
0 0.671875 0.25721153846153844 0.027644230769230768 0.11899038461538461
0 0.6682692307692307 0.4098557692307692 0.030048076923076924 0.11899038461538461
0 0.8293269230769231 0.6526442307692307 0.057692307692307696 0.06009615384615385
0 0.6634615384615384 0.5480769230769231 0.030048076923076924 0.11298076923076923
0 0.6550480769230769 0.7067307692307693 0.026442307692307692 0.11057692307692307
0 0.5264423076923077 0.13581730769230768 0.05048076923076923 0.054086538461538464
0 0.5228365384615384 0.30649038461538464 0.05889423076923077 0.055288461538461536
0 0.5168269230769231 0.4723557692307692 0.055288461538461536 0.04807692307692308
0 0.5192307692307693 0.5324519230769231 0.05889423076923077 0.04447115384615385
0 0.5204326923076923 0.5877403846153846 0.05889423076923077 0.055288461538461536
0 0.5192307692307693 0.6430288461538461 0.05889423076923077 0.051682692307692304
0 0.515625 0.7019230769230769 0.06009615384615385 0.046875
0 0.5144230769230769 0.7572115384615384 0.06129807692307692 0.051682692307692304
0 0.5096153846153846 0.8125 0.06370192307692307 0.05048076923076923
0 0.5096153846153846 0.8713942307692307 0.06129807692307692 0.05048076923076923
0 0.5072115384615384 0.9254807692307693 0.06129807692307692 0.051682692307692304
0 0.5048076923076923 0.9783653846153846 0.05889423076923077 0.040865384615384616
0 0.37740384615384615 0.6069711538461539 0.057692307692307696 0.06850961538461539
0 0.3858173076923077 0.20192307692307693 0.06370192307692307 0.078125
0 0.3870192307692308 0.08653846153846154 0.05889423076923077 0.07451923076923077
0 0.3713942307692308 0.9002403846153846 0.055288461538461536 0.06610576923076923
0 0.3713942307692308 0.953125 0.06129807692307692 0.0625
0 0.2668269230769231 0.02283653846153846 0.055288461538461536 0.04567307692307692
0 0.2644230769230769 0.0733173076923077 0.06129807692307692 0.07091346153846154
0 0.265625 0.14423076923076922 0.05889423076923077 0.078125
0 0.25961538461538464 0.2127403846153846 0.0625 0.06850961538461539
0 0.25961538461538464 0.27524038461538464 0.06370192307692307 0.07692307692307693
0 0.25961538461538464 0.3485576923076923 0.0625 0.078125
0 0.2536057692307692 0.4074519230769231 0.06370192307692307 0.0829326923076923
0 0.25 0.4675480769230769 0.06370192307692307 0.08413461538461539
0 0.25600961538461536 0.5372596153846154 0.06370192307692307 0.07932692307692307
0 0.2536057692307692 0.6129807692307693 0.052884615384615384 0.06370192307692307
0 0.24759615384615385 0.6754807692307693 0.057692307692307696 0.07211538461538461
0 0.24158653846153846 0.7391826923076923 0.055288461538461536 0.06009615384615385
0 0.24639423076923078 0.8064903846153846 0.056490384615384616 0.06971153846153846
0 0.24519230769230768 0.8725961538461539 0.05889423076923077 0.06850961538461539
0 0.24278846153846154 0.9302884615384616 0.052884615384615384 0.06971153846153846
0 0.24278846153846154 0.9795673076923077 0.06129807692307692 0.037259615384615384