0 0.5372596153846154 0.030048076923076924 0.03125 0.06009615384615385
0 0.5384615384615384 0.12259615384615384 0.027644230769230768 0.10697115384615384
0 0.49278846153846156 0.3016826923076923 0.04927884615384615 0.04567307692307692
0 0.5408653846153846 0.23798076923076922 0.02403846153846154 0.10096153846153846
0 0.4807692307692308 0.06850961538461539 0.05889423076923077 0.05048076923076923
0 0.48197115384615385 0.12259615384615384 0.06009615384615385 0.051682692307692304
0 0.49278846153846156 0.16826923076923078 0.05889423076923077 0.056490384615384616
0 0.4891826923076923 0.23918269230769232 0.05889423076923077 0.05048076923076923
0 0.49038461538461536 0.3557692307692308 0.046875 0.042067307692307696
0 0.5456730769230769 0.3641826923076923 0.026442307692307692 0.11778846153846154
0 0.4963942307692308 0.4098557692307692 0.06610576923076923 0.054086538461538464
0 0.65625 0.0625 0.06370192307692307 0.054086538461538464
0 0.6646634615384616 0.11899038461538461 0.06129807692307692 0.052884615384615384
0 0.4987980769230769 0.47836538461538464 0.056490384615384616 0.05048076923076923
0 0.5504807692307693 0.49038461538461536 0.027644230769230768 0.10817307692307693
0 0.3137019230769231 0.484375 0.06610576923076923 0.05048076923076923
0 0.3125 0.4254807692307692 0.052884615384615384 0.046875
0 0.3088942307692308 0.31009615384615385 0.06971153846153846 0.051682692307692304
0 0.3173076923076923 0.3713942307692308 0.06370192307692307 0.04807692307692308
0 0.2980769230769231 0.8665865384615384 0.06850961538461539 0.06129807692307692
0 0.6490384615384616 0.28846153846153844 0.0625 0.051682692307692304
0 0.6622596153846154 0.2247596153846154 0.06129807692307692 0.054086538461538464
0 0.6610576923076923 0.16826923076923078 0.051682692307692304 0.046875
0 0.6550480769230769 0.3473557692307692 0.06370192307692307 0.04567307692307692
0 0.6574519230769231 0.39903846153846156 0.06490384615384616 0.056490384615384616
0 0.6598557692307693 0.4567307692307692 0.06129807692307692 0.051682692307692304
0 0.6694711538461539 0.5108173076923077 0.06129807692307692 0.054086538461538464
0 0.6682692307692307 0.5697115384615384 0.06129807692307692 0.06009615384615385
0 0.6706730769230769 0.625 0.06129807692307692 0.046875
0 0.6694711538461539 0.6790865384615384 0.06009615384615385 0.054086538461538464
0 0.6682692307692307 0.7391826923076923 0.06610576923076923 0.052884615384615384
0 0.3137019230769231 0.25240384615384615 0.052884615384615384 0.04447115384615385
0 0.3112980769230769 0.1935096153846154 0.05889423076923077 0.04807692307692308
0 0.3016826923076923 0.1310096153846154 0.07211538461538461 0.06009615384615385
0 0.2920673076923077 0.0733173076923077 0.06610576923076923 0.051682692307692304
0 0.29086538461538464 0.026442307692307692 0.0673076923076923 0.052884615384615384
0 0.3016826923076923 0.6081730769230769 0.07091346153846154 0.0625
0 0.3004807692307692 0.5444711538461539 0.05889423076923077 0.046875
0 0.4807692307692308 0.018028846153846152 0.06610576923076923 0.036057692307692304
0 0.6838942307692307 0.9350961538461539 0.03125 0.11298076923076923
0 0.6478365384615384 0.9555288461538461 0.027644230769230768 0.08413461538461539
0 0.6177884615384616 0.9579326923076923 0.03245192307692308 0.07932692307692307
0 0.5853365384615384 0.9663461538461539 0.027644230769230768 0.0625
0 0.5552884615384616 0.9639423076923077 0.030048076923076924 0.06971153846153846
0 0.5192307692307693 0.9711538461538461 0.027644230769230768 0.054086538461538464
0 0.4891826923076923 0.9759615384615384 0.027644230769230768 0.04326923076923077
0 0.4567307692307692 0.9711538461538461 0.028846153846153848 0.054086538461538464
0 0.4230769230769231 0.9783653846153846 0.028846153846153848 0.042067307692307696
0 0.3004807692307692 0.9074519230769231 0.06850961538461539 0.06009615384615385
0 0.3004807692307692 0.9675480769230769 0.06971153846153846 0.056490384615384616
0 0.6466346153846154 0.016826923076923076 0.0625 0.03365384615384615
0 0.4963942307692308 0.5372596153846154 0.06370192307692307 0.052884615384615384
0 0.5024038461538461 0.5925480769230769 0.07451923076923077 0.06370192307692307
0 0.09375 0.9807692307692307 0.06850961538461539 0.036057692307692304