0 0.08653846153846154 0.17668269230769232 0.05048076923076923 0.16826923076923078
0 0.13701923076923078 0.171875 0.05048076923076923 0.1658653846153846
0 0.18028846153846154 0.18990384615384615 0.04807692307692308 0.16346153846153846
0 0.2247596153846154 0.19110576923076922 0.04927884615384615 0.1622596153846154
0 0.2776442307692308 0.18509615384615385 0.04927884615384615 0.16826923076923078
0 0.3233173076923077 0.19110576923076922 0.04326923076923077 0.1502403846153846
0 0.37259615384615385 0.1814903846153846 0.04807692307692308 0.17307692307692307
0 0.421875 0.18870192307692307 0.042067307692307696 0.16105769230769232
0 0.4699519230769231 0.19471153846153846 0.038461538461538464 0.15865384615384615
0 0.5180288461538461 0.20793269230769232 0.042067307692307696 0.15865384615384615
0 0.5661057692307693 0.21634615384615385 0.04326923076923077 0.15504807692307693
0 0.6189903846153846 0.23197115384615385 0.042067307692307696 0.16105769230769232
0 0.6634615384615384 0.24278846153846154 0.039663461538461536 0.15985576923076922
0 0.7103365384615384 0.24759615384615385 0.042067307692307696 0.16826923076923078
0 0.7548076923076923 0.25 0.04447115384615385 0.1778846153846154
0 0.8052884615384616 0.25600961538461536 0.042067307692307696 0.15745192307692307
0 0.8545673076923077 0.27403846153846156 0.04567307692307692 0.1658653846153846
0 0.8990384615384616 0.25961538461538464 0.046875 0.13701923076923078
0 0.9855769230769231 0.27403846153846156 0.027644230769230768 0.15384615384615385
0 0.9459134615384616 0.27403846153846156 0.04807692307692308 0.16947115384615385
0 0.9759615384615384 0.7620192307692307 0.04567307692307692 0.1778846153846154
0 0.8894230769230769 0.7199519230769231 0.04567307692307692 0.1875
0 0.7944711538461539 0.7079326923076923 0.046875 0.17307692307692307
0 0.7463942307692307 0.7115384615384616 0.04567307692307692 0.16947115384615385
0 0.6971153846153846 0.7079326923076923 0.046875 0.16826923076923078
0 0.6514423076923077 0.6802884615384616 0.042067307692307696 0.1502403846153846
0 0.6009615384615384 0.6947115384615384 0.04326923076923077 0.17307692307692307
0 0.5528846153846154 0.6862980769230769 0.04326923076923077 0.17067307692307693
0 0.5024038461538461 0.6802884615384616 0.04326923076923077 0.16346153846153846
0 0.453125 0.6682692307692307 0.04567307692307692 0.16826923076923078
0 0.4026442307692308 0.6766826923076923 0.04567307692307692 0.16826923076923078
0 0.3473557692307692 0.6706730769230769 0.04447115384615385 0.16947115384615385
0 0.3016826923076923 0.6574519230769231 0.042067307692307696 0.15384615384615385
0 0.25600961538461536 0.6574519230769231 0.04567307692307692 0.1502403846153846
0 0.20432692307692307 0.6418269230769231 0.04927884615384615 0.16706730769230768
0 0.15745192307692307 0.6490384615384616 0.04447115384615385 0.1310096153846154
0 0.11177884615384616 0.6394230769230769 0.04807692307692308 0.16346153846153846
0 0.06370192307692307 0.6081730769230769 0.04807692307692308 0.16105769230769232
0 0.021634615384615384 0.6189903846153846 0.04326923076923077 0.15985576923076922