0 0.6189903846153846 0.22956730769230768 0.04567307692307692 0.18028846153846154
0 0.6682692307692307 0.22115384615384615 0.04567307692307692 0.15865384615384615
0 0.5685096153846154 0.22596153846153846 0.039663461538461536 0.14182692307692307
0 0.5204326923076923 0.24639423076923078 0.039663461538461536 0.17548076923076922
0 0.46634615384615385 0.23557692307692307 0.042067307692307696 0.15985576923076922
0 0.4110576923076923 0.2403846153846154 0.040865384615384616 0.18629807692307693
0 0.36658653846153844 0.24639423076923078 0.040865384615384616 0.171875
0 0.31850961538461536 0.2512019230769231 0.038461538461538464 0.1622596153846154
0 0.27403846153846156 0.2512019230769231 0.042067307692307696 0.15865384615384615
0 0.21875 0.24639423076923078 0.04447115384615385 0.15384615384615385
0 0.17307692307692307 0.24639423076923078 0.04447115384615385 0.15865384615384615
0 0.12860576923076922 0.24158653846153846 0.04567307692307692 0.15504807692307693
0 0.08052884615384616 0.2439903846153846 0.04447115384615385 0.15865384615384615
0 0.028846153846153848 0.24639423076923078 0.055288461538461536 0.171875
0 0.7644230769230769 0.21514423076923078 0.04567307692307692 0.15865384615384615
0 0.8088942307692307 0.22235576923076922 0.046875 0.16105769230769232
0 0.859375 0.21514423076923078 0.04807692307692308 0.1622596153846154
0 0.9086538461538461 0.2536057692307692 0.05048076923076923 0.1658653846153846
0 0.9591346153846154 0.25 0.056490384615384616 0.17307692307692307
0 0.8762019230769231 0.7115384615384616 0.051682692307692304 0.16826923076923078
0 0.828125 0.6790865384615384 0.04567307692307692 0.1658653846153846
0 0.6742788461538461 0.7331730769230769 0.046875 0.1814903846153846
0 0.5745192307692307 0.7043269230769231 0.037259615384615384 0.1935096153846154
0 0.4723557692307692 0.7079326923076923 0.038461538461538464 0.18028846153846154
0 0.4182692307692308 0.7211538461538461 0.039663461538461536 0.17548076923076922
0 0.36899038461538464 0.7223557692307693 0.042067307692307696 0.171875
0 0.31850961538461536 0.6971153846153846 0.040865384615384616 0.15384615384615385
0 0.2692307692307692 0.7163461538461539 0.04567307692307692 0.17668269230769232
0 0.22235576923076922 0.7175480769230769 0.042067307692307696 0.16706730769230768
0 0.171875 0.7211538461538461 0.04927884615384615 0.16947115384615385
0 0.12620192307692307 0.7139423076923077 0.05048076923076923 0.17067307692307693
0 0.07572115384615384 0.7295673076923077 0.05048076923076923 0.16947115384615385
0 0.025240384615384616 0.7295673076923077 0.05048076923076923 0.17067307692307693