0 0.33774038461538464 0.890625 0.03245192307692308 0.13221153846153846
0 0.38461538461538464 0.8846153846153846 0.03365384615384615 0.14423076923076922
0 0.42908653846153844 0.8689903846153846 0.03245192307692308 0.12740384615384615
0 0.4735576923076923 0.8786057692307693 0.036057692307692304 0.1346153846153846
0 0.3942307692307692 0.5432692307692307 0.08052884615384616 0.06610576923076923
0 0.4987980769230769 0.5408653846153846 0.07572115384615384 0.05889423076923077
0 0.3401442307692308 0.9855769230769231 0.037259615384615384 0.02403846153846154
0 0.5192307692307693 0.8894230769230769 0.03245192307692308 0.1502403846153846
0 0.5576923076923077 0.875 0.03485576923076923 0.14543269230769232
0 0.5997596153846154 0.8846153846153846 0.037259615384615384 0.140625
0 0.6370192307692307 0.8762019230769231 0.03245192307692308 0.14423076923076922
0 0.9146634615384616 0.8942307692307693 0.056490384615384616 0.16706730769230768
0 0.5925480769230769 0.5444711538461539 0.06850961538461539 0.06490384615384616
0 0.20432692307692307 0.5504807692307693 0.07692307692307693 0.06850961538461539
0 0.12620192307692307 0.5444711538461539 0.07692307692307693 0.056490384615384616
0 0.9459134615384616 0.8725961538461539 0.039663461538461536 0.14182692307692307
0 0.9807692307692307 0.8713942307692307 0.037259615384615384 0.13221153846153846
0 0.6778846153846154 0.875 0.03245192307692308 0.13221153846153846
0 0.7163461538461539 0.8677884615384616 0.03245192307692308 0.14302884615384615
0 0.7536057692307693 0.8870192307692307 0.03245192307692308 0.1346153846153846
0 0.7932692307692307 0.8677884615384616 0.036057692307692304 0.14182692307692307
0 0.8329326923076923 0.8689903846153846 0.03485576923076923 0.13221153846153846
0 0.8677884615384616 0.875 0.03485576923076923 0.13341346153846154
0 0.7307692307692307 0.5516826923076923 0.07211538461538461 0.05889423076923077