0 0.4375 0.5264423076923077 0.04807692307692308 0.0829326923076923
0 0.46274038461538464 0.4891826923076923 0.052884615384615384 0.09254807692307693
0 0.5048076923076923 0.4795673076923077 0.057692307692307696 0.0985576923076923
0 0.41947115384615385 0.5661057692307693 0.054086538461538464 0.0985576923076923
0 0.484375 0.6045673076923077 0.056490384615384616 0.09254807692307693
0 0.5817307692307693 0.3317307692307692 0.054086538461538464 0.09495192307692307
0 0.28725961538461536 0.2668269230769231 0.04807692307692308 0.08653846153846154
0 0.3076923076923077 0.22355769230769232 0.051682692307692304 0.09495192307692307
0 0.24759615384615385 0.4987980769230769 0.057692307692307696 0.10096153846153846
0 0.2668269230769231 0.4675480769230769 0.055288461538461536 0.09735576923076923
0 0.29086538461538464 0.4266826923076923 0.04927884615384615 0.09254807692307693
0 0.3112980769230769 0.3894230769230769 0.04927884615384615 0.08653846153846154
0 0.44350961538461536 0.6887019230769231 0.055288461538461536 0.09134615384615384
0 0.4675480769230769 0.6514423076923077 0.055288461538461536 0.09134615384615384
0 0.375 0.6502403846153846 0.05048076923076923 0.09134615384615384
0 0.39302884615384615 0.5997596153846154 0.054086538461538464 0.09495192307692307
0 0.35336538461538464 0.22235576923076922 0.052884615384615384 0.09134615384615384
0 0.33774038461538464 0.3485576923076923 0.051682692307692304 0.09254807692307693
0 0.3557692307692308 0.3016826923076923 0.055288461538461536 0.09615384615384616
0 0.2668269230769231 0.30528846153846156 0.055288461538461536 0.10096153846153846
0 0.24278846153846154 0.34615384615384615 0.05048076923076923 0.09615384615384616
0 0.21995192307692307 0.3870192307692308 0.05048076923076923 0.09615384615384616
0 0.20192307692307693 0.43028846153846156 0.04927884615384615 0.09014423076923077
0 0.22355769230769232 0.5456730769230769 0.05048076923076923 0.09495192307692307
0 0.17548076923076922 0.46274038461538464 0.046875 0.0889423076923077
0 0.15384615384615385 0.5060096153846154 0.051682692307692304 0.09735576923076923
0 0.20192307692307693 0.5829326923076923 0.05048076923076923 0.09134615384615384
0 0.1814903846153846 0.6310096153846154 0.054086538461538464 0.08774038461538461
0 0.1141826923076923 0.5949519230769231 0.055288461538461536 0.09735576923076923
0 0.16105769230769232 0.6766826923076923 0.054086538461538464 0.09735576923076923
0 0.13701923076923078 0.7091346153846154 0.052884615384615384 0.09735576923076923
0 0.08413461538461539 0.6225961538461539 0.05048076923076923 0.08774038461538461
0 0.06370192307692307 0.6694711538461539 0.05889423076923077 0.09615384615384616
0 0.12379807692307693 0.265625 0.052884615384615384 0.09134615384615384
0 0.06850961538461539 0.3485576923076923 0.055288461538461536 0.08774038461538461
0 0.4206730769230769 0.7259615384615384 0.054086538461538464 0.09254807692307693
0 0.40024038461538464 0.7620192307692307 0.04567307692307692 0.08413461538461539
0 0.44471153846153844 0.036057692307692304 0.052884615384615384 0.07211538461538461
0 0.6057692307692307 0.3004807692307692 0.04567307692307692 0.08052884615384616
0 0.5240384615384616 0.23197115384615385 0.057692307692307696 0.09975961538461539
0 0.5144230769230769 0.5661057692307693 0.04567307692307692 0.08052884615384616
0 0.3473557692307692 0.6802884615384616 0.052884615384615384 0.09615384615384616
0 0.5504807692307693 0.19951923076923078 0.056490384615384616 0.0985576923076923
0 0.5757211538461539 0.17067307692307693 0.052884615384615384 0.0889423076923077
0 0.5901442307692307 0.1310096153846154 0.057692307692307696 0.09735576923076923
0 0.6117788461538461 0.0889423076923077 0.055288461538461536 0.09014423076923077
0 0.6322115384615384 0.052884615384615384 0.052884615384615384 0.09014423076923077
0 0.6514423076923077 0.027644230769230768 0.04326923076923077 0.055288461538461536
0 0.3786057692307692 0.014423076923076924 0.036057692307692304 0.028846153846153848
0 0.46875 0.013221153846153846 0.040865384615384616 0.026442307692307692
0 0.6754807692307693 0.009615384615384616 0.03245192307692308 0.018028846153846152
0 0.6213942307692307 0.25721153846153844 0.054086538461538464 0.09134615384615384
0 0.640625 0.21394230769230768 0.052884615384615384 0.09254807692307693
0 0.6658653846153846 0.17908653846153846 0.052884615384615384 0.09014423076923077
0 0.6826923076923077 0.140625 0.05048076923076923 0.08413461538461539
0 0.7007211538461539 0.09975961538461539 0.051682692307692304 0.09254807692307693
0 0.7199519230769231 0.06129807692307692 0.051682692307692304 0.08653846153846154
0 0.7379807692307693 0.036057692307692304 0.04567307692307692 0.07211538461538461
0 0.7644230769230769 0.021634615384615384 0.038461538461538464 0.04326923076923077
0 0.6490384615384616 0.38341346153846156 0.04927884615384615 0.09254807692307693
0 0.3894230769230769 0.1778846153846154 0.051682692307692304 0.09254807692307693
0 0.040865384615384616 0.7139423076923077 0.056490384615384616 0.09975961538461539
0 0.02403846153846154 0.75 0.046875 0.09254807692307693
0 0.026442307692307692 0.4254807692307692 0.052884615384615384 0.09495192307692307
0 0.11538461538461539 0.7475961538461539 0.052884615384615384 0.0985576923076923
0 0.1346153846153846 0.5480769230769231 0.04807692307692308 0.08413461538461539
0 0.6862980769230769 0.5240384615384616 0.051682692307692304 0.09615384615384616
0 0.09254807692307693 0.7956730769230769 0.056490384615384616 0.09495192307692307
0 0.40024038461538464 0.390625 0.04326923076923077 0.10336538461538461
0 0.1346153846153846 0.8605769230769231 0.056490384615384616 0.10096153846153846
0 0.038461538461538464 0.8677884615384616 0.056490384615384616 0.09735576923076923
0 0.06971153846153846 0.8317307692307693 0.05889423076923077 0.09014423076923077
0 0.010817307692307692 0.7944711538461539 0.021634615384615384 0.07932692307692307
0 0.025240384615384616 0.9206730769230769 0.05048076923076923 0.10096153846153846
0 0.009615384615384616 0.9699519230769231 0.019230769230769232 0.055288461538461536
0 0.16706730769230768 0.9783653846153846 0.040865384615384616 0.040865384615384616
0 0.1971153846153846 0.9591346153846154 0.052884615384615384 0.078125
0 0.21995192307692307 0.9254807692307693 0.04807692307692308 0.08774038461538461
0 0.23798076923076922 0.8834134615384616 0.052884615384615384 0.09254807692307693
0 0.2608173076923077 0.8485576923076923 0.05048076923076923 0.09254807692307693
0 0.2824519230769231 0.8088942307692307 0.052884615384615384 0.09615384615384616
0 0.30408653846153844 0.7692307692307693 0.052884615384615384 0.09495192307692307
0 0.32572115384615385 0.7211538461538461 0.05889423076923077 0.09975961538461539
0 0.3737980769230769 0.8028846153846154 0.054086538461538464 0.09495192307692307
0 0.35216346153846156 0.8473557692307693 0.056490384615384616 0.09254807692307693
0 0.3293269230769231 0.8858173076923077 0.054086538461538464 0.09254807692307693
0 0.3112980769230769 0.921875 0.054086538461538464 0.09254807692307693
0 0.29086538461538464 0.9579326923076923 0.055288461538461536 0.07932692307692307
0 0.2644230769230769 0.9807692307692307 0.038461538461538464 0.03485576923076923
0 0.6165865384615384 0.7355769230769231 0.055288461538461536 0.09735576923076923
0 0.5889423076923077 0.7680288461538461 0.051682692307692304 0.09495192307692307
0 0.5697115384615384 0.8185096153846154 0.05048076923076923 0.0889423076923077
0 0.5456730769230769 0.8581730769230769 0.052884615384615384 0.09014423076923077
0 0.5204326923076923 0.9014423076923077 0.05048076923076923 0.09254807692307693
0 0.4951923076923077 0.9350961538461539 0.051682692307692304 0.09495192307692307
0 0.47475961538461536 0.9639423076923077 0.04927884615384615 0.06850961538461539
0 0.44591346153846156 0.9831730769230769 0.037259615384615384 0.030048076923076924
0 0.6490384615384616 0.8028846153846154 0.051682692307692304 0.09735576923076923
0 0.6694711538461539 0.8377403846153846 0.04326923076923077 0.0889423076923077
0 0.6911057692307693 0.8822115384615384 0.04567307692307692 0.08413461538461539
0 0.7091346153846154 0.921875 0.04807692307692308 0.09134615384615384
0 0.7752403846153846 0.9002403846153846 0.051682692307692304 0.09134615384615384
0 0.7980769230769231 0.8641826923076923 0.05048076923076923 0.08774038461538461
0 0.8185096153846154 0.8209134615384616 0.051682692307692304 0.09014423076923077
0 0.8401442307692307 0.7860576923076923 0.052884615384615384 0.09254807692307693
0 0.8605769230769231 0.7512019230769231 0.05889423076923077 0.09975961538461539
0 0.8774038461538461 0.7091346153846154 0.054086538461538464 0.09495192307692307
0 0.890625 0.6598557692307693 0.04807692307692308 0.09495192307692307
0 0.9122596153846154 0.6237980769230769 0.04927884615384615 0.09014423076923077
0 0.9326923076923077 0.5829326923076923 0.054086538461538464 0.09134615384615384
0 0.9567307692307693 0.5564903846153846 0.056490384615384616 0.0889423076923077
0 0.9711538461538461 0.5180288461538461 0.055288461538461536 0.09975961538461539
0 0.9831730769230769 0.48197115384615385 0.03125 0.08653846153846154
0 0.9915865384615384 0.42908653846153844 0.015625 0.05889423076923077
0 0.7319711538461539 0.6045673076923077 0.052884615384615384 0.0889423076923077
0 0.7536057692307693 0.5588942307692307 0.051682692307692304 0.0889423076923077
0 0.7019230769230769 0.4723557692307692 0.052884615384615384 0.09254807692307693
0 0.7235576923076923 0.43149038461538464 0.052884615384615384 0.09615384615384616
0 0.7463942307692307 0.39903846153846156 0.052884615384615384 0.09014423076923077
0 0.7764423076923077 0.5168269230769231 0.051682692307692304 0.09014423076923077
0 0.796875 0.4831730769230769 0.054086538461538464 0.09735576923076923
0 0.7668269230769231 0.3557692307692308 0.056490384615384616 0.09495192307692307
0 0.8149038461538461 0.4411057692307692 0.04807692307692308 0.0829326923076923
0 0.8353365384615384 0.40024038461538464 0.05889423076923077 0.0985576923076923
0 0.7860576923076923 0.31971153846153844 0.055288461538461536 0.09254807692307693
0 0.8497596153846154 0.35697115384615385 0.04567307692307692 0.0733173076923077
0 0.8064903846153846 0.2860576923076923 0.056490384615384616 0.09615384615384616
0 0.8245192307692307 0.2512019230769231 0.052884615384615384 0.09134615384615384
0 0.8377403846153846 0.20432692307692307 0.055288461538461536 0.08653846153846154
0 0.859375 0.1658653846153846 0.051682692307692304 0.08774038461538461
0 0.8798076923076923 0.125 0.06009615384615385 0.09134615384615384
0 0.8701923076923077 0.328125 0.05048076923076923 0.09014423076923077
0 0.8846153846153846 0.2860576923076923 0.04567307692307692 0.07932692307692307
0 0.9050480769230769 0.25240384615384615 0.04567307692307692 0.08653846153846154
0 0.9278846153846154 0.21394230769230768 0.055288461538461536 0.09014423076923077
0 0.8966346153846154 0.09254807692307693 0.05048076923076923 0.08052884615384616
0 0.9158653846153846 0.055288461538461536 0.057692307692307696 0.08774038461538461
0 0.9362980769230769 0.026442307692307692 0.051682692307692304 0.052884615384615384
0 0.9651442307692307 0.009615384615384616 0.030048076923076924 0.019230769230769232
0 0.9867788461538461 0.04447115384615385 0.025240384615384616 0.06370192307692307
0 0.9783653846153846 0.09254807692307693 0.042067307692307696 0.08052884615384616
0 0.9639423076923077 0.13581730769230768 0.057692307692307696 0.08774038461538461
0 0.9411057692307693 0.17067307692307693 0.04927884615384615 0.08653846153846154