0 0.39783653846153844 0.23076923076923078 0.056490384615384616 0.046875
0 0.4807692307692308 0.2247596153846154 0.057692307692307696 0.054086538461538464
0 0.4855769230769231 0.27884615384615385 0.06370192307692307 0.052884615384615384
0 0.4098557692307692 0.28846153846153844 0.06009615384615385 0.054086538461538464
0 0.41225961538461536 0.3401442307692308 0.06370192307692307 0.054086538461538464
0 0.4855769230769231 0.33413461538461536 0.06009615384615385 0.05048076923076923
0 0.4855769230769231 0.3918269230769231 0.0625 0.04807692307692308
0 0.4110576923076923 0.40024038461538464 0.054086538461538464 0.04567307692307692
0 0.48197115384615385 0.4543269230769231 0.057692307692307696 0.05048076923076923
0 0.4891826923076923 0.5036057692307693 0.06129807692307692 0.051682692307692304
0 0.4074519230769231 0.45552884615384615 0.06490384615384616 0.051682692307692304
0 0.4230769230769231 0.5180288461538461 0.0625 0.05048076923076923
0 0.41947115384615385 0.5721153846153846 0.0625 0.051682692307692304
0 0.4723557692307692 0.171875 0.05048076923076923 0.052884615384615384
0 0.47475961538461536 0.1141826923076923 0.06129807692307692 0.056490384615384616
0 0.47596153846153844 0.06129807692307692 0.054086538461538464 0.05048076923076923
0 0.39663461538461536 0.06610576923076923 0.06129807692307692 0.055288461538461536
0 0.39663461538461536 0.12259615384615384 0.06610576923076923 0.054086538461538464
0 0.39663461538461536 0.17548076923076922 0.05889423076923077 0.04807692307692308
0 0.4891826923076923 0.5661057692307693 0.04927884615384615 0.046875
0 0.4963942307692308 0.625 0.06610576923076923 0.04807692307692308
0 0.40625 0.640625 0.06370192307692307 0.04567307692307692
0 0.4963942307692308 0.6802884615384616 0.05889423076923077 0.052884615384615384
0 0.4170673076923077 0.6935096153846154 0.05048076923076923 0.052884615384615384
0 0.4951923076923077 0.7403846153846154 0.052884615384615384 0.046875
0 0.4182692307692308 0.7512019230769231 0.06009615384615385 0.05048076923076923
0 0.4987980769230769 0.7956730769230769 0.0625 0.04807692307692308
0 0.4206730769230769 0.8052884615384616 0.06129807692307692 0.051682692307692304
0 0.42427884615384615 0.8641826923076923 0.057692307692307696 0.052884615384615384
0 0.5012019230769231 0.8557692307692307 0.06370192307692307 0.051682692307692304
0 0.35096153846153844 0.7980769230769231 0.03245192307692308 0.12139423076923077
0 0.42908653846153844 0.9194711538461539 0.05889423076923077 0.05048076923076923
0 0.34615384615384615 0.27884615384615385 0.030048076923076924 0.1045673076923077
0 0.5012019230769231 0.9122596153846154 0.0625 0.052884615384615384
0 0.5096153846153846 0.9651442307692307 0.06370192307692307 0.046875
0 0.4326923076923077 0.9747596153846154 0.06129807692307692 0.04567307692307692
0 0.625 0.055288461538461536 0.05889423076923077 0.052884615384615384
0 0.6935096153846154 0.052884615384615384 0.055288461538461536 0.055288461538461536
0 0.6947115384615384 0.10576923076923077 0.057692307692307696 0.04807692307692308
0 0.6274038461538461 0.10817307692307693 0.06009615384615385 0.046875
0 0.6322115384615384 0.16105769230769232 0.06370192307692307 0.051682692307692304
0 0.6995192307692307 0.16105769230769232 0.06129807692307692 0.051682692307692304
0 0.6947115384615384 0.21754807692307693 0.05889423076923077 0.05048076923076923
0 0.7019230769230769 0.26802884615384615 0.05889423076923077 0.04807692307692308
0 0.703125 0.31850961538461536 0.05889423076923077 0.051682692307692304
0 0.6322115384615384 0.22115384615384615 0.055288461538461536 0.05048076923076923
0 0.6274038461538461 0.2692307692307692 0.06129807692307692 0.051682692307692304
0 0.6334134615384616 0.328125 0.06370192307692307 0.054086538461538464
0 0.6358173076923077 0.3858173076923077 0.05889423076923077 0.054086538461538464
0 0.6418269230769231 0.44591346153846156 0.052884615384615384 0.05048076923076923
0 0.7103365384615384 0.4362980769230769 0.056490384615384616 0.046875
0 0.7115384615384616 0.49158653846153844 0.05889423076923077 0.05048076923076923
0 0.6418269230769231 0.49759615384615385 0.06129807692307692 0.051682692307692304
0 0.6442307692307693 0.5516826923076923 0.06370192307692307 0.05048076923076923
0 0.7091346153846154 0.5456730769230769 0.05048076923076923 0.05048076923076923
0 0.7163461538461539 0.6033653846153846 0.06009615384615385 0.055288461538461536
0 0.6442307692307693 0.6081730769230769 0.06129807692307692 0.04807692307692308
0 0.6430288461538461 0.6610576923076923 0.052884615384615384 0.04807692307692308
0 0.7151442307692307 0.6586538461538461 0.056490384615384616 0.04807692307692308
0 0.7151442307692307 0.7151442307692307 0.06129807692307692 0.051682692307692304
0 0.71875 0.7692307692307693 0.06129807692307692 0.054086538461538464
0 0.6526442307692307 0.7788461538461539 0.06129807692307692 0.054086538461538464
0 0.6466346153846154 0.7199519230769231 0.05889423076923077 0.052884615384615384
0 0.7223557692307693 0.8293269230769231 0.06129807692307692 0.054086538461538464
0 0.7223557692307693 0.8822115384615384 0.057692307692307696 0.05048076923076923
0 0.6514423076923077 0.8365384615384616 0.06129807692307692 0.056490384615384616
0 0.6538461538461539 0.890625 0.057692307692307696 0.051682692307692304
0 0.7271634615384616 0.9362980769230769 0.05889423076923077 0.06009615384615385
0 0.7283653846153846 0.9831730769230769 0.055288461538461536 0.030048076923076924
0 0.6574519230769231 0.9519230769230769 0.06129807692307692 0.05889423076923077
0 0.65625 0.9891826923076923 0.06129807692307692 0.019230769230769232
0 0.8822115384615384 0.9711538461538461 0.06009615384615385 0.051682692307692304
0 0.8786057692307693 0.9194711538461539 0.06370192307692307 0.052884615384615384
0 0.8713942307692307 0.8605769230769231 0.06370192307692307 0.054086538461538464
0 0.8725961538461539 0.8052884615384616 0.05889423076923077 0.051682692307692304
0 0.8701923076923077 0.75 0.06129807692307692 0.04807692307692308
0 0.8689903846153846 0.6995192307692307 0.056490384615384616 0.056490384615384616
0 0.8713942307692307 0.6418269230769231 0.06850961538461539 0.05048076923076923
0 0.8629807692307693 0.5877403846153846 0.06009615384615385 0.04567307692307692
0 0.8653846153846154 0.5384615384615384 0.06850961538461539 0.05048076923076923
0 0.8629807692307693 0.4807692307692308 0.06129807692307692 0.04807692307692308
0 0.8629807692307693 0.4254807692307692 0.06610576923076923 0.051682692307692304
0 0.8557692307692307 0.37259615384615385 0.06370192307692307 0.051682692307692304
0 0.8557692307692307 0.3161057692307692 0.0625 0.051682692307692304
0 0.8545673076923077 0.2644230769230769 0.057692307692307696 0.05048076923076923
0 0.8473557692307693 0.21153846153846154 0.06009615384615385 0.054086538461538464
0 0.8497596153846154 0.15865384615384615 0.06129807692307692 0.052884615384615384
0 0.8425480769230769 0.10576923076923077 0.06009615384615385 0.051682692307692304
0 0.8401442307692307 0.054086538461538464 0.055288461538461536 0.04807692307692308
0 0.25600961538461536 0.0733173076923077 0.0625 0.06009615384615385
0 0.25961538461538464 0.12740384615384615 0.06370192307692307 0.04447115384615385
0 0.25961538461538464 0.17908653846153846 0.0625 0.04807692307692308
0 0.25961538461538464 0.23918269230769232 0.06610576923076923 0.05048076923076923
0 0.26322115384615385 0.296875 0.0673076923076923 0.052884615384615384
0 0.25961538461538464 0.35096153846153844 0.06370192307692307 0.046875
0 0.25961538461538464 0.40865384615384615 0.057692307692307696 0.04807692307692308
0 0.2548076923076923 0.4651442307692308 0.06009615384615385 0.04807692307692308
0 0.2548076923076923 0.5276442307692307 0.05889423076923077 0.04447115384615385
0 0.2536057692307692 0.5817307692307693 0.056490384615384616 0.046875
0 0.2608173076923077 0.6418269230769231 0.06129807692307692 0.052884615384615384
0 0.25961538461538464 0.6983173076923077 0.06129807692307692 0.04447115384615385
0 0.2644230769230769 0.7512019230769231 0.05889423076923077 0.04567307692307692
0 0.27163461538461536 0.8125 0.06129807692307692 0.052884615384615384
0 0.27163461538461536 0.8689903846153846 0.06370192307692307 0.054086538461538464
0 0.2764423076923077 0.9266826923076923 0.05889423076923077 0.051682692307692304
0 0.27884615384615385 0.9783653846153846 0.05889423076923077 0.042067307692307696
0 0.1814903846153846 0.07692307692307693 0.06490384615384616 0.05048076923076923
0 0.17908653846153846 0.13221153846153846 0.06009615384615385 0.05889423076923077
0 0.17908653846153846 0.18990384615384615 0.05889423076923077 0.052884615384615384
0 0.18028846153846154 0.24759615384615385 0.06370192307692307 0.051682692307692304
0 0.18389423076923078 0.30408653846153844 0.057692307692307696 0.046875
0 0.1875 0.359375 0.06129807692307692 0.05889423076923077
0 0.18389423076923078 0.4182692307692308 0.057692307692307696 0.04447115384615385
0 0.18389423076923078 0.47596153846153844 0.056490384615384616 0.05048076923076923
0 0.1814903846153846 0.5300480769230769 0.052884615384615384 0.04807692307692308
0 0.18629807692307693 0.5865384615384616 0.06610576923076923 0.05048076923076923
0 0.1814903846153846 0.6466346153846154 0.052884615384615384 0.04447115384615385
0 0.19110576923076922 0.703125 0.06129807692307692 0.04807692307692308
0 0.19230769230769232 0.7596153846153846 0.055288461538461536 0.04807692307692308
0 0.11538461538461539 0.2824519230769231 0.03245192307692308 0.109375
0 0.051682692307692304 0.24759615384615385 0.036057692307692304 0.109375
0 0.051682692307692304 0.38100961538461536 0.03365384615384615 0.11057692307692307
0 0.057692307692307696 0.5264423076923077 0.03365384615384615 0.109375
0 0.056490384615384616 0.6634615384615384 0.03485576923076923 0.11658653846153846
0 0.0625 0.8161057692307693 0.03485576923076923 0.12259615384615384
0 0.06129807692307692 0.9471153846153846 0.036057692307692304 0.10336538461538461
0 0.19951923076923078 0.8149038461538461 0.0625 0.055288461538461536
0 0.203125 0.8737980769230769 0.06370192307692307 0.055288461538461536
0 0.19951923076923078 0.9302884615384616 0.05889423076923077 0.04807692307692308
0 0.20432692307692307 0.9819711538461539 0.06129807692307692 0.03365384615384615