0 0.41586538461538464 0.9651442307692307 0.06129807692307692 0.054086538461538464
0 0.42788461538461536 0.9086538461538461 0.05889423076923077 0.04326923076923077
0 0.41947115384615385 0.8533653846153846 0.05889423076923077 0.04567307692307692
0 0.4206730769230769 0.796875 0.05889423076923077 0.04567307692307692
0 0.421875 0.7391826923076923 0.06009615384615385 0.04567307692307692
0 0.4230769230769231 0.6911057692307693 0.06129807692307692 0.04447115384615385
0 0.4182692307692308 0.6262019230769231 0.057692307692307696 0.046875
0 0.4182692307692308 0.5745192307692307 0.057692307692307696 0.04326923076923077
0 0.41466346153846156 0.5204326923076923 0.056490384615384616 0.051682692307692304
0 0.41586538461538464 0.4639423076923077 0.055288461538461536 0.05048076923076923
0 0.2848557692307692 0.3449519230769231 0.0625 0.052884615384615384
0 0.28966346153846156 0.4026442307692308 0.057692307692307696 0.04807692307692308
0 0.28725961538461536 0.46153846153846156 0.06129807692307692 0.051682692307692304
0 0.2776442307692308 0.5108173076923077 0.055288461538461536 0.04326923076923077
0 0.2800480769230769 0.5685096153846154 0.054086538461538464 0.04567307692307692
0 0.28725961538461536 0.6213942307692307 0.056490384615384616 0.046875
0 0.2824519230769231 0.6790865384615384 0.056490384615384616 0.046875
0 0.2860576923076923 0.7307692307692307 0.057692307692307696 0.05048076923076923
0 0.2800480769230769 0.7872596153846154 0.056490384615384616 0.04567307692307692
0 0.2800480769230769 0.8449519230769231 0.05889423076923077 0.046875
0 0.2824519230769231 0.8966346153846154 0.056490384615384616 0.051682692307692304
0 0.28125 0.9555288461538461 0.055288461538461536 0.05048076923076923
0 0.2848557692307692 0.9891826923076923 0.06009615384615385 0.018028846153846152
0 0.14182692307692307 0.9759615384615384 0.055288461538461536 0.04447115384615385
0 0.14903846153846154 0.9194711538461539 0.056490384615384616 0.05048076923076923
0 0.14903846153846154 0.8677884615384616 0.06370192307692307 0.05048076923076923
0 0.1502403846153846 0.8185096153846154 0.06129807692307692 0.04447115384615385
0 0.14903846153846154 0.7644230769230769 0.056490384615384616 0.046875
0 0.14423076923076922 0.6514423076923077 0.06370192307692307 0.046875
0 0.1466346153846154 0.5949519230769231 0.0625 0.04567307692307692
0 0.14783653846153846 0.5408653846153846 0.056490384615384616 0.04567307692307692
0 0.1466346153846154 0.4855769230769231 0.06129807692307692 0.04807692307692308
0 0.14783653846153846 0.43028846153846156 0.0625 0.04447115384615385
0 0.1502403846153846 0.3762019230769231 0.06370192307692307 0.046875
0 0.15264423076923078 0.3233173076923077 0.06129807692307692 0.05048076923076923
0 0.15745192307692307 0.27403846153846156 0.057692307692307696 0.04567307692307692
0 0.15985576923076922 0.20552884615384615 0.06490384615384616 0.05048076923076923