0 0.6911057692307693 0.9375 0.0889423076923077 0.0733173076923077
0 0.6911057692307693 0.8629807692307693 0.08413461538461539 0.06490384615384616
0 0.5865384615384616 0.8725961538461539 0.08774038461538461 0.08653846153846154
0 0.5805288461538461 0.7944711538461539 0.09014423076923077 0.06971153846153846
0 0.5865384615384616 0.7175480769230769 0.09014423076923077 0.08052884615384616
0 0.5841346153846154 0.953125 0.09735576923076923 0.06610576923076923
0 0.5829326923076923 0.640625 0.08774038461538461 0.07211538461538461
0 0.6778846153846154 0.5829326923076923 0.07932692307692307 0.07091346153846154
0 0.6706730769230769 0.5036057692307693 0.08173076923076923 0.07211538461538461
0 0.5769230769230769 0.5637019230769231 0.09014423076923077 0.07451923076923077
0 0.3870192307692308 0.8605769230769231 0.09495192307692307 0.07091346153846154
0 0.3737980769230769 0.7824519230769231 0.09735576923076923 0.08052884615384616
0 0.3786057692307692 0.7019230769230769 0.08653846153846154 0.06850961538461539
0 0.2824519230769231 0.5805288461538461 0.08653846153846154 0.078125
0 0.28966346153846156 0.6574519230769231 0.09254807692307693 0.07451923076923077
0 0.1045673076923077 0.6814903846153846 0.09254807692307693 0.078125
0 0.10216346153846154 0.7512019230769231 0.09615384615384616 0.07091346153846154
0 0.375 0.546875 0.09014423076923077 0.07211538461538461
0 0.3786057692307692 0.625 0.07091346153846154 0.07091346153846154
0 0.36899038461538464 0.3954326923076923 0.08533653846153846 0.08413461538461539
0 0.37259615384615385 0.4675480769230769 0.09014423076923077 0.0733173076923077
0 0.36538461538461536 0.2439903846153846 0.08774038461538461 0.0733173076923077
0 0.3701923076923077 0.31971153846153844 0.08774038461538461 0.0733173076923077
0 0.2776442307692308 0.41947115384615385 0.08052884615384616 0.08173076923076923
0 0.5673076923076923 0.4807692307692308 0.08774038461538461 0.07091346153846154
0 0.5649038461538461 0.40024038461538464 0.08653846153846154 0.07932692307692307
0 0.8966346153846154 0.34975961538461536 0.06971153846153846 0.1310096153846154
0 0.8677884615384616 0.27403846153846156 0.06129807692307692 0.11778846153846154
0 0.8401442307692307 0.20793269230769232 0.07451923076923077 0.12379807692307693
0 0.09975961538461539 0.5985576923076923 0.08173076923076923 0.07091346153846154
0 0.09735576923076923 0.5240384615384616 0.09495192307692307 0.0733173076923077
0 0.09495192307692307 0.375 0.08653846153846154 0.07932692307692307
0 0.09254807692307693 0.296875 0.09014423076923077 0.07451923076923077
0 0.09495192307692307 0.9098557692307693 0.10697115384615384 0.09134615384615384
0 0.10697115384615384 0.9723557692307693 0.09975961538461539 0.052884615384615384
0 0.2956730769230769 0.9579326923076923 0.09134615384615384 0.08052884615384616
0 0.3918269230769231 0.9471153846153846 0.09134615384615384 0.08774038461538461
0 0.030048076923076924 0.8413461538461539 0.06009615384615385 0.08173076923076923
0 0.026442307692307692 0.6887019230769231 0.052884615384615384 0.0733173076923077
0 0.026442307692307692 0.5360576923076923 0.052884615384615384 0.07211538461538461
0 0.025240384615384616 0.4579326923076923 0.05048076923076923 0.0625
0 0.025240384615384616 0.38341346153846156 0.05048076923076923 0.07451923076923077
0 0.019230769230769232 0.31009615384615385 0.037259615384615384 0.06850961538461539
0 0.016826923076923076 0.1622596153846154 0.03365384615384615 0.06850961538461539
0 0.09134615384615384 0.15745192307692307 0.09495192307692307 0.07451923076923077
0 0.0889423076923077 0.08413461538461539 0.08774038461538461 0.078125
0 0.02283653846153846 0.09014423076923077 0.04567307692307692 0.07692307692307693
0 0.020432692307692308 0.02403846153846154 0.040865384615384616 0.04807692307692308
0 0.08774038461538461 0.025240384615384616 0.09495192307692307 0.05048076923076923
0 0.25721153846153844 0.015625 0.08413461538461539 0.030048076923076924
0 0.26802884615384615 0.06009615384615385 0.08413461538461539 0.07932692307692307
0 0.3605769230769231 0.040865384615384616 0.08774038461538461 0.08173076923076923
0 0.3557692307692308 0.12620192307692307 0.08173076923076923 0.06971153846153846
0 0.2692307692307692 0.13341346153846154 0.07091346153846154 0.06850961538461539
0 0.2668269230769231 0.203125 0.07211538461538461 0.07091346153846154
0 0.27163461538461536 0.2800480769230769 0.0829326923076923 0.08052884615384616
0 0.8161057692307693 0.13942307692307693 0.06610576923076923 0.10576923076923077
0 0.7716346153846154 0.08653846153846154 0.0733173076923077 0.12139423076923077
0 0.7439903846153846 0.04567307692307692 0.078125 0.09134615384615384
0 0.9615384615384616 0.021634615384615384 0.057692307692307696 0.04326923076923077
0 0.984375 0.04927884615384615 0.026442307692307692 0.0985576923076923
0 0.6862980769230769 0.7487980769230769 0.08774038461538461 0.078125