0 0.5408653846153846 0.10697115384615384 0.027644230769230768 0.10697115384615384
0 0.49399038461538464 0.2860576923076923 0.04927884615384615 0.04567307692307692
0 0.5432692307692307 0.22235576923076922 0.02403846153846154 0.10096153846153846
0 0.4831730769230769 0.052884615384615384 0.05889423076923077 0.05048076923076923
0 0.484375 0.10697115384615384 0.06009615384615385 0.051682692307692304
0 0.49158653846153844 0.22355769230769232 0.05889423076923077 0.05048076923076923
0 0.49278846153846156 0.3401442307692308 0.046875 0.042067307692307696
0 0.5480769230769231 0.3485576923076923 0.026442307692307692 0.11778846153846154
0 0.4987980769230769 0.3942307692307692 0.06610576923076923 0.054086538461538464
0 0.5012019230769231 0.46274038461538464 0.056490384615384616 0.05048076923076923
0 0.31490384615384615 0.4098557692307692 0.052884615384615384 0.046875
0 0.3112980769230769 0.29447115384615385 0.06971153846153846 0.051682692307692304
0 0.31971153846153844 0.3557692307692308 0.06370192307692307 0.04807692307692308
0 0.6646634615384616 0.2091346153846154 0.06129807692307692 0.054086538461538464
0 0.6574519230769231 0.3317307692307692 0.06370192307692307 0.04567307692307692
0 0.6598557692307693 0.38341346153846156 0.06490384615384616 0.056490384615384616
0 0.3161057692307692 0.23798076923076922 0.052884615384615384 0.04447115384615385
0 0.30408653846153844 0.11538461538461539 0.07211538461538461 0.06009615384615385
0 0.30408653846153844 0.5925480769230769 0.07091346153846154 0.0625
0 0.30288461538461536 0.5288461538461539 0.05889423076923077 0.046875
0 0.6850961538461539 0.9182692307692307 0.03125 0.1141826923076923
0 0.6502403846153846 0.2704326923076923 0.06129807692307692 0.052884615384615384
0 0.30288461538461536 0.953125 0.06850961538461539 0.06009615384615385
0 0.6586538461538461 0.4387019230769231 0.06129807692307692 0.051682692307692304
0 0.6598557692307693 0.15144230769230768 0.05048076923076923 0.04807692307692308
0 0.6682692307692307 0.49278846153846156 0.06009615384615385 0.055288461538461536
0 0.6550480769230769 0.046875 0.0625 0.052884615384615384
0 0.6658653846153846 0.10576923076923077 0.0625 0.052884615384615384
0 0.4951923076923077 0.15504807692307693 0.06129807692307692 0.0625
0 0.31490384615384615 0.18389423076923078 0.06129807692307692 0.05048076923076923
0 0.5060096153846154 0.5733173076923077 0.07572115384615384 0.06009615384615385
0 0.5012019230769231 0.5192307692307693 0.0625 0.051682692307692304
0 0.29447115384615385 0.0625 0.06370192307692307 0.052884615384615384
0 0.3173076923076923 0.4675480769230769 0.06490384615384616 0.046875
0 0.671875 0.6069711538461539 0.057692307692307696 0.04447115384615385
0 0.6706730769230769 0.6634615384615384 0.06009615384615385 0.051682692307692304
0 0.6706730769230769 0.7199519230769231 0.06370192307692307 0.051682692307692304
0 0.3918269230769231 0.9795673076923077 0.02403846153846154 0.038461538461538464
0 0.4254807692307692 0.9711538461538461 0.026442307692307692 0.055288461538461536
0 0.4579326923076923 0.9639423076923077 0.02403846153846154 0.06850961538461539
0 0.49158653846153844 0.9711538461538461 0.025240384615384616 0.055288461538461536
0 0.5216346153846154 0.9663461538461539 0.026442307692307692 0.06370192307692307
0 0.5552884615384616 0.9579326923076923 0.027644230769230768 0.07932692307692307
0 0.5865384615384616 0.9579326923076923 0.025240384615384616 0.07932692307692307
0 0.6189903846153846 0.953125 0.030048076923076924 0.09134615384615384
0 0.6490384615384616 0.9495192307692307 0.025240384615384616 0.09735576923076923
0 0.5528846153846154 0.4723557692307692 0.028846153846153848 0.10576923076923077
0 0.5384615384615384 0.02283653846153846 0.027644230769230768 0.04567307692307692
0 0.4807692307692308 0.013221153846153846 0.0673076923076923 0.026442307692307692
0 0.2932692307692308 0.018028846153846152 0.0673076923076923 0.036057692307692304
0 0.18629807692307693 0.8197115384615384 0.054086538461538464 0.12620192307692307
0 0.6490384615384616 0.009615384615384616 0.056490384615384616 0.018028846153846152
0 0.6706730769230769 0.5552884615384616 0.06129807692307692 0.05889423076923077
0 0.3004807692307692 0.8473557692307693 0.06971153846153846 0.06009615384615385
0 0.3016826923076923 0.8966346153846154 0.06610576923076923 0.05889423076923077