0 0.4963942307692308 0.4098557692307692 0.03365384615384615 0.10576923076923077
0 0.5721153846153846 0.43149038461538464 0.025240384615384616 0.10697115384615384
0 0.6057692307692307 0.4362980769230769 0.02283653846153846 0.10336538461538461
0 0.6370192307692307 0.43149038461538464 0.025240384615384616 0.109375
0 0.6682692307692307 0.43509615384615385 0.027644230769230768 0.11057692307692307
0 0.6971153846153846 0.42788461538461536 0.026442307692307692 0.109375
0 0.7259615384615384 0.42908653846153844 0.02403846153846154 0.0985576923076923
0 0.7572115384615384 0.44711538461538464 0.027644230769230768 0.10096153846153846
0 0.7860576923076923 0.44711538461538464 0.028846153846153848 0.1045673076923077
0 0.8161057692307693 0.4411057692307692 0.027644230769230768 0.10817307692307693
0 0.8449519230769231 0.44350961538461536 0.027644230769230768 0.1045673076923077
0 0.8737980769230769 0.4411057692307692 0.028846153846153848 0.10096153846153846
0 0.9026442307692307 0.44471153846153844 0.028846153846153848 0.09735576923076923
0 0.9314903846153846 0.4411057692307692 0.028846153846153848 0.10697115384615384
0 0.9615384615384616 0.44471153846153844 0.030048076923076924 0.10336538461538461
0 0.9879807692307693 0.45552884615384615 0.02283653846153846 0.1045673076923077
0 0.9867788461538461 0.6935096153846154 0.025240384615384616 0.109375
0 0.9567307692307693 0.6911057692307693 0.03125 0.11298076923076923
0 0.9266826923076923 0.6887019230769231 0.03125 0.10697115384615384
0 0.8990384615384616 0.6995192307692307 0.025240384615384616 0.09735576923076923
0 0.8713942307692307 0.6790865384615384 0.028846153846153848 0.10697115384615384
0 0.8377403846153846 0.6947115384615384 0.030048076923076924 0.10576923076923077
0 0.8088942307692307 0.7019230769230769 0.025240384615384616 0.09975961538461539
0 0.7800480769230769 0.6959134615384616 0.027644230769230768 0.10096153846153846
0 0.75 0.7091346153846154 0.027644230769230768 0.09615384615384616
0 0.7223557692307693 0.7019230769230769 0.027644230769230768 0.0985576923076923
0 0.6935096153846154 0.6947115384615384 0.027644230769230768 0.10336538461538461
0 0.6310096153846154 0.7127403846153846 0.026442307692307692 0.109375
0 0.6610576923076923 0.7055288461538461 0.027644230769230768 0.10697115384615384
0 0.5997596153846154 0.6971153846153846 0.030048076923076924 0.109375
0 0.5661057692307693 0.6959134615384616 0.030048076923076924 0.1141826923076923
0 0.5745192307692307 0.8016826923076923 0.06129807692307692 0.04807692307692308
0 0.5745192307692307 0.8557692307692307 0.06129807692307692 0.04807692307692308
0 0.578125 0.9098557692307693 0.0625 0.05048076923076923
0 0.578125 0.9627403846153846 0.06370192307692307 0.046875
0 0.578125 0.9939903846153846 0.06610576923076923 0.008413461538461538
0 0.4411057692307692 0.7019230769230769 0.025240384615384616 0.10576923076923077
0 0.4411057692307692 0.8305288461538461 0.025240384615384616 0.109375
0 0.4074519230769231 0.8269230769230769 0.025240384615384616 0.1045673076923077
0 0.4110576923076923 0.7115384615384616 0.026442307692307692 0.1045673076923077
0 0.3786057692307692 0.7067307692307693 0.025240384615384616 0.10697115384615384
0 0.34615384615384615 0.6935096153846154 0.026442307692307692 0.10697115384615384
0 0.3161057692307692 0.703125 0.025240384615384616 0.10697115384615384
0 0.28725961538461536 0.6995192307692307 0.027644230769230768 0.09975961538461539
0 0.2548076923076923 0.6971153846153846 0.027644230769230768 0.10697115384615384
0 0.2247596153846154 0.6959134615384616 0.027644230769230768 0.0985576923076923
0 0.19591346153846154 0.6887019230769231 0.027644230769230768 0.09975961538461539
0 0.16826923076923078 0.6887019230769231 0.027644230769230768 0.0985576923076923
0 0.1346153846153846 0.6911057692307693 0.030048076923076924 0.10336538461538461
0 0.10576923076923077 0.6935096153846154 0.03125 0.11298076923076923
0 0.07692307692307693 0.6947115384615384 0.030048076923076924 0.1045673076923077
0 0.046875 0.6947115384615384 0.03485576923076923 0.10576923076923077
0 0.019230769230769232 0.6875 0.028846153846153848 0.10096153846153846
0 0.002403846153846154 0.6875 0.004807692307692308 0.09615384615384616
0 0.37740384615384615 0.8293269230769231 0.025240384615384616 0.10697115384615384
0 0.3473557692307692 0.8221153846153846 0.02403846153846154 0.09735576923076923
0 0.3161057692307692 0.8245192307692307 0.030048076923076924 0.109375
0 0.2824519230769231 0.8233173076923077 0.02403846153846154 0.10096153846153846
0 0.2536057692307692 0.8125 0.025240384615384616 0.10817307692307693
0 0.2247596153846154 0.8028846153846154 0.025240384615384616 0.1045673076923077
0 0.19471153846153846 0.8112980769230769 0.030048076923076924 0.10576923076923077
0 0.16466346153846154 0.8149038461538461 0.027644230769230768 0.09975961538461539
0 0.13581730769230768 0.8137019230769231 0.026442307692307692 0.10336538461538461
0 0.10576923076923077 0.8112980769230769 0.03125 0.10697115384615384
0 0.07451923076923077 0.8125 0.03245192307692308 0.10576923076923077
0 0.042067307692307696 0.8112980769230769 0.03365384615384615 0.10817307692307693
0 0.015625 0.8088942307692307 0.03125 0.10817307692307693
0 0.44350961538461536 0.44711538461538464 0.025240384615384616 0.10697115384615384
0 0.41346153846153844 0.4483173076923077 0.026442307692307692 0.11538461538461539
0 0.38221153846153844 0.4495192307692308 0.026442307692307692 0.10336538461538461
0 0.34975961538461536 0.4495192307692308 0.025240384615384616 0.10576923076923077
0 0.32091346153846156 0.4375 0.027644230769230768 0.10576923076923077
0 0.2920673076923077 0.4338942307692308 0.027644230769230768 0.11057692307692307
0 0.25961538461538464 0.4375 0.027644230769230768 0.09975961538461539
0 0.2283653846153846 0.4519230769230769 0.027644230769230768 0.09975961538461539
0 0.19951923076923078 0.44591346153846156 0.027644230769230768 0.10817307692307693
0 0.16947115384615385 0.44591346153846156 0.027644230769230768 0.1045673076923077
0 0.13942307692307693 0.4519230769230769 0.030048076923076924 0.10817307692307693
0 0.10817307692307693 0.44591346153846156 0.03245192307692308 0.109375
0 0.08052884615384616 0.4483173076923077 0.030048076923076924 0.10576923076923077
0 0.051682692307692304 0.4495192307692308 0.028846153846153848 0.10336538461538461
0 0.021634615384615384 0.44711538461538464 0.03125 0.10817307692307693
0 0.003605769230769231 0.44591346153846156 0.007211538461538462 0.10817307692307693
0 0.9723557692307693 0.2127403846153846 0.03125 0.09134615384615384
0 0.9435096153846154 0.21394230769230768 0.026442307692307692 0.10096153846153846
0 0.9158653846153846 0.21394230769230768 0.028846153846153848 0.11057692307692307
0 0.8870192307692307 0.20793269230769232 0.027644230769230768 0.09134615384615384
0 0.8557692307692307 0.19471153846153846 0.025240384615384616 0.09254807692307693
0 0.8245192307692307 0.1875 0.026442307692307692 0.10336538461538461
0 0.796875 0.1875 0.025240384615384616 0.10576923076923077
0 0.7692307692307693 0.1814903846153846 0.030048076923076924 0.11778846153846154
0 0.7391826923076923 0.18870192307692307 0.028846153846153848 0.10817307692307693
0 0.7079326923076923 0.18870192307692307 0.025240384615384616 0.09975961538461539
0 0.6790865384615384 0.17908653846153846 0.026442307692307692 0.1045673076923077
0 0.6213942307692307 0.1875 0.027644230769230768 0.10817307692307693
0 0.5901442307692307 0.18028846153846154 0.027644230769230768 0.1045673076923077
0 0.5552884615384616 0.16947115384615385 0.02403846153846154 0.09615384615384616
0 0.5240384615384616 0.1658653846153846 0.028846153846153848 0.11899038461538461
0 0.49278846153846156 0.16947115384615385 0.026442307692307692 0.11538461538461539
0 0.4651442307692308 0.17067307692307693 0.025240384615384616 0.10817307692307693
0 0.4338942307692308 0.16947115384615385 0.027644230769230768 0.109375
0 0.4014423076923077 0.17548076923076922 0.025240384615384616 0.10697115384615384
0 0.36899038461538464 0.17908653846153846 0.030048076923076924 0.10576923076923077
0 0.3401442307692308 0.15985576923076922 0.027644230769230768 0.1045673076923077
0 0.3088942307692308 0.16947115384615385 0.027644230769230768 0.10697115384615384
0 0.2800480769230769 0.1658653846153846 0.027644230769230768 0.10817307692307693
0 0.24879807692307693 0.15865384615384615 0.028846153846153848 0.10336538461538461
0 0.21754807692307693 0.15985576923076922 0.025240384615384616 0.10336538461538461
0 0.18870192307692307 0.1658653846153846 0.025240384615384616 0.09735576923076923
0 0.16105769230769232 0.17067307692307693 0.025240384615384616 0.09735576923076923
0 0.1310096153846154 0.1935096153846154 0.027644230769230768 0.09014423076923077
0 0.09975961538461539 0.17307692307692307 0.03245192307692308 0.10697115384615384
0 0.06971153846153846 0.1875 0.027644230769230768 0.09975961538461539
0 0.040865384615384616 0.16826923076923078 0.030048076923076924 0.10096153846153846
0 0.01201923076923077 0.171875 0.02403846153846154 0.125