0 0.5240384615384616 0.5264423076923077 0.05889423076923077 0.04567307692307692
0 0.45913461538461536 0.4735576923076923 0.05889423076923077 0.046875
0 0.5252403846153846 0.4735576923076923 0.056490384615384616 0.04447115384615385
0 0.5216346153846154 0.4230769230769231 0.06129807692307692 0.046875
0 0.4543269230769231 0.6598557692307693 0.06129807692307692 0.04567307692307692
0 0.45552884615384615 0.5877403846153846 0.056490384615384616 0.04807692307692308
0 0.5300480769230769 0.5841346153846154 0.06129807692307692 0.04567307692307692
0 0.4519230769230769 0.5324519230769231 0.056490384615384616 0.051682692307692304
0 0.4543269230769231 0.4182692307692308 0.06009615384615385 0.05048076923076923
0 0.53125 0.8569711538461539 0.057692307692307696 0.052884615384615384
0 0.5276442307692307 0.9110576923076923 0.05889423076923077 0.046875
0 0.5264423076923077 0.9651442307692307 0.05889423076923077 0.05048076923076923
0 0.6682692307692307 0.9711538461538461 0.04927884615384615 0.05048076923076923
0 0.734375 0.9639423076923077 0.056490384615384616 0.051682692307692304
0 0.734375 0.9110576923076923 0.04807692307692308 0.04447115384615385
0 0.6670673076923077 0.9182692307692307 0.057692307692307696 0.052884615384615384
0 0.7319711538461539 0.8605769230769231 0.05889423076923077 0.052884615384615384
0 0.6646634615384616 0.859375 0.056490384615384616 0.04807692307692308
0 0.7427884615384616 0.8028846153846154 0.055288461538461536 0.05048076923076923
0 0.6670673076923077 0.8052884615384616 0.057692307692307696 0.05048076923076923
0 0.6670673076923077 0.75 0.05889423076923077 0.051682692307692304
0 0.7391826923076923 0.75 0.055288461538461536 0.04807692307692308
0 0.7427884615384616 0.6947115384615384 0.055288461538461536 0.046875
0 0.6682692307692307 0.6983173076923077 0.05889423076923077 0.052884615384615384
0 0.6742788461538461 0.6418269230769231 0.06129807692307692 0.04567307692307692
0 0.7379807692307693 0.6418269230769231 0.051682692307692304 0.04567307692307692
0 0.7355769230769231 0.5865384615384616 0.056490384615384616 0.05048076923076923
0 0.6754807692307693 0.5841346153846154 0.056490384615384616 0.04326923076923077
0 0.7415865384615384 0.5300480769230769 0.046875 0.046875
0 0.7439903846153846 0.4795673076923077 0.05048076923076923 0.04447115384615385
0 0.6634615384615384 0.31850961538461536 0.057692307692307696 0.046875
0 0.6610576923076923 0.2620192307692308 0.06129807692307692 0.05048076923076923
0 0.7307692307692307 0.20552884615384615 0.057692307692307696 0.04567307692307692
0 0.7199519230769231 0.15745192307692307 0.052884615384615384 0.04567307692307692
0 0.65625 0.21153846153846154 0.052884615384615384 0.04807692307692308
0 0.6526442307692307 0.15985576923076922 0.06009615384615385 0.05048076923076923
0 0.6526442307692307 0.10697115384615384 0.052884615384615384 0.05048076923076923
0 0.6550480769230769 0.055288461538461536 0.04807692307692308 0.046875
0 0.7295673076923077 0.06129807692307692 0.04807692307692308 0.052884615384615384
0 0.7319711538461539 0.016826923076923076 0.05889423076923077 0.03365384615384615
0 0.6550480769230769 0.015625 0.055288461538461536 0.030048076923076924
0 0.8701923076923077 0.2644230769230769 0.057692307692307696 0.046875
0 0.8713942307692307 0.31490384615384615 0.06009615384615385 0.046875
0 0.8762019230769231 0.36778846153846156 0.06370192307692307 0.04807692307692308
0 0.8737980769230769 0.421875 0.0625 0.04807692307692308
0 0.8689903846153846 0.4795673076923077 0.051682692307692304 0.046875
0 0.8737980769230769 0.5288461538461539 0.05889423076923077 0.04567307692307692
0 0.8713942307692307 0.5841346153846154 0.06370192307692307 0.046875
0 0.8713942307692307 0.6394230769230769 0.05889423076923077 0.04567307692307692
0 0.8762019230769231 0.6935096153846154 0.054086538461538464 0.04447115384615385
0 0.8725961538461539 0.7463942307692307 0.057692307692307696 0.04447115384615385
0 0.8822115384615384 0.8485576923076923 0.05889423076923077 0.04447115384615385
0 0.8810096153846154 0.8990384615384616 0.046875 0.04567307692307692
0 0.8822115384615384 0.9543269230769231 0.06370192307692307 0.05048076923076923
0 0.8810096153846154 0.9915865384615384 0.06009615384615385 0.01201923076923077
0 0.32091346153846156 0.9675480769230769 0.05889423076923077 0.04567307692307692
0 0.32091346153846156 0.9134615384615384 0.06129807692307692 0.04447115384615385
0 0.31490384615384615 0.8605769230769231 0.06370192307692307 0.04807692307692308
0 0.3112980769230769 0.8064903846153846 0.05889423076923077 0.04567307692307692
0 0.3137019230769231 0.7487980769230769 0.06129807692307692 0.04567307692307692
0 0.30649038461538464 0.6959134615384616 0.056490384615384616 0.052884615384615384
0 0.3004807692307692 0.6370192307692307 0.052884615384615384 0.046875
0 0.31009615384615385 0.5829326923076923 0.052884615384615384 0.05048076923076923
0 0.3125 0.5276442307692307 0.05048076923076923 0.04807692307692308
0 0.3161057692307692 0.4735576923076923 0.056490384615384616 0.04807692307692308
0 0.3112980769230769 0.421875 0.06129807692307692 0.052884615384615384
0 0.31490384615384615 0.36658653846153844 0.06129807692307692 0.051682692307692304
0 0.45072115384615385 0.3641826923076923 0.057692307692307696 0.04807692307692308
0 0.5180288461538461 0.36658653846153844 0.057692307692307696 0.04807692307692308
0 0.5180288461538461 0.31490384615384615 0.05889423076923077 0.05048076923076923
0 0.4519230769230769 0.3112980769230769 0.06009615384615385 0.054086538461538464
0 0.5180288461538461 0.25841346153846156 0.057692307692307696 0.04807692307692308
0 0.4519230769230769 0.25600961538461536 0.056490384615384616 0.051682692307692304
0 0.45072115384615385 0.20552884615384615 0.06129807692307692 0.05048076923076923
0 0.5168269230769231 0.20552884615384615 0.057692307692307696 0.055288461538461536
0 0.515625 0.15264423076923078 0.055288461538461536 0.046875
0 0.44711538461538464 0.1502403846153846 0.055288461538461536 0.04807692307692308
0 0.44711538461538464 0.09735576923076923 0.054086538461538464 0.046875
0 0.515625 0.0985576923076923 0.056490384615384616 0.054086538461538464
0 0.5108173076923077 0.046875 0.05889423076923077 0.05048076923076923
0 0.5060096153846154 0.009615384615384616 0.055288461538461536 0.019230769230769232
0 0.44711538461538464 0.013221153846153846 0.057692307692307696 0.026442307692307692
0 0.44471153846153844 0.04807692307692308 0.056490384615384616 0.04447115384615385
0 0.3161057692307692 0.3137019230769231 0.05889423076923077 0.04807692307692308
0 0.3137019230769231 0.2620192307692308 0.057692307692307696 0.054086538461538464
0 0.3137019230769231 0.2091346153846154 0.06009615384615385 0.051682692307692304
0 0.31490384615384615 0.15745192307692307 0.05889423076923077 0.05048076923076923
0 0.3137019230769231 0.10697115384615384 0.057692307692307696 0.05048076923076923
0 0.3137019230769231 0.055288461538461536 0.05889423076923077 0.05048076923076923
0 0.3161057692307692 0.014423076923076924 0.056490384615384616 0.028846153846153848
0 0.16105769230769232 0.009615384615384616 0.057692307692307696 0.018028846153846152
0 0.15985576923076922 0.04447115384615385 0.057692307692307696 0.046875
0 0.16346153846153846 0.13701923076923078 0.055288461538461536 0.046875
0 0.17427884615384615 0.19110576923076922 0.052884615384615384 0.05048076923076923
0 0.16346153846153846 0.24278846153846154 0.0625 0.04807692307692308
0 0.17067307692307693 0.2956730769230769 0.057692307692307696 0.054086538461538464
0 0.15985576923076922 0.3485576923076923 0.05889423076923077 0.04447115384615385
0 0.1622596153846154 0.40024038461538464 0.0673076923076923 0.04807692307692308
0 0.16105769230769232 0.4567307692307692 0.05889423076923077 0.05048076923076923
0 0.16706730769230768 0.5084134615384616 0.056490384615384616 0.04447115384615385
0 0.1622596153846154 0.5625 0.05889423076923077 0.04567307692307692
0 0.1622596153846154 0.6213942307692307 0.056490384615384616 0.04567307692307692
0 0.15745192307692307 0.6754807692307693 0.05889423076923077 0.04807692307692308
0 0.16826923076923078 0.7295673076923077 0.0625 0.04447115384615385
0 0.16826923076923078 0.7836538461538461 0.06490384615384616 0.051682692307692304
0 0.17307692307692307 0.8365384615384616 0.06370192307692307 0.04567307692307692
0 0.17548076923076922 0.890625 0.06129807692307692 0.055288461538461536
0 0.1778846153846154 0.9447115384615384 0.06009615384615385 0.04567307692307692
0 0.18269230769230768 0.9855769230769231 0.06129807692307692 0.02403846153846154