0 0.49278846153846156 0.3737980769230769 0.052884615384615384 0.09495192307692307
0 0.5144230769230769 0.3245192307692308 0.05889423076923077 0.09975961538461539
0 0.5612980769230769 0.4074519230769231 0.054086538461538464 0.09495192307692307
0 0.5408653846153846 0.4519230769230769 0.056490384615384616 0.09254807692307693
0 0.4338942307692308 0.6682692307692307 0.051682692307692304 0.0889423076923077
0 0.45913461538461536 0.6225961538461539 0.055288461538461536 0.09615384615384616
0 0.47475961538461536 0.5745192307692307 0.054086538461538464 0.09254807692307693
0 0.49759615384615385 0.5336538461538461 0.054086538461538464 0.09495192307692307
0 0.5144230769230769 0.49158653846153844 0.052884615384615384 0.0985576923076923
0 0.4675480769230769 0.41346153846153844 0.054086538461538464 0.09495192307692307
0 0.44471153846153844 0.453125 0.05048076923076923 0.0889423076923077
0 0.421875 0.49038461538461536 0.052884615384615384 0.0889423076923077
0 0.2247596153846154 0.4699519230769231 0.055288461538461536 0.09495192307692307
0 0.2091346153846154 0.5204326923076923 0.056490384615384616 0.09735576923076923
0 0.18509615384615385 0.5552884615384616 0.04807692307692308 0.08774038461538461
0 0.13942307692307693 0.6430288461538461 0.052884615384615384 0.09254807692307693
0 0.4026442307692308 0.5336538461538461 0.05048076923076923 0.08774038461538461
0 0.38100961538461536 0.578125 0.052884615384615384 0.0985576923076923
0 0.38461538461538464 0.7427884615384616 0.057692307692307696 0.0985576923076923
0 0.4098557692307692 0.7043269230769231 0.04807692307692308 0.0889423076923077
0 0.28846153846153844 0.7379807692307693 0.055288461538461536 0.10096153846153846
0 0.5973557692307693 0.7115384615384616 0.04567307692307692 0.08653846153846154
0 0.5757211538461539 0.7512019230769231 0.056490384615384616 0.10096153846153846
0 0.5552884615384616 0.7932692307692307 0.055288461538461536 0.10576923076923077
0 0.53125 0.8365384615384616 0.055288461538461536 0.0985576923076923
0 0.5084134615384616 0.8725961538461539 0.055288461538461536 0.0985576923076923
0 0.1622596153846154 0.6033653846153846 0.056490384615384616 0.09975961538461539
0 0.13701923076923078 0.47836538461538464 0.056490384615384616 0.09134615384615384
0 0.15985576923076922 0.4375 0.052884615384615384 0.08774038461538461
0 0.1778846153846154 0.390625 0.054086538461538464 0.09254807692307693
0 0.20673076923076922 0.3545673076923077 0.051682692307692304 0.09014423076923077
0 0.3425480769230769 0.2776442307692308 0.055288461538461536 0.09735576923076923
0 0.31971153846153844 0.3137019230769231 0.056490384615384616 0.09735576923076923
0 0.2980769230769231 0.35336538461538464 0.055288461538461536 0.09615384615384616
0 0.27524038461538464 0.40024038461538464 0.054086538461538464 0.09615384615384616
0 0.2536057692307692 0.4387019230769231 0.055288461538461536 0.09134615384615384
0 0.23798076923076922 0.8149038461538461 0.056490384615384616 0.10336538461538461
0 0.2644230769230769 0.7776442307692307 0.05048076923076923 0.09495192307692307
0 0.31850961538461536 0.8665865384615384 0.056490384615384616 0.0985576923076923
0 0.3425480769230769 0.8305288461538461 0.05889423076923077 0.09975961538461539
0 0.36778846153846156 0.7908653846153846 0.055288461538461536 0.09735576923076923
0 0.30649038461538464 0.6935096153846154 0.05048076923076923 0.08653846153846154
0 0.3329326923076923 0.6574519230769231 0.052884615384615384 0.09735576923076923
0 0.5336538461538461 0.2860576923076923 0.054086538461538464 0.09254807692307693
0 0.5612980769230769 0.25240384615384615 0.052884615384615384 0.08774038461538461
0 0.6057692307692307 0.3317307692307692 0.052884615384615384 0.0985576923076923
0 0.5853365384615384 0.36778846153846156 0.04567307692307692 0.0829326923076923
0 0.3557692307692308 0.6141826923076923 0.055288461538461536 0.09254807692307693
0 0.6394230769230769 0.6262019230769231 0.046875 0.09495192307692307
0 0.6213942307692307 0.6706730769230769 0.04567307692307692 0.08173076923076923
0 0.4879807692307692 0.9206730769230769 0.05048076923076923 0.09134615384615384
0 0.4651442307692308 0.9543269230769231 0.056490384615384616 0.0889423076923077
0 0.4326923076923077 0.9699519230769231 0.04567307692307692 0.056490384615384616
0 0.6622596153846154 0.5889423076923077 0.051682692307692304 0.09495192307692307
0 0.6802884615384616 0.5444711538461539 0.05048076923076923 0.0889423076923077
0 0.703125 0.5096153846153846 0.05048076923076923 0.09254807692307693
0 0.7283653846153846 0.46634615384615385 0.051682692307692304 0.09495192307692307
0 0.7487980769230769 0.42908653846153844 0.04807692307692308 0.0889423076923077
0 0.7668269230769231 0.38100961538461536 0.051682692307692304 0.09134615384615384
0 0.7932692307692307 0.3485576923076923 0.054086538461538464 0.09254807692307693
0 0.8221153846153846 0.41947115384615385 0.04807692307692308 0.09615384615384616
0 0.84375 0.45552884615384615 0.039663461538461536 0.07932692307692307
0 0.8641826923076923 0.5 0.04447115384615385 0.08173076923076923
0 0.8810096153846154 0.5408653846153846 0.04326923076923077 0.09134615384615384
0 0.9447115384615384 0.5216346153846154 0.04927884615384615 0.09014423076923077
0 0.9663461538461539 0.4855769230769231 0.05048076923076923 0.08774038461538461
0 0.9795673076923077 0.4483173076923077 0.038461538461538464 0.09014423076923077
0 0.9879807692307693 0.40024038461538464 0.02283653846153846 0.06370192307692307
0 0.3269230769230769 0.5264423076923077 0.055288461538461536 0.09615384615384616
0 0.44711538461538464 0.23317307692307693 0.051682692307692304 0.09014423076923077
0 0.2980769230769231 0.9122596153846154 0.055288461538461536 0.0985576923076923
0 0.27524038461538464 0.9495192307692307 0.055288461538461536 0.09735576923076923
0 0.21754807692307693 0.859375 0.052884615384615384 0.09735576923076923
0 0.24759615384615385 0.9699519230769231 0.04927884615384615 0.056490384615384616
0 0.21514423076923078 0.9891826923076923 0.030048076923076924 0.018028846153846152
0 0.1971153846153846 0.9014423076923077 0.057692307692307696 0.0985576923076923
0 0.17668269230769232 0.9459134615384616 0.05048076923076923 0.08774038461538461
0 0.15264423076923078 0.9699519230769231 0.04807692307692308 0.056490384615384616
0 0.12139423076923077 0.9879807692307693 0.03485576923076923 0.021634615384615384
0 0.1622596153846154 0.7524038461538461 0.055288461538461536 0.10576923076923077
0 0.6286057692307693 0.2956730769230769 0.052884615384615384 0.09735576923076923
0 0.5793269230769231 0.20673076923076922 0.051682692307692304 0.09615384615384616
0 0.6033653846153846 0.17668269230769232 0.054086538461538464 0.09495192307692307
0 0.6213942307692307 0.13942307692307693 0.04927884615384615 0.0829326923076923
0 0.6454326923076923 0.10697115384615384 0.05048076923076923 0.09014423076923077
0 0.6850961538461539 0.09735576923076923 0.055288461538461536 0.09735576923076923
0 0.6935096153846154 0.18389423076923078 0.04447115384615385 0.0829326923076923
0 0.6682692307692307 0.21514423076923078 0.052884615384615384 0.09495192307692307
0 0.6502403846153846 0.2608173076923077 0.054086538461538464 0.0985576923076923
0 0.8990384615384616 0.23197115384615385 0.054086538461538464 0.08774038461538461
0 0.9182692307692307 0.18990384615384615 0.055288461538461536 0.0829326923076923
0 0.9399038461538461 0.15384615384615385 0.054086538461538464 0.09014423076923077
0 0.9615384615384616 0.11538461538461539 0.056490384615384616 0.09014423076923077
0 0.9759615384615384 0.08173076923076923 0.046875 0.0829326923076923
0 0.9819711538461539 0.03125 0.03365384615384615 0.0625
0 0.9326923076923077 0.02283653846153846 0.057692307692307696 0.04567307692307692
0 0.9098557692307693 0.042067307692307696 0.056490384615384616 0.0829326923076923
0 0.8870192307692307 0.06850961538461539 0.055288461538461536 0.08774038461538461
0 0.8689903846153846 0.1045673076923077 0.056490384615384616 0.08774038461538461
0 0.8533653846153846 0.15504807692307693 0.051682692307692304 0.09014423076923077
0 0.8161057692307693 0.03125 0.04567307692307692 0.0625
0 0.7620192307692307 0.010817307692307692 0.030048076923076924 0.021634615384615384
0 0.4014423076923077 0.9915865384615384 0.019230769230769232 0.01201923076923077
0 0.22596153846153846 0.3161057692307692 0.055288461538461536 0.0985576923076923
0 0.24759615384615385 0.27163461538461536 0.055288461538461536 0.0985576923076923
0 0.2668269230769231 0.22956730769230768 0.05048076923076923 0.0889423076923077
0 0.2956730769230769 0.19951923076923078 0.052884615384615384 0.09735576923076923
0 0.31971153846153844 0.15865384615384615 0.046875 0.08173076923076923
0 0.36538461538461536 0.23317307692307693 0.05048076923076923 0.08774038461538461
0 0.38461538461538464 0.18870192307692307 0.05048076923076923 0.08774038461538461
0 0.40865384615384615 0.1502403846153846 0.051682692307692304 0.09254807692307693
0 0.33653846153846156 0.11057692307692307 0.051682692307692304 0.09134615384615384
0 0.3605769230769231 0.06971153846153846 0.046875 0.08774038461538461
0 0.3870192307692308 0.040865384615384616 0.05048076923076923 0.08173076923076923
0 0.4050480769230769 0.02283653846153846 0.052884615384615384 0.04567307692307692
0 0.4326923076923077 0.11057692307692307 0.056490384615384616 0.09735576923076923
0 0.4543269230769231 0.07451923076923077 0.051682692307692304 0.09254807692307693
0 0.47716346153846156 0.042067307692307696 0.051682692307692304 0.08413461538461539
0 0.49759615384615385 0.02403846153846154 0.04927884615384615 0.046875
0 0.5336538461538461 0.009615384615384616 0.03245192307692308 0.018028846153846152
0 0.2127403846153846 0.04326923076923077 0.051682692307692304 0.08653846153846154
0 0.15504807692307693 0.13341346153846154 0.05889423076923077 0.09975961538461539
0 0.109375 0.22115384615384615 0.051682692307692304 0.0829326923076923
0 0.06009615384615385 0.31490384615384615 0.052884615384615384 0.09014423076923077
0 0.020432692307692308 0.3942307692307692 0.039663461538461536 0.09975961538461539
0 0.1141826923076923 0.5192307692307693 0.056490384615384616 0.09975961538461539
0 0.09254807692307693 0.5612980769230769 0.052884615384615384 0.09495192307692307
0 0.11899038461538461 0.6838942307692307 0.04807692307692308 0.08653846153846154
0 0.06850961538461539 0.6045673076923077 0.06009615384615385 0.10096153846153846
0 0.04447115384615385 0.6490384615384616 0.056490384615384616 0.09495192307692307
0 0.09495192307692307 0.7319711538461539 0.055288461538461536 0.09134615384615384
0 0.0733173076923077 0.7692307692307693 0.05889423076923077 0.0985576923076923
0 0.025240384615384616 0.6862980769230769 0.05048076923076923 0.09134615384615384
0 0.01201923076923077 0.7355769230769231 0.02403846153846154 0.06850961538461539
0 0.04927884615384615 0.8088942307692307 0.06370192307692307 0.09495192307692307
0 0.028846153846153848 0.8545673076923077 0.057692307692307696 0.09975961538461539
0 0.015625 0.8990384615384616 0.03125 0.08173076923076923