0 0.6899038461538461 0.4026442307692308 0.03485576923076923 0.1310096153846154
0 0.6502403846153846 0.4074519230769231 0.03485576923076923 0.1310096153846154
0 0.7367788461538461 0.7439903846153846 0.040865384615384616 0.19831730769230768
0 0.5925480769230769 0.7379807692307693 0.03485576923076923 0.12259615384615384
0 0.6129807692307693 0.38100961538461536 0.03245192307692308 0.12740384615384615
0 0.5745192307692307 0.390625 0.03245192307692308 0.12620192307692307
0 0.5384615384615384 0.3894230769230769 0.03245192307692308 0.125
0 0.47475961538461536 0.7776442307692307 0.037259615384615384 0.12860576923076922
0 0.4651442307692308 0.3942307692307692 0.03365384615384615 0.12139423076923077
0 0.42788461538461536 0.40384615384615385 0.03245192307692308 0.13942307692307693
0 0.390625 0.4026442307692308 0.03125 0.11057692307692307
0 0.9158653846153846 0.6971153846153846 0.040865384615384616 0.125
0 0.8088942307692307 0.734375 0.036057692307692304 0.1310096153846154
0 0.7728365384615384 0.7403846153846154 0.03365384615384615 0.125
0 0.4026442307692308 0.7608173076923077 0.03485576923076923 0.13701923076923078
0 0.9507211538461539 0.7043269230769231 0.039663461538461536 0.09615384615384616
0 0.9807692307692307 0.6983173076923077 0.03485576923076923 0.12379807692307693
0 0.8449519230769231 0.7163461538461539 0.038461538461538464 0.125
0 0.8786057692307693 0.7199519230769231 0.039663461538461536 0.12379807692307693
0 0.6286057692307693 0.7560096153846154 0.03485576923076923 0.12740384615384615
0 0.3293269230769231 0.7644230769230769 0.03245192307692308 0.1310096153846154
0 0.29086538461538464 0.7740384615384616 0.03365384615384615 0.11899038461538461
0 0.25600961538461536 0.7764423076923077 0.03245192307692308 0.12379807692307693
0 0.21875 0.7608173076923077 0.03125 0.11298076923076923
0 0.18389423076923078 0.7788461538461539 0.036057692307692304 0.125
0 0.1502403846153846 0.7788461538461539 0.03365384615384615 0.12259615384615384
0 0.11298076923076923 0.7836538461538461 0.038461538461538464 0.11899038461538461
0 0.07692307692307693 0.7800480769230769 0.037259615384615384 0.125
0 0.042067307692307696 0.7944711538461539 0.038461538461538464 0.125
0 0.01201923076923077 0.7956730769230769 0.02403846153846154 0.12740384615384615
0 0.3545673076923077 0.4254807692307692 0.030048076923076924 0.12740384615384615
0 0.3161057692307692 0.41947115384615385 0.03485576923076923 0.11778846153846154
0 0.2764423076923077 0.4230769230769231 0.03245192307692308 0.13701923076923078
0 0.2439903846153846 0.43028846153846156 0.036057692307692304 0.12860576923076922
0 0.2091346153846154 0.4362980769230769 0.03485576923076923 0.12259615384615384
0 0.17548076923076922 0.43509615384615385 0.03365384615384615 0.12139423076923077
0 0.13581730769230768 0.4338942307692308 0.03485576923076923 0.11538461538461539
0 0.1045673076923077 0.43509615384615385 0.03485576923076923 0.11899038461538461
0 0.06971153846153846 0.4338942307692308 0.038461538461538464 0.1141826923076923
0 0.03365384615384615 0.4362980769230769 0.03485576923076923 0.11778846153846154
0 0.008413461538461538 0.4387019230769231 0.016826923076923076 0.12860576923076922
0 0.7596153846153846 0.3942307692307692 0.03485576923076923 0.12860576923076922
0 0.7944711538461539 0.38221153846153844 0.03365384615384615 0.10576923076923077
0 0.8317307692307693 0.3762019230769231 0.03485576923076923 0.11658653846153846
0 0.8653846153846154 0.38221153846153844 0.037259615384615384 0.12259615384615384
0 0.9026442307692307 0.36538461538461536 0.03485576923076923 0.12139423076923077
0 0.9411057692307693 0.36778846153846156 0.042067307692307696 0.11899038461538461
0 0.9783653846153846 0.3713942307692308 0.042067307692307696 0.11899038461538461
0 0.6790865384615384 0.1935096153846154 0.07451923076923077 0.06610576923076923
0 0.9879807692307693 0.026442307692307692 0.021634615384615384 0.052884615384615384
0 0.9591346153846154 0.040865384615384616 0.03485576923076923 0.08052884615384616
0 0.921875 0.04807692307692308 0.036057692307692304 0.09615384615384616
0 0.8858173076923077 0.04807692307692308 0.036057692307692304 0.09615384615384616
0 0.8521634615384616 0.04447115384615385 0.036057692307692304 0.0889423076923077
0 0.8137019230769231 0.051682692307692304 0.03245192307692308 0.10336538461538461
0 0.7788461538461539 0.052884615384615384 0.03125 0.10576923076923077
0 0.7463942307692307 0.05048076923076923 0.03245192307692308 0.09975961538461539
0 0.7115384615384616 0.04927884615384615 0.03485576923076923 0.0985576923076923
0 0.6778846153846154 0.04447115384615385 0.03245192307692308 0.0889423076923077
0 0.6418269230769231 0.040865384615384616 0.03245192307692308 0.08173076923076923
0 0.6033653846153846 0.05889423076923077 0.03485576923076923 0.11658653846153846
0 0.5661057692307693 0.051682692307692304 0.03485576923076923 0.10336538461538461
0 0.5300480769230769 0.052884615384615384 0.03245192307692308 0.10576923076923077
0 0.4182692307692308 0.05048076923076923 0.030048076923076924 0.09975961538461539
0 0.38461538461538464 0.057692307692307696 0.03365384615384615 0.11538461538461539
0 0.3425480769230769 0.06129807692307692 0.03245192307692308 0.11538461538461539
0 0.3088942307692308 0.06009615384615385 0.030048076923076924 0.11899038461538461
0 0.2403846153846154 0.07211538461538461 0.036057692307692304 0.11298076923076923
0 0.17067307692307693 0.078125 0.03365384615384615 0.11057692307692307
0 0.13701923076923078 0.09134615384615384 0.037259615384615384 0.12740384615384615
0 0.06610576923076923 0.09975961538461539 0.037259615384615384 0.12620192307692307
0 0.028846153846153848 0.1141826923076923 0.040865384615384616 0.12379807692307693
0 0.004807692307692308 0.10336538461538461 0.009615384615384616 0.11778846153846154