0 0.9879807692307693 0.20552884615384615 0.021634615384615384 0.054086538461538464
0 0.8665865384615384 0.19951923076923078 0.04807692307692308 0.04567307692307692
0 0.8112980769230769 0.19591346153846154 0.046875 0.046875
0 0.5817307692307693 0.17668269230769232 0.04927884615384615 0.046875
0 0.4879807692307692 0.17067307692307693 0.046875 0.046875
0 0.42788461538461536 0.16706730769230768 0.051682692307692304 0.046875
0 0.3581730769230769 0.16826923076923078 0.056490384615384616 0.04567307692307692
0 0.234375 0.171875 0.052884615384615384 0.046875
0 0.18389423076923078 0.16947115384615385 0.04927884615384615 0.04567307692307692
0 0.9939903846153846 0.41225961538461536 0.008413461538461538 0.07211538461538461
0 0.9783653846153846 0.4074519230769231 0.027644230769230768 0.09254807692307693
0 0.9543269230769231 0.40384615384615385 0.025240384615384616 0.09495192307692307
0 0.9302884615384616 0.4074519230769231 0.025240384615384616 0.08173076923076923
0 0.9038461538461539 0.40024038461538464 0.025240384615384616 0.0829326923076923
0 0.8798076923076923 0.40024038461538464 0.02403846153846154 0.052884615384615384
0 0.8533653846153846 0.39663461538461536 0.02283653846153846 0.09014423076923077
0 0.8305288461538461 0.39663461538461536 0.02403846153846154 0.0889423076923077
0 0.8064903846153846 0.4098557692307692 0.025240384615384616 0.09254807692307693
0 0.7776442307692307 0.40024038461538464 0.02403846153846154 0.0985576923076923
0 0.7560096153846154 0.39903846153846156 0.026442307692307692 0.08173076923076923
0 0.7307692307692307 0.40024038461538464 0.02403846153846154 0.09254807692307693
0 0.7079326923076923 0.40384615384615385 0.027644230769230768 0.10096153846153846
0 0.6766826923076923 0.39663461538461536 0.02403846153846154 0.09014423076923077
0 0.6526442307692307 0.39302884615384615 0.021634615384615384 0.09495192307692307
0 0.6262019230769231 0.3894230769230769 0.025240384615384616 0.09134615384615384
0 0.5973557692307693 0.39903846153846156 0.020432692307692308 0.09134615384615384
0 0.5697115384615384 0.3858173076923077 0.02403846153846154 0.0889423076923077
0 0.5456730769230769 0.3870192307692308 0.021634615384615384 0.09254807692307693
0 0.5180288461538461 0.3858173076923077 0.02403846153846154 0.0985576923076923
0 0.49158653846153844 0.3918269230769231 0.025240384615384616 0.09495192307692307
0 0.46274038461538464 0.38461538461538464 0.02403846153846154 0.09615384615384616
0 0.4362980769230769 0.3918269230769231 0.02283653846153846 0.09735576923076923
0 0.40865384615384615 0.38461538461538464 0.025240384615384616 0.09254807692307693
0 0.37740384615384615 0.37740384615384615 0.02283653846153846 0.08413461538461539
0 0.35096153846153844 0.3858173076923077 0.02403846153846154 0.0985576923076923
0 0.31850961538461536 0.3918269230769231 0.025240384615384616 0.09014423076923077
0 0.31850961538461536 0.49158653846153844 0.027644230769230768 0.10096153846153846
0 0.3605769230769231 0.5877403846153846 0.027644230769230768 0.08052884615384616
0 0.3870192307692308 0.5973557692307693 0.030048076923076924 0.09254807692307693
0 0.41225961538461536 0.5865384615384616 0.028846153846153848 0.08173076923076923
0 0.5252403846153846 0.5913461538461539 0.03125 0.0889423076923077
0 0.5528846153846154 0.5913461538461539 0.030048076923076924 0.09014423076923077
0 0.5769230769230769 0.5901442307692307 0.03125 0.0889423076923077
0 0.6069711538461539 0.5949519230769231 0.030048076923076924 0.08774038461538461
0 0.7379807692307693 0.5961538461538461 0.03245192307692308 0.08653846153846154
0 0.7884615384615384 0.5961538461538461 0.03125 0.09254807692307693
0 0.8161057692307693 0.5997596153846154 0.027644230769230768 0.08653846153846154
0 0.9146634615384616 0.6045673076923077 0.03365384615384615 0.08173076923076923
0 0.9399038461538461 0.5997596153846154 0.03485576923076923 0.08774038461538461
0 0.9867788461538461 0.6105769230769231 0.02283653846153846 0.08173076923076923
0 0.9891826923076923 0.765625 0.018028846153846152 0.08173076923076923
0 0.9699519230769231 0.7716346153846154 0.037259615384615384 0.09014423076923077
0 0.9399038461538461 0.7752403846153846 0.042067307692307696 0.0889423076923077
0 0.8798076923076923 0.7704326923076923 0.037259615384615384 0.08173076923076923
0 0.8581730769230769 0.7668269230769231 0.04567307692307692 0.09495192307692307
0 0.7067307692307693 0.7752403846153846 0.037259615384615384 0.09014423076923077
0 0.6466346153846154 0.7716346153846154 0.037259615384615384 0.09735576923076923
0 0.6165865384615384 0.7740384615384616 0.03485576923076923 0.08653846153846154
0 0.5240384615384616 0.7776442307692307 0.040865384615384616 0.109375
0 0.4891826923076923 0.7848557692307693 0.03365384615384615 0.09615384615384616
0 0.46153846153846156 0.7776442307692307 0.03365384615384615 0.0889423076923077
0 0.42788461538461536 0.7824519230769231 0.036057692307692304 0.09014423076923077
0 0.36899038461538464 0.7788461538461539 0.03485576923076923 0.08774038461538461
0 0.3401442307692308 0.7680288461538461 0.03245192307692308 0.10096153846153846
0 0.3076923076923077 0.7752403846153846 0.030048076923076924 0.09014423076923077
0 0.28125 0.7704326923076923 0.03245192307692308 0.09615384615384616
0 0.25600961538461536 0.7560096153846154 0.03365384615384615 0.0889423076923077