0 0.6694711538461539 0.0625 0.027644230769230768 0.09735576923076923
0 0.6730769230769231 0.17668269230769232 0.03125 0.11298076923076923
0 0.6598557692307693 0.4855769230769231 0.028846153846153848 0.11298076923076923
0 0.6538461538461539 0.6322115384615384 0.028846153846153848 0.10576923076923077
0 0.6466346153846154 0.7644230769230769 0.028846153846153848 0.10697115384615384
0 0.6478365384615384 0.9110576923076923 0.03125 0.11658653846153846
0 0.5300480769230769 0.04807692307692308 0.06129807692307692 0.05889423076923077
0 0.5264423076923077 0.013221153846153846 0.0625 0.026442307692307692
0 0.5216346153846154 0.10336538461538461 0.057692307692307696 0.054086538461538464
0 0.515625 0.15384615384615385 0.056490384615384616 0.04807692307692308
0 0.5096153846153846 0.2127403846153846 0.06009615384615385 0.056490384615384616
0 0.5132211538461539 0.27524038461538464 0.05889423076923077 0.046875
0 0.5252403846153846 0.33052884615384615 0.046875 0.04567307692307692
0 0.5168269230769231 0.3858173076923077 0.056490384615384616 0.06009615384615385
0 0.5120192307692307 0.49759615384615385 0.056490384615384616 0.054086538461538464
0 0.5036057692307693 0.5625 0.05889423076923077 0.054086538461538464
0 0.5036057692307693 0.7884615384615384 0.05048076923076923 0.054086538461538464
0 0.4963942307692308 0.9555288461538461 0.0625 0.05889423076923077
0 0.3581730769230769 0.8485576923076923 0.0625 0.078125
0 0.3629807692307692 0.7355769230769231 0.05889423076923077 0.06971153846153846
0 0.38100961538461536 0.38341346153846156 0.05889423076923077 0.07211538461538461
0 0.3798076923076923 0.3233173076923077 0.055288461538461536 0.07211538461538461
0 0.38341346153846156 0.15985576923076922 0.05889423076923077 0.06971153846153846
0 0.38461538461538464 0.09615384615384616 0.0625 0.06009615384615385
0 0.3918269230769231 0.038461538461538464 0.052884615384615384 0.06009615384615385
0 0.2692307692307692 0.02283653846153846 0.052884615384615384 0.04567307692307692
0 0.25961538461538464 0.07211538461538461 0.05889423076923077 0.07211538461538461
0 0.2620192307692308 0.13341346153846154 0.06490384615384616 0.08052884615384616
0 0.25600961538461536 0.19831730769230768 0.06129807692307692 0.08052884615384616
0 0.25721153846153844 0.26802884615384615 0.0673076923076923 0.08173076923076923
0 0.2512019230769231 0.33052884615384615 0.06610576923076923 0.078125
0 0.24879807692307693 0.38461538461538464 0.057692307692307696 0.07451923076923077
0 0.24879807692307693 0.4651442307692308 0.0625 0.07091346153846154
0 0.24879807692307693 0.5288461538461539 0.06370192307692307 0.07692307692307693
0 0.2403846153846154 0.5949519230769231 0.0625 0.07692307692307693
0 0.23798076923076922 0.6490384615384616 0.06370192307692307 0.08653846153846154
0 0.2403846153846154 0.7199519230769231 0.06370192307692307 0.06370192307692307
0 0.23798076923076922 0.7872596153846154 0.06370192307692307 0.0829326923076923
0 0.23317307692307693 0.8581730769230769 0.06129807692307692 0.06370192307692307
0 0.23317307692307693 0.921875 0.06490384615384616 0.06850961538461539
0 0.23076923076923078 0.9759615384615384 0.06129807692307692 0.04326923076923077