0 0.09975961538461539 0.5324519230769231 0.07692307692307693 0.05889423076923077
0 0.07692307692307693 0.07091346153846154 0.09495192307692307 0.06490384615384616
0 0.296875 0.41225961538461536 0.08653846153846154 0.07091346153846154
0 0.29086538461538464 0.265625 0.08774038461538461 0.0733173076923077
0 0.4074519230769231 0.5612980769230769 0.0889423076923077 0.06850961538461539
0 0.6081730769230769 0.5240384615384616 0.078125 0.06850961538461539
0 0.7223557692307693 0.5949519230769231 0.07932692307692307 0.06610576923076923
0 0.7151442307692307 0.5180288461538461 0.08774038461538461 0.06610576923076923
0 0.9567307692307693 0.5 0.08413461538461539 0.06370192307692307
0 0.9711538461538461 0.43149038461538464 0.055288461538461536 0.0625
0 0.9002403846153846 0.36778846153846156 0.08173076923076923 0.06850961538461539
0 0.9711538461538461 0.21394230769230768 0.056490384615384616 0.06971153846153846
0 0.9651442307692307 0.14182692307692307 0.06610576923076923 0.06490384615384616
0 0.9639423076923077 0.0733173076923077 0.06971153846153846 0.06370192307692307
0 0.9579326923076923 0.02283653846153846 0.07932692307692307 0.04567307692307692
0 0.8822115384615384 0.10336538461538461 0.09014423076923077 0.06850961538461539
0 0.7067307692307693 0.4387019230769231 0.08533653846153846 0.06009615384615385
0 0.7043269230769231 0.3641826923076923 0.09134615384615384 0.07091346153846154
0 0.5997596153846154 0.2980769230769231 0.08774038461538461 0.07692307692307693
0 0.7007211538461539 0.20793269230769232 0.08413461538461539 0.0625
0 0.6911057692307693 0.13341346153846154 0.07692307692307693 0.06971153846153846
0 0.5949519230769231 0.13942307692307693 0.07692307692307693 0.0733173076923077
0 0.5865384615384616 0.015625 0.08413461538461539 0.030048076923076924
0 0.39783653846153844 0.026442307692307692 0.07451923076923077 0.052884615384615384
0 0.390625 0.16826923076923078 0.08173076923076923 0.0625
0 0.3858173076923077 0.25 0.08052884615384616 0.07211538461538461
0 0.4050480769230769 0.3245192307692308 0.07091346153846154 0.06490384615384616
0 0.40625 0.40024038461538464 0.08533653846153846 0.07091346153846154