0 0.5 0.4987980769230769 0.06129807692307692 0.054086538461538464
0 0.5072115384615384 0.5540865384615384 0.057692307692307696 0.052884615384615384
0 0.5096153846153846 0.6105769230769231 0.06129807692307692 0.052884615384615384
0 0.49038461538461536 0.3858173076923077 0.057692307692307696 0.05048076923076923
0 0.49399038461538464 0.3233173076923077 0.0625 0.05048076923076923
0 0.4951923076923077 0.2644230769230769 0.06610576923076923 0.04447115384615385
0 0.4963942307692308 0.20793269230769232 0.06370192307692307 0.054086538461538464
0 0.49399038461538464 0.14903846153846154 0.06129807692307692 0.051682692307692304
0 0.5036057692307693 0.7211538461538461 0.06370192307692307 0.056490384615384616
0 0.3161057692307692 0.5096153846153846 0.05889423076923077 0.04567307692307692
0 0.5504807692307693 0.23798076923076922 0.026442307692307692 0.1045673076923077
0 0.5528846153846154 0.3545673076923077 0.026442307692307692 0.10817307692307693
0 0.5552884615384616 0.4795673076923077 0.027644230769230768 0.10817307692307693
0 0.5588942307692307 0.5949519230769231 0.026442307692307692 0.109375
0 0.5060096153846154 0.6670673076923077 0.06009615384615385 0.05048076923076923
0 0.3245192307692308 0.33052884615384615 0.052884615384615384 0.04567307692307692
0 0.31850961538461536 0.27403846153846156 0.06129807692307692 0.046875
0 0.3161057692307692 0.21394230769230768 0.06490384615384616 0.051682692307692304
0 0.3088942307692308 0.10096153846153846 0.06129807692307692 0.05048076923076923
0 0.3112980769230769 0.15865384615384615 0.0625 0.051682692307692304
0 0.3245192307692308 0.5649038461538461 0.06370192307692307 0.05048076923076923
0 0.31971153846153844 0.6802884615384616 0.05889423076923077 0.04807692307692308
0 0.32211538461538464 0.6225961538461539 0.06009615384615385 0.052884615384615384
0 0.5444711538461539 0.030048076923076924 0.025240384615384616 0.06009615384615385
0 0.546875 0.12379807692307693 0.025240384615384616 0.10697115384615384
0 0.4951923076923077 0.44350961538461536 0.06370192307692307 0.04326923076923077
0 0.31490384615384615 0.44711538461538464 0.0673076923076923 0.046875
0 0.6646634615384616 0.37259615384615385 0.06370192307692307 0.04567307692307692
0 0.6658653846153846 0.32091346153846156 0.0625 0.046875
0 0.6694711538461539 0.2608173076923077 0.057692307692307696 0.04807692307692308
0 0.6622596153846154 0.203125 0.06129807692307692 0.04567307692307692
0 0.6586538461538461 0.14903846153846154 0.06370192307692307 0.05048076923076923
0 0.6646634615384616 0.5420673076923077 0.06370192307692307 0.04807692307692308
0 0.3125 0.7391826923076923 0.06129807692307692 0.054086538461538464
0 0.3137019230769231 0.796875 0.06370192307692307 0.055288461538461536
0 0.3245192307692308 0.8545673076923077 0.0733173076923077 0.06850961538461539
0 0.3317307692307692 0.9134615384615384 0.06009615384615385 0.05048076923076923
0 0.6550480769230769 0.08774038461538461 0.056490384615384616 0.04807692307692308
0 0.65625 0.03245192307692308 0.06129807692307692 0.052884615384615384
0 0.3161057692307692 0.3894230769230769 0.06850961538461539 0.052884615384615384
0 0.6694711538461539 0.43028846153846156 0.06610576923076923 0.054086538461538464
0 0.6658653846153846 0.49038461538461536 0.06370192307692307 0.05048076923076923
0 0.6802884615384616 0.9350961538461539 0.06129807692307692 0.056490384615384616
0 0.6778846153846154 0.8822115384615384 0.05048076923076923 0.054086538461538464
0 0.6838942307692307 0.828125 0.0625 0.052884615384615384
0 0.6742788461538461 0.7680288461538461 0.06370192307692307 0.04807692307692308
0 0.6694711538461539 0.7127403846153846 0.057692307692307696 0.051682692307692304
0 0.6682692307692307 0.6574519230769231 0.06370192307692307 0.046875
0 0.6682692307692307 0.5997596153846154 0.0625 0.04807692307692308
0 0.5564903846153846 0.7199519230769231 0.028846153846153848 0.10817307692307693
0 0.30649038461538464 0.040865384615384616 0.06370192307692307 0.052884615384615384
0 0.49278846153846156 0.03485576923076923 0.05889423076923077 0.05889423076923077
0 0.49158653846153844 0.09014423076923077 0.06129807692307692 0.056490384615384616
0 0.5588942307692307 0.8377403846153846 0.028846153846153848 0.11538461538461539
0 0.6682692307692307 0.9831730769230769 0.06009615384615385 0.028846153846153848
0 0.33413461538461536 0.9723557692307693 0.052884615384615384 0.051682692307692304
0 0.5024038461538461 0.7872596153846154 0.06009615384615385 0.052884615384615384
0 0.5036057692307693 0.8389423076923077 0.057692307692307696 0.051682692307692304
0 0.5132211538461539 0.8942307692307693 0.056490384615384616 0.06129807692307692
0 0.5096153846153846 0.9591346153846154 0.056490384615384616 0.05889423076923077
0 0.5625 0.9495192307692307 0.025240384615384616 0.09735576923076923