0 0.5252403846153846 0.609375 0.042067307692307696 0.11057692307692307
0 0.4807692307692308 0.6033653846153846 0.046875 0.12379807692307693
0 0.4387019230769231 0.5877403846153846 0.04807692307692308 0.1346153846153846
0 0.5685096153846154 0.5997596153846154 0.04447115384615385 0.12860576923076922
0 0.6117788461538461 0.6213942307692307 0.046875 0.11658653846153846
0 0.6983173076923077 0.625 0.04927884615384615 0.12259615384615384
0 0.7439903846153846 0.6225961538461539 0.04326923076923077 0.125
0 0.7824519230769231 0.6262019230769231 0.04567307692307692 0.13221153846153846
0 0.8317307692307693 0.6189903846153846 0.054086538461538464 0.1466346153846154
0 0.9567307692307693 0.6225961538461539 0.05048076923076923 0.12259615384615384
0 0.9867788461538461 0.6213942307692307 0.025240384615384616 0.11778846153846154
0 0.9459134615384616 0.3629807692307692 0.04807692307692308 0.12379807692307693
0 0.9026442307692307 0.3545673076923077 0.04326923076923077 0.12860576923076922
0 0.8713942307692307 0.3581730769230769 0.04326923076923077 0.1346153846153846
0 0.8341346153846154 0.3545673076923077 0.046875 0.1310096153846154
0 0.6778846153846154 0.34134615384615385 0.04326923076923077 0.11658653846153846
0 0.6418269230769231 0.35336538461538464 0.04447115384615385 0.1346153846153846
0 0.6033653846153846 0.33653846153846156 0.039663461538461536 0.1141826923076923
0 0.5432692307692307 0.19110576923076922 0.03485576923076923 0.15504807692307693
0 0.5408653846153846 0.057692307692307696 0.038461538461538464 0.11538461538461539
0 0.5889423076923077 0.06009615384615385 0.03365384615384615 0.11899038461538461
0 0.6286057692307693 0.046875 0.03365384615384615 0.09254807692307693
0 0.6730769230769231 0.05889423076923077 0.03365384615384615 0.11778846153846154
0 0.7127403846153846 0.06610576923076923 0.03485576923076923 0.13221153846153846
0 0.7512019230769231 0.0625 0.036057692307692304 0.125
0 0.7908653846153846 0.06850961538461539 0.037259615384615384 0.13581730769230768
0 0.8269230769230769 0.0673076923076923 0.03365384615384615 0.1346153846153846
0 0.8629807692307693 0.07091346153846154 0.03485576923076923 0.12620192307692307
0 0.8966346153846154 0.06850961538461539 0.038461538461538464 0.13581730769230768
0 0.9362980769230769 0.0889423076923077 0.03485576923076923 0.12860576923076922
0 0.9759615384615384 0.07091346153846154 0.038461538461538464 0.1310096153846154