0 0.6274038461538461 0.21514423076923078 0.03365384615384615 0.12860576923076922
0 0.9855769230769231 0.24158653846153846 0.026442307692307692 0.12379807692307693
0 0.9567307692307693 0.23317307692307693 0.038461538461538464 0.12379807692307693
0 0.921875 0.2283653846153846 0.038461538461538464 0.12620192307692307
0 0.8846153846153846 0.24639423076923078 0.037259615384615384 0.125
0 0.8485576923076923 0.2247596153846154 0.03485576923076923 0.1310096153846154
0 0.8137019230769231 0.22596153846153846 0.03245192307692308 0.12139423076923077
0 0.7776442307692307 0.22596153846153846 0.03365384615384615 0.1310096153846154
0 0.7439903846153846 0.2283653846153846 0.037259615384615384 0.12740384615384615
0 0.7043269230769231 0.21995192307692307 0.03485576923076923 0.13221153846153846
0 0.6694711538461539 0.22596153846153846 0.03245192307692308 0.1310096153846154
0 0.5480769230769231 0.21754807692307693 0.03245192307692308 0.13581730769230768
0 0.5865384615384616 0.20552884615384615 0.03245192307692308 0.11298076923076923
0 0.5 0.2247596153846154 0.030048076923076924 0.12860576923076922
0 0.5036057692307693 0.36778846153846156 0.03245192307692308 0.1502403846153846
0 0.5637019230769231 0.5024038461538461 0.038461538461538464 0.1141826923076923
0 0.6033653846153846 0.5180288461538461 0.042067307692307696 0.12740384615384615
0 0.6382211538461539 0.5 0.04326923076923077 0.11298076923076923
0 0.7908653846153846 0.5036057692307693 0.04326923076923077 0.12620192307692307
0 0.8269230769230769 0.5072115384615384 0.040865384615384616 0.12139423076923077
0 0.8557692307692307 0.5 0.042067307692307696 0.125
0 0.8990384615384616 0.5096153846153846 0.04447115384615385 0.12259615384615384
0 0.9495192307692307 0.7536057692307693 0.05048076923076923 0.1310096153846154
0 0.9098557692307693 0.7536057692307693 0.05048076923076923 0.11658653846153846
0 0.7884615384615384 0.7644230769230769 0.056490384615384616 0.15264423076923078
0 0.7415865384615384 0.7716346153846154 0.04567307692307692 0.13221153846153846
0 0.7043269230769231 0.765625 0.040865384615384616 0.12259615384615384
0 0.6574519230769231 0.7764423076923077 0.04807692307692308 0.12740384615384615
0 0.5745192307692307 0.7716346153846154 0.05048076923076923 0.12139423076923077
0 0.5348557692307693 0.7644230769230769 0.040865384615384616 0.13341346153846154
0 0.49038461538461536 0.7752403846153846 0.04447115384615385 0.12139423076923077
0 0.4495192307692308 0.7644230769230769 0.04567307692307692 0.12259615384615384
0 0.4098557692307692 0.75 0.04567307692307692 0.12259615384615384