0 0.9278846153846154 0.6430288461538461 0.057692307692307696 0.17548076923076922
0 0.9771634615384616 0.140625 0.04326923076923077 0.16105769230769232
0 0.8930288461538461 0.15985576923076922 0.054086538461538464 0.15144230769230768
0 0.8473557692307693 0.17548076923076922 0.052884615384615384 0.16706730769230768
0 0.8004807692307693 0.17548076923076922 0.04567307692307692 0.1346153846153846
0 0.7572115384615384 0.20192307692307693 0.04807692307692308 0.1622596153846154
0 0.7067307692307693 0.20192307692307693 0.04807692307692308 0.15264423076923078
0 0.6574519230769231 0.2091346153846154 0.04807692307692308 0.17668269230769232
0 0.6105769230769231 0.21995192307692307 0.04927884615384615 0.17067307692307693
0 0.5637019230769231 0.23076923076923078 0.04807692307692308 0.15504807692307693
0 0.5180288461538461 0.23557692307692307 0.04807692307692308 0.15865384615384615
0 0.46153846153846156 0.23557692307692307 0.04326923076923077 0.1466346153846154
0 0.41466346153846156 0.24278846153846154 0.04326923076923077 0.15745192307692307
0 0.36778846153846156 0.24759615384615385 0.04807692307692308 0.15264423076923078
0 0.31971153846153844 0.25721153846153844 0.04447115384615385 0.16105769230769232
0 0.2704326923076923 0.2668269230769231 0.05048076923076923 0.171875
0 0.2247596153846154 0.28846153846153844 0.040865384615384616 0.14903846153846154
0 0.18028846153846154 0.296875 0.046875 0.16706730769230768
0 0.12980769230769232 0.31971153846153844 0.05048076923076923 0.1622596153846154
0 0.08653846153846154 0.3329326923076923 0.04567307692307692 0.15985576923076922
0 0.039663461538461536 0.3293269230769231 0.056490384615384616 0.16346153846153846
0 0.010817307692307692 0.34975961538461536 0.021634615384615384 0.16105769230769232
0 0.8329326923076923 0.6286057692307693 0.05048076923076923 0.1814903846153846
0 0.7415865384615384 0.6490384615384616 0.046875 0.17307692307692307
0 0.6923076923076923 0.6694711538461539 0.04567307692307692 0.1658653846153846
0 0.6442307692307693 0.6814903846153846 0.04326923076923077 0.16706730769230768
0 0.5925480769230769 0.6682692307692307 0.04326923076923077 0.14903846153846154
0 0.5432692307692307 0.6971153846153846 0.046875 0.16947115384615385
0 0.49399038461538464 0.7055288461538461 0.039663461538461536 0.1658653846153846
0 0.44471153846153844 0.7175480769230769 0.04567307692307692 0.1622596153846154
0 0.3954326923076923 0.7175480769230769 0.04447115384615385 0.1658653846153846
0 0.3473557692307692 0.7427884615384616 0.04927884615384615 0.16947115384615385
0 0.2956730769230769 0.7512019230769231 0.04567307692307692 0.171875
0 0.25 0.7512019230769231 0.04807692307692308 0.15264423076923078
0 0.20432692307692307 0.7644230769230769 0.04326923076923077 0.1502403846153846
0 0.15504807692307693 0.7668269230769231 0.055288461538461536 0.1658653846153846
0 0.11057692307692307 0.7884615384615384 0.04567307692307692 0.12860576923076922
0 0.06370192307692307 0.7932692307692307 0.04927884615384615 0.15985576923076922
0 0.020432692307692308 0.7764423076923077 0.040865384615384616 0.16105769230769232