0 0.28846153846153844 0.03485576923076923 0.0625 0.051682692307692304
0 0.29447115384615385 0.09254807692307693 0.051682692307692304 0.04807692307692308
0 0.28725961538461536 0.14903846153846154 0.06850961538461539 0.05889423076923077
0 0.28725961538461536 0.20793269230769232 0.06850961538461539 0.04807692307692308
0 0.28725961538461536 0.26802884615384615 0.05889423076923077 0.04807692307692308
0 0.2956730769230769 0.3293269230769231 0.06610576923076923 0.05048076923076923
0 0.2920673076923077 0.3870192307692308 0.06370192307692307 0.052884615384615384
0 0.29086538461538464 0.44350961538461536 0.06129807692307692 0.051682692307692304
0 0.2860576923076923 0.5060096153846154 0.06490384615384616 0.051682692307692304
0 0.28725961538461536 0.5600961538461539 0.06850961538461539 0.051682692307692304
0 0.30528846153846156 0.6778846153846154 0.06129807692307692 0.05048076923076923
0 0.30408653846153844 0.7920673076923077 0.06971153846153846 0.056490384615384616
0 0.4675480769230769 0.026442307692307692 0.06610576923076923 0.046875
0 0.4651442307692308 0.0829326923076923 0.06370192307692307 0.052884615384615384
0 0.46274038461538464 0.14903846153846154 0.05889423076923077 0.051682692307692304
0 0.4675480769230769 0.20552884615384615 0.0625 0.051682692307692304
0 0.4735576923076923 0.2608173076923077 0.06370192307692307 0.05048076923076923
0 0.4807692307692308 0.31850961538461536 0.0625 0.04807692307692308
0 0.48197115384615385 0.3737980769230769 0.06370192307692307 0.051682692307692304
0 0.4795673076923077 0.42788461538461536 0.06009615384615385 0.04807692307692308
0 0.47716346153846156 0.4891826923076923 0.0673076923076923 0.055288461538461536
0 0.47475961538461536 0.546875 0.06129807692307692 0.051682692307692304
0 0.47716346153846156 0.6045673076923077 0.06129807692307692 0.055288461538461536
0 0.48677884615384615 0.6574519230769231 0.06009615384615385 0.056490384615384616
0 0.484375 0.7199519230769231 0.057692307692307696 0.055288461538461536
0 0.484375 0.8329326923076923 0.04927884615384615 0.051682692307692304
0 0.5240384615384616 0.027644230769230768 0.026442307692307692 0.055288461538461536
0 0.5276442307692307 0.11658653846153846 0.027644230769230768 0.11298076923076923
0 0.5300480769230769 0.24278846153846154 0.030048076923076924 0.1141826923076923
0 0.5324519230769231 0.3581730769230769 0.026442307692307692 0.1045673076923077
0 0.5324519230769231 0.4795673076923077 0.027644230769230768 0.109375
0 0.5348557692307693 0.5985576923076923 0.027644230769230768 0.10697115384615384
0 0.5360576923076923 0.7127403846153846 0.02403846153846154 0.1045673076923077
0 0.6430288461538461 0.02283653846153846 0.05889423076923077 0.04567307692307692
0 0.6394230769230769 0.078125 0.0625 0.051682692307692304
0 0.6382211538461539 0.13341346153846154 0.06370192307692307 0.04807692307692308
0 0.6430288461538461 0.18990384615384615 0.0673076923076923 0.055288461538461536
0 0.6394230769230769 0.25 0.06370192307692307 0.054086538461538464
0 0.6418269230769231 0.30288461538461536 0.06610576923076923 0.051682692307692304
0 0.6442307692307693 0.359375 0.06370192307692307 0.04807692307692308
0 0.6442307692307693 0.41586538461538464 0.0625 0.04567307692307692
0 0.6430288461538461 0.4735576923076923 0.05889423076923077 0.051682692307692304
0 0.6502403846153846 0.5324519230769231 0.0625 0.05048076923076923
0 0.6598557692307693 0.5877403846153846 0.06370192307692307 0.052884615384615384
0 0.6550480769230769 0.6430288461538461 0.051682692307692304 0.05048076923076923
0 0.31009615384615385 0.8497596153846154 0.06490384615384616 0.052884615384615384
0 0.2980769230769231 0.6129807692307693 0.07572115384615384 0.056490384615384616
0 0.5408653846153846 0.8365384615384616 0.027644230769230768 0.12139423076923077
0 0.49278846153846156 0.8918269230769231 0.06850961538461539 0.06850961538461539
0 0.3076923076923077 0.9050480769230769 0.054086538461538464 0.056490384615384616
0 0.4855769230769231 0.7752403846153846 0.05048076923076923 0.04807692307692308
0 0.49399038461538464 0.9519230769230769 0.055288461538461536 0.06009615384615385
0 0.31009615384615385 0.9639423076923077 0.06370192307692307 0.055288461538461536
0 0.5456730769230769 0.953125 0.027644230769230768 0.09134615384615384
0 0.6526442307692307 0.8689903846153846 0.06370192307692307 0.056490384615384616
0 0.6526442307692307 0.9290865384615384 0.06129807692307692 0.05889423076923077
0 0.6634615384615384 0.9735576923076923 0.05889423076923077 0.04807692307692308
0 0.6586538461538461 0.6983173076923077 0.06009615384615385 0.054086538461538464
0 0.6454326923076923 0.7596153846153846 0.06129807692307692 0.054086538461538464
0 0.6502403846153846 0.8185096153846154 0.06370192307692307 0.046875
0 0.3088942307692308 0.734375 0.051682692307692304 0.04567307692307692