0 0.2668269230769231 0.4807692307692308 0.08173076923076923 0.056490384615384616
0 0.6466346153846154 0.47596153846153844 0.07932692307692307 0.0625
0 0.7403846153846154 0.4795673076923077 0.08173076923076923 0.05889423076923077
0 0.9519230769230769 0.46634615384615385 0.07932692307692307 0.0625
0 0.9182692307692307 0.7944711538461539 0.037259615384615384 0.13701923076923078
0 0.8786057692307693 0.7908653846153846 0.038461538461538464 0.14423076923076922
0 0.8401442307692307 0.8016826923076923 0.03485576923076923 0.13221153846153846
0 0.7980769230769231 0.7944711538461539 0.03485576923076923 0.1346153846153846
0 0.7596153846153846 0.8004807692307693 0.03245192307692308 0.09014423076923077
0 0.7175480769230769 0.8016826923076923 0.03485576923076923 0.14543269230769232
0 0.6778846153846154 0.8016826923076923 0.03245192307692308 0.13221153846153846
0 0.6382211538461539 0.8317307692307693 0.036057692307692304 0.14543269230769232
0 0.5901442307692307 0.8149038461538461 0.037259615384615384 0.15745192307692307
0 0.5504807692307693 0.8185096153846154 0.03245192307692308 0.12860576923076922
0 0.5096153846153846 0.8245192307692307 0.03365384615384615 0.1466346153846154
0 0.4230769230769231 0.8233173076923077 0.037259615384615384 0.14182692307692307
0 0.38341346153846156 0.8185096153846154 0.03485576923076923 0.13942307692307693
0 0.3401442307692308 0.8161057692307693 0.038461538461538464 0.14423076923076922
0 0.2980769230769231 0.8365384615384616 0.03485576923076923 0.13942307692307693
0 0.25721153846153844 0.8125 0.037259615384615384 0.1502403846153846
0 0.21995192307692307 0.8197115384615384 0.037259615384615384 0.140625
0 0.1778846153846154 0.8197115384615384 0.037259615384615384 0.15504807692307693
0 0.1346153846153846 0.8293269230769231 0.04326923076923077 0.1466346153846154
0 0.09254807692307693 0.8185096153846154 0.04447115384615385 0.15504807692307693
0 0.12379807692307693 0.47836538461538464 0.08052884615384616 0.05889423076923077
0 0.4675480769230769 0.8485576923076923 0.038461538461538464 0.1778846153846154
0 0.04927884615384615 0.8377403846153846 0.04326923076923077 0.15264423076923078
0 0.9867788461538461 0.7932692307692307 0.02403846153846154 0.12379807692307693
0 0.9555288461538461 0.8028846153846154 0.037259615384615384 0.10576923076923077
0 0.036057692307692304 0.48197115384615385 0.07211538461538461 0.0625
0 0.013221153846153846 0.828125 0.026442307692307692 0.14302884615384615