0 0.5240384615384616 0.5348557692307693 0.06009615384615385 0.052884615384615384
0 0.5228365384615384 0.4795673076923077 0.056490384615384616 0.05048076923076923
0 0.5252403846153846 0.421875 0.057692307692307696 0.04807692307692308
0 0.4567307692307692 0.41947115384615385 0.05889423076923077 0.052884615384615384
0 0.45552884615384615 0.5324519230769231 0.06009615384615385 0.052884615384615384
0 0.4519230769230769 0.5889423076923077 0.055288461538461536 0.051682692307692304
0 0.3112980769230769 0.6983173076923077 0.057692307692307696 0.046875
0 0.30528846153846156 0.6394230769230769 0.055288461538461536 0.05048076923076923
0 0.30288461538461536 0.5805288461538461 0.06129807692307692 0.04807692307692308
0 0.30528846153846156 0.5264423076923077 0.05889423076923077 0.05048076923076923
0 0.3137019230769231 0.4735576923076923 0.057692307692307696 0.05048076923076923
0 0.3137019230769231 0.41947115384615385 0.056490384615384616 0.052884615384615384
0 0.3137019230769231 0.3629807692307692 0.06129807692307692 0.056490384615384616
0 0.3137019230769231 0.3088942307692308 0.06009615384615385 0.055288461538461536
0 0.4519230769230769 0.31009615384615385 0.05889423076923077 0.051682692307692304
0 0.45913461538461536 0.36538461538461536 0.057692307692307696 0.046875
0 0.5240384615384616 0.36778846153846156 0.05889423076923077 0.05048076923076923
0 0.5252403846153846 0.3112980769230769 0.05889423076923077 0.051682692307692304
0 0.6742788461538461 0.3233173076923077 0.06129807692307692 0.046875
0 0.453125 0.6466346153846154 0.05889423076923077 0.04326923076923077
0 0.5204326923076923 0.6514423076923077 0.06009615384615385 0.05048076923076923
0 0.5252403846153846 0.5949519230769231 0.056490384615384616 0.04567307692307692
0 0.5144230769230769 0.7055288461538461 0.056490384615384616 0.046875
0 0.4519230769230769 0.703125 0.056490384615384616 0.046875
0 0.4495192307692308 0.4807692307692308 0.06129807692307692 0.046875
0 0.5060096153846154 0.08653846153846154 0.025240384615384616 0.1141826923076923
0 0.5372596153846154 0.08052884615384616 0.02403846153846154 0.11538461538461539
0 0.5685096153846154 0.08052884615384616 0.02403846153846154 0.09495192307692307
0 0.5985576923076923 0.078125 0.025240384615384616 0.10336538461538461
0 0.6298076923076923 0.0829326923076923 0.025240384615384616 0.1045673076923077
0 0.6610576923076923 0.08052884615384616 0.027644230769230768 0.1141826923076923
0 0.6911057692307693 0.08173076923076923 0.025240384615384616 0.10697115384615384
0 0.7199519230769231 0.09014423076923077 0.02403846153846154 0.09975961538461539
0 0.7487980769230769 0.09975961538461539 0.026442307692307692 0.0985576923076923
0 0.7776442307692307 0.1045673076923077 0.025240384615384616 0.09975961538461539
0 0.8052884615384616 0.09254807692307693 0.027644230769230768 0.10576923076923077
0 0.8401442307692307 0.08653846153846154 0.03125 0.1045673076923077
0 0.4519230769230769 0.04447115384615385 0.06009615384615385 0.05048076923076923
0 0.45072115384615385 0.0985576923076923 0.06129807692307692 0.056490384615384616
0 0.45913461538461536 0.009615384615384616 0.055288461538461536 0.019230769230769232
0 0.31009615384615385 0.036057692307692304 0.055288461538461536 0.04447115384615385
0 0.3088942307692308 0.0889423076923077 0.056490384615384616 0.052884615384615384
0 0.7355769230769231 0.3245192307692308 0.04927884615384615 0.04447115384615385
0 0.7379807692307693 0.37740384615384615 0.054086538461538464 0.04807692307692308
0 0.6766826923076923 0.37740384615384615 0.057692307692307696 0.04807692307692308
0 0.6778846153846154 0.4362980769230769 0.05889423076923077 0.052884615384615384
0 0.7427884615384616 0.43990384615384615 0.057692307692307696 0.04807692307692308
0 0.7475961538461539 0.4987980769230769 0.05889423076923077 0.051682692307692304
0 0.7475961538461539 0.5516826923076923 0.055288461538461536 0.051682692307692304
0 0.6778846153846154 0.49158653846153844 0.06370192307692307 0.04807692307692308
0 0.6730769230769231 0.546875 0.06370192307692307 0.046875
0 0.6682692307692307 0.5985576923076923 0.056490384615384616 0.04807692307692308
0 0.6778846153846154 0.6610576923076923 0.056490384615384616 0.04567307692307692
0 0.75 0.6658653846153846 0.056490384615384616 0.04807692307692308
0 0.7524038461538461 0.7211538461538461 0.06009615384615385 0.051682692307692304
0 0.7487980769230769 0.7740384615384616 0.04927884615384615 0.04807692307692308
0 0.6706730769230769 0.7680288461538461 0.051682692307692304 0.04447115384615385
0 0.6730769230769231 0.7175480769230769 0.056490384615384616 0.046875
0 0.6658653846153846 0.8269230769230769 0.054086538461538464 0.051682692307692304
0 0.6658653846153846 0.8846153846153846 0.06370192307692307 0.04807692307692308
0 0.7355769230769231 0.8810096153846154 0.052884615384615384 0.046875
0 0.7427884615384616 0.9362980769230769 0.05889423076923077 0.046875
0 0.7391826923076923 0.9807692307692307 0.057692307692307696 0.036057692307692304
0 0.6694711538461539 0.9819711538461539 0.06129807692307692 0.03245192307692308
0 0.6658653846153846 0.9375 0.054086538461538464 0.04807692307692308
0 0.8870192307692307 0.17548076923076922 0.0625 0.052884615384615384
0 0.8834134615384616 0.234375 0.055288461538461536 0.046875
0 0.8846153846153846 0.2860576923076923 0.057692307692307696 0.051682692307692304
0 0.8774038461538461 0.34134615384615385 0.05889423076923077 0.04807692307692308
0 0.8846153846153846 0.39663461538461536 0.06129807692307692 0.052884615384615384
0 0.8798076923076923 0.4483173076923077 0.057692307692307696 0.05048076923076923
0 0.8786057692307693 0.5 0.057692307692307696 0.046875
0 0.8786057692307693 0.5552884615384616 0.06129807692307692 0.04326923076923077
0 0.8822115384615384 0.609375 0.06009615384615385 0.04447115384615385
0 0.8894230769230769 0.6610576923076923 0.057692307692307696 0.046875
0 0.890625 0.7175480769230769 0.0625 0.046875
0 0.8894230769230769 0.7716346153846154 0.06370192307692307 0.051682692307692304
0 0.8786057692307693 0.8305288461538461 0.05889423076923077 0.051682692307692304
0 0.8786057692307693 0.8846153846153846 0.06370192307692307 0.05048076923076923
0 0.4495192307692308 0.7584134615384616 0.056490384615384616 0.046875
0 0.5192307692307693 0.7608173076923077 0.05889423076923077 0.052884615384615384
0 0.5228365384615384 0.8149038461538461 0.055288461538461536 0.05048076923076923
0 0.4495192307692308 0.8112980769230769 0.056490384615384616 0.05048076923076923
0 0.5216346153846154 0.8725961538461539 0.055288461538461536 0.046875
0 0.4519230769230769 0.8713942307692307 0.05889423076923077 0.04807692307692308
0 0.453125 0.9278846153846154 0.06370192307692307 0.052884615384615384
0 0.5216346153846154 0.9266826923076923 0.06129807692307692 0.046875
0 0.5216346153846154 0.9795673076923077 0.06129807692307692 0.038461538461538464
0 0.4543269230769231 0.9759615384615384 0.05889423076923077 0.04326923076923077
0 0.17548076923076922 0.020432692307692308 0.06009615384615385 0.040865384615384616
0 0.17307692307692307 0.06850961538461539 0.056490384615384616 0.052884615384615384
0 0.16466346153846154 0.12379807692307693 0.055288461538461536 0.04807692307692308
0 0.15985576923076922 0.17548076923076922 0.06971153846153846 0.051682692307692304
0 0.16346153846153846 0.2283653846153846 0.0625 0.04807692307692308
0 0.1622596153846154 0.27884615384615385 0.05889423076923077 0.04567307692307692
0 0.15985576923076922 0.3317307692307692 0.06129807692307692 0.051682692307692304
0 0.16346153846153846 0.3870192307692308 0.05889423076923077 0.04567307692307692
0 0.16346153846153846 0.44471153846153844 0.05889423076923077 0.04807692307692308
0 0.15144230769230768 0.4963942307692308 0.06129807692307692 0.051682692307692304
0 0.15504807692307693 0.5528846153846154 0.06129807692307692 0.04807692307692308
0 0.15264423076923078 0.6045673076923077 0.06370192307692307 0.051682692307692304
0 0.14903846153846154 0.6658653846153846 0.06129807692307692 0.05048076923076923
0 0.14903846153846154 0.7235576923076923 0.05889423076923077 0.04326923076923077
0 0.31009615384615385 0.7524038461538461 0.05889423076923077 0.04807692307692308
0 0.3112980769230769 0.8088942307692307 0.05889423076923077 0.04807692307692308
0 0.3125 0.8653846153846154 0.06129807692307692 0.046875
0 0.3088942307692308 0.921875 0.06129807692307692 0.055288461538461536
0 0.3112980769230769 0.9735576923076923 0.06009615384615385 0.05048076923076923
0 0.1622596153846154 0.984375 0.06009615384615385 0.027644230769230768
0 0.15384615384615385 0.9387019230769231 0.06370192307692307 0.051682692307692304
0 0.1658653846153846 0.8810096153846154 0.052884615384615384 0.04567307692307692
0 0.15264423076923078 0.8269230769230769 0.05889423076923077 0.04807692307692308