0 0.7211538461538461 0.2776442307692308 0.03245192307692308 0.12740384615384615
0 0.6802884615384616 0.28365384615384615 0.03125 0.10697115384615384
0 0.6394230769230769 0.27163461538461536 0.03125 0.13221153846153846
0 0.5973557692307693 0.2692307692307692 0.03245192307692308 0.14182692307692307
0 0.5576923076923077 0.27524038461538464 0.03245192307692308 0.125
0 0.515625 0.265625 0.03125 0.12740384615384615
0 0.47596153846153844 0.265625 0.028846153846153848 0.08052884615384616
0 0.4338942307692308 0.2644230769230769 0.03485576923076923 0.13221153846153846
0 0.3954326923076923 0.2620192307692308 0.03485576923076923 0.13221153846153846
0 0.7439903846153846 0.578125 0.04807692307692308 0.13341346153846154
0 0.7043269230769231 0.5901442307692307 0.04326923076923077 0.13701923076923078
0 0.6622596153846154 0.6009615384615384 0.046875 0.12620192307692307
0 0.5360576923076923 0.5913461538461539 0.04807692307692308 0.13221153846153846
0 0.8052884615384616 0.859375 0.06129807692307692 0.14543269230769232
0 0.7608173076923077 0.8569711538461539 0.055288461538461536 0.13221153846153846
0 0.7139423076923077 0.8677884615384616 0.051682692307692304 0.13942307692307693
0 0.6766826923076923 0.8461538461538461 0.05889423076923077 0.140625
0 0.6225961538461539 0.8569711538461539 0.057692307692307696 0.140625
0 0.5793269230769231 0.5865384615384616 0.05048076923076923 0.14182692307692307
0 0.8245192307692307 0.5805288461538461 0.04807692307692308 0.13221153846153846
0 0.7824519230769231 0.5745192307692307 0.05048076923076923 0.14903846153846154
0 0.36899038461538464 0.5865384615384616 0.04326923076923077 0.13581730769230768
0 0.32572115384615385 0.578125 0.04927884615384615 0.14423076923076922
0 0.24639423076923078 0.578125 0.05048076923076923 0.13221153846153846
0 0.04567307692307692 0.5769230769230769 0.06009615384615385 0.12860576923076922
0 0.35336538461538464 0.2848557692307692 0.038461538461538464 0.140625
0 0.31009615384615385 0.2692307692307692 0.036057692307692304 0.14903846153846154
0 0.2704326923076923 0.2692307692307692 0.03485576923076923 0.12379807692307693
0 0.23317307692307693 0.2764423076923077 0.03485576923076923 0.13942307692307693
0 0.1875 0.2860576923076923 0.04807692307692308 0.15144230769230768
0 0.15144230769230768 0.27403846153846156 0.03485576923076923 0.1346153846153846
0 0.11658653846153846 0.2692307692307692 0.036057692307692304 0.13221153846153846
0 0.07451923076923077 0.2644230769230769 0.042067307692307696 0.13341346153846154
0 0.03485576923076923 0.2860576923076923 0.040865384615384616 0.1346153846153846
0 0.7596153846153846 0.28725961538461536 0.037259615384615384 0.13581730769230768
0 0.7992788461538461 0.2800480769230769 0.03365384615384615 0.14302884615384615
0 0.8365384615384616 0.27403846153846156 0.03485576923076923 0.13341346153846154
0 0.8762019230769231 0.2860576923076923 0.036057692307692304 0.12139423076923077
0 0.9146634615384616 0.296875 0.037259615384615384 0.12860576923076922
0 0.9771634615384616 0.4675480769230769 0.040865384615384616 0.13942307692307693
0 0.9831730769230769 0.07211538461538461 0.03245192307692308 0.06850961538461539
0 0.5793269230769231 0.8605769230769231 0.05889423076923077 0.13942307692307693
0 0.4362980769230769 0.8497596153846154 0.06129807692307692 0.15745192307692307
0 0.19471153846153846 0.8545673076923077 0.056490384615384616 0.13581730769230768
0 0.10817307692307693 0.8449519230769231 0.05889423076923077 0.14182692307692307
0 0.06129807692307692 0.8425480769230769 0.06009615384615385 0.13221153846153846
0 0.47836538461538464 0.8569711538461539 0.05048076923076923 0.125
0 0.8569711538461539 0.8545673076923077 0.06129807692307692 0.13341346153846154
0 0.8918269230769231 0.8629807692307693 0.052884615384615384 0.11778846153846154
0 0.9338942307692307 0.8677884615384616 0.0625 0.13942307692307693
0 0.9795673076923077 0.8377403846153846 0.038461538461538464 0.12740384615384615
0 0.014423076923076924 0.5697115384615384 0.027644230769230768 0.13581730769230768
0 0.007211538461538462 0.2620192307692308 0.014423076923076924 0.13581730769230768