0 0.6262019230769231 0.9314903846153846 0.056490384615384616 0.051682692307692304
0 0.47596153846153844 0.8100961538461539 0.06009615384615385 0.04447115384615385
0 0.26802884615384615 0.9819711538461539 0.06129807692307692 0.03365384615384615
0 0.47475961538461536 0.7560096153846154 0.06129807692307692 0.05048076923076923
0 0.25841346153846156 0.8762019230769231 0.06009615384615385 0.052884615384615384
0 0.2620192307692308 0.8233173076923077 0.055288461538461536 0.04567307692307692
0 0.6947115384615384 0.8100961538461539 0.06009615384615385 0.04567307692307692
0 0.6935096153846154 0.8665865384615384 0.06129807692307692 0.04807692307692308
0 0.6911057692307693 0.9254807692307693 0.051682692307692304 0.04807692307692308
0 0.6237980769230769 0.7608173076923077 0.056490384615384616 0.05048076923076923
0 0.20673076923076922 0.8209134615384616 0.027644230769230768 0.1045673076923077
0 0.21153846153846154 0.9399038461538461 0.02403846153846154 0.09975961538461539
0 0.2620192307692308 0.7668269230769231 0.056490384615384616 0.04326923076923077
0 0.25721153846153844 0.7115384615384616 0.05889423076923077 0.051682692307692304
0 0.2536057692307692 0.6550480769230769 0.054086538461538464 0.05048076923076923
0 0.25600961538461536 0.6033653846153846 0.055288461538461536 0.04567307692307692
0 0.3954326923076923 0.5372596153846154 0.05889423076923077 0.052884615384615384
0 0.47115384615384615 0.5348557692307693 0.055288461538461536 0.05048076923076923
0 0.4699519230769231 0.5877403846153846 0.054086538461538464 0.04447115384615385
0 0.39783653846153844 0.5949519230769231 0.05889423076923077 0.055288461538461536
0 0.40024038461538464 0.6466346153846154 0.054086538461538464 0.046875
0 0.4723557692307692 0.640625 0.06370192307692307 0.051682692307692304
0 0.25961538461538464 0.9302884615384616 0.06129807692307692 0.042067307692307696
0 0.6213942307692307 0.6502403846153846 0.057692307692307696 0.05048076923076923
0 0.6213942307692307 0.6995192307692307 0.055288461538461536 0.046875
0 0.4026442307692308 0.7596153846153846 0.06370192307692307 0.04807692307692308
0 0.47475961538461536 0.9759615384615384 0.052884615384615384 0.04326923076923077
0 0.40865384615384615 0.9795673076923077 0.06850961538461539 0.038461538461538464
0 0.4050480769230769 0.9254807692307693 0.06370192307692307 0.052884615384615384
0 0.4723557692307692 0.9278846153846154 0.06370192307692307 0.05048076923076923
0 0.47475961538461536 0.8653846153846154 0.06370192307692307 0.051682692307692304
0 0.4014423076923077 0.8725961538461539 0.05889423076923077 0.046875
0 0.4074519230769231 0.8137019230769231 0.052884615384615384 0.05048076923076923
0 0.47475961538461536 0.7019230769230769 0.06009615384615385 0.04807692307692308
0 0.4074519230769231 0.7079326923076923 0.055288461538461536 0.04567307692307692
0 0.6875 0.5913461538461539 0.05889423076923077 0.04807692307692308
0 0.6875 0.6502403846153846 0.06129807692307692 0.05048076923076923
0 0.6911057692307693 0.6995192307692307 0.06129807692307692 0.04326923076923077
0 0.6947115384615384 0.7572115384615384 0.06009615384615385 0.05048076923076923
0 0.6237980769230769 0.8737980769230769 0.06370192307692307 0.04807692307692308
0 0.6189903846153846 0.8185096153846154 0.056490384615384616 0.04326923076923077
0 0.3942307692307692 0.484375 0.052884615384615384 0.04807692307692308
0 0.6790865384615384 0.4206730769230769 0.06129807692307692 0.05048076923076923
0 0.6057692307692307 0.4266826923076923 0.052884615384615384 0.04567307692307692
0 0.6069711538461539 0.375 0.04927884615384615 0.04807692307692308
0 0.6754807692307693 0.36899038461538464 0.05889423076923077 0.05048076923076923
0 0.4651442307692308 0.47475961538461536 0.05889423076923077 0.052884615384615384
0 0.46153846153846156 0.4206730769230769 0.06370192307692307 0.046875
0 0.3942307692307692 0.42788461538461536 0.06129807692307692 0.046875
0 0.39903846153846156 0.36899038461538464 0.05889423076923077 0.04567307692307692
0 0.4651442307692308 0.3629807692307692 0.06129807692307692 0.04807692307692308
0 0.4651442307692308 0.3112980769230769 0.06370192307692307 0.05048076923076923
0 0.38822115384615385 0.2644230769230769 0.05889423076923077 0.054086538461538464
0 0.39663461538461536 0.31971153846153844 0.06009615384615385 0.04447115384615385
0 0.06370192307692307 0.9699519230769231 0.03245192307692308 0.056490384615384616
0 0.13341346153846154 0.3641826923076923 0.057692307692307696 0.046875
0 0.12860576923076922 0.3112980769230769 0.056490384615384616 0.05048076923076923
0 0.11177884615384616 0.013221153846153846 0.04447115384615385 0.026442307692307692
0 0.2644230769230769 0.06129807692307692 0.05889423076923077 0.051682692307692304
0 0.2608173076923077 0.1141826923076923 0.055288461538461536 0.051682692307692304
0 0.25600961538461536 0.43509615384615385 0.05889423076923077 0.04567307692307692
0 0.2620192307692308 0.3762019230769231 0.05048076923076923 0.05048076923076923
0 0.2608173076923077 0.3269230769230769 0.06490384615384616 0.052884615384615384
0 0.25 0.2704326923076923 0.056490384615384616 0.051682692307692304
0 0.2620192307692308 0.22355769230769232 0.057692307692307696 0.04807692307692308
0 0.25721153846153844 0.17067307692307693 0.046875 0.055288461538461536
0 0.25721153846153844 0.4879807692307692 0.06610576923076923 0.04567307692307692
0 0.2536057692307692 0.5432692307692307 0.05889423076923077 0.04807692307692308
0 0.6213942307692307 0.5961538461538461 0.0625 0.046875
0 0.6862980769230769 0.5348557692307693 0.057692307692307696 0.054086538461538464
0 0.6778846153846154 0.4795673076923077 0.04807692307692308 0.05048076923076923
0 0.4675480769230769 0.25240384615384615 0.056490384615384616 0.04567307692307692
0 0.6081730769230769 0.3161057692307692 0.052884615384615384 0.04567307692307692
0 0.6706730769230769 0.3137019230769231 0.056490384615384616 0.05048076923076923
0 0.6057692307692307 0.2644230769230769 0.06370192307692307 0.05048076923076923
0 0.6730769230769231 0.25841346153846156 0.06009615384615385 0.051682692307692304
0 0.6754807692307693 0.20673076923076922 0.06129807692307692 0.052884615384615384
0 0.6033653846153846 0.20793269230769232 0.06129807692307692 0.051682692307692304
0 0.6081730769230769 0.15745192307692307 0.0625 0.052884615384615384
0 0.6706730769230769 0.15384615384615385 0.055288461538461536 0.051682692307692304
0 0.6694711538461539 0.09735576923076923 0.056490384615384616 0.04807692307692308
0 0.6033653846153846 0.1045673076923077 0.04807692307692308 0.052884615384615384
0 0.6682692307692307 0.05048076923076923 0.04807692307692308 0.05048076923076923
0 0.6033653846153846 0.052884615384615384 0.056490384615384616 0.055288461538461536
0 0.46634615384615385 0.010817307692307692 0.06129807692307692 0.021634615384615384
0 0.3918269230769231 0.014423076923076924 0.055288461538461536 0.028846153846153848
0 0.3942307692307692 0.055288461538461536 0.054086538461538464 0.05048076923076923
0 0.4639423076923077 0.04567307692307692 0.05889423076923077 0.051682692307692304
0 0.4651442307692308 0.09975961538461539 0.05889423076923077 0.05048076923076923
0 0.3942307692307692 0.10096153846153846 0.057692307692307696 0.04326923076923077
0 0.4639423076923077 0.15144230769230768 0.05889423076923077 0.04447115384615385
0 0.4675480769230769 0.20432692307692307 0.057692307692307696 0.04807692307692308
0 0.4026442307692308 0.20552884615384615 0.057692307692307696 0.054086538461538464
0 0.39302884615384615 0.15264423076923078 0.05889423076923077 0.046875
0 0.6009615384615384 0.010817307692307692 0.056490384615384616 0.021634615384615384
0 0.6634615384615384 0.013221153846153846 0.056490384615384616 0.026442307692307692
0 0.8137019230769231 0.009615384615384616 0.056490384615384616 0.019230769230769232
0 0.8137019230769231 0.04326923076923077 0.04326923076923077 0.05048076923076923
0 0.8185096153846154 0.09615384615384616 0.06129807692307692 0.05048076923076923
0 0.8197115384615384 0.15144230769230768 0.06129807692307692 0.04807692307692308
0 0.8112980769230769 0.20432692307692307 0.0625 0.05048076923076923
0 0.8125 0.25600961538461536 0.056490384615384616 0.052884615384615384
0 0.8161057692307693 0.30288461538461536 0.05889423076923077 0.04447115384615385
0 0.8221153846153846 0.359375 0.04807692307692308 0.046875
0 0.8245192307692307 0.41586538461538464 0.06009615384615385 0.04447115384615385
0 0.8341346153846154 0.4675480769230769 0.06129807692307692 0.046875
0 0.8341346153846154 0.5204326923076923 0.055288461538461536 0.05048076923076923
0 0.8317307692307693 0.5721153846153846 0.06129807692307692 0.046875
0 0.8341346153846154 0.6274038461538461 0.06370192307692307 0.052884615384615384
0 0.8353365384615384 0.6850961538461539 0.06129807692307692 0.05048076923076923
0 0.8365384615384616 0.7391826923076923 0.06129807692307692 0.052884615384615384
0 0.8353365384615384 0.7932692307692307 0.057692307692307696 0.05048076923076923
0 0.8341346153846154 0.8449519230769231 0.05889423076923077 0.046875
0 0.8353365384615384 0.8990384615384616 0.06370192307692307 0.04807692307692308
0 0.8377403846153846 0.9543269230769231 0.0625 0.054086538461538464
0 0.6887019230769231 0.9783653846153846 0.05889423076923077 0.042067307692307696
0 0.6225961538461539 0.9831730769230769 0.06129807692307692 0.028846153846153848
0 0.8377403846153846 0.9927884615384616 0.056490384615384616 0.010817307692307692
0 0.6117788461538461 0.4831730769230769 0.056490384615384616 0.052884615384615384
0 0.6105769230769231 0.5420673076923077 0.05889423076923077 0.04807692307692308