0 0.8653846153846154 0.19951923076923078 0.04807692307692308 0.04567307692307692
0 0.8100961538461539 0.19591346153846154 0.046875 0.046875
0 0.35697115384615385 0.16826923076923078 0.056490384615384616 0.04567307692307692
0 0.7764423076923077 0.40024038461538464 0.02403846153846154 0.0985576923076923
0 0.7067307692307693 0.40384615384615385 0.027644230769230768 0.10096153846153846
0 0.6754807692307693 0.39663461538461536 0.02403846153846154 0.09014423076923077
0 0.6514423076923077 0.39302884615384615 0.021634615384615384 0.09495192307692307
0 0.625 0.3894230769230769 0.025240384615384616 0.09134615384615384
0 0.5973557692307693 0.39903846153846156 0.020432692307692308 0.09134615384615384
0 0.5697115384615384 0.3858173076923077 0.02403846153846154 0.0889423076923077
0 0.5444711538461539 0.3870192307692308 0.021634615384615384 0.09254807692307693
0 0.5168269230769231 0.3858173076923077 0.02403846153846154 0.0985576923076923
0 0.49038461538461536 0.3918269230769231 0.025240384615384616 0.09495192307692307
0 0.46274038461538464 0.38461538461538464 0.02403846153846154 0.09615384615384616
0 0.4362980769230769 0.3918269230769231 0.02283653846153846 0.09735576923076923
0 0.4074519230769231 0.38461538461538464 0.025240384615384616 0.09254807692307693
0 0.3762019230769231 0.37740384615384615 0.02283653846153846 0.08413461538461539
0 0.34975961538461536 0.3858173076923077 0.02403846153846154 0.0985576923076923
0 0.3173076923076923 0.3918269230769231 0.025240384615384616 0.09014423076923077
0 0.3173076923076923 0.49158653846153844 0.027644230769230768 0.10096153846153846
0 0.3605769230769231 0.5877403846153846 0.027644230769230768 0.08052884615384616
0 0.3870192307692308 0.5973557692307693 0.030048076923076924 0.09254807692307693
0 0.41225961538461536 0.5865384615384616 0.028846153846153848 0.08173076923076923
0 0.5240384615384616 0.5913461538461539 0.03125 0.0889423076923077
0 0.5516826923076923 0.5913461538461539 0.030048076923076924 0.09014423076923077
0 0.5757211538461539 0.5901442307692307 0.03125 0.0889423076923077
0 0.6057692307692307 0.5949519230769231 0.030048076923076924 0.08774038461538461
0 0.7379807692307693 0.5961538461538461 0.03245192307692308 0.08653846153846154
0 0.6153846153846154 0.7740384615384616 0.03485576923076923 0.08653846153846154
0 0.5228365384615384 0.7776442307692307 0.040865384615384616 0.109375
0 0.4879807692307692 0.7848557692307693 0.03365384615384615 0.09615384615384616
0 0.46033653846153844 0.7776442307692307 0.03365384615384615 0.0889423076923077
0 0.42788461538461536 0.7824519230769231 0.036057692307692304 0.09014423076923077
0 0.36778846153846156 0.7788461538461539 0.03485576923076923 0.08774038461538461
0 0.2800480769230769 0.7704326923076923 0.03245192307692308 0.09615384615384616
0 0.2548076923076923 0.7560096153846154 0.03365384615384615 0.0889423076923077
0 0.4254807692307692 0.16706730769230768 0.052884615384615384 0.04326923076923077
0 0.4879807692307692 0.17067307692307693 0.04807692307692308 0.04447115384615385
0 0.5805288461538461 0.17908653846153846 0.04927884615384615 0.04326923076923077
0 0.9891826923076923 0.7692307692307693 0.020432692307692308 0.08653846153846154
0 0.3389423076923077 0.7704326923076923 0.03245192307692308 0.09975961538461539
0 0.3088942307692308 0.7752403846153846 0.03125 0.08653846153846154
0 0.23557692307692307 0.17307692307692307 0.054086538461538464 0.042067307692307696
0 0.18629807692307693 0.171875 0.05048076923076923 0.04447115384615385
0 0.9855769230769231 0.20673076923076922 0.026442307692307692 0.051682692307692304
0 0.8040865384615384 0.4110576923076923 0.025240384615384616 0.09254807692307693
0 0.7512019230769231 0.39903846153846156 0.02283653846153846 0.08052884615384616
0 0.7259615384615384 0.40024038461538464 0.021634615384615384 0.09134615384615384
0 0.8269230769230769 0.39903846153846156 0.019230769230769232 0.08413461538461539
0 0.8497596153846154 0.40024038461538464 0.02283653846153846 0.08413461538461539
0 0.875 0.4014423076923077 0.02283653846153846 0.052884615384615384
0 0.9002403846153846 0.4026442307692308 0.025240384615384616 0.08173076923076923
0 0.9242788461538461 0.4098557692307692 0.02403846153846154 0.08052884615384616
0 0.9483173076923077 0.40384615384615385 0.02403846153846154 0.08774038461538461
0 0.9735576923076923 0.4098557692307692 0.025240384615384616 0.08653846153846154
0 0.9915865384615384 0.4170673076923077 0.01201923076923077 0.07451923076923077
0 0.984375 0.6129807692307693 0.030048076923076924 0.08413461538461539
0 0.9110576923076923 0.6057692307692307 0.03245192307692308 0.08173076923076923
0 0.9362980769230769 0.6009615384615384 0.03485576923076923 0.0889423076923077
0 0.8137019230769231 0.6033653846153846 0.027644230769230768 0.08653846153846154
0 0.7848557692307693 0.5973557692307693 0.03365384615384615 0.09134615384615384
0 0.9362980769230769 0.7716346153846154 0.040865384615384616 0.08774038461538461
0 0.9627403846153846 0.7716346153846154 0.040865384615384616 0.08774038461538461
0 0.8762019230769231 0.7716346153846154 0.03485576923076923 0.08052884615384616
0 0.8545673076923077 0.765625 0.040865384615384616 0.09134615384615384
0 0.7055288461538461 0.7752403846153846 0.036057692307692304 0.08774038461538461
0 0.6418269230769231 0.7716346153846154 0.038461538461538464 0.09254807692307693