0 0.4254807692307692 0.5444711538461539 0.03125 0.1310096153846154
0 0.46274038461538464 0.5408653846153846 0.03485576923076923 0.13221153846153846
0 0.6466346153846154 0.16947115384615385 0.03245192307692308 0.12379807692307693
0 0.7620192307692307 0.5216346153846154 0.037259615384615384 0.12620192307692307
0 0.7259615384615384 0.5192307692307693 0.03485576923076923 0.12379807692307693
0 0.6887019230769231 0.515625 0.030048076923076924 0.12620192307692307
0 0.6502403846153846 0.5276442307692307 0.03485576923076923 0.125
0 0.6129807692307693 0.5216346153846154 0.03245192307692308 0.12139423076923077
0 0.5757211538461539 0.5252403846153846 0.027644230769230768 0.10697115384615384
0 0.5384615384615384 0.5372596153846154 0.03125 0.13341346153846154
0 0.6802884615384616 0.1622596153846154 0.03245192307692308 0.13701923076923078
0 0.7151442307692307 0.17668269230769232 0.03245192307692308 0.125
0 0.6057692307692307 0.1814903846153846 0.028846153846153848 0.12259615384615384
0 0.5697115384615384 0.17908653846153846 0.028846153846153848 0.12259615384615384
0 0.5372596153846154 0.17668269230769232 0.027644230769230768 0.1141826923076923
0 0.5024038461538461 0.16947115384615385 0.03125 0.12860576923076922
0 0.4675480769230769 0.1658653846153846 0.030048076923076924 0.11658653846153846
0 0.43028846153846156 0.1502403846153846 0.03125 0.13221153846153846
0 0.3870192307692308 0.5168269230769231 0.030048076923076924 0.125
0 0.35096153846153844 0.5204326923076923 0.03125 0.125
0 0.3161057692307692 0.5180288461538461 0.03245192307692308 0.12379807692307693
0 0.24639423076923078 0.5216346153846154 0.028846153846153848 0.12259615384615384
0 0.21033653846153846 0.5300480769230769 0.03365384615384615 0.13581730769230768
0 0.17548076923076922 0.5264423076923077 0.03245192307692308 0.10576923076923077
0 0.14182692307692307 0.5444711538461539 0.03485576923076923 0.125
0 0.10576923076923077 0.5372596153846154 0.03245192307692308 0.11899038461538461
0 0.0673076923076923 0.5372596153846154 0.038461538461538464 0.13221153846153846
0 0.03485576923076923 0.5420673076923077 0.03485576923076923 0.125
0 0.008413461538461538 0.546875 0.016826923076923076 0.12139423076923077
0 0.39302884615384615 0.7295673076923077 0.0673076923076923 0.10576923076923077
0 0.390625 0.17908653846153846 0.03125 0.1346153846153846
0 0.3545673076923077 0.17668269230769232 0.03245192307692308 0.12740384615384615
0 0.31850961538461536 0.171875 0.030048076923076924 0.12740384615384615
0 0.7512019230769231 0.17307692307692307 0.03245192307692308 0.11538461538461539
0 0.7848557692307693 0.14182692307692307 0.036057692307692304 0.12139423076923077
0 0.21394230769230768 0.1778846153846154 0.03245192307692308 0.10576923076923077
0 0.17908653846153846 0.18509615384615385 0.03245192307692308 0.11538461538461539
0 0.13942307692307693 0.1875 0.037259615384615384 0.11658653846153846
0 0.10817307692307693 0.1814903846153846 0.03485576923076923 0.12379807692307693
0 0.038461538461538464 0.18870192307692307 0.040865384615384616 0.10697115384615384
0 0.3629807692307692 0.8641826923076923 0.03245192307692308 0.125
0 0.5024038461538461 0.8846153846153846 0.039663461538461536 0.20552884615384615
0 0.5432692307692307 0.8786057692307693 0.03245192307692308 0.1310096153846154
0 0.5805288461538461 0.8762019230769231 0.03245192307692308 0.13341346153846154
0 0.6177884615384616 0.8653846153846154 0.03125 0.1310096153846154
0 0.6550480769230769 0.8689903846153846 0.03245192307692308 0.12139423076923077
0 0.6911057692307693 0.8449519230769231 0.03485576923076923 0.12860576923076922
0 0.7259615384615384 0.8629807692307693 0.03245192307692308 0.10336538461538461
0 0.7620192307692307 0.8569711538461539 0.03245192307692308 0.125
0 0.8064903846153846 0.8425480769230769 0.03485576923076923 0.11778846153846154
0 0.25 0.8930288461538461 0.038461538461538464 0.13221153846153846
0 0.18028846153846154 0.8737980769230769 0.03485576923076923 0.14182692307692307
0 0.11057692307692307 0.8725961538461539 0.036057692307692304 0.1310096153846154
0 0.07211538461538461 0.8786057692307693 0.03485576923076923 0.12860576923076922
0 0.037259615384615384 0.8834134615384616 0.038461538461538464 0.12860576923076922
0 0.009615384615384616 0.8653846153846154 0.019230769230769232 0.125