0 0.2932692307692308 0.5504807692307693 0.055288461538461536 0.05048076923076923
0 0.29927884615384615 0.2764423076923077 0.06129807692307692 0.04447115384615385
0 0.30288461538461536 0.171875 0.055288461538461536 0.046875
0 0.28725961538461536 0.4879807692307692 0.052884615384615384 0.046875
0 0.2980769230769231 0.43509615384615385 0.052884615384615384 0.05048076923076923
0 0.30408653846153844 0.3245192307692308 0.052884615384615384 0.04807692307692308
0 0.3004807692307692 0.38100961538461536 0.05048076923076923 0.04567307692307692
0 0.30288461538461536 0.22235576923076922 0.06129807692307692 0.051682692307692304
0 0.16466346153846154 0.054086538461538464 0.051682692307692304 0.04807692307692308
0 0.1466346153846154 0.20793269230769232 0.06009615384615385 0.046875
0 0.15144230769230768 0.25841346153846156 0.06610576923076923 0.046875
0 0.8581730769230769 0.21995192307692307 0.06009615384615385 0.052884615384615384
0 0.8545673076923077 0.16947115384615385 0.05889423076923077 0.05048076923076923
0 0.8521634615384616 0.11778846153846154 0.057692307692307696 0.04807692307692308
0 0.14903846153846154 0.3137019230769231 0.06009615384615385 0.05048076923076923
0 0.15504807692307693 0.36658653846153844 0.05889423076923077 0.042067307692307696
0 0.1502403846153846 0.41947115384615385 0.05889423076923077 0.04567307692307692
0 0.1502403846153846 0.47596153846153844 0.057692307692307696 0.051682692307692304
0 0.14783653846153846 0.5300480769230769 0.057692307692307696 0.05048076923076923
0 0.15625 0.5805288461538461 0.06370192307692307 0.04447115384615385
0 0.15745192307692307 0.6370192307692307 0.06610576923076923 0.05048076923076923
0 0.15985576923076922 0.6899038461538461 0.06370192307692307 0.04447115384615385
0 0.16346153846153846 0.7439903846153846 0.06370192307692307 0.046875
0 0.1658653846153846 0.796875 0.06129807692307692 0.05048076923076923
0 0.17067307692307693 0.8533653846153846 0.06009615384615385 0.046875
0 0.16826923076923078 0.9074519230769231 0.056490384615384616 0.051682692307692304
0 0.16947115384615385 0.9639423076923077 0.06490384615384616 0.054086538461538464
0 0.5108173076923077 0.37740384615384615 0.05889423076923077 0.04567307692307692
0 0.30408653846153844 0.12259615384615384 0.054086538461538464 0.04567307692307692
0 0.3016826923076923 0.0733173076923077 0.05889423076923077 0.05048076923076923
0 0.30408653846153844 0.02403846153846154 0.056490384615384616 0.046875
0 0.15264423076923078 0.014423076923076924 0.054086538461538464 0.028846153846153848
0 0.15264423076923078 0.10576923076923077 0.06009615384615385 0.04807692307692308
0 0.15985576923076922 0.15745192307692307 0.055288461538461536 0.04807692307692308
0 0.84375 0.07211538461538461 0.054086538461538464 0.042067307692307696
0 0.8425480769230769 0.026442307692307692 0.05048076923076923 0.046875
0 0.7055288461538461 0.02403846153846154 0.056490384615384616 0.046875
0 0.6358173076923077 0.02403846153846154 0.056490384615384616 0.04807692307692308
0 0.6382211538461539 0.07211538461538461 0.05048076923076923 0.04567307692307692
0 0.6442307692307693 0.12259615384615384 0.06129807692307692 0.04567307692307692
0 0.8581730769230769 0.2764423076923077 0.06370192307692307 0.046875
0 0.8509615384615384 0.3329326923076923 0.052884615384615384 0.04567307692307692
0 0.8581730769230769 0.38341346153846156 0.05889423076923077 0.04447115384615385
0 0.8557692307692307 0.4375 0.06009615384615385 0.046875
0 0.8557692307692307 0.49038461538461536 0.055288461538461536 0.046875
0 0.8605769230769231 0.5432692307692307 0.054086538461538464 0.04447115384615385
0 0.8581730769230769 0.5997596153846154 0.056490384615384616 0.046875
0 0.3004807692307692 0.6009615384615384 0.057692307692307696 0.05048076923076923
0 0.2980769230769231 0.6586538461538461 0.05889423076923077 0.04326923076923077
0 0.30408653846153844 0.7127403846153846 0.06370192307692307 0.04567307692307692
0 0.30528846153846156 0.7680288461538461 0.06129807692307692 0.04326923076923077
0 0.4362980769230769 0.9759615384615384 0.056490384615384616 0.04447115384615385
0 0.5168269230769231 0.9735576923076923 0.055288461538461536 0.04807692307692308
0 0.5168269230769231 0.9206730769230769 0.052884615384615384 0.04807692307692308
0 0.45072115384615385 0.9266826923076923 0.056490384615384616 0.05048076923076923
0 0.5144230769230769 0.8725961538461539 0.05889423076923077 0.05048076923076923
0 0.5144230769230769 0.8161057692307693 0.05889423076923077 0.046875
0 0.4423076923076923 0.8689903846153846 0.056490384615384616 0.046875
0 0.44350961538461536 0.8161057692307693 0.056490384615384616 0.04567307692307692
0 0.44350961538461536 0.7668269230769231 0.056490384615384616 0.04447115384615385
0 0.5144230769230769 0.7584134615384616 0.06009615384615385 0.04567307692307692
0 0.5168269230769231 0.7067307692307693 0.06129807692307692 0.05048076923076923
0 0.5168269230769231 0.6514423076923077 0.057692307692307696 0.04567307692307692
0 0.4423076923076923 0.4387019230769231 0.057692307692307696 0.052884615384615384
0 0.4375 0.38221153846153844 0.055288461538461536 0.04326923076923077
0 0.44471153846153844 0.3245192307692308 0.05889423076923077 0.046875
0 0.5120192307692307 0.3245192307692308 0.056490384615384616 0.04447115384615385
0 0.5084134615384616 0.27524038461538464 0.06129807692307692 0.046875
0 0.4411057692307692 0.27163461538461536 0.05889423076923077 0.04807692307692308
0 0.5036057692307693 0.22115384615384615 0.056490384615384616 0.04567307692307692
0 0.4362980769230769 0.21995192307692307 0.056490384615384616 0.04567307692307692
0 0.5036057692307693 0.16947115384615385 0.055288461538461536 0.046875
0 0.4375 0.16706730769230768 0.055288461538461536 0.051682692307692304
0 0.5036057692307693 0.11658653846153846 0.05889423076923077 0.051682692307692304
0 0.4387019230769231 0.11778846153846154 0.05889423076923077 0.05048076923076923
0 0.4387019230769231 0.06490384615384616 0.05889423076923077 0.04807692307692308
0 0.5024038461538461 0.06490384615384616 0.056490384615384616 0.046875
0 0.5012019230769231 0.019230769230769232 0.054086538461538464 0.038461538461538464
0 0.4338942307692308 0.019230769230769232 0.055288461538461536 0.038461538461538464
0 0.7283653846153846 0.3293269230769231 0.052884615384615384 0.04326923076923077
0 0.7235576923076923 0.38221153846153844 0.04927884615384615 0.05048076923076923
0 0.7199519230769231 0.4362980769230769 0.055288461538461536 0.05048076923076923
0 0.6634615384615384 0.3858173076923077 0.051682692307692304 0.046875
0 0.6598557692307693 0.4362980769230769 0.06009615384615385 0.04807692307692308
0 0.6598557692307693 0.49158653846153844 0.06009615384615385 0.046875
0 0.7235576923076923 0.49038461538461536 0.052884615384615384 0.046875
0 0.7283653846153846 0.5432692307692307 0.054086538461538464 0.046875
0 0.7247596153846154 0.5985576923076923 0.056490384615384616 0.04807692307692308
0 0.7307692307692307 0.6526442307692307 0.057692307692307696 0.051682692307692304
0 0.6526442307692307 0.5985576923076923 0.05889423076923077 0.04807692307692308
0 0.6550480769230769 0.5480769230769231 0.05889423076923077 0.052884615384615384
0 0.6538461538461539 0.6550480769230769 0.05889423076923077 0.04447115384615385
0 0.6550480769230769 0.7115384615384616 0.056490384615384616 0.04807692307692308
0 0.7175480769230769 0.7091346153846154 0.06009615384615385 0.052884615384615384
0 0.7223557692307693 0.7608173076923077 0.04807692307692308 0.04567307692307692
0 0.7223557692307693 0.8149038461538461 0.055288461538461536 0.051682692307692304
0 0.65625 0.765625 0.056490384615384616 0.04807692307692308
0 0.6550480769230769 0.8221153846153846 0.05048076923076923 0.04807692307692308
0 0.6574519230769231 0.875 0.06129807692307692 0.05048076923076923
0 0.7199519230769231 0.8689903846153846 0.055288461538461536 0.04567307692307692
0 0.7247596153846154 0.921875 0.06129807692307692 0.04807692307692308
0 0.6526442307692307 0.9278846153846154 0.06009615384615385 0.051682692307692304
0 0.7199519230769231 0.9747596153846154 0.06129807692307692 0.046875
0 0.6526442307692307 0.9795673076923077 0.06129807692307692 0.038461538461538464
0 0.8605769230769231 0.9915865384615384 0.057692307692307696 0.01201923076923077
0 0.8581730769230769 0.9627403846153846 0.05889423076923077 0.046875
0 0.8629807692307693 0.9110576923076923 0.0673076923076923 0.052884615384615384
0 0.8689903846153846 0.859375 0.06129807692307692 0.05048076923076923
0 0.8689903846153846 0.8028846153846154 0.06129807692307692 0.04807692307692308
0 0.8653846153846154 0.7475961538461539 0.046875 0.04447115384615385
0 0.8689903846153846 0.6995192307692307 0.056490384615384616 0.046875