0 0.7079326923076923 0.23798076923076922 0.042067307692307696 0.15264423076923078
0 0.6598557692307693 0.22596153846153846 0.042067307692307696 0.17067307692307693
0 0.7536057692307693 0.24278846153846154 0.042067307692307696 0.1658653846153846
0 0.6117788461538461 0.21634615384615385 0.040865384615384616 0.15865384615384615
0 0.5096153846153846 0.22596153846153846 0.04567307692307692 0.1778846153846154
0 0.45913461538461536 0.21514423076923078 0.04326923076923077 0.17548076923076922
0 0.7980769230769231 0.25721153846153844 0.039663461538461536 0.16105769230769232
0 0.8497596153846154 0.24639423076923078 0.046875 0.17067307692307693
0 0.8942307692307693 0.23557692307692307 0.04927884615384615 0.1875
0 0.9411057692307693 0.25841346153846156 0.046875 0.16947115384615385
0 0.21875 0.20432692307692307 0.04567307692307692 0.15384615384615385
0 0.7956730769230769 0.7151442307692307 0.04326923076923077 0.16105769230769232
0 0.7463942307692307 0.7163461538461539 0.039663461538461536 0.1502403846153846
0 0.25240384615384615 0.6862980769230769 0.04567307692307692 0.18389423076923078
0 0.9819711538461539 0.25841346153846156 0.03485576923076923 0.14302884615384615
0 0.4110576923076923 0.203125 0.040865384615384616 0.17548076923076922
0 0.5637019230769231 0.1935096153846154 0.040865384615384616 0.1778846153846154
0 0.26322115384615385 0.1971153846153846 0.04447115384615385 0.1502403846153846
0 0.1622596153846154 0.20552884615384615 0.04807692307692308 0.16346153846153846
0 0.11899038461538461 0.19471153846153846 0.05048076923076923 0.17067307692307693
0 0.026442307692307692 0.19591346153846154 0.052884615384615384 0.15144230769230768
0 0.8425480769230769 0.7175480769230769 0.04807692307692308 0.1658653846153846
0 0.8930288461538461 0.7067307692307693 0.04567307692307692 0.16346153846153846
0 0.9435096153846154 0.7139423076923077 0.055288461538461536 0.1622596153846154
0 0.9807692307692307 0.7223557692307693 0.036057692307692304 0.16826923076923078
0 0.6045673076923077 0.7307692307692307 0.04567307692307692 0.1778846153846154
0 0.7007211538461539 0.7247596153846154 0.04326923076923077 0.1778846153846154
0 0.5516826923076923 0.7295673076923077 0.039663461538461536 0.17307692307692307
0 0.5012019230769231 0.6862980769230769 0.037259615384615384 0.17307692307692307
0 0.4483173076923077 0.6935096153846154 0.040865384615384616 0.16947115384615385
0 0.40024038461538464 0.6838942307692307 0.038461538461538464 0.16947115384615385
0 0.30528846153846156 0.6790865384615384 0.040865384615384616 0.16706730769230768
0 0.20432692307692307 0.6778846153846154 0.04567307692307692 0.14302884615384615
0 0.15985576923076922 0.6959134615384616 0.04927884615384615 0.16826923076923078
0 0.10576923076923077 0.6838942307692307 0.04326923076923077 0.15865384615384615
0 0.054086538461538464 0.6814903846153846 0.055288461538461536 0.18028846153846154
0 0.018028846153846152 0.6814903846153846 0.036057692307692304 0.18509615384615385