0 0.28846153846153844 0.9086538461538461 0.06971153846153846 0.07692307692307693
0 0.2860576923076923 0.8365384615384616 0.0829326923076923 0.08052884615384616
0 0.3786057692307692 0.8137019230769231 0.09014423076923077 0.07932692307692307
0 0.3737980769230769 0.9074519230769231 0.07932692307692307 0.06850961538461539
0 0.7944711538461539 0.8629807692307693 0.07572115384615384 0.12860576923076922
0 0.27163461538461536 0.7596153846153846 0.078125 0.07211538461538461
0 0.7692307692307693 0.7956730769230769 0.08173076923076923 0.1502403846153846
0 0.7415865384615384 0.7415865384615384 0.06971153846153846 0.13581730769230768
0 0.7175480769230769 0.6622596153846154 0.06971153846153846 0.11538461538461539
0 0.9507211538461539 0.5997596153846154 0.07451923076923077 0.1346153846153846
0 0.9146634615384616 0.5444711538461539 0.07932692307692307 0.13581730769230768
0 0.8894230769230769 0.4807692307692308 0.07932692307692307 0.13341346153846154
0 0.8581730769230769 0.4182692307692308 0.07211538461538461 0.12259615384615384
0 0.8317307692307693 0.3605769230769231 0.06971153846153846 0.11778846153846154
0 0.7956730769230769 0.30528846153846156 0.07572115384615384 0.125
0 0.7620192307692307 0.24759615384615385 0.07932692307692307 0.13942307692307693
0 0.9266826923076923 0.3137019230769231 0.07091346153846154 0.12740384615384615
0 0.8954326923076923 0.24879807692307693 0.06971153846153846 0.13221153846153846
0 0.8641826923076923 0.18629807692307693 0.0733173076923077 0.125
0 0.8257211538461539 0.15384615384615385 0.055288461538461536 0.07211538461538461
0 0.09615384615384616 0.6887019230769231 0.09254807692307693 0.08173076923076923
0 0.0985576923076923 0.7716346153846154 0.09735576923076923 0.07091346153846154
0 0.10336538461538461 0.8545673076923077 0.08774038461538461 0.07451923076923077
0 0.8473557692307693 0.9086538461538461 0.07211538461538461 0.12620192307692307
0 0.8737980769230769 0.9555288461538461 0.06490384615384616 0.08413461538461539
0 0.9783653846153846 0.7512019230769231 0.039663461538461536 0.11057692307692307
0 0.9699519230769231 0.6622596153846154 0.057692307692307696 0.125
0 0.9579326923076923 0.36538461538461536 0.078125 0.12740384615384615
0 0.7331730769230769 0.17307692307692307 0.06971153846153846 0.12379807692307693
0 0.8016826923076923 0.06129807692307692 0.07211538461538461 0.12139423076923077
0 0.45913461538461536 0.1935096153846154 0.07932692307692307 0.14302884615384615
0 0.390625 0.078125 0.08653846153846154 0.13581730769230768
0 0.35216346153846156 0.051682692307692304 0.07451923076923077 0.10336538461538461
0 0.03485576923076923 0.296875 0.05048076923076923 0.14543269230769232
0 0.013221153846153846 0.3137019230769231 0.026442307692307692 0.15625
0 0.28725961538461536 0.9723557692307693 0.07451923076923077 0.051682692307692304
0 0.10336538461538461 0.9278846153846154 0.09134615384615384 0.07932692307692307
0 0.02283653846153846 0.9375 0.04567307692307692 0.078125
0 0.027644230769230768 0.8569711538461539 0.055288461538461536 0.0733173076923077
0 0.025240384615384616 0.7836538461538461 0.05048076923076923 0.07692307692307693
0 0.025240384615384616 0.6983173076923077 0.05048076923076923 0.07692307692307693
0 0.8341346153846154 0.11778846153846154 0.06971153846153846 0.13221153846153846