0 0.6754807692307693 0.15504807692307693 0.09254807692307693 0.0733173076923077
0 0.7800480769230769 0.1622596153846154 0.08413461538461539 0.07692307692307693
0 0.7824519230769231 0.24278846153846154 0.0829326923076923 0.07451923076923077
0 0.7872596153846154 0.32211538461538464 0.07932692307692307 0.06971153846153846
0 0.7908653846153846 0.47115384615384615 0.07932692307692307 0.06370192307692307
0 0.6875 0.40024038461538464 0.07932692307692307 0.06490384615384616
0 0.6838942307692307 0.5709134615384616 0.09014423076923077 0.06610576923076923
0 0.8990384615384616 0.5240384615384616 0.06490384615384616 0.1466346153846154
0 0.9603365384615384 0.11057692307692307 0.078125 0.07091346153846154
0 0.9603365384615384 0.1875 0.07692307692307693 0.06850961538461539
0 0.9603365384615384 0.25961538461538464 0.07692307692307693 0.06490384615384616
0 0.9651442307692307 0.33052884615384615 0.0673076923076923 0.06370192307692307
0 0.9639423076923077 0.4639423076923077 0.06971153846153846 0.06971153846153846
0 0.9627403846153846 0.5348557692307693 0.0733173076923077 0.07091346153846154
0 0.9627403846153846 0.6069711538461539 0.07211538461538461 0.06850961538461539
0 0.9627403846153846 0.6790865384615384 0.0733173076923077 0.0625
0 0.9639423076923077 0.8209134615384616 0.06971153846153846 0.07692307692307693
0 0.9651442307692307 0.9615384615384616 0.06610576923076923 0.0733173076923077
0 0.47836538461538464 0.23918269230769232 0.08413461538461539 0.0625
0 0.3798076923076923 0.23317307692307693 0.0889423076923077 0.07451923076923077
0 0.36778846153846156 0.48197115384615385 0.08653846153846154 0.06850961538461539
0 0.47475961538461536 0.7283653846153846 0.0889423076923077 0.06129807692307692
0 0.1658653846153846 0.38221153846153844 0.06971153846153846 0.06370192307692307
0 0.1622596153846154 0.4699519230769231 0.08533653846153846 0.06490384615384616
0 0.15144230769230768 0.640625 0.08413461538461539 0.06370192307692307
0 0.15504807692307693 0.7247596153846154 0.08533653846153846 0.06370192307692307
0 0.1502403846153846 0.9627403846153846 0.07692307692307693 0.07091346153846154
0 0.3762019230769231 0.03125 0.038461538461538464 0.0625
0 0.42788461538461536 0.021634615384615384 0.03365384615384615 0.04326923076923077
0 0.4723557692307692 0.009615384615384616 0.03125 0.018028846153846152
0 0.515625 0.008413461538461538 0.03245192307692308 0.016826923076923076