0 0.5504807692307693 0.47596153846153844 0.027644230769230768 0.10697115384615384
0 0.5180288461538461 0.47596153846153844 0.028846153846153848 0.11298076923076923
0 0.5144230769230769 0.7415865384615384 0.027644230769230768 0.10096153846153846
0 0.48197115384615385 0.7391826923076923 0.027644230769230768 0.10697115384615384
0 0.5456730769230769 0.7307692307692307 0.025240384615384616 0.10697115384615384
0 0.5432692307692307 0.8641826923076923 0.027644230769230768 0.109375
0 0.5096153846153846 0.8569711538461539 0.027644230769230768 0.1045673076923077
0 0.4795673076923077 0.8605769230769231 0.026442307692307692 0.10817307692307693
0 0.4495192307692308 0.7235576923076923 0.026442307692307692 0.109375
0 0.48677884615384615 0.47836538461538464 0.027644230769230768 0.10576923076923077
0 0.4543269230769231 0.47836538461538464 0.026442307692307692 0.10697115384615384
0 0.4170673076923077 0.8545673076923077 0.025240384615384616 0.10817307692307693
0 0.4495192307692308 0.8533653846153846 0.025240384615384616 0.0985576923076923
0 0.41947115384615385 0.734375 0.025240384615384616 0.10817307692307693
0 0.6778846153846154 0.9855769230769231 0.06129807692307692 0.025240384615384616
0 0.6814903846153846 0.9399038461538461 0.06009615384615385 0.05048076923076923
0 0.6778846153846154 0.8834134615384616 0.05889423076923077 0.04807692307692308
0 0.6790865384615384 0.8317307692307693 0.06129807692307692 0.05048076923076923
0 0.42427884615384615 0.4639423076923077 0.027644230769230768 0.109375
0 0.3942307692307692 0.46153846153846156 0.030048076923076924 0.1141826923076923
0 0.3605769230769231 0.4651442307692308 0.028846153846153848 0.09975961538461539
0 0.3293269230769231 0.47596153846153844 0.030048076923076924 0.1045673076923077
0 0.2980769230769231 0.4735576923076923 0.028846153846153848 0.11057692307692307
0 0.26802884615384615 0.4735576923076923 0.025240384615384616 0.10817307692307693
0 0.23798076923076922 0.47475961538461536 0.028846153846153848 0.10817307692307693
0 0.20552884615384615 0.4699519230769231 0.030048076923076924 0.10817307692307693
0 0.17908653846153846 0.4735576923076923 0.03125 0.1045673076923077
0 0.1502403846153846 0.47475961538461536 0.030048076923076924 0.1045673076923077
0 0.12139423076923077 0.4723557692307692 0.028846153846153848 0.109375
0 0.09134615384615384 0.46634615384615385 0.03125 0.10817307692307693
0 0.06370192307692307 0.47115384615384615 0.030048076923076924 0.10096153846153846
0 0.03365384615384615 0.46274038461538464 0.03245192307692308 0.09014423076923077
0 0.010817307692307692 0.4567307692307692 0.021634615384615384 0.09975961538461539
0 0.3870192307692308 0.7295673076923077 0.027644230769230768 0.10336538461538461
0 0.3557692307692308 0.7259615384615384 0.027644230769230768 0.10817307692307693
0 0.3245192307692308 0.7259615384615384 0.025240384615384616 0.10096153846153846
0 0.2932692307692308 0.7163461538461539 0.027644230769230768 0.10576923076923077
0 0.38341346153846156 0.8545673076923077 0.025240384615384616 0.1045673076923077
0 0.35336538461538464 0.8425480769230769 0.027644230769230768 0.109375
0 0.32211538461538464 0.8329326923076923 0.025240384615384616 0.10697115384615384
0 0.2920673076923077 0.8425480769230769 0.030048076923076924 0.10576923076923077
0 0.2644230769230769 0.7175480769230769 0.028846153846153848 0.10096153846153846
0 0.2620192307692308 0.8461538461538461 0.027644230769230768 0.09975961538461539
0 0.23197115384615385 0.8413461538461539 0.026442307692307692 0.10336538461538461
0 0.23197115384615385 0.7175480769230769 0.028846153846153848 0.10697115384615384
0 0.20192307692307693 0.7223557692307693 0.03125 0.11658653846153846
0 0.17307692307692307 0.7223557692307693 0.027644230769230768 0.109375
0 0.14423076923076922 0.7211538461538461 0.03125 0.10817307692307693
0 0.11658653846153846 0.7139423076923077 0.027644230769230768 0.10096153846153846
0 0.08413461538461539 0.7175480769230769 0.03485576923076923 0.11057692307692307
0 0.055288461538461536 0.7235576923076923 0.030048076923076924 0.10096153846153846
0 0.021634615384615384 0.7079326923076923 0.037259615384615384 0.10096153846153846
0 0.006009615384615385 0.7127403846153846 0.010817307692307692 0.0985576923076923
0 0.20192307692307693 0.8377403846153846 0.027644230769230768 0.109375
0 0.171875 0.8389423076923077 0.030048076923076924 0.109375
0 0.13942307692307693 0.8377403846153846 0.03125 0.11057692307692307
0 0.109375 0.8329326923076923 0.030048076923076924 0.109375
0 0.08052884615384616 0.8413461538461539 0.03245192307692308 0.109375
0 0.04927884615384615 0.8425480769230769 0.028846153846153848 0.10096153846153846
0 0.021634615384615384 0.8389423076923077 0.03485576923076923 0.1045673076923077
0 0.002403846153846154 0.8389423076923077 0.004807692307692308 0.09254807692307693
0 0.025240384615384616 0.037259615384615384 0.05048076923076923 0.06009615384615385
0 0.004807692307692308 0.1971153846153846 0.009615384615384616 0.09134615384615384
0 0.025240384615384616 0.1935096153846154 0.028846153846153848 0.09495192307692307
0 0.055288461538461536 0.203125 0.027644230769230768 0.1045673076923077
0 0.08173076923076923 0.19110576923076922 0.03485576923076923 0.10817307692307693
0 0.11177884615384616 0.19471153846153846 0.03365384615384615 0.11538461538461539
0 0.14423076923076922 0.18870192307692307 0.03365384615384615 0.09495192307692307
0 0.171875 0.20793269230769232 0.027644230769230768 0.10336538461538461
0 0.20072115384615385 0.19591346153846154 0.030048076923076924 0.10576923076923077
0 0.23197115384615385 0.21634615384615385 0.027644230769230768 0.09134615384615384
0 0.2608173076923077 0.19110576923076922 0.027644230769230768 0.0985576923076923
0 0.28846153846153844 0.20192307692307693 0.025240384615384616 0.09615384615384616
0 0.31850961538461536 0.1814903846153846 0.027644230769230768 0.10096153846153846
0 0.34975961538461536 0.1814903846153846 0.027644230769230768 0.1045673076923077
0 0.38221153846153844 0.1875 0.030048076923076924 0.10576923076923077
0 0.41225961538461536 0.19471153846153846 0.025240384615384616 0.10576923076923077
0 0.44350961538461536 0.18629807692307693 0.030048076923076924 0.10336538461538461
0 0.4735576923076923 0.20432692307692307 0.027644230769230768 0.10336538461538461
0 0.5072115384615384 0.20432692307692307 0.027644230769230768 0.10576923076923077
0 0.5372596153846154 0.1971153846153846 0.027644230769230768 0.109375
0 0.5697115384615384 0.1971153846153846 0.026442307692307692 0.10697115384615384
0 0.5973557692307693 0.19951923076923078 0.030048076923076924 0.11057692307692307
0 0.6298076923076923 0.19591346153846154 0.027644230769230768 0.11538461538461539
0 0.6598557692307693 0.20192307692307693 0.026442307692307692 0.09615384615384616
0 0.6923076923076923 0.21394230769230768 0.030048076923076924 0.09975961538461539
0 0.7223557692307693 0.21754807692307693 0.027644230769230768 0.10096153846153846
0 0.7788461538461539 0.21153846153846154 0.030048076923076924 0.10096153846153846
0 0.8088942307692307 0.2247596153846154 0.028846153846153848 0.09975961538461539
0 0.8401442307692307 0.22355769230769232 0.027644230769230768 0.10576923076923077
0 0.8701923076923077 0.21634615384615385 0.028846153846153848 0.11658653846153846
0 0.8966346153846154 0.21995192307692307 0.025240384615384616 0.10096153846153846
0 0.9254807692307693 0.22235576923076922 0.027644230769230768 0.0985576923076923
0 0.9555288461538461 0.22956730769230768 0.026442307692307692 0.09014423076923077
0 0.9867788461538461 0.24278846153846154 0.025240384615384616 0.09615384615384616
0 0.9939903846153846 0.4795673076923077 0.009615384615384616 0.09735576923076923
0 0.9939903846153846 0.7319711538461539 0.010817307692307692 0.0985576923076923
0 0.9735576923076923 0.7127403846153846 0.037259615384615384 0.10576923076923077
0 0.9399038461538461 0.7283653846153846 0.03245192307692308 0.1045673076923077
0 0.8810096153846154 0.7307692307692307 0.030048076923076924 0.10817307692307693
0 0.9086538461538461 0.7355769230769231 0.03125 0.10576923076923077
0 0.8509615384615384 0.7427884615384616 0.03125 0.09615384615384616
0 0.8221153846153846 0.7415865384615384 0.030048076923076924 0.11057692307692307
0 0.7956730769230769 0.7295673076923077 0.027644230769230768 0.11298076923076923
0 0.7632211538461539 0.734375 0.026442307692307692 0.10576923076923077
0 0.7331730769230769 0.7415865384615384 0.030048076923076924 0.10576923076923077
0 0.7019230769230769 0.7283653846153846 0.030048076923076924 0.109375
0 0.6706730769230769 0.7247596153846154 0.03125 0.11298076923076923
0 0.9747596153846154 0.47596153846153844 0.03365384615384615 0.10336538461538461
0 0.9447115384615384 0.47836538461538464 0.030048076923076924 0.1045673076923077
0 0.9134615384615384 0.4735576923076923 0.030048076923076924 0.10576923076923077
0 0.8858173076923077 0.4807692307692308 0.030048076923076924 0.1045673076923077
0 0.8569711538461539 0.48197115384615385 0.03245192307692308 0.10096153846153846
0 0.8269230769230769 0.45913461538461536 0.027644230769230768 0.0985576923076923
0 0.8004807692307693 0.4567307692307692 0.03125 0.11057692307692307
0 0.7692307692307693 0.4651442307692308 0.028846153846153848 0.11298076923076923
0 0.7391826923076923 0.46153846153846156 0.028846153846153848 0.1045673076923077
0 0.7103365384615384 0.4651442307692308 0.025240384615384616 0.1045673076923077
0 0.6778846153846154 0.46274038461538464 0.027644230769230768 0.10096153846153846