0 0.5360576923076923 0.48197115384615385 0.0625 0.051682692307692304
0 0.5408653846153846 0.5408653846153846 0.05889423076923077 0.052884615384615384
0 0.5432692307692307 0.5925480769230769 0.06370192307692307 0.05048076923076923
0 0.4699519230769231 0.5949519230769231 0.06009615384615385 0.052884615384615384
0 0.4675480769230769 0.5372596153846154 0.06009615384615385 0.052884615384615384
0 0.4675480769230769 0.484375 0.05048076923076923 0.04807692307692308
0 0.31971153846153844 0.5408653846153846 0.051682692307692304 0.05048076923076923
0 0.32211538461538464 0.5961538461538461 0.056490384615384616 0.051682692307692304
0 0.25 0.5444711538461539 0.056490384615384616 0.051682692307692304
0 0.5408653846153846 0.6514423076923077 0.0625 0.05048076923076923
0 0.5456730769230769 0.7127403846153846 0.06129807692307692 0.05048076923076923
0 0.47115384615384615 0.6538461538461539 0.06370192307692307 0.04807692307692308
0 0.47596153846153844 0.7067307692307693 0.05889423076923077 0.046875
0 0.47115384615384615 0.7620192307692307 0.06610576923076923 0.05048076923076923
0 0.5528846153846154 0.7644230769230769 0.05048076923076923 0.04807692307692308
0 0.5480769230769231 0.8209134615384616 0.06129807692307692 0.054086538461538464
0 0.4651442307692308 0.8209134615384616 0.06370192307692307 0.05889423076923077
0 0.2439903846153846 0.6045673076923077 0.056490384615384616 0.05048076923076923
0 0.24639423076923078 0.6574519230769231 0.0625 0.04807692307692308
0 0.32211538461538464 0.6514423076923077 0.06129807692307692 0.046875
0 0.3137019230769231 0.7091346153846154 0.06129807692307692 0.055288461538461536
0 0.3233173076923077 0.765625 0.06370192307692307 0.05048076923076923
0 0.2548076923076923 0.7716346153846154 0.06129807692307692 0.05048076923076923
0 0.24759615384615385 0.7127403846153846 0.06370192307692307 0.04567307692307692
0 0.2548076923076923 0.8305288461538461 0.06009615384615385 0.04447115384615385
0 0.6887019230769231 0.703125 0.06129807692307692 0.04807692307692308
0 0.6887019230769231 0.7620192307692307 0.06129807692307692 0.055288461538461536
0 0.6971153846153846 0.8221153846153846 0.06129807692307692 0.05048076923076923
0 0.7596153846153846 0.7584134615384616 0.06129807692307692 0.04807692307692308
0 0.7620192307692307 0.8149038461538461 0.06129807692307692 0.052884615384615384
0 0.9086538461538461 0.8569711538461539 0.057692307692307696 0.05048076923076923
0 0.9098557692307693 0.9134615384615384 0.056490384615384616 0.04807692307692308
0 0.9086538461538461 0.9675480769230769 0.05889423076923077 0.04807692307692308
0 0.6935096153846154 0.6454326923076923 0.0625 0.046875
0 0.7620192307692307 0.6947115384615384 0.06129807692307692 0.04447115384615385
0 0.7620192307692307 0.640625 0.0625 0.052884615384615384
0 0.7572115384615384 0.5865384615384616 0.055288461538461536 0.052884615384615384
0 0.6887019230769231 0.5865384615384616 0.06370192307692307 0.052884615384615384
0 0.7560096153846154 0.5276442307692307 0.06490384615384616 0.051682692307692304
0 0.6887019230769231 0.5324519230769231 0.06129807692307692 0.04807692307692308
0 0.6887019230769231 0.4795673076923077 0.06610576923076923 0.054086538461538464
0 0.7475961538461539 0.4723557692307692 0.05048076923076923 0.04567307692307692
0 0.7524038461538461 0.4230769230769231 0.05889423076923077 0.04807692307692308
0 0.6887019230769231 0.4254807692307692 0.06129807692307692 0.052884615384615384
0 0.6790865384615384 0.37259615384615385 0.0625 0.04807692307692308
0 0.7463942307692307 0.36899038461538464 0.051682692307692304 0.04807692307692308
0 0.9122596153846154 0.7487980769230769 0.06971153846153846 0.04807692307692308
0 0.9122596153846154 0.8004807692307693 0.06129807692307692 0.04326923076923077
0 0.5348557692307693 0.4266826923076923 0.05889423076923077 0.04807692307692308
0 0.5348557692307693 0.3713942307692308 0.06009615384615385 0.052884615384615384
0 0.46153846153846156 0.42788461538461536 0.056490384615384616 0.05048076923076923
0 0.46033653846153844 0.37259615384615385 0.0625 0.05889423076923077
0 0.5372596153846154 0.3161057692307692 0.057692307692307696 0.04807692307692308
0 0.46274038461538464 0.31850961538461536 0.056490384615384616 0.04807692307692308
0 0.46274038461538464 0.2644230769230769 0.06009615384615385 0.051682692307692304
0 0.31971153846153844 0.4879807692307692 0.06009615384615385 0.04807692307692308
0 0.24759615384615385 0.49038461538461536 0.06129807692307692 0.05048076923076923
0 0.3161057692307692 0.43028846153846156 0.06009615384615385 0.051682692307692304
0 0.24879807692307693 0.43149038461538464 0.05889423076923077 0.051682692307692304
0 0.24278846153846154 0.3786057692307692 0.055288461538461536 0.04567307692307692
0 0.31850961538461536 0.37259615384615385 0.0673076923076923 0.05889423076923077
0 0.3088942307692308 0.31850961538461536 0.056490384615384616 0.04567307692307692
0 0.24759615384615385 0.3245192307692308 0.06129807692307692 0.054086538461538464
0 0.24879807692307693 0.27163461538461536 0.05889423076923077 0.051682692307692304
0 0.5769230769230769 0.9362980769230769 0.06129807692307692 0.056490384615384616
0 0.9098557692307693 0.6911057692307693 0.06129807692307692 0.04807692307692308
0 0.9002403846153846 0.6370192307692307 0.056490384615384616 0.04807692307692308
0 0.9002403846153846 0.5805288461538461 0.05889423076923077 0.046875
0 0.8990384615384616 0.5264423076923077 0.06129807692307692 0.04567307692307692
0 0.9026442307692307 0.4735576923076923 0.0625 0.051682692307692304
0 0.9014423076923077 0.4182692307692308 0.06370192307692307 0.04807692307692308
0 0.8990384615384616 0.36778846153846156 0.051682692307692304 0.046875
0 0.8990384615384616 0.3125 0.05889423076923077 0.04807692307692308
0 0.8942307692307693 0.2644230769230769 0.06129807692307692 0.05048076923076923
0 0.8894230769230769 0.20793269230769232 0.0625 0.052884615384615384
0 0.8882211538461539 0.15144230769230768 0.057692307692307696 0.054086538461538464
0 0.8870192307692307 0.09975961538461539 0.0625 0.05048076923076923
0 0.8846153846153846 0.05048076923076923 0.056490384615384616 0.052884615384615384
0 0.8846153846153846 0.009615384615384616 0.06610576923076923 0.019230769230769232
0 0.7487980769230769 0.31490384615384615 0.052884615384615384 0.05048076923076923
0 0.6790865384615384 0.3112980769230769 0.05889423076923077 0.05048076923076923
0 0.7463942307692307 0.25600961538461536 0.05889423076923077 0.056490384615384616
0 0.6778846153846154 0.25841346153846156 0.0625 0.052884615384615384
0 0.5372596153846154 0.25961538461538464 0.06129807692307692 0.052884615384615384
0 0.3161057692307692 0.2644230769230769 0.057692307692307696 0.05048076923076923
0 0.11658653846153846 0.6069711538461539 0.03245192307692308 0.10336538461538461
0 0.11899038461538461 0.484375 0.030048076923076924 0.09735576923076923
0 0.11899038461538461 0.35336538461538464 0.03365384615384615 0.10817307692307693
0 0.11899038461538461 0.23197115384615385 0.03245192307692308 0.10697115384615384
0 0.125 0.10697115384615384 0.03125 0.109375
0 0.12379807692307693 0.01201923076923077 0.030048076923076924 0.02403846153846154
0 0.7403846153846154 0.203125 0.055288461538461536 0.05048076923076923
0 0.6754807692307693 0.20192307692307693 0.055288461538461536 0.046875
0 0.6730769230769231 0.1466346153846154 0.06129807692307692 0.054086538461538464
0 0.7403846153846154 0.1502403846153846 0.05889423076923077 0.052884615384615384
0 0.7379807692307693 0.09615384615384616 0.057692307692307696 0.046875
0 0.7331730769230769 0.04447115384615385 0.057692307692307696 0.051682692307692304
0 0.7331730769230769 0.010817307692307692 0.056490384615384616 0.021634615384615384
0 0.6646634615384616 0.009615384615384616 0.05048076923076923 0.019230769230769232
0 0.6682692307692307 0.04567307692307692 0.055288461538461536 0.04807692307692308
0 0.53125 0.20552884615384615 0.0625 0.052884615384615384
0 0.46153846153846156 0.20793269230769232 0.056490384615384616 0.052884615384615384
0 0.45913461538461536 0.15384615384615385 0.056490384615384616 0.052884615384615384
0 0.53125 0.15264423076923078 0.06129807692307692 0.05048076923076923
0 0.5288461538461539 0.09735576923076923 0.05889423076923077 0.051682692307692304
0 0.4567307692307692 0.10096153846153846 0.057692307692307696 0.052884615384615384
0 0.4543269230769231 0.05048076923076923 0.056490384615384616 0.05048076923076923
0 0.5252403846153846 0.046875 0.05048076923076923 0.04807692307692308
0 0.5276442307692307 0.009615384615384616 0.055288461538461536 0.019230769230769232
0 0.45552884615384615 0.013221153846153846 0.05048076923076923 0.026442307692307692
0 0.3161057692307692 0.20793269230769232 0.055288461538461536 0.054086538461538464
0 0.24519230769230768 0.21514423076923078 0.055288461538461536 0.052884615384615384
0 0.2512019230769231 0.16105769230769232 0.05889423076923077 0.056490384615384616
0 0.31490384615384615 0.15384615384615385 0.06009615384615385 0.051682692307692304
0 0.3161057692307692 0.10336538461538461 0.05889423076923077 0.05048076923076923
0 0.3112980769230769 0.05048076923076923 0.054086538461538464 0.051682692307692304
0 0.3088942307692308 0.013221153846153846 0.055288461538461536 0.026442307692307692
0 0.2439903846153846 0.018028846153846152 0.06009615384615385 0.036057692307692304
0 0.24278846153846154 0.05889423076923077 0.051682692307692304 0.05048076923076923
0 0.24759615384615385 0.10576923076923077 0.057692307692307696 0.052884615384615384