0 0.6586538461538461 0.5625 0.037259615384615384 0.09254807692307693
0 0.6274038461538461 0.5913461538461539 0.038461538461538464 0.10336538461538461
0 0.59375 0.6045673076923077 0.040865384615384616 0.1141826923076923
0 0.5637019230769231 0.6033653846153846 0.037259615384615384 0.11057692307692307
0 0.5324519230769231 0.6141826923076923 0.036057692307692304 0.10336538461538461
0 0.5036057692307693 0.6346153846153846 0.03245192307692308 0.09014423076923077
0 0.46875 0.6370192307692307 0.03125 0.08653846153846154
0 0.43990384615384615 0.6574519230769231 0.03485576923076923 0.10697115384615384
0 0.4074519230769231 0.671875 0.03485576923076923 0.09254807692307693
0 0.3786057692307692 0.7067307692307693 0.038461538461538464 0.10697115384615384
0 0.3485576923076923 0.7235576923076923 0.039663461538461536 0.1045673076923077
0 0.3161057692307692 0.7307692307692307 0.038461538461538464 0.10817307692307693
0 0.2800480769230769 0.7415865384615384 0.037259615384615384 0.1045673076923077
0 0.24879807692307693 0.7584134615384616 0.040865384615384616 0.11298076923076923
0 0.21514423076923078 0.7764423076923077 0.037259615384615384 0.11057692307692307
0 0.18028846153846154 0.7944711538461539 0.042067307692307696 0.11778846153846154
0 0.14903846153846154 0.8209134615384616 0.04567307692307692 0.11057692307692307
0 0.11298076923076923 0.8341346153846154 0.04326923076923077 0.10697115384615384
0 0.07932692307692307 0.8641826923076923 0.040865384615384616 0.0889423076923077
0 0.04326923076923077 0.8725961538461539 0.052884615384615384 0.11899038461538461
0 0.015625 0.8798076923076923 0.03125 0.125
0 0.6490384615384616 0.8990384615384616 0.04326923076923077 0.11538461538461539
0 0.6382211538461539 0.9723557692307693 0.05048076923076923 0.052884615384615384
0 0.6105769230769231 0.9002403846153846 0.03365384615384615 0.10817307692307693
0 0.5841346153846154 0.921875 0.037259615384615384 0.10336538461538461
0 0.5504807692307693 0.9314903846153846 0.037259615384615384 0.1141826923076923
0 0.5216346153846154 0.9519230769230769 0.037259615384615384 0.09495192307692307
0 0.49158653846153844 0.9639423076923077 0.03485576923076923 0.06971153846153846
0 0.4567307692307692 0.9711538461538461 0.030048076923076924 0.055288461538461536