0 0.6598557692307693 0.06610576923076923 0.030048076923076924 0.1141826923076923
0 0.6574519230769231 0.21153846153846154 0.030048076923076924 0.11658653846153846
0 0.6538461538461539 0.34615384615384615 0.03125 0.10817307692307693
0 0.6574519230769231 0.49759615384615385 0.03245192307692308 0.11899038461538461
0 0.6598557692307693 0.6694711538461539 0.038461538461538464 0.11899038461538461
0 0.6514423076923077 0.7932692307692307 0.028846153846153848 0.11778846153846154
0 0.6454326923076923 0.9471153846153846 0.030048076923076924 0.10096153846153846
0 0.8221153846153846 0.890625 0.05889423076923077 0.0625
0 0.5 0.7235576923076923 0.06009615384615385 0.05048076923076923
0 0.5048076923076923 0.7824519230769231 0.057692307692307696 0.051682692307692304
0 0.5036057692307693 0.8413461538461539 0.06009615384615385 0.054086538461538464
0 0.5024038461538461 0.8990384615384616 0.06009615384615385 0.054086538461538464
0 0.5012019230769231 0.9543269230769231 0.06009615384615385 0.054086538461538464
0 0.3605769230769231 0.8629807692307693 0.06009615384615385 0.08173076923076923
0 0.5060096153846154 0.5540865384615384 0.0625 0.055288461538461536
0 0.5084134615384616 0.3786057692307692 0.052884615384615384 0.055288461538461536
0 0.5012019230769231 0.14543269230769232 0.06009615384615385 0.056490384615384616
0 0.5096153846153846 0.08413461538461539 0.056490384615384616 0.052884615384615384
0 0.36658653846153844 0.3317307692307692 0.0625 0.07091346153846154
0 0.36538461538461536 0.453125 0.06850961538461539 0.07932692307692307
0 0.22596153846153846 0.9375 0.06610576923076923 0.078125
0 0.23197115384615385 0.8737980769230769 0.054086538461538464 0.06850961538461539
0 0.23557692307692307 0.8004807692307693 0.06490384615384616 0.07692307692307693
0 0.2283653846153846 0.7283653846153846 0.06610576923076923 0.08653846153846154
0 0.23197115384615385 0.6682692307692307 0.0673076923076923 0.09254807692307693
0 0.23557692307692307 0.5997596153846154 0.0673076923076923 0.08653846153846154
0 0.23557692307692307 0.5324519230769231 0.06850961538461539 0.08052884615384616
0 0.23798076923076922 0.46634615384615385 0.0625 0.06850961538461539
0 0.23918269230769232 0.3942307692307692 0.06850961538461539 0.08173076923076923
0 0.23918269230769232 0.3245192307692308 0.06129807692307692 0.07211538461538461
0 0.23677884615384615 0.2536057692307692 0.0625 0.08774038461538461
0 0.23798076923076922 0.19471153846153846 0.06370192307692307 0.07692307692307693
0 0.24158653846153846 0.1310096153846154 0.0673076923076923 0.07451923076923077
0 0.24278846153846154 0.06850961538461539 0.0673076923076923 0.078125