0 0.4026442307692308 0.16706730769230768 0.042067307692307696 0.16346153846153846
0 0.45072115384615385 0.171875 0.040865384615384616 0.1622596153846154
0 0.5036057692307693 0.1658653846153846 0.04326923076923077 0.16706730769230768
0 0.5540865384615384 0.15264423076923078 0.04567307692307692 0.1875
0 0.6009615384615384 0.17548076923076922 0.042067307692307696 0.17067307692307693
0 0.6526442307692307 0.1778846153846154 0.038461538461538464 0.15504807692307693
0 0.6995192307692307 0.14182692307692307 0.04326923076923077 0.16346153846153846
0 0.7536057692307693 0.17067307692307693 0.05048076923076923 0.17067307692307693
0 0.6490384615384616 0.6502403846153846 0.042067307692307696 0.17307692307692307
0 0.359375 0.1622596153846154 0.040865384615384616 0.14903846153846154
0 0.31490384615384615 0.15504807692307693 0.04326923076923077 0.16346153846153846
0 0.2692307692307692 0.14543269230769232 0.040865384615384616 0.15264423076923078
0 0.2247596153846154 0.12379807692307693 0.046875 0.171875
0 0.171875 0.15865384615384615 0.04567307692307692 0.16947115384615385
0 0.125 0.14903846153846154 0.04326923076923077 0.16947115384615385
0 0.08173076923076923 0.13581730769230768 0.04807692307692308 0.16826923076923078
0 0.5973557692307693 0.6430288461538461 0.04326923076923077 0.17067307692307693
0 0.546875 0.6334134615384616 0.038461538461538464 0.17067307692307693
0 0.49038461538461536 0.6454326923076923 0.040865384615384616 0.16947115384615385
0 0.4411057692307692 0.6334134615384616 0.04447115384615385 0.1622596153846154
0 0.3918269230769231 0.6334134615384616 0.038461538461538464 0.1466346153846154
0 0.3449519230769231 0.6442307692307693 0.04567307692307692 0.17548076923076922
0 0.24759615384615385 0.640625 0.04567307692307692 0.17307692307692307
0 0.19831730769230768 0.6394230769230769 0.04567307692307692 0.1658653846153846
0 0.15504807692307693 0.5973557692307693 0.04567307692307692 0.16105769230769232
0 0.10697115384615384 0.5997596153846154 0.04567307692307692 0.16346153846153846
0 0.06370192307692307 0.5913461538461539 0.05048076923076923 0.15865384615384615
0 0.11057692307692307 0.9795673076923077 0.04326923076923077 0.038461538461538464
0 0.28725961538461536 0.9759615384615384 0.051682692307692304 0.04326923076923077
0 0.7019230769230769 0.9302884615384616 0.04567307692307692 0.1346153846153846