0 0.2692307692307692 0.03245192307692308 0.056490384615384616 0.052884615384615384
0 0.25961538461538464 0.08413461538461539 0.054086538461538464 0.054086538461538464
0 0.265625 0.14423076923076922 0.057692307692307696 0.055288461538461536
0 0.27403846153846156 0.19591346153846154 0.057692307692307696 0.046875
0 0.11298076923076923 0.02283653846153846 0.06370192307692307 0.04567307692307692
0 0.11298076923076923 0.07692307692307693 0.06129807692307692 0.055288461538461536
0 0.11177884615384616 0.13221153846153846 0.06370192307692307 0.055288461538461536
0 0.1201923076923077 0.18509615384615385 0.06850961538461539 0.046875
0 0.12139423076923077 0.23918269230769232 0.0673076923076923 0.052884615384615384
0 0.12620192307692307 0.2920673076923077 0.06610576923076923 0.051682692307692304
0 0.12860576923076922 0.34615384615384615 0.06610576923076923 0.054086538461538464
0 0.1310096153846154 0.4026442307692308 0.06129807692307692 0.04447115384615385
0 0.13701923076923078 0.46153846153846156 0.0625 0.046875
0 0.27163461538461536 0.47475961538461536 0.056490384615384616 0.052884615384615384
0 0.2824519230769231 0.5324519230769231 0.05889423076923077 0.04567307692307692
0 0.2704326923076923 0.5841346153846154 0.05889423076923077 0.05048076923076923
0 0.2824519230769231 0.6454326923076923 0.06610576923076923 0.05048076923076923
0 0.2848557692307692 0.6995192307692307 0.052884615384615384 0.046875
0 0.2800480769230769 0.7572115384615384 0.06129807692307692 0.04807692307692308
0 0.2824519230769231 0.8112980769230769 0.0673076923076923 0.051682692307692304
0 0.2800480769230769 0.8689903846153846 0.06129807692307692 0.04567307692307692
0 0.2824519230769231 0.9278846153846154 0.05889423076923077 0.05048076923076923
0 0.28125 0.9783653846153846 0.056490384615384616 0.042067307692307696
0 0.4855769230769231 0.12379807692307693 0.06129807692307692 0.04807692307692308
0 0.4855769230769231 0.078125 0.052884615384615384 0.04326923076923077
0 0.49399038461538464 0.17908653846153846 0.05889423076923077 0.046875
0 0.4963942307692308 0.234375 0.056490384615384616 0.05048076923076923
0 0.4170673076923077 0.234375 0.06610576923076923 0.05048076923076923
0 0.4170673076923077 0.2956730769230769 0.06009615384615385 0.04807692307692308
0 0.4963942307692308 0.28846153846153844 0.06370192307692307 0.05048076923076923
0 0.4951923076923077 0.3425480769230769 0.06370192307692307 0.046875
0 0.41947115384615385 0.3545673076923077 0.056490384615384616 0.046875
0 0.4951923076923077 0.4014423076923077 0.06009615384615385 0.052884615384615384
0 0.4206730769230769 0.4026442307692308 0.06129807692307692 0.046875
0 0.4206730769230769 0.45913461538461536 0.06129807692307692 0.05048076923076923
0 0.4951923076923077 0.4567307692307692 0.06370192307692307 0.04807692307692308
0 0.5 0.5108173076923077 0.056490384615384616 0.046875
0 0.43149038461538464 0.5168269230769231 0.06129807692307692 0.05048076923076923
0 0.41586538461538464 0.5769230769230769 0.05889423076923077 0.051682692307692304
0 0.5012019230769231 0.5661057692307693 0.05889423076923077 0.04567307692307692
0 0.49759615384615385 0.6274038461538461 0.06610576923076923 0.05048076923076923
0 0.4266826923076923 0.6358173076923077 0.06009615384615385 0.04447115384615385
0 0.4987980769230769 0.6862980769230769 0.05889423076923077 0.052884615384615384
0 0.42908653846153844 0.6947115384615384 0.06129807692307692 0.04807692307692308
0 0.4963942307692308 0.7415865384615384 0.06610576923076923 0.052884615384615384
0 0.4266826923076923 0.7487980769230769 0.0625 0.04807692307692308
0 0.4266826923076923 0.8064903846153846 0.056490384615384616 0.04807692307692308
0 0.5012019230769231 0.7956730769230769 0.06009615384615385 0.052884615384615384
0 0.5084134615384616 0.8533653846153846 0.057692307692307696 0.054086538461538464
0 0.43028846153846156 0.859375 0.0625 0.055288461538461536
0 0.43149038461538464 0.9182692307692307 0.06129807692307692 0.055288461538461536
0 0.5060096153846154 0.9098557692307693 0.056490384615384616 0.051682692307692304
0 0.5108173076923077 0.9627403846153846 0.06850961538461539 0.054086538461538464
0 0.4338942307692308 0.9735576923076923 0.057692307692307696 0.05048076923076923
0 0.6370192307692307 0.02403846153846154 0.06129807692307692 0.046875
0 0.7019230769230769 0.02403846153846154 0.056490384615384616 0.04807692307692308
0 0.7043269230769231 0.07692307692307693 0.055288461538461536 0.046875
0 0.6394230769230769 0.07692307692307693 0.06129807692307692 0.052884615384615384
0 0.6370192307692307 0.12740384615384615 0.06129807692307692 0.054086538461538464
0 0.7115384615384616 0.12740384615384615 0.055288461538461536 0.05048076923076923
0 0.7091346153846154 0.17908653846153846 0.057692307692307696 0.04807692307692308
0 0.6358173076923077 0.17908653846153846 0.06009615384615385 0.04807692307692308
0 0.6370192307692307 0.234375 0.05889423076923077 0.05048076923076923
0 0.7151442307692307 0.23317307692307693 0.06009615384615385 0.04567307692307692
0 0.7055288461538461 0.29086538461538464 0.05889423076923077 0.054086538461538464
0 0.6394230769230769 0.2920673076923077 0.05889423076923077 0.05048076923076923
0 0.6418269230769231 0.3473557692307692 0.06009615384615385 0.051682692307692304
0 0.7091346153846154 0.3425480769230769 0.05048076923076923 0.04447115384615385
0 0.7115384615384616 0.3954326923076923 0.056490384615384616 0.05048076923076923
0 0.6418269230769231 0.4026442307692308 0.05048076923076923 0.04567307692307692
0 0.6466346153846154 0.45913461538461536 0.06610576923076923 0.051682692307692304
0 0.7115384615384616 0.4543269230769231 0.055288461538461536 0.04567307692307692
0 0.7163461538461539 0.5096153846153846 0.06370192307692307 0.04807692307692308
0 0.640625 0.5168269230769231 0.06370192307692307 0.05048076923076923
0 0.7127403846153846 0.5649038461538461 0.0625 0.04807692307692308
0 0.6442307692307693 0.5733173076923077 0.06490384615384616 0.046875
0 0.6442307692307693 0.6286057692307693 0.055288461538461536 0.046875
0 0.7103365384615384 0.6189903846153846 0.057692307692307696 0.04807692307692308
0 0.7163461538461539 0.6790865384615384 0.06370192307692307 0.051682692307692304
0 0.6466346153846154 0.6875 0.051682692307692304 0.05048076923076923
0 0.7199519230769231 0.734375 0.0673076923076923 0.055288461538461536
0 0.6442307692307693 0.7415865384615384 0.056490384615384616 0.04807692307692308
0 0.6502403846153846 0.7956730769230769 0.06009615384615385 0.054086538461538464
0 0.7151442307692307 0.7884615384615384 0.04927884615384615 0.04807692307692308
0 0.6466346153846154 0.8569711538461539 0.05889423076923077 0.054086538461538464
0 0.6586538461538461 0.9098557692307693 0.06370192307692307 0.052884615384615384
0 0.6610576923076923 0.9639423076923077 0.06129807692307692 0.055288461538461536
0 0.7307692307692307 0.9903846153846154 0.057692307692307696 0.015625
0 0.7283653846153846 0.9555288461538461 0.05889423076923077 0.054086538461538464
0 0.7271634615384616 0.9038461538461539 0.06129807692307692 0.055288461538461536
0 0.7235576923076923 0.8449519230769231 0.05889423076923077 0.054086538461538464
0 0.8413461538461539 0.02403846153846154 0.06610576923076923 0.046875
0 0.8413461538461539 0.07692307692307693 0.05889423076923077 0.054086538461538464
0 0.8473557692307693 0.12860576923076922 0.055288461538461536 0.04447115384615385
0 0.8449519230769231 0.1814903846153846 0.057692307692307696 0.052884615384615384
0 0.8581730769230769 0.2824519230769231 0.05889423076923077 0.04807692307692308
0 0.8557692307692307 0.3329326923076923 0.04807692307692308 0.05048076923076923
0 0.8605769230769231 0.3870192307692308 0.06370192307692307 0.051682692307692304
0 0.8617788461538461 0.44711538461538464 0.0625 0.051682692307692304
0 0.8557692307692307 0.5012019230769231 0.0673076923076923 0.05048076923076923
0 0.8533653846153846 0.5516826923076923 0.056490384615384616 0.05048076923076923
0 0.8557692307692307 0.6009615384615384 0.06129807692307692 0.04567307692307692
0 0.8629807692307693 0.6610576923076923 0.04927884615384615 0.04326923076923077
0 0.8665865384615384 0.7163461538461539 0.06490384615384616 0.04807692307692308
0 0.8725961538461539 0.7704326923076923 0.06370192307692307 0.04326923076923077
0 0.8737980769230769 0.8221153846153846 0.056490384615384616 0.051682692307692304
0 0.8713942307692307 0.875 0.06610576923076923 0.04807692307692308
0 0.8762019230769231 0.9290865384615384 0.0673076923076923 0.056490384615384616
0 0.8762019230769231 0.9795673076923077 0.0625 0.038461538461538464