0 0.43990384615384615 0.125 0.026442307692307692 0.11899038461538461
0 0.5372596153846154 0.10817307692307693 0.028846153846153848 0.11298076923076923
0 0.7572115384615384 0.38100961538461536 0.028846153846153848 0.1045673076923077
0 0.7283653846153846 0.375 0.030048076923076924 0.10576923076923077
0 0.6971153846153846 0.36658653846153844 0.03125 0.10576923076923077
0 0.6634615384615384 0.3713942307692308 0.026442307692307692 0.11658653846153846
0 0.6322115384615384 0.38341346153846156 0.027644230769230768 0.11298076923076923
0 0.5997596153846154 0.375 0.026442307692307692 0.12259615384615384
0 0.5661057692307693 0.3737980769230769 0.028846153846153848 0.11538461538461539
0 0.5324519230769231 0.38461538461538464 0.027644230769230768 0.11298076923076923
0 0.5997596153846154 0.5 0.027644230769230768 0.11899038461538461
0 0.5685096153846154 0.5012019230769231 0.030048076923076924 0.1141826923076923
0 0.5324519230769231 0.5024038461538461 0.026442307692307692 0.10817307692307693
0 0.38221153846153844 0.7055288461538461 0.06850961538461539 0.055288461538461536
0 0.9471153846153846 0.14302884615384615 0.030048076923076924 0.1141826923076923
0 0.9182692307692307 0.13221153846153846 0.03485576923076923 0.11298076923076923
0 0.8870192307692307 0.12620192307692307 0.03125 0.11298076923076923
0 0.8569711538461539 0.13701923076923078 0.03245192307692308 0.11298076923076923
0 0.8161057692307693 0.1346153846153846 0.03245192307692308 0.10697115384615384
0 0.7692307692307693 0.13581730769230768 0.030048076923076924 0.10697115384615384
0 0.6802884615384616 0.11778846153846154 0.027644230769230768 0.09975961538461539
0 0.6358173076923077 0.12259615384615384 0.026442307692307692 0.10817307692307693
0 0.5853365384615384 0.12259615384615384 0.025240384615384616 0.11658653846153846
0 0.49038461538461536 0.11778846153846154 0.026442307692307692 0.11899038461538461
0 0.38221153846153844 0.12259615384615384 0.042067307692307696 0.11298076923076923
0 0.8197115384615384 0.3786057692307692 0.03365384615384615 0.10697115384615384
0 0.8509615384615384 0.38100961538461536 0.030048076923076924 0.10336538461538461
0 0.8810096153846154 0.38461538461538464 0.03245192307692308 0.10336538461538461
0 0.9122596153846154 0.390625 0.03365384615384615 0.10817307692307693
0 0.9411057692307693 0.38341346153846156 0.030048076923076924 0.10817307692307693
0 0.9735576923076923 0.390625 0.03245192307692308 0.10576923076923077
0 0.6322115384615384 0.5120192307692307 0.028846153846153848 0.11057692307692307
0 0.6658653846153846 0.5036057692307693 0.027644230769230768 0.11538461538461539
0 0.6971153846153846 0.5144230769230769 0.027644230769230768 0.11057692307692307
0 0.7307692307692307 0.5084134615384616 0.028846153846153848 0.11658653846153846
0 0.7608173076923077 0.5060096153846154 0.028846153846153848 0.1045673076923077
0 0.7932692307692307 0.5072115384615384 0.028846153846153848 0.1141826923076923
0 0.8221153846153846 0.5084134615384616 0.030048076923076924 0.10336538461538461
0 0.8533653846153846 0.5060096153846154 0.030048076923076924 0.11298076923076923
0 0.8846153846153846 0.5072115384615384 0.028846153846153848 0.11298076923076923
0 0.9170673076923077 0.515625 0.03365384615384615 0.09975961538461539
0 0.9471153846153846 0.5096153846153846 0.03485576923076923 0.1045673076923077
0 0.9759615384615384 0.5024038461538461 0.03245192307692308 0.10697115384615384
0 0.9771634615384616 0.7536057692307693 0.03485576923076923 0.1045673076923077
0 0.9471153846153846 0.7572115384615384 0.03245192307692308 0.10697115384615384
0 0.9158653846153846 0.7584134615384616 0.03245192307692308 0.10576923076923077
0 0.8834134615384616 0.765625 0.03485576923076923 0.11658653846153846
0 0.8533653846153846 0.7680288461538461 0.028846153846153848 0.10336538461538461
0 0.8197115384615384 0.7680288461538461 0.028846153846153848 0.109375
0 0.7908653846153846 0.7620192307692307 0.030048076923076924 0.11057692307692307
0 0.7596153846153846 0.7668269230769231 0.026442307692307692 0.109375
0 0.7271634615384616 0.7704326923076923 0.025240384615384616 0.10697115384615384
0 0.6959134615384616 0.7620192307692307 0.027644230769230768 0.11899038461538461
0 0.6610576923076923 0.765625 0.028846153846153848 0.11778846153846154
0 0.6286057692307693 0.7644230769230769 0.025240384615384616 0.09495192307692307
0 0.5973557692307693 0.7704326923076923 0.027644230769230768 0.11057692307692307
0 0.5637019230769231 0.7596153846153846 0.026442307692307692 0.09735576923076923
0 0.5276442307692307 0.7680288461538461 0.027644230769230768 0.11057692307692307
0 0.38461538461538464 0.7872596153846154 0.06850961538461539 0.052884615384615384
0 0.3786057692307692 0.8713942307692307 0.06610576923076923 0.055288461538461536
0 0.3954326923076923 0.9567307692307693 0.06129807692307692 0.051682692307692304
0 0.6009615384615384 0.8834134615384616 0.027644230769230768 0.10096153846153846
0 0.6298076923076923 0.8894230769230769 0.027644230769230768 0.11778846153846154
0 0.6634615384615384 0.8954326923076923 0.030048076923076924 0.11298076923076923
0 0.6947115384615384 0.8954326923076923 0.030048076923076924 0.09975961538461539
0 0.7271634615384616 0.8894230769230769 0.027644230769230768 0.1045673076923077
0 0.7620192307692307 0.8858173076923077 0.030048076923076924 0.11298076923076923
0 0.7908653846153846 0.8894230769230769 0.026442307692307692 0.10697115384615384
0 0.8209134615384616 0.8846153846153846 0.030048076923076924 0.11298076923076923
0 0.8545673076923077 0.8942307692307693 0.03125 0.1045673076923077
0 0.8846153846153846 0.8870192307692307 0.030048076923076924 0.09735576923076923
0 0.9158653846153846 0.8846153846153846 0.03125 0.10336538461538461
0 0.9495192307692307 0.8834134615384616 0.037259615384615384 0.10697115384615384
0 0.9795673076923077 0.8870192307692307 0.030048076923076924 0.10817307692307693
0 0.9819711538461539 0.14423076923076922 0.03365384615384615 0.10576923076923077
0 0.9939903846153846 0.390625 0.009615384615384616 0.09254807692307693
0 0.9939903846153846 0.5120192307692307 0.009615384615384616 0.10817307692307693
0 0.38221153846153844 0.5372596153846154 0.06129807692307692 0.055288461538461536
0 0.3786057692307692 0.375 0.06370192307692307 0.04807692307692308
0 0.38461538461538464 0.28846153846153844 0.06490384615384616 0.05048076923076923