0 0.6754807692307693 0.7956730769230769 0.03365384615384615 0.140625
0 0.6322115384615384 0.7716346153846154 0.037259615384615384 0.15144230769230768
0 0.59375 0.7824519230769231 0.036057692307692304 0.14182692307692307
0 0.6442307692307693 0.43990384615384615 0.08173076923076923 0.06370192307692307
0 0.8810096153846154 0.7716346153846154 0.038461538461538464 0.14182692307692307
0 0.8485576923076923 0.7956730769230769 0.04807692307692308 0.1778846153846154
0 0.7980769230769231 0.7788461538461539 0.036057692307692304 0.14182692307692307
0 0.5096153846153846 0.7884615384615384 0.038461538461538464 0.14302884615384615
0 0.5516826923076923 0.7824519230769231 0.03245192307692308 0.15144230769230768
0 0.4651442307692308 0.7836538461538461 0.03485576923076923 0.15264423076923078
0 0.421875 0.7944711538461539 0.03485576923076923 0.15384615384615385
0 0.3762019230769231 0.7848557692307693 0.037259615384615384 0.14543269230769232
0 0.3293269230769231 0.7752403846153846 0.03485576923076923 0.1346153846153846
0 0.28725961538461536 0.7908653846153846 0.039663461538461536 0.1466346153846154
0 0.23557692307692307 0.8004807692307693 0.040865384615384616 0.13701923076923078
0 0.9819711538461539 0.43990384615384615 0.03485576923076923 0.06610576923076923
0 0.9879807692307693 0.7800480769230769 0.021634615384615384 0.14903846153846154
0 0.9543269230769231 0.7680288461538461 0.040865384615384616 0.15504807692307693
0 0.9158653846153846 0.7692307692307693 0.038461538461538464 0.12740384615384615
0 0.7163461538461539 0.7704326923076923 0.038461538461538464 0.14543269230769232
0 0.7596153846153846 0.7740384615384616 0.03485576923076923 0.13942307692307693
0 0.49759615384615385 0.43028846153846156 0.07692307692307693 0.06610576923076923
0 0.39903846153846156 0.42908653846153844 0.08413461538461539 0.06490384615384616
0 0.28846153846153844 0.4362980769230769 0.09014423076923077 0.06490384615384616
0 0.09495192307692307 0.44711538461538464 0.08653846153846154 0.0625
0 0.028846153846153848 0.44591346153846156 0.057692307692307696 0.06490384615384616
0 0.23798076923076922 0.9411057692307693 0.04326923076923077 0.1141826923076923