0 0.46033653846153844 0.4206730769230769 0.052884615384615384 0.046875
0 0.3076923076923077 0.5240384615384616 0.05889423076923077 0.05048076923076923
0 0.30528846153846156 0.578125 0.05889423076923077 0.051682692307692304
0 0.30528846153846156 0.46634615384615385 0.05889423076923077 0.054086538461538464
0 0.45913461538461536 0.2644230769230769 0.055288461538461536 0.046875
0 0.46033653846153844 0.3161057692307692 0.0625 0.051682692307692304
0 0.3161057692307692 0.1466346153846154 0.055288461538461536 0.051682692307692304
0 0.453125 0.7043269230769231 0.06370192307692307 0.051682692307692304
0 0.4543269230769231 0.4735576923076923 0.05889423076923077 0.046875
0 0.4579326923076923 0.21153846153846154 0.05889423076923077 0.05048076923076923
0 0.4483173076923077 0.15384615384615385 0.05889423076923077 0.04807692307692308
0 0.46274038461538464 0.5348557692307693 0.06971153846153846 0.052884615384615384
0 0.46274038461538464 0.5901442307692307 0.06129807692307692 0.042067307692307696
0 0.4543269230769231 0.6442307692307693 0.06129807692307692 0.04807692307692308
0 0.19110576923076922 0.07451923076923077 0.06370192307692307 0.052884615384615384
0 0.6778846153846154 0.9314903846153846 0.05889423076923077 0.05048076923076923
0 0.3173076923076923 0.9134615384615384 0.05889423076923077 0.04807692307692308
0 0.31971153846153844 0.09735576923076923 0.055288461538461536 0.046875
0 0.4675480769230769 0.10697115384615384 0.06610576923076923 0.046875
0 0.4675480769230769 0.36899038461538464 0.056490384615384616 0.04447115384615385
0 0.5420673076923077 0.6802884615384616 0.025240384615384616 0.109375
0 0.5721153846153846 0.6838942307692307 0.026442307692307692 0.09735576923076923
0 0.7560096153846154 0.6971153846153846 0.025240384615384616 0.10576923076923077
0 0.7379807692307693 0.9266826923076923 0.04807692307692308 0.04447115384615385
0 0.7391826923076923 0.9783653846153846 0.051682692307692304 0.042067307692307696
0 0.6778846153846154 0.9795673076923077 0.05889423076923077 0.038461538461538464
0 0.5300480769230769 0.9206730769230769 0.05889423076923077 0.046875
0 0.5276442307692307 0.9759615384615384 0.056490384615384616 0.04326923076923077
0 0.46274038461538464 0.9735576923076923 0.056490384615384616 0.04807692307692308
0 0.4567307692307692 0.9194711538461539 0.056490384615384616 0.051682692307692304
0 0.16346153846153846 0.9302884615384616 0.06009615384615385 0.05048076923076923
0 0.16346153846153846 0.8762019230769231 0.05889423076923077 0.040865384615384616
0 0.16346153846153846 0.8245192307692307 0.06370192307692307 0.04567307692307692
0 0.1658653846153846 0.7139423076923077 0.055288461538461536 0.04567307692307692
0 0.17427884615384615 0.5997596153846154 0.06009615384615385 0.05048076923076923
0 0.171875 0.6538461538461539 0.057692307692307696 0.04807692307692308
0 0.3076923076923077 0.41586538461538464 0.052884615384615384 0.04447115384615385
0 0.31850961538461536 0.359375 0.055288461538461536 0.04807692307692308
0 0.31971153846153844 0.30528846153846156 0.05889423076923077 0.04807692307692308
0 0.3161057692307692 0.25240384615384615 0.056490384615384616 0.04567307692307692
0 0.31850961538461536 0.20432692307692307 0.056490384615384616 0.046875
0 0.3088942307692308 0.6334134615384616 0.054086538461538464 0.046875
0 0.3076923076923077 0.6911057692307693 0.056490384615384616 0.05048076923076923
0 0.17307692307692307 0.3401442307692308 0.06850961538461539 0.052884615384615384
0 0.17427884615384615 0.390625 0.05889423076923077 0.04567307692307692
0 0.17668269230769232 0.44350961538461536 0.055288461538461536 0.05048076923076923
0 0.17067307692307693 0.4987980769230769 0.057692307692307696 0.046875
0 0.3173076923076923 0.9651442307692307 0.06129807692307692 0.046875
0 0.16826923076923078 0.9795673076923077 0.0625 0.038461538461538464
0 0.4579326923076923 0.056490384615384616 0.06129807692307692 0.04567307692307692
0 0.31850961538461536 0.04807692307692308 0.05889423076923077 0.04567307692307692
0 0.7824519230769231 0.6959134615384616 0.026442307692307692 0.10697115384615384
0 0.8100961538461539 0.6814903846153846 0.028846153846153848 0.10817307692307693
0 0.8449519230769231 0.6778846153846154 0.030048076923076924 0.10817307692307693
0 0.6033653846153846 0.6790865384615384 0.027644230769230768 0.0985576923076923
0 0.6334134615384616 0.6814903846153846 0.026442307692307692 0.11298076923076923
0 0.6658653846153846 0.6766826923076923 0.027644230769230768 0.1141826923076923
0 0.6971153846153846 0.6814903846153846 0.02403846153846154 0.11057692307692307
0 0.7247596153846154 0.6850961538461539 0.025240384615384616 0.10576923076923077
0 0.5096153846153846 0.6875 0.025240384615384616 0.11538461538461539
0 0.8870192307692307 0.9819711538461539 0.06129807692307692 0.03245192307692308
0 0.8918269230769231 0.765625 0.0625 0.046875
0 0.8870192307692307 0.8221153846153846 0.055288461538461536 0.04567307692307692
0 0.8894230769230769 0.8762019230769231 0.06009615384615385 0.051682692307692304
0 0.8798076923076923 0.9350961538461539 0.06009615384615385 0.051682692307692304
0 0.1622596153846154 0.7704326923076923 0.06971153846153846 0.046875
0 0.18990384615384615 0.125 0.052884615384615384 0.046875
0 0.18028846153846154 0.1814903846153846 0.052884615384615384 0.04567307692307692
0 0.17668269230769232 0.23557692307692307 0.055288461538461536 0.04447115384615385
0 0.17548076923076922 0.2860576923076923 0.057692307692307696 0.04447115384615385
0 0.1935096153846154 0.026442307692307692 0.056490384615384616 0.04326923076923077
0 0.31971153846153844 0.01201923076923077 0.052884615384615384 0.02403846153846154
0 0.4567307692307692 0.015625 0.056490384615384616 0.030048076923076924