0 0.6610576923076923 0.06850961538461539 0.027644230769230768 0.11899038461538461
0 0.6598557692307693 0.21634615384615385 0.030048076923076924 0.11778846153846154
0 0.6526442307692307 0.3473557692307692 0.03125 0.10697115384615384
0 0.6574519230769231 0.5 0.030048076923076924 0.11778846153846154
0 0.6574519230769231 0.6658653846153846 0.03485576923076923 0.12259615384615384
0 0.6502403846153846 0.796875 0.03125 0.11538461538461539
0 0.8233173076923077 0.8990384615384616 0.056490384615384616 0.06129807692307692
0 0.6418269230769231 0.9519230769230769 0.03125 0.09495192307692307
0 0.5096153846153846 0.08653846153846154 0.056490384615384616 0.051682692307692304
0 0.5012019230769231 0.1502403846153846 0.06129807692307692 0.05889423076923077
0 0.5084134615384616 0.38221153846153844 0.055288461538461536 0.06009615384615385
0 0.5060096153846154 0.5540865384615384 0.06370192307692307 0.056490384615384616
0 0.5 0.7259615384615384 0.05889423076923077 0.051682692307692304
0 0.5036057692307693 0.7860576923076923 0.056490384615384616 0.046875
0 0.5036057692307693 0.8425480769230769 0.0625 0.052884615384615384
0 0.5036057692307693 0.9038461538461539 0.06129807692307692 0.05048076923076923
0 0.5 0.9579326923076923 0.0625 0.051682692307692304
0 0.36538461538461536 0.33413461538461536 0.06129807692307692 0.07091346153846154
0 0.3641826923076923 0.4519230769230769 0.0625 0.078125
0 0.3605769230769231 0.8653846153846154 0.06370192307692307 0.07091346153846154
0 0.22716346153846154 0.9375 0.05889423076923077 0.0733173076923077
0 0.23076923076923078 0.8725961538461539 0.052884615384615384 0.06971153846153846
0 0.23317307692307693 0.8004807692307693 0.06370192307692307 0.08052884615384616
0 0.22716346153846154 0.7295673076923077 0.06370192307692307 0.078125
0 0.23317307692307693 0.6670673076923077 0.06610576923076923 0.09254807692307693
0 0.234375 0.6057692307692307 0.0673076923076923 0.08653846153846154
0 0.23557692307692307 0.5300480769230769 0.06850961538461539 0.0829326923076923
0 0.23798076923076922 0.4675480769230769 0.06370192307692307 0.0733173076923077
0 0.23798076923076922 0.39302884615384615 0.06850961538461539 0.08173076923076923
0 0.2403846153846154 0.3245192307692308 0.06610576923076923 0.07091346153846154
0 0.23798076923076922 0.2536057692307692 0.05889423076923077 0.0829326923076923
0 0.23918269230769232 0.19591346153846154 0.06370192307692307 0.07932692307692307
0 0.2439903846153846 0.1310096153846154 0.0625 0.07692307692307693
0 0.24278846153846154 0.06850961538461539 0.06490384615384616 0.06850961538461539