0 0.5372596153846154 0.5120192307692307 0.06370192307692307 0.04567307692307692
0 0.5408653846153846 0.4567307692307692 0.057692307692307696 0.05048076923076923
0 0.47475961538461536 0.4567307692307692 0.06129807692307692 0.051682692307692304
0 0.4723557692307692 0.4026442307692308 0.057692307692307696 0.05048076923076923
0 0.4675480769230769 0.6262019230769231 0.05889423076923077 0.04807692307692308
0 0.46634615384615385 0.5733173076923077 0.052884615384615384 0.046875
0 0.33413461538461536 0.45552884615384615 0.051682692307692304 0.04807692307692308
0 0.46875 0.515625 0.06009615384615385 0.04807692307692308
0 0.4639423076923077 0.34615384615384615 0.056490384615384616 0.051682692307692304
0 0.5408653846153846 0.5661057692307693 0.056490384615384616 0.046875
0 0.4699519230769231 0.6814903846153846 0.06129807692307692 0.046875
0 0.5408653846153846 0.40024038461538464 0.06490384615384616 0.04807692307692308
0 0.75 0.4735576923076923 0.06009615384615385 0.046875
0 0.7512019230769231 0.5264423076923077 0.06370192307692307 0.046875
0 0.7487980769230769 0.5817307692307693 0.04807692307692308 0.04567307692307692
0 0.7572115384615384 0.75 0.06009615384615385 0.046875
0 0.7620192307692307 0.9098557692307693 0.06009615384615385 0.051682692307692304
0 0.7632211538461539 0.8569711538461539 0.05889423076923077 0.051682692307692304
0 0.7596153846153846 0.8016826923076923 0.06370192307692307 0.05048076923076923
0 0.6935096153846154 0.7980769230769231 0.056490384615384616 0.04326923076923077
0 0.6935096153846154 0.859375 0.05889423076923077 0.046875
0 0.6862980769230769 0.9158653846153846 0.052884615384615384 0.04567307692307692
0 0.6935096153846154 0.75 0.056490384615384616 0.051682692307692304
0 0.6923076923076923 0.6935096153846154 0.06129807692307692 0.04807692307692308
0 0.7560096153846154 0.6394230769230769 0.06009615384615385 0.051682692307692304
0 0.7584134615384616 0.6947115384615384 0.06009615384615385 0.051682692307692304
0 0.6862980769230769 0.5817307692307693 0.057692307692307696 0.046875
0 0.6814903846153846 0.5288461538461539 0.055288461538461536 0.04807692307692308
0 0.9002403846153846 0.7355769230769231 0.06610576923076923 0.051682692307692304
0 0.9002403846153846 0.7908653846153846 0.06009615384615385 0.051682692307692304
0 0.9002403846153846 0.8461538461538461 0.06370192307692307 0.05048076923076923
0 0.33413461538461536 0.296875 0.056490384615384616 0.04447115384615385
0 0.32211538461538464 0.3473557692307692 0.05889423076923077 0.052884615384615384
0 0.3317307692307692 0.4050480769230769 0.06490384615384616 0.04807692307692308
0 0.33052884615384615 0.24158653846153846 0.04447115384615385 0.051682692307692304
0 0.3269230769230769 0.515625 0.05889423076923077 0.04567307692307692
0 0.32572115384615385 0.5697115384615384 0.06490384615384616 0.052884615384615384
0 0.32211538461538464 0.6274038461538461 0.06009615384615385 0.046875
0 0.3245192307692308 0.6814903846153846 0.057692307692307696 0.04807692307692308
0 0.32211538461538464 0.7391826923076923 0.056490384615384616 0.04567307692307692
0 0.5480769230769231 0.6262019230769231 0.055288461538461536 0.04567307692307692
0 0.5456730769230769 0.6814903846153846 0.057692307692307696 0.04567307692307692
0 0.5480769230769231 0.7355769230769231 0.06370192307692307 0.05048076923076923
0 0.5480769230769231 0.7956730769230769 0.06129807692307692 0.05048076923076923
0 0.5480769230769231 0.8473557692307693 0.06129807692307692 0.04807692307692308
0 0.5456730769230769 0.9038461538461539 0.056490384615384616 0.04807692307692308
0 0.4723557692307692 0.7391826923076923 0.056490384615384616 0.04326923076923077
0 0.4807692307692308 0.7980769230769231 0.056490384615384616 0.046875
0 0.4735576923076923 0.8533653846153846 0.06370192307692307 0.046875
0 0.47836538461538464 0.9038461538461539 0.052884615384615384 0.04807692307692308
0 0.8978365384615384 0.9519230769230769 0.06129807692307692 0.052884615384615384
0 0.8990384615384616 0.8954326923076923 0.057692307692307696 0.04807692307692308
0 0.20072115384615385 0.4375 0.056490384615384616 0.04567307692307692
0 0.27283653846153844 0.9038461538461539 0.028846153846153848 0.1141826923076923
0 0.2764423076923077 0.984375 0.027644230769230768 0.026442307692307692
0 0.8978365384615384 0.9855769230769231 0.06370192307692307 0.02403846153846154
0 0.7451923076923077 0.4110576923076923 0.056490384615384616 0.042067307692307696
0 0.6850961538461539 0.4723557692307692 0.04807692307692308 0.042067307692307696
0 0.6826923076923077 0.41346153846153844 0.052884615384615384 0.04447115384615385
0 0.6826923076923077 0.6394230769230769 0.057692307692307696 0.05048076923076923
0 0.6923076923076923 0.9675480769230769 0.06129807692307692 0.052884615384615384
0 0.7608173076923077 0.9615384615384616 0.06129807692307692 0.04807692307692308
0 0.4723557692307692 0.9639423076923077 0.06129807692307692 0.05048076923076923
0 0.47596153846153844 0.9927884615384616 0.06009615384615385 0.009615384615384616
0 0.5444711538461539 0.9591346153846154 0.06370192307692307 0.055288461538461536
0 0.5444711538461539 0.9915865384615384 0.051682692307692304 0.01201923076923077
0 0.3269230769230769 0.9651442307692307 0.0625 0.052884615384615384
0 0.33052884615384615 0.9110576923076923 0.055288461538461536 0.05048076923076923
0 0.33052884615384615 0.8533653846153846 0.056490384615384616 0.046875
0 0.3269230769230769 0.7956730769230769 0.06129807692307692 0.051682692307692304
0 0.5432692307692307 0.18509615384615385 0.057692307692307696 0.05048076923076923
0 0.5408653846153846 0.23798076923076922 0.06009615384615385 0.04807692307692308
0 0.5444711538461539 0.29086538461538464 0.055288461538461536 0.046875
0 0.5444711538461539 0.3449519230769231 0.055288461538461536 0.04807692307692308
0 0.4699519230769231 0.23557692307692307 0.06009615384615385 0.054086538461538464
0 0.47115384615384615 0.18389423076923078 0.06009615384615385 0.04807692307692308
0 0.4723557692307692 0.13341346153846154 0.052884615384615384 0.046875
0 0.47836538461538464 0.2920673076923077 0.05889423076923077 0.04447115384615385
0 0.33653846153846156 0.18509615384615385 0.05048076923076923 0.04567307692307692
0 0.18870192307692307 0.16105769230769232 0.056490384615384616 0.04447115384615385
0 0.19110576923076922 0.109375 0.0625 0.054086538461538464
0 0.1875 0.056490384615384616 0.06370192307692307 0.052884615384615384
0 0.18509615384615385 0.015625 0.06129807692307692 0.030048076923076924
0 0.47115384615384615 0.026442307692307692 0.0625 0.052884615384615384
0 0.4699519230769231 0.08173076923076923 0.05889423076923077 0.05048076923076923
0 0.5456730769230769 0.07932692307692307 0.05889423076923077 0.052884615384615384
0 0.546875 0.026442307692307692 0.05048076923076923 0.04807692307692308
0 0.5432692307692307 0.12860576923076922 0.06009615384615385 0.05048076923076923
0 0.6802884615384616 0.008413461538461538 0.055288461538461536 0.016826923076923076
0 0.6790865384615384 0.040865384615384616 0.057692307692307696 0.04447115384615385
0 0.6802884615384616 0.09254807692307693 0.06009615384615385 0.05048076923076923
0 0.6838942307692307 0.14903846153846154 0.05889423076923077 0.051682692307692304
0 0.6826923076923077 0.19951923076923078 0.04807692307692308 0.05048076923076923
0 0.6862980769230769 0.25240384615384615 0.0625 0.04807692307692308
0 0.6802884615384616 0.30528846153846156 0.05889423076923077 0.04447115384615385
0 0.6826923076923077 0.359375 0.06129807692307692 0.046875
0 0.7475961538461539 0.3581730769230769 0.06129807692307692 0.046875
0 0.7524038461538461 0.30528846153846156 0.0625 0.046875
0 0.7487980769230769 0.2536057692307692 0.055288461538461536 0.046875
0 0.7463942307692307 0.1971153846153846 0.055288461538461536 0.04807692307692308
0 0.7463942307692307 0.1466346153846154 0.04807692307692308 0.051682692307692304
0 0.7427884615384616 0.09615384615384616 0.056490384615384616 0.04807692307692308
0 0.7536057692307693 0.04326923076923077 0.056490384615384616 0.04567307692307692
0 0.7512019230769231 0.009615384615384616 0.055288461538461536 0.019230769230769232
0 0.8810096153846154 0.015625 0.057692307692307696 0.030048076923076924
0 0.8918269230769231 0.09975961538461539 0.06129807692307692 0.05048076923076923
0 0.8894230769230769 0.15144230769230768 0.04447115384615385 0.04447115384615385
0 0.8918269230769231 0.20192307692307693 0.06129807692307692 0.04567307692307692
0 0.8930288461538461 0.25841346153846156 0.06009615384615385 0.05048076923076923
0 0.8846153846153846 0.3088942307692308 0.0673076923076923 0.052884615384615384
0 0.8834134615384616 0.359375 0.056490384615384616 0.046875
0 0.8870192307692307 0.40865384615384615 0.05889423076923077 0.04326923076923077
0 0.890625 0.46634615384615385 0.05048076923076923 0.04567307692307692
0 0.8954326923076923 0.5204326923076923 0.0625 0.04447115384615385
0 0.9014423076923077 0.5745192307692307 0.05889423076923077 0.04567307692307692
0 0.9026442307692307 0.625 0.055288461538461536 0.04567307692307692
0 0.8990384615384616 0.6766826923076923 0.06370192307692307 0.046875