0 0.6081730769230769 0.25841346153846156 0.05889423076923077 0.05048076923076923
0 0.6081730769230769 0.3112980769230769 0.06370192307692307 0.052884615384615384
0 0.6081730769230769 0.3629807692307692 0.06129807692307692 0.05048076923076923
0 0.6081730769230769 0.4182692307692308 0.06370192307692307 0.052884615384615384
0 0.6081730769230769 0.5300480769230769 0.05889423076923077 0.05048076923076923
0 0.46634615384615385 0.6454326923076923 0.06129807692307692 0.052884615384615384
0 0.4699519230769231 0.5901442307692307 0.05048076923076923 0.05048076923076923
0 0.4651442307692308 0.5372596153846154 0.06129807692307692 0.05048076923076923
0 0.46153846153846156 0.47836538461538464 0.06370192307692307 0.04807692307692308
0 0.4639423076923077 0.4206730769230769 0.0625 0.04807692307692308
0 0.46153846153846156 0.36778846153846156 0.057692307692307696 0.052884615384615384
0 0.3918269230769231 0.5889423076923077 0.06370192307692307 0.052884615384615384
0 0.6394230769230769 0.9362980769230769 0.05889423076923077 0.052884615384615384
0 0.6442307692307693 0.9819711538461539 0.055288461538461536 0.03245192307692308
0 0.5108173076923077 0.890625 0.051682692307692304 0.051682692307692304
0 0.46875 0.8401442307692307 0.06370192307692307 0.051682692307692304
0 0.30288461538461536 0.9903846153846154 0.057692307692307696 0.015625
0 0.23557692307692307 0.9915865384615384 0.06370192307692307 0.014423076923076924
0 0.44350961538461536 0.9903846153846154 0.06009615384615385 0.016826923076923076
0 0.2644230769230769 0.8449519230769231 0.05889423076923077 0.05048076923076923
0 0.4579326923076923 0.3112980769230769 0.06129807692307692 0.054086538461538464
0 0.45552884615384615 0.25600961538461536 0.056490384615384616 0.051682692307692304
0 0.45552884615384615 0.203125 0.05889423076923077 0.052884615384615384
0 0.46153846153846156 0.09735576923076923 0.06009615384615385 0.052884615384615384
0 0.5997596153846154 0.1502403846153846 0.057692307692307696 0.04807692307692308
0 0.6009615384615384 0.20793269230769232 0.06009615384615385 0.05048076923076923
0 0.5985576923076923 0.09615384615384616 0.06009615384615385 0.05048076923076923
0 0.6105769230769231 0.47836538461538464 0.06009615384615385 0.046875
0 0.8100961538461539 0.06009615384615385 0.056490384615384616 0.051682692307692304
0 0.8149038461538461 0.1141826923076923 0.057692307692307696 0.05048076923076923
0 0.8185096153846154 0.16346153846153846 0.056490384615384616 0.046875
0 0.8173076923076923 0.2127403846153846 0.04567307692307692 0.04807692307692308
0 0.8197115384615384 0.265625 0.06129807692307692 0.05048076923076923
0 0.8209134615384616 0.3161057692307692 0.06129807692307692 0.05048076923076923
0 0.8269230769230769 0.6346153846153846 0.057692307692307696 0.04447115384615385
0 0.8257211538461539 0.5300480769230769 0.056490384615384616 0.04807692307692308
0 0.8161057692307693 0.47596153846153844 0.055288461538461536 0.052884615384615384
0 0.8185096153846154 0.4206730769230769 0.056490384615384616 0.051682692307692304
0 0.8173076923076923 0.36778846153846156 0.057692307692307696 0.04807692307692308
0 0.5096153846153846 0.9903846153846154 0.0625 0.016826923076923076
0 0.6466346153846154 0.8834134615384616 0.06129807692307692 0.052884615384615384
0 0.6935096153846154 0.8846153846153846 0.026442307692307692 0.10697115384615384
0 0.7235576923076923 0.8822115384615384 0.028846153846153848 0.09254807692307693
0 0.5997596153846154 0.04807692307692308 0.052884615384615384 0.04447115384615385
0 0.6646634615384616 0.052884615384615384 0.055288461538461536 0.04447115384615385
0 0.6694711538461539 0.1045673076923077 0.056490384615384616 0.051682692307692304
0 0.6682692307692307 0.2091346153846154 0.04927884615384615 0.046875
0 0.6706730769230769 0.15865384615384615 0.052884615384615384 0.05048076923076923
0 0.6730769230769231 0.2608173076923077 0.057692307692307696 0.04326923076923077
0 0.6694711538461539 0.3112980769230769 0.04807692307692308 0.04807692307692308
0 0.6754807692307693 0.36538461538461536 0.0625 0.05048076923076923
0 0.6778846153846154 0.421875 0.055288461538461536 0.046875
0 0.6790865384615384 0.47596153846153844 0.06129807692307692 0.046875
0 0.6790865384615384 0.5288461538461539 0.056490384615384616 0.04807692307692308
0 0.6778846153846154 0.5877403846153846 0.05889423076923077 0.04807692307692308
0 0.6081730769230769 0.5913461538461539 0.05889423076923077 0.046875
0 0.6802884615384616 0.6454326923076923 0.05889423076923077 0.05048076923076923
0 0.6153846153846154 0.6490384615384616 0.05889423076923077 0.04807692307692308
0 0.3870192307692308 0.04567307692307692 0.055288461538461536 0.04807692307692308
0 0.45552884615384615 0.04567307692307692 0.06009615384615385 0.046875
0 0.46033653846153844 0.15144230769230768 0.057692307692307696 0.046875
0 0.38341346153846156 0.6430288461538461 0.06129807692307692 0.054086538461538464
0 0.8269230769230769 0.5865384615384616 0.06490384615384616 0.046875
0 0.8233173076923077 0.6899038461538461 0.055288461538461536 0.05048076923076923
0 0.8245192307692307 0.7427884615384616 0.055288461538461536 0.05048076923076923
0 0.8221153846153846 0.7956730769230769 0.056490384615384616 0.051682692307692304
0 0.7536057692307693 0.8858173076923077 0.026442307692307692 0.09254807692307693
0 0.78125 0.8930288461538461 0.027644230769230768 0.10336538461538461
0 0.44350961538461536 0.8966346153846154 0.06009615384615385 0.05048076923076923
0 0.4387019230769231 0.9543269230769231 0.054086538461538464 0.05048076923076923
0 0.5036057692307693 0.953125 0.0625 0.055288461538461536
0 0.23197115384615385 0.8966346153846154 0.057692307692307696 0.051682692307692304
0 0.23677884615384615 0.953125 0.054086538461538464 0.04807692307692308
0 0.3016826923076923 0.9495192307692307 0.06129807692307692 0.05048076923076923
0 0.296875 0.8954326923076923 0.05889423076923077 0.052884615384615384
0 0.04447115384615385 0.055288461538461536 0.036057692307692304 0.109375
0 0.04567307692307692 0.17668269230769232 0.03485576923076923 0.11057692307692307
0 0.04447115384615385 0.30649038461538464 0.03245192307692308 0.09735576923076923
0 0.040865384615384616 0.4254807692307692 0.03485576923076923 0.09735576923076923
0 0.38461538461538464 0.010817307692307692 0.052884615384615384 0.021634615384615384
0 0.4567307692307692 0.009615384615384616 0.056490384615384616 0.019230769230769232
0 0.8100961538461539 0.015625 0.057692307692307696 0.030048076923076924
0 0.6646634615384616 0.013221153846153846 0.06009615384615385 0.026442307692307692
0 0.5985576923076923 0.01201923076923077 0.057692307692307696 0.02403846153846154
0 0.39663461538461536 0.5324519230769231 0.05889423076923077 0.04567307692307692
0 0.390625 0.4807692307692308 0.06370192307692307 0.051682692307692304
0 0.390625 0.4230769230769231 0.06129807692307692 0.05048076923076923
0 0.3918269230769231 0.36658653846153844 0.06370192307692307 0.051682692307692304
0 0.3894230769230769 0.3137019230769231 0.052884615384615384 0.04567307692307692
0 0.38341346153846156 0.25721153846153844 0.056490384615384616 0.051682692307692304
0 0.38461538461538464 0.203125 0.0625 0.051682692307692304
0 0.3870192307692308 0.15264423076923078 0.056490384615384616 0.04807692307692308
0 0.38822115384615385 0.0985576923076923 0.05889423076923077 0.054086538461538464
0 0.24879807692307693 0.009615384615384616 0.06370192307692307 0.018028846153846152
0 0.17908653846153846 0.010817307692307692 0.05889423076923077 0.021634615384615384
0 0.17548076923076922 0.04807692307692308 0.056490384615384616 0.05048076923076923
0 0.24639423076923078 0.04326923076923077 0.056490384615384616 0.051682692307692304
0 0.24519230769230768 0.09615384615384616 0.056490384615384616 0.056490384615384616
0 0.17668269230769232 0.10096153846153846 0.056490384615384616 0.05048076923076923
0 0.17427884615384615 0.15144230769230768 0.06129807692307692 0.051682692307692304
0 0.23677884615384615 0.14903846153846154 0.055288461538461536 0.046875
0 0.2439903846153846 0.19951923076923078 0.06610576923076923 0.055288461538461536
0 0.17067307692307693 0.20552884615384615 0.055288461538461536 0.04567307692307692
0 0.24278846153846154 0.25961538461538464 0.06009615384615385 0.055288461538461536
0 0.17427884615384615 0.25721153846153844 0.056490384615384616 0.051682692307692304
0 0.2439903846153846 0.3137019230769231 0.05889423076923077 0.046875
0 0.2439903846153846 0.3641826923076923 0.054086538461538464 0.04447115384615385
0 0.17307692307692307 0.31490384615384615 0.057692307692307696 0.052884615384615384
0 0.17548076923076922 0.36778846153846156 0.05889423076923077 0.04567307692307692
0 0.2439903846153846 0.4206730769230769 0.054086538461538464 0.04807692307692308
0 0.24639423076923078 0.4735576923076923 0.06129807692307692 0.04807692307692308
0 0.16947115384615385 0.421875 0.055288461538461536 0.04807692307692308
0 0.17067307692307693 0.47596153846153844 0.06129807692307692 0.051682692307692304
0 0.23798076923076922 0.5300480769230769 0.0625 0.05048076923076923
0 0.17307692307692307 0.5300480769230769 0.06129807692307692 0.04807692307692308
0 0.17908653846153846 0.5889423076923077 0.06129807692307692 0.05048076923076923
0 0.24759615384615385 0.5865384615384616 0.06490384615384616 0.05048076923076923
0 0.17908653846153846 0.6454326923076923 0.06129807692307692 0.04807692307692308