0 0.5817307692307693 0.21754807692307693 0.03485576923076923 0.13701923076923078
0 0.5372596153846154 0.20673076923076922 0.03485576923076923 0.12860576923076922
0 0.49759615384615385 0.19471153846153846 0.036057692307692304 0.140625
0 0.4567307692307692 0.20192307692307693 0.03365384615384615 0.1466346153846154
0 0.4807692307692308 0.5168269230769231 0.05048076923076923 0.13942307692307693
0 0.4326923076923077 0.5060096153846154 0.05048076923076923 0.15144230769230768
0 0.3942307692307692 0.5084134615384616 0.04807692307692308 0.13341346153846154
0 0.35216346153846156 0.5216346153846154 0.046875 0.1346153846153846
0 0.3737980769230769 0.20793269230769232 0.03485576923076923 0.125
0 0.41346153846153844 0.21394230769230768 0.03485576923076923 0.13942307692307693
0 0.7391826923076923 0.8040865384615384 0.04567307692307692 0.125
0 0.6947115384615384 0.7836538461538461 0.04807692307692308 0.11899038461538461
0 0.6550480769230769 0.7788461538461539 0.051682692307692304 0.1346153846153846
0 0.6021634615384616 0.8149038461538461 0.06129807692307692 0.14903846153846154
0 0.5564903846153846 0.8052884615384616 0.05048076923076923 0.12379807692307693
0 0.5120192307692307 0.7980769230769231 0.05889423076923077 0.140625
0 0.4579326923076923 0.8052884615384616 0.055288461538461536 0.15144230769230768
0 0.41346153846153844 0.7932692307692307 0.051682692307692304 0.12139423076923077
0 0.3629807692307692 0.7980769230769231 0.052884615384615384 0.1310096153846154
0 0.3245192307692308 0.7788461538461539 0.056490384615384616 0.140625
0 0.27403846153846156 0.7884615384615384 0.056490384615384616 0.13581730769230768
0 0.2283653846153846 0.7848557692307693 0.054086538461538464 0.13221153846153846
0 0.13341346153846154 0.7800480769230769 0.05048076923076923 0.125
0 0.09254807692307693 0.7752403846153846 0.06370192307692307 0.15144230769230768
0 0.3112980769230769 0.5324519230769231 0.04927884615384615 0.1310096153846154
0 0.22716346153846154 0.5144230769230769 0.052884615384615384 0.140625
0 0.18870192307692307 0.5180288461538461 0.04927884615384615 0.12620192307692307
0 0.028846153846153848 0.5120192307692307 0.056490384615384616 0.13221153846153846
0 0.33413461538461536 0.21394230769230768 0.03245192307692308 0.10576923076923077
0 0.29086538461538464 0.20552884615384615 0.03485576923076923 0.1346153846153846
0 0.25240384615384615 0.19951923076923078 0.036057692307692304 0.13701923076923078
0 0.2127403846153846 0.20793269230769232 0.03365384615384615 0.12259615384615384
0 0.17427884615384615 0.19951923076923078 0.03485576923076923 0.12740384615384615
0 0.1346153846153846 0.20192307692307693 0.03485576923076923 0.08052884615384616
0 0.09495192307692307 0.19951923076923078 0.037259615384615384 0.12860576923076922
0 0.055288461538461536 0.19831730769230768 0.039663461538461536 0.12860576923076922
0 0.018028846153846152 0.21754807692307693 0.036057692307692304 0.13942307692307693
0 0.6766826923076923 0.019230769230769232 0.08173076923076923 0.038461538461538464
0 0.6466346153846154 0.39903846153846156 0.03485576923076923 0.14302884615384615