0 0.1935096153846154 0.18389423076923078 0.05048076923076923 0.042067307692307696
0 0.24278846153846154 0.18629807692307693 0.05048076923076923 0.04447115384615385
0 0.36177884615384615 0.1814903846153846 0.056490384615384616 0.040865384615384616
0 0.42908653846153844 0.18028846153846154 0.052884615384615384 0.040865384615384616
0 0.4879807692307692 0.18389423076923078 0.04807692307692308 0.04567307692307692
0 0.5793269230769231 0.18870192307692307 0.05048076923076923 0.04326923076923077
0 0.8581730769230769 0.21394230769230768 0.05048076923076923 0.046875
0 0.9807692307692307 0.21514423076923078 0.03245192307692308 0.04567307692307692
0 0.9867788461538461 0.4206730769230769 0.021634615384615384 0.06610576923076923
0 0.9651442307692307 0.41225961538461536 0.025240384615384616 0.08413461538461539
0 0.9411057692307693 0.4110576923076923 0.026442307692307692 0.09134615384615384
0 0.9170673076923077 0.41225961538461536 0.02403846153846154 0.08173076923076923
0 0.8918269230769231 0.40865384615384615 0.02283653846153846 0.0829326923076923
0 0.8689903846153846 0.4074519230769231 0.02403846153846154 0.054086538461538464
0 0.8449519230769231 0.40384615384615385 0.02403846153846154 0.08413461538461539
0 0.8209134615384616 0.4050480769230769 0.02283653846153846 0.08413461538461539
0 0.7980769230769231 0.4170673076923077 0.02283653846153846 0.09134615384615384
0 0.7716346153846154 0.4050480769230769 0.021634615384615384 0.0985576923076923
0 0.7475961538461539 0.4074519230769231 0.02403846153846154 0.0829326923076923
0 0.7259615384615384 0.4050480769230769 0.021634615384615384 0.08774038461538461
0 0.7019230769230769 0.41225961538461536 0.028846153846153848 0.10096153846153846
0 0.671875 0.4050480769230769 0.02283653846153846 0.09014423076923077
0 0.6478365384615384 0.40024038461538464 0.02403846153846154 0.0889423076923077
0 0.6213942307692307 0.39663461538461536 0.02403846153846154 0.09134615384615384
0 0.5949519230769231 0.40865384615384615 0.02283653846153846 0.09254807692307693
0 0.5697115384615384 0.3942307692307692 0.02403846153846154 0.09615384615384616
0 0.5456730769230769 0.39663461538461536 0.021634615384615384 0.09134615384615384
0 0.5180288461538461 0.39663461538461536 0.02403846153846154 0.09615384615384616
0 0.49278846153846156 0.39903846153846156 0.025240384615384616 0.09615384615384616
0 0.4639423076923077 0.39302884615384615 0.02403846153846154 0.0985576923076923
0 0.4387019230769231 0.40024038461538464 0.02403846153846154 0.09735576923076923
0 0.4098557692307692 0.3918269230769231 0.02403846153846154 0.09014423076923077
0 0.38100961538461536 0.38461538461538464 0.02283653846153846 0.08173076923076923
0 0.3545673076923077 0.3942307692307692 0.025240384615384616 0.09615384615384616
0 0.32211538461538464 0.40024038461538464 0.025240384615384616 0.09014423076923077
0 0.32211538461538464 0.4987980769230769 0.025240384615384616 0.09735576923076923
0 0.3641826923076923 0.5913461538461539 0.027644230769230768 0.08052884615384616
0 0.390625 0.6009615384615384 0.030048076923076924 0.0889423076923077
0 0.41586538461538464 0.5901442307692307 0.028846153846153848 0.07932692307692307
0 0.5252403846153846 0.5925480769230769 0.03125 0.09014423076923077
0 0.5504807692307693 0.5973557692307693 0.03125 0.09134615384615384
0 0.5733173076923077 0.5949519230769231 0.03365384615384615 0.08653846153846154
0 0.6045673076923077 0.5961538461538461 0.03125 0.08774038461538461
0 0.7307692307692307 0.5985576923076923 0.03245192307692308 0.08653846153846154
0 0.7800480769230769 0.5985576923076923 0.03245192307692308 0.09134615384615384
0 0.8064903846153846 0.6033653846153846 0.028846153846153848 0.08173076923076923
0 0.9038461538461539 0.6057692307692307 0.03245192307692308 0.07932692307692307
0 0.9290865384615384 0.6045673076923077 0.03245192307692308 0.08774038461538461
0 0.9759615384615384 0.6141826923076923 0.03365384615384615 0.07692307692307693
0 0.9915865384615384 0.5997596153846154 0.01201923076923077 0.06971153846153846
0 0.9831730769230769 0.7644230769230769 0.028846153846153848 0.08653846153846154
0 0.9567307692307693 0.7704326923076923 0.03485576923076923 0.09014423076923077
0 0.9290865384615384 0.7716346153846154 0.040865384615384616 0.08774038461538461
0 0.8701923076923077 0.7704326923076923 0.03485576923076923 0.07932692307692307
0 0.8485576923076923 0.7608173076923077 0.042067307692307696 0.0889423076923077
0 0.7019230769230769 0.7692307692307693 0.037259615384615384 0.08173076923076923
0 0.6418269230769231 0.7692307692307693 0.037259615384615384 0.09254807692307693
0 0.6141826923076923 0.7704326923076923 0.03485576923076923 0.08173076923076923
0 0.5252403846153846 0.7740384615384616 0.037259615384615384 0.10576923076923077
0 0.49038461538461536 0.7764423076923077 0.030048076923076924 0.08413461538461539
0 0.46274038461538464 0.7752403846153846 0.03125 0.08173076923076923
0 0.43028846153846156 0.7776442307692307 0.03365384615384615 0.09014423076923077
0 0.3713942307692308 0.7776442307692307 0.03485576923076923 0.0889423076923077
0 0.34375 0.7692307692307693 0.030048076923076924 0.10336538461538461
0 0.3137019230769231 0.7716346153846154 0.03245192307692308 0.07932692307692307
0 0.28846153846153844 0.765625 0.03125 0.08653846153846154
0 0.2620192307692308 0.7524038461538461 0.03365384615384615 0.08413461538461539
0 0.8016826923076923 0.2091346153846154 0.04567307692307692 0.04447115384615385