0 0.42788461538461536 0.23197115384615385 0.052884615384615384 0.09254807692307693
0 0.5480769230769231 0.5372596153846154 0.04447115384615385 0.08413461538461539
0 0.5300480769230769 0.5805288461538461 0.05048076923076923 0.08774038461538461
0 0.5997596153846154 0.46153846153846156 0.04807692307692308 0.0889423076923077
0 0.3737980769230769 0.12740384615384615 0.051682692307692304 0.09735576923076923
0 0.4050480769230769 0.26802884615384615 0.05048076923076923 0.09735576923076923
0 0.45913461538461536 0.5336538461538461 0.052884615384615384 0.09254807692307693
0 0.5120192307692307 0.625 0.055288461538461536 0.09615384615384616
0 0.47475961538461536 0.4831730769230769 0.05048076923076923 0.0889423076923077
0 0.4963942307692308 0.4375 0.05048076923076923 0.09254807692307693
0 0.5745192307692307 0.4963942307692308 0.05048076923076923 0.09014423076923077
0 0.6382211538461539 0.7704326923076923 0.04927884615384615 0.09014423076923077
0 0.34975961538461536 0.16706730769230768 0.05048076923076923 0.09254807692307693
0 0.3269230769230769 0.20793269230769232 0.051682692307692304 0.0985576923076923
0 0.38100961538461536 0.30408653846153844 0.054086538461538464 0.09254807692307693
0 0.30649038461538464 0.2512019230769231 0.05048076923076923 0.09254807692307693
0 0.2848557692307692 0.2956730769230769 0.052884615384615384 0.09615384615384616
0 0.33653846153846156 0.3870192307692308 0.052884615384615384 0.09615384615384616
0 0.3125 0.421875 0.04807692307692308 0.09495192307692307
0 0.25961538461538464 0.3329326923076923 0.04567307692307692 0.09134615384615384
0 0.23798076923076922 0.3713942307692308 0.046875 0.0889423076923077
0 0.28725961538461536 0.4567307692307692 0.05048076923076923 0.09495192307692307
0 0.21394230769230768 0.40384615384615385 0.04567307692307692 0.08052884615384616
0 0.1935096153846154 0.4483173076923077 0.055288461538461536 0.09975961538461539
0 0.2403846153846154 0.5336538461538461 0.05048076923076923 0.0889423076923077
0 0.19951923076923078 0.6141826923076923 0.051682692307692304 0.09254807692307693
0 0.43990384615384615 0.5769230769230769 0.052884615384615384 0.0985576923076923
0 0.41466346153846156 0.609375 0.046875 0.08173076923076923
0 0.4879807692307692 0.6610576923076923 0.04927884615384615 0.0829326923076923
0 0.46634615384615385 0.7019230769230769 0.052884615384615384 0.09615384615384616
0 0.4411057692307692 0.7379807692307693 0.05048076923076923 0.09134615384615384
0 0.390625 0.6454326923076923 0.055288461538461536 0.1045673076923077
0 0.375 0.7043269230769231 0.051682692307692304 0.09495192307692307
0 0.4230769230769231 0.7800480769230769 0.054086538461538464 0.09134615384615384
0 0.39903846153846156 0.8209134615384616 0.04567307692307692 0.08173076923076923
0 0.35096153846153844 0.734375 0.04807692307692308 0.09615384615384616
0 0.3317307692307692 0.7776442307692307 0.054086538461538464 0.09735576923076923
0 0.30288461538461536 0.8149038461538461 0.04567307692307692 0.08413461538461539
0 0.2800480769230769 0.8533653846153846 0.05048076923076923 0.09735576923076923
0 0.16826923076923078 0.47836538461538464 0.04567307692307692 0.08413461538461539
0 0.1502403846153846 0.5276442307692307 0.051682692307692304 0.09014423076923077
0 0.22115384615384615 0.5793269230769231 0.052884615384615384 0.09615384615384616
0 0.59375 0.8449519230769231 0.055288461538461536 0.09735576923076923
0 0.38221153846153844 0.8665865384615384 0.055288461538461536 0.10336538461538461
0 0.6141826923076923 0.7956730769230769 0.052884615384615384 0.09495192307692307
0 0.5697115384615384 0.8834134615384616 0.04927884615384615 0.08774038461538461
0 0.3581730769230769 0.9002403846153846 0.05048076923076923 0.08413461538461539
0 0.25961538461538464 0.8894230769230769 0.052884615384615384 0.09615384615384616
0 0.12860576923076922 0.5697115384615384 0.046875 0.0829326923076923
0 0.15985576923076922 0.703125 0.054086538461538464 0.09615384615384616
0 0.13701923076923078 0.7439903846153846 0.056490384615384616 0.09254807692307693
0 0.11538461538461539 0.7836538461538461 0.052884615384615384 0.08653846153846154
0 0.09735576923076923 0.8209134615384616 0.051682692307692304 0.09254807692307693
0 0.06850961538461539 0.8533653846153846 0.052884615384615384 0.09134615384615384
0 0.06610576923076923 0.6911057692307693 0.052884615384615384 0.0889423076923077
0 0.09014423076923077 0.6550480769230769 0.052884615384615384 0.09134615384615384
0 0.11298076923076923 0.6141826923076923 0.054086538461538464 0.09014423076923077
0 0.18028846153846154 0.6538461538461539 0.046875 0.09254807692307693
0 0.26322115384615385 0.4963942307692308 0.05048076923076923 0.09014423076923077
0 0.359375 0.35336538461538464 0.055288461538461536 0.10096153846153846
0 0.44711538461538464 0.18629807692307693 0.055288461538461536 0.09014423076923077
0 0.39903846153846156 0.09735576923076923 0.05048076923076923 0.09495192307692307
0 0.5432692307692307 0.36538461538461536 0.054086538461538464 0.09735576923076923
0 0.5216346153846154 0.40384615384615385 0.055288461538461536 0.10096153846153846
0 0.04326923076923077 0.734375 0.055288461538461536 0.09495192307692307
0 0.025240384615384616 0.7716346153846154 0.05048076923076923 0.10096153846153846
0 0.008413461538461538 0.8197115384615384 0.016826923076923076 0.07211538461538461
0 0.052884615384615384 0.9038461538461539 0.06610576923076923 0.11538461538461539
0 0.027644230769230768 0.9459134615384616 0.055288461538461536 0.09975961538461539
0 0.3161057692307692 0.5889423076923077 0.052884615384615384 0.08653846153846154
0 0.027644230769230768 0.43990384615384615 0.055288461538461536 0.0985576923076923
0 0.08052884615384616 0.33653846153846156 0.05889423076923077 0.09615384615384616
0 0.13701923076923078 0.24639423076923078 0.056490384615384616 0.09254807692307693
0 0.19230769230769232 0.14302884615384615 0.05889423076923077 0.09735576923076923
0 0.24639423076923078 0.055288461538461536 0.055288461538461536 0.09735576923076923
0 0.47475961538461536 0.07451923076923077 0.052884615384615384 0.10096153846153846
0 0.5384615384615384 0.042067307692307696 0.052884615384615384 0.0829326923076923
0 0.6442307692307693 0.20552884615384615 0.054086538461538464 0.09615384615384616
0 0.6935096153846154 0.29447115384615385 0.054086538461538464 0.0985576923076923
0 0.6862980769230769 0.3737980769230769 0.04807692307692308 0.08413461538461539
0 0.7175480769230769 0.2644230769230769 0.04807692307692308 0.09014423076923077
0 0.6634615384615384 0.16706730769230768 0.051682692307692304 0.0889423076923077
0 0.6838942307692307 0.1310096153846154 0.04927884615384615 0.08653846153846154
0 0.5625 0.014423076923076924 0.039663461538461536 0.028846153846153848
0 0.7055288461538461 0.09615384615384616 0.051682692307692304 0.0829326923076923
0 0.7536057692307693 0.18389423076923078 0.04567307692307692 0.08774038461538461
0 0.8161057692307693 0.25841346153846156 0.051682692307692304 0.056490384615384616
0 0.7776442307692307 0.1502403846153846 0.04567307692307692 0.0829326923076923
0 0.7932692307692307 0.11057692307692307 0.051682692307692304 0.0889423076923077
0 0.7271634615384616 0.06370192307692307 0.052884615384615384 0.09014423076923077
0 0.7427884615384616 0.036057692307692304 0.051682692307692304 0.07211538461538461
0 0.7692307692307693 0.016826923076923076 0.03485576923076923 0.03365384615384615
0 0.8112980769230769 0.07091346153846154 0.05048076923076923 0.09014423076923077
0 0.8293269230769231 0.036057692307692304 0.052884615384615384 0.07211538461538461
0 0.8545673076923077 0.02283653846153846 0.040865384615384616 0.04567307692307692
0 0.9831730769230769 0.0733173076923077 0.030048076923076924 0.07451923076923077
0 0.703125 0.6442307692307693 0.052884615384615384 0.0889423076923077
0 0.75 0.7307692307692307 0.04447115384615385 0.09014423076923077
0 0.7283653846153846 0.7668269230769231 0.04807692307692308 0.09014423076923077
0 0.6634615384615384 0.7307692307692307 0.052884615384615384 0.09975961538461539
0 0.6826923076923077 0.6899038461538461 0.055288461538461536 0.09495192307692307
0 0.7091346153846154 0.8137019230769231 0.051682692307692304 0.09014423076923077
0 0.6814903846153846 0.8461538461538461 0.04927884615384615 0.09134615384615384
0 0.6634615384615384 0.8894230769230769 0.04927884615384615 0.0889423076923077
0 0.6442307692307693 0.9254807692307693 0.04807692307692308 0.0889423076923077
0 0.5504807692307693 0.9314903846153846 0.04567307692307692 0.0829326923076923
0 0.5925480769230769 0.9819711538461539 0.040865384615384616 0.03245192307692308
0 0.5288461538461539 0.9579326923076923 0.051682692307692304 0.07932692307692307
0 0.5012019230769231 0.9795673076923077 0.037259615384615384 0.038461538461538464
0 0.7764423076923077 0.9927884615384616 0.019230769230769232 0.009615384615384616
0 0.8040865384615384 0.9783653846153846 0.038461538461538464 0.042067307692307696
0 0.828125 0.9555288461538461 0.05048076923076923 0.08413461538461539
0 0.8497596153846154 0.9182692307692307 0.046875 0.0829326923076923
0 0.33413461538461536 0.9375 0.046875 0.08052884615384616
0 0.31490384615384615 0.9639423076923077 0.052884615384615384 0.06850961538461539
0 0.2824519230769231 0.984375 0.03365384615384615 0.026442307692307692
0 0.2403846153846154 0.9290865384615384 0.046875 0.09014423076923077
0 0.21995192307692307 0.9627403846153846 0.052884615384615384 0.07091346153846154
0 0.18870192307692307 0.9819711538461539 0.037259615384615384 0.03245192307692308
0 0.7884615384615384 0.4795673076923077 0.04567307692307692 0.08413461538461539
0 0.8125 0.44471153846153844 0.051682692307692304 0.09014423076923077
0 0.8329326923076923 0.5625 0.056490384615384616 0.09735576923076923
0 0.8557692307692307 0.5252403846153846 0.055288461538461536 0.09254807692307693
0 0.8713942307692307 0.48197115384615385 0.04927884615384615 0.09014423076923077
0 0.8966346153846154 0.45552884615384615 0.055288461538461536 0.08774038461538461
0 0.8497596153846154 0.3713942307692308 0.055288461538461536 0.09014423076923077
0 0.8677884615384616 0.33052884615384615 0.055288461538461536 0.08774038461538461
0 0.8822115384615384 0.28725961538461536 0.05048076923076923 0.0889423076923077
0 0.9038461538461539 0.25240384615384615 0.04927884615384615 0.09134615384615384
0 0.9206730769230769 0.21754807692307693 0.054086538461538464 0.09495192307692307
0 0.9411057692307693 0.17548076923076922 0.04807692307692308 0.07932692307692307
0 0.9855769230769231 0.2668269230769231 0.027644230769230768 0.09014423076923077
0 0.9675480769230769 0.3016826923076923 0.04447115384615385 0.08774038461538461
0 0.9507211538461539 0.34134615384615385 0.04807692307692308 0.09254807692307693
0 0.9314903846153846 0.375 0.05048076923076923 0.09014423076923077
0 0.9146634615384616 0.41225961538461536 0.04807692307692308 0.08774038461538461
0 0.9927884615384616 0.5721153846153846 0.01201923076923077 0.052884615384615384
0 0.984375 0.625 0.028846153846153848 0.08774038461538461
0 0.9723557692307693 0.6622596153846154 0.052884615384615384 0.0889423076923077
0 0.9567307692307693 0.6983173076923077 0.052884615384615384 0.08653846153846154
0 0.9399038461538461 0.7415865384615384 0.055288461538461536 0.0829326923076923
0 0.9182692307692307 0.7788461538461539 0.056490384615384616 0.09134615384615384
0 0.9014423076923077 0.8233173076923077 0.04807692307692308 0.08774038461538461