0 0.5769230769230769 0.23197115384615385 0.028846153846153848 0.11298076923076923
0 0.5769230769230769 0.36538461538461536 0.027644230769230768 0.11057692307692307
0 0.5697115384615384 0.546875 0.030048076923076924 0.1045673076923077
0 0.5637019230769231 0.6862980769230769 0.02403846153846154 0.09615384615384616
0 0.5673076923076923 0.7944711538461539 0.030048076923076924 0.10576923076923077
0 0.41466346153846156 0.5540865384615384 0.0625 0.052884615384615384
0 0.4266826923076923 0.6177884615384616 0.056490384615384616 0.052884615384615384
0 0.42788461538461536 0.6730769230769231 0.05889423076923077 0.051682692307692304
0 0.4182692307692308 0.7295673076923077 0.06009615384615385 0.04807692307692308
0 0.41225961538461536 0.7860576923076923 0.054086538461538464 0.056490384615384616
0 0.4074519230769231 0.8425480769230769 0.057692307692307696 0.054086538461538464
0 0.41225961538461536 0.8990384615384616 0.056490384615384616 0.04807692307692308
0 0.4230769230769231 0.9555288461538461 0.046875 0.04326923076923077
0 0.4182692307692308 0.9891826923076923 0.054086538461538464 0.018028846153846152
0 0.35096153846153844 0.4795673076923077 0.05889423076923077 0.052884615384615384
0 0.2620192307692308 0.27524038461538464 0.06610576923076923 0.054086538461538464
0 0.17307692307692307 0.3245192307692308 0.06009615384615385 0.06850961538461539
0 0.17548076923076922 0.38461538461538464 0.06009615384615385 0.07091346153846154
0 0.171875 0.4495192307692308 0.057692307692307696 0.07211538461538461
0 0.1622596153846154 0.5060096153846154 0.06610576923076923 0.07692307692307693
0 0.16466346153846154 0.5745192307692307 0.05889423076923077 0.07211538461538461
0 0.16105769230769232 0.6358173076923077 0.06370192307692307 0.06850961538461539
0 0.16346153846153846 0.7043269230769231 0.055288461538461536 0.06490384615384616
0 0.1622596153846154 0.765625 0.06610576923076923 0.07091346153846154
0 0.15745192307692307 0.8305288461538461 0.06370192307692307 0.07451923076923077
0 0.16105769230769232 0.8942307692307693 0.06129807692307692 0.078125
0 0.15745192307692307 0.9555288461538461 0.06129807692307692 0.07451923076923077
0 0.2800480769230769 0.953125 0.056490384615384616 0.06490384615384616
0 0.28365384615384615 0.7872596153846154 0.05889423076923077 0.0625
0 0.25600961538461536 0.734375 0.06490384615384616 0.055288461538461536
0 0.2920673076923077 0.6682692307692307 0.054086538461538464 0.0625
0 0.2956730769230769 0.6033653846153846 0.06009615384615385 0.0625