0 0.7908653846153846 0.7908653846153846 0.09254807692307693 0.09254807692307693
0 0.8161057692307693 0.7235576923076923 0.07451923076923077 0.09134615384615384
0 0.8076923076923077 0.6213942307692307 0.08052884615384616 0.1141826923076923
0 0.8076923076923077 0.5408653846153846 0.055288461538461536 0.08173076923076923
0 0.7956730769230769 0.43990384615384615 0.06490384615384616 0.09615384615384616
0 0.7740384615384616 0.3389423076923077 0.08413461538461539 0.1141826923076923
0 0.7620192307692307 0.234375 0.078125 0.12139423076923077
0 0.7680288461538461 0.1502403846153846 0.06850961538461539 0.09975961538461539
0 0.7632211538461539 0.056490384615384616 0.078125 0.11298076923076923
0 0.6346153846153846 0.6129807692307693 0.07932692307692307 0.06370192307692307
0 0.6213942307692307 0.4699519230769231 0.08173076923076923 0.06971153846153846
0 0.6189903846153846 0.31971153846153844 0.08653846153846154 0.06610576923076923
0 0.6177884615384616 0.24879807692307693 0.09014423076923077 0.06971153846153846
0 0.6129807692307693 0.171875 0.08413461538461539 0.07211538461538461
0 0.6105769230769231 0.09735576923076923 0.08413461538461539 0.07211538461538461
0 0.6129807692307693 0.036057692307692304 0.08653846153846154 0.07211538461538461
0 0.42427884615384615 0.11538461538461539 0.07451923076923077 0.06490384615384616
0 0.4230769230769231 0.1875 0.0889423076923077 0.06610576923076923
0 0.43028846153846156 0.2608173076923077 0.06610576923076923 0.052884615384615384
0 0.43149038461538464 0.3317307692307692 0.07692307692307693 0.06971153846153846
0 0.4362980769230769 0.4110576923076923 0.08653846153846154 0.06490384615384616
0 0.4387019230769231 0.5564903846153846 0.08533653846153846 0.06971153846153846
0 0.38822115384615385 0.6334134615384616 0.078125 0.06129807692307692
0 0.35096153846153844 0.5625 0.0889423076923077 0.06129807692307692
0 0.16947115384615385 0.5745192307692307 0.09975961538461539 0.06610576923076923
0 0.15264423076923078 0.6442307692307693 0.08653846153846154 0.0625
0 0.08774038461538461 0.5096153846153846 0.0889423076923077 0.06850961538461539
0 0.16826923076923078 0.3581730769230769 0.08653846153846154 0.06370192307692307
0 0.3485576923076923 0.41586538461538464 0.08774038461538461 0.06610576923076923
0 0.3425480769230769 0.3425480769230769 0.08533653846153846 0.06610576923076923
0 0.33774038461538464 0.2704326923076923 0.07932692307692307 0.06129807692307692
0 0.3293269230769231 0.19591346153846154 0.08052884615384616 0.06490384615384616
0 0.3401442307692308 0.11899038461538461 0.08653846153846154 0.06850961538461539
0 0.33774038461538464 0.051682692307692304 0.08774038461538461 0.06490384615384616
0 0.4206730769230769 0.046875 0.06850961538461539 0.06971153846153846
0 0.16466346153846154 0.0733173076923077 0.08774038461538461 0.0733173076923077
0 0.14783653846153846 0.14543269230769232 0.09254807692307693 0.06971153846153846
0 0.16706730769230768 0.21634615384615385 0.08653846153846154 0.06610576923076923
0 0.16826923076923078 0.2860576923076923 0.09134615384615384 0.06370192307692307
0 0.07211538461538461 0.2439903846153846 0.09254807692307693 0.06971153846153846
0 0.06610576923076923 0.0889423076923077 0.08774038461538461 0.07451923076923077
0 0.06370192307692307 0.021634615384615384 0.09735576923076923 0.04326923076923077
0 0.16706730769230768 0.021634615384615384 0.09375 0.04326923076923077