0 0.6790865384615384 0.5264423076923077 0.038461538461538464 0.09254807692307693
0 0.6490384615384616 0.5612980769230769 0.040865384615384616 0.09975961538461539
0 0.6153846153846154 0.5745192307692307 0.039663461538461536 0.11899038461538461
0 0.5841346153846154 0.5709134615384616 0.04326923076923077 0.10697115384615384
0 0.5528846153846154 0.5829326923076923 0.037259615384615384 0.10697115384615384
0 0.5264423076923077 0.6081730769230769 0.03245192307692308 0.09014423076923077
0 0.49278846153846156 0.6153846153846154 0.03245192307692308 0.09014423076923077
0 0.46274038461538464 0.6346153846153846 0.037259615384615384 0.11057692307692307
0 0.43028846153846156 0.6466346153846154 0.038461538461538464 0.09254807692307693
0 0.4050480769230769 0.6802884615384616 0.038461538461538464 0.10817307692307693
0 0.3737980769230769 0.7019230769230769 0.038461538461538464 0.10817307692307693
0 0.3401442307692308 0.7079326923076923 0.036057692307692304 0.10697115384615384
0 0.3076923076923077 0.7223557692307693 0.037259615384615384 0.10336538461538461
0 0.27524038461538464 0.7391826923076923 0.038461538461538464 0.11057692307692307
0 0.2403846153846154 0.7584134615384616 0.038461538461538464 0.1141826923076923
0 0.21033653846153846 0.7776442307692307 0.040865384615384616 0.11658653846153846
0 0.1778846153846154 0.8040865384615384 0.04326923076923077 0.109375
0 0.14423076923076922 0.8197115384615384 0.040865384615384616 0.109375
0 0.11177884615384616 0.8461538461538461 0.038461538461538464 0.09615384615384616
0 0.07692307692307693 0.8557692307692307 0.05048076923076923 0.11658653846153846
0 0.038461538461538464 0.8653846153846154 0.04567307692307692 0.12139423076923077
0 0.014423076923076924 0.8846153846153846 0.028846153846153848 0.11057692307692307
0 0.6730769230769231 0.8641826923076923 0.042067307692307696 0.11538461538461539
0 0.6370192307692307 0.8689903846153846 0.037259615384615384 0.109375
0 0.6081730769230769 0.8894230769230769 0.037259615384615384 0.10817307692307693
0 0.5769230769230769 0.9038461538461539 0.037259615384615384 0.11298076923076923
0 0.5480769230769231 0.9278846153846154 0.036057692307692304 0.11298076923076923
0 0.5192307692307693 0.9483173076923077 0.038461538461538464 0.09975961538461539
0 0.48677884615384615 0.9567307692307693 0.037259615384615384 0.08173076923076923
0 0.4543269230769231 0.9627403846153846 0.03365384615384615 0.07211538461538461
0 0.4182692307692308 0.9699519230769231 0.03365384615384615 0.056490384615384616
0 0.6069711538461539 0.9711538461538461 0.052884615384615384 0.055288461538461536
0 0.6646634615384616 0.9471153846153846 0.052884615384615384 0.06490384615384616