0 0.390625 0.4675480769230769 0.03245192307692308 0.13341346153846154
0 0.4387019230769231 0.4807692307692308 0.03485576923076923 0.14543269230769232
0 0.4855769230769231 0.4891826923076923 0.03485576923076923 0.1502403846153846
0 0.5264423076923077 0.47836538461538464 0.036057692307692304 0.1502403846153846
0 0.5697115384615384 0.4879807692307692 0.040865384615384616 0.140625
0 0.6081730769230769 0.48197115384615385 0.03485576923076923 0.14543269230769232
0 0.3473557692307692 0.4831730769230769 0.037259615384615384 0.15144230769230768
0 0.296875 0.49399038461538464 0.038461538461538464 0.13942307692307693
0 0.296875 0.6466346153846154 0.038461538461538464 0.14903846153846154
0 0.6213942307692307 0.8004807692307693 0.04567307692307692 0.140625
0 0.6622596153846154 0.8004807692307693 0.04447115384615385 0.1346153846153846
0 0.6983173076923077 0.7932692307692307 0.04807692307692308 0.13701923076923078
0 0.7463942307692307 0.8004807692307693 0.046875 0.13581730769230768
0 0.9399038461538461 0.8004807692307693 0.04567307692307692 0.1310096153846154
0 0.9326923076923077 0.4963942307692308 0.038461538461538464 0.13341346153846154
0 0.9026442307692307 0.5084134615384616 0.055288461538461536 0.15504807692307693
0 0.8509615384615384 0.4963942307692308 0.037259615384615384 0.13701923076923078
0 0.8137019230769231 0.4879807692307692 0.038461538461538464 0.13581730769230768
0 0.7740384615384616 0.48197115384615385 0.037259615384615384 0.13942307692307693
0 0.7331730769230769 0.5024038461538461 0.03485576923076923 0.13942307692307693
0 0.6923076923076923 0.47836538461538464 0.037259615384615384 0.14302884615384615
0 0.6526442307692307 0.484375 0.03365384615384615 0.13701923076923078
0 0.7043269230769231 0.15384615384615385 0.07451923076923077 0.07211538461538461
0 0.5612980769230769 0.13942307692307693 0.07211538461538461 0.06850961538461539
0 0.4675480769230769 0.1346153846153846 0.07932692307692307 0.07091346153846154
0 0.359375 0.13581730769230768 0.08413461538461539 0.07091346153846154
0 0.1658653846153846 0.14302884615384615 0.0829326923076923 0.06490384615384616
0 0.08533653846153846 0.140625 0.08173076923076923 0.06971153846153846
0 0.9699519230769231 0.49759615384615385 0.040865384615384616 0.12740384615384615
0 0.9915865384615384 0.4963942307692308 0.014423076923076924 0.14543269230769232
0 0.44471153846153844 0.796875 0.04326923076923077 0.12740384615384615
0 0.4050480769230769 0.8112980769230769 0.046875 0.140625
0 0.3629807692307692 0.7956730769230769 0.039663461538461536 0.12139423076923077