0 0.5396634615384616 0.1310096153846154 0.027644230769230768 0.10697115384615384
0 0.49278846153846156 0.31009615384615385 0.04927884615384615 0.04567307692307692
0 0.5420673076923077 0.24639423076923078 0.02403846153846154 0.10096153846153846
0 0.4807692307692308 0.07692307692307693 0.05889423076923077 0.05048076923076923
0 0.4831730769230769 0.1310096153846154 0.06009615384615385 0.051682692307692304
0 0.49399038461538464 0.17668269230769232 0.05889423076923077 0.056490384615384616
0 0.49038461538461536 0.24759615384615385 0.05889423076923077 0.05048076923076923
0 0.49158653846153844 0.3641826923076923 0.046875 0.042067307692307696
0 0.546875 0.37259615384615385 0.026442307692307692 0.11778846153846154
0 0.4963942307692308 0.4182692307692308 0.06610576923076923 0.054086538461538464
0 0.6574519230769231 0.07091346153846154 0.06370192307692307 0.054086538461538464
0 0.6658653846153846 0.12740384615384615 0.06129807692307692 0.052884615384615384
0 0.5 0.4855769230769231 0.056490384615384616 0.05048076923076923
0 0.5516826923076923 0.4987980769230769 0.027644230769230768 0.10817307692307693
0 0.31490384615384615 0.49278846153846156 0.06610576923076923 0.05048076923076923
0 0.3137019230769231 0.4338942307692308 0.052884615384615384 0.046875
0 0.3088942307692308 0.31850961538461536 0.06971153846153846 0.051682692307692304
0 0.31850961538461536 0.3786057692307692 0.06370192307692307 0.04807692307692308
0 0.2980769230769231 0.875 0.06850961538461539 0.06129807692307692
0 0.6502403846153846 0.296875 0.0625 0.051682692307692304
0 0.6634615384615384 0.23317307692307693 0.06129807692307692 0.054086538461538464
0 0.6622596153846154 0.17668269230769232 0.051682692307692304 0.046875
0 0.6550480769230769 0.3557692307692308 0.06370192307692307 0.04567307692307692
0 0.6574519230769231 0.4074519230769231 0.06490384615384616 0.056490384615384616
0 0.6598557692307693 0.4651442307692308 0.06129807692307692 0.051682692307692304
0 0.6706730769230769 0.5192307692307693 0.06129807692307692 0.054086538461538464
0 0.6694711538461539 0.578125 0.06129807692307692 0.06009615384615385
0 0.6706730769230769 0.6334134615384616 0.06129807692307692 0.046875
0 0.6706730769230769 0.6875 0.06009615384615385 0.054086538461538464
0 0.6682692307692307 0.7475961538461539 0.06610576923076923 0.052884615384615384
0 0.31490384615384615 0.2608173076923077 0.052884615384615384 0.04447115384615385
0 0.3125 0.20192307692307693 0.05889423076923077 0.04807692307692308
0 0.30288461538461536 0.13942307692307693 0.07211538461538461 0.06009615384615385
0 0.2932692307692308 0.08173076923076923 0.06610576923076923 0.051682692307692304
0 0.30288461538461536 0.6165865384615384 0.07091346153846154 0.0625
0 0.3004807692307692 0.5528846153846154 0.05889423076923077 0.046875
0 0.3004807692307692 0.9158653846153846 0.06850961538461539 0.06009615384615385
0 0.49759615384615385 0.5456730769230769 0.06370192307692307 0.052884615384615384
0 0.5036057692307693 0.6009615384615384 0.07451923076923077 0.06370192307692307
0 0.6466346153846154 0.019230769230769232 0.056490384615384616 0.038461538461538464
0 0.5372596153846154 0.03245192307692308 0.030048076923076924 0.06370192307692307
0 0.4795673076923077 0.02283653846153846 0.0673076923076923 0.04567307692307692
0 0.29086538461538464 0.03245192307692308 0.06370192307692307 0.05889423076923077
0 0.3004807692307692 0.9735576923076923 0.06850961538461539 0.05048076923076923
0 0.6838942307692307 0.9411057692307693 0.03125 0.1141826923076923
0 0.6466346153846154 0.9615384615384616 0.027644230769230768 0.07451923076923077
0 0.6153846153846154 0.9651442307692307 0.03245192307692308 0.06610576923076923
0 0.5853365384615384 0.9675480769230769 0.030048076923076924 0.06009615384615385
0 0.5528846153846154 0.9675480769230769 0.030048076923076924 0.06009615384615385
0 0.5192307692307693 0.9747596153846154 0.02403846153846154 0.04567307692307692
0 0.49038461538461536 0.9807692307692307 0.025240384615384616 0.03485576923076923
0 0.4567307692307692 0.9759615384615384 0.026442307692307692 0.04447115384615385