0 0.5144230769230769 0.07091346153846154 0.0625 0.14182692307692307
0 0.5612980769230769 0.06971153846153846 0.05889423076923077 0.13942307692307693
0 0.6033653846153846 0.054086538461538464 0.057692307692307696 0.10817307692307693
0 0.9591346153846154 0.38100961538461536 0.055288461538461536 0.13942307692307693
0 0.9855769230769231 0.38341346153846156 0.026442307692307692 0.14302884615384615
0 0.9831730769230769 0.6959134615384616 0.030048076923076924 0.1466346153846154
0 0.9579326923076923 0.6790865384615384 0.05889423076923077 0.15144230769230768
0 0.9158653846153846 0.6598557692307693 0.055288461538461536 0.15144230769230768
0 0.875 0.640625 0.052884615384615384 0.1502403846153846
0 0.9723557692307693 0.8449519230769231 0.052884615384615384 0.11778846153846154
0 0.9338942307692307 0.8245192307692307 0.056490384615384616 0.15144230769230768
0 0.8966346153846154 0.8064903846153846 0.055288461538461536 0.14903846153846154
0 0.8521634615384616 0.7920673076923077 0.051682692307692304 0.1466346153846154
0 0.6622596153846154 0.45913461538461536 0.08653846153846154 0.06610576923076923
0 0.6634615384615384 0.5384615384615384 0.09254807692307693 0.06971153846153846
0 0.6586538461538461 0.6081730769230769 0.08052884615384616 0.06370192307692307
0 0.6538461538461539 0.6802884615384616 0.09014423076923077 0.06490384615384616
0 0.6502403846153846 0.7584134615384616 0.09134615384615384 0.0733173076923077
0 0.6370192307692307 0.8942307692307693 0.08774038461538461 0.07692307692307693
0 0.6346153846153846 0.9639423076923077 0.0889423076923077 0.06971153846153846
0 0.12379807692307693 0.02403846153846154 0.039663461538461536 0.04807692307692308
0 0.17548076923076922 0.018028846153846152 0.04326923076923077 0.036057692307692304