0 0.9399038461538461 0.9254807692307693 0.10096153846153846 0.06490384615384616
0 0.9579326923076923 0.8509615384615384 0.08173076923076923 0.0733173076923077
0 0.8725961538461539 0.7908653846153846 0.08413461538461539 0.06610576923076923
0 0.9543269230769231 0.6286057692307693 0.08774038461538461 0.06490384615384616
0 0.9507211538461539 0.5625 0.09615384615384616 0.06490384615384616
0 0.9447115384615384 0.49038461538461536 0.09014423076923077 0.06129807692307692
0 0.9362980769230769 0.4170673076923077 0.09254807692307693 0.06610576923076923
0 0.9411057692307693 0.34615384615384615 0.08774038461538461 0.06971153846153846
0 0.9411057692307693 0.2692307692307692 0.08774038461538461 0.07451923076923077
0 0.8509615384615384 0.5240384615384616 0.09014423076923077 0.06971153846153846
0 0.8449519230769231 0.36778846153846156 0.0889423076923077 0.07091346153846154
0 0.8449519230769231 0.28365384615384615 0.08774038461538461 0.056490384615384616
0 0.8401442307692307 0.19951923076923078 0.08173076923076923 0.06971153846153846
0 0.671875 0.7908653846153846 0.09134615384615384 0.07091346153846154
0 0.6742788461538461 0.8677884615384616 0.08653846153846154 0.06971153846153846
0 0.6850961538461539 0.9483173076923077 0.08774038461538461 0.07451923076923077
0 0.5745192307692307 0.953125 0.07692307692307693 0.07211538461538461
0 0.5661057692307693 0.7211538461538461 0.08533653846153846 0.07451923076923077
0 0.6682692307692307 0.6334134615384616 0.08653846153846154 0.06370192307692307
0 0.6598557692307693 0.5528846153846154 0.08653846153846154 0.07211538461538461
0 0.5612980769230769 0.5588942307692307 0.07932692307692307 0.07451923076923077
0 0.5528846153846154 0.4110576923076923 0.08774038461538461 0.0733173076923077
0 0.5456730769230769 0.33052884615384615 0.08653846153846154 0.06610576923076923
0 0.6454326923076923 0.234375 0.09014423076923077 0.07692307692307693
0 0.5396634615384616 0.24879807692307693 0.09134615384615384 0.07451923076923077
0 0.9338942307692307 0.18990384615384615 0.09014423076923077 0.07692307692307693
0 0.34975961538461536 0.3557692307692308 0.07211538461538461 0.0733173076923077
0 0.35697115384615385 0.43509615384615385 0.0733173076923077 0.07211538461538461
0 0.35336538461538464 0.5901442307692307 0.08653846153846154 0.06490384615384616
0 0.35216346153846156 0.6766826923076923 0.08413461538461539 0.0733173076923077
0 0.36778846153846156 0.75 0.07211538461538461 0.06129807692307692
0 0.36899038461538464 0.8269230769230769 0.08413461538461539 0.07091346153846154
0 0.3713942307692308 0.9735576923076923 0.09014423076923077 0.05048076923076923
0 0.25841346153846156 0.8365384615384616 0.08653846153846154 0.078125
0 0.2536057692307692 0.6875 0.08774038461538461 0.07211538461538461
0 0.24639423076923078 0.375 0.08774038461538461 0.06129807692307692
0 0.24639423076923078 0.30288461538461536 0.07932692307692307 0.0625
0 0.21995192307692307 0.040865384615384616 0.08413461538461539 0.06850961538461539
0 0.04567307692307692 0.4014423076923077 0.08774038461538461 0.0733173076923077
0 0.04326923076923077 0.4879807692307692 0.08653846153846154 0.06129807692307692
0 0.0673076923076923 0.7175480769230769 0.08653846153846154 0.06370192307692307
0 0.06129807692307692 0.9555288461538461 0.08173076923076923 0.06850961538461539