0 0.46875 0.5925480769230769 0.0889423076923077 0.07692307692307693
0 0.46875 0.5036057692307693 0.09495192307692307 0.078125
0 0.6334134615384616 0.7536057692307693 0.0829326923076923 0.08173076923076923
0 0.18269230769230768 0.4831730769230769 0.09975961538461539 0.0733173076923077
0 0.18028846153846154 0.7247596153846154 0.09495192307692307 0.06971153846153846
0 0.17548076923076922 0.7980769230769231 0.08774038461538461 0.06610576923076923
0 0.3713942307692308 0.7415865384615384 0.0829326923076923 0.06610576923076923
0 0.453125 0.8918269230769231 0.09134615384615384 0.07451923076923077
0 0.36899038461538464 0.4963942307692308 0.09134615384615384 0.06971153846153846
0 0.3629807692307692 0.5745192307692307 0.10096153846153846 0.07451923076923077
0 0.36538461538461536 0.6622596153846154 0.0889423076923077 0.07091346153846154
0 0.10576923076923077 0.078125 0.09735576923076923 0.078125
0 0.2091346153846154 0.0889423076923077 0.08653846153846154 0.07211538461538461
0 0.21153846153846154 0.02283653846153846 0.09375 0.04567307692307692
0 0.12139423076923077 0.018028846153846152 0.08413461538461539 0.036057692307692304
0 0.3870192307692308 0.03125 0.0889423076923077 0.0625
0 0.38100961538461536 0.10336538461538461 0.0889423076923077 0.078125
0 0.47596153846153844 0.03245192307692308 0.07091346153846154 0.06370192307692307
0 0.6646634615384616 0.054086538461538464 0.06610576923076923 0.06129807692307692
0 0.6550480769230769 0.125 0.08413461538461539 0.078125
0 0.6502403846153846 0.5240384615384616 0.08774038461538461 0.06850961538461539
0 0.6478365384615384 0.6033653846153846 0.08413461538461539 0.07091346153846154
0 0.6466346153846154 0.6802884615384616 0.08173076923076923 0.06610576923076923
0 0.8052884615384616 0.6370192307692307 0.07211538461538461 0.11899038461538461
0 0.8004807692307693 0.7235576923076923 0.06610576923076923 0.11298076923076923
0 0.7872596153846154 0.8004807692307693 0.07932692307692307 0.13221153846153846
0 0.7824519230769231 0.890625 0.07692307692307693 0.13221153846153846
0 0.640625 0.8317307692307693 0.08653846153846154 0.07091346153846154
0 0.6454326923076923 0.9074519230769231 0.0733173076923077 0.07211538461538461
0 0.4651442307692308 0.8137019230769231 0.09014423076923077 0.07932692307692307
0 0.4651442307692308 0.734375 0.0733173076923077 0.07211538461538461
0 0.46153846153846156 0.6658653846153846 0.09254807692307693 0.07211538461538461
0 0.35216346153846156 0.9579326923076923 0.09975961538461539 0.078125
0 0.4567307692307692 0.9639423076923077 0.07211538461538461 0.06971153846153846
0 0.7956730769230769 0.5120192307692307 0.07692307692307693 0.12740384615384615
0 0.7451923076923077 0.14903846153846154 0.08413461538461539 0.07451923076923077
0 0.4723557692307692 0.1141826923076923 0.09134615384615384 0.078125
0 0.6550480769230769 0.01201923076923077 0.07451923076923077 0.02403846153846154
0 0.18269230769230768 0.5649038461538461 0.0985576923076923 0.06610576923076923
0 0.08774038461538461 0.5564903846153846 0.09014423076923077 0.06370192307692307
0 0.09134615384615384 0.4735576923076923 0.10096153846153846 0.06610576923076923
0 0.08774038461538461 0.6370192307692307 0.0889423076923077 0.06490384615384616
0 0.17427884615384615 0.6466346153846154 0.08653846153846154 0.0625
0 0.17668269230769232 0.8665865384615384 0.08653846153846154 0.06370192307692307
0 0.171875 0.9411057692307693 0.09975961538461539 0.0733173076923077
0 0.16346153846153846 0.9879807692307693 0.09735576923076923 0.020432692307692308
0 0.6382211538461539 0.9663461538461539 0.08653846153846154 0.06370192307692307
0 0.7860576923076923 0.9615384615384616 0.07091346153846154 0.07451923076923077