0 0.6826923076923077 0.7824519230769231 0.05048076923076923 0.08413461538461539
0 0.49158653846153844 0.7920673076923077 0.052884615384615384 0.09615384615384616
0 0.43509615384615385 0.7043269230769231 0.051682692307692304 0.09134615384615384
0 0.4182692307692308 0.7524038461538461 0.05048076923076923 0.09134615384615384
0 0.39663461538461536 0.7884615384615384 0.051682692307692304 0.09495192307692307
0 0.3701923076923077 0.8233173076923077 0.055288461538461536 0.09495192307692307
0 0.2692307692307692 0.6514423076923077 0.05048076923076923 0.0889423076923077
0 0.29086538461538464 0.6105769230769231 0.05048076923076923 0.0889423076923077
0 0.31009615384615385 0.5709134615384616 0.056490384615384616 0.09975961538461539
0 0.33052884615384615 0.5300480769230769 0.056490384615384616 0.09615384615384616
0 0.6598557692307693 0.7403846153846154 0.052884615384615384 0.09254807692307693
0 0.4651442307692308 0.8329326923076923 0.052884615384615384 0.09014423076923077
0 0.35336538461538464 0.8665865384615384 0.05048076923076923 0.09495192307692307
0 0.44711538461538464 0.8725961538461539 0.04927884615384615 0.09254807692307693
0 0.4230769230769231 0.9050480769230769 0.05048076923076923 0.08413461538461539
0 0.40384615384615385 0.9483173076923077 0.052884615384615384 0.09254807692307693
0 0.3786057692307692 0.9747596153846154 0.04567307692307692 0.046875
0 0.3449519230769231 0.984375 0.026442307692307692 0.026442307692307692
0 0.3317307692307692 0.9050480769230769 0.05048076923076923 0.09134615384615384
0 0.3088942307692308 0.9459134615384616 0.054086538461538464 0.09495192307692307
0 0.28846153846153844 0.9699519230769231 0.05048076923076923 0.05889423076923077
0 0.25600961538461536 0.984375 0.03245192307692308 0.027644230769230768
0 0.5661057692307693 0.9831730769230769 0.03245192307692308 0.030048076923076924
0 0.5973557692307693 0.9639423076923077 0.052884615384615384 0.06971153846153846
0 0.6394230769230769 0.6995192307692307 0.051682692307692304 0.0889423076923077
0 0.6177884615384616 0.6634615384615384 0.052884615384615384 0.09134615384615384
0 0.59375 0.6310096153846154 0.051682692307692304 0.09014423076923077
0 0.5661057692307693 0.5973557692307693 0.052884615384615384 0.09735576923076923
0 0.5192307692307693 0.5336538461538461 0.055288461538461536 0.10096153846153846
0 0.5432692307692307 0.49399038461538464 0.054086538461538464 0.09615384615384616
0 0.5697115384615384 0.46274038461538464 0.052884615384615384 0.09254807692307693
0 0.5877403846153846 0.4182692307692308 0.052884615384615384 0.09495192307692307
0 0.6105769230769231 0.36778846153846156 0.052884615384615384 0.09014423076923077
0 0.6310096153846154 0.33774038461538464 0.04807692307692308 0.08052884615384616
0 0.6550480769230769 0.30528846153846156 0.052884615384615384 0.08052884615384616
0 0.6682692307692307 0.25721153846153844 0.054086538461538464 0.0829326923076923
0 0.6899038461538461 0.2247596153846154 0.04927884615384615 0.08653846153846154
0 0.7067307692307693 0.1814903846153846 0.052884615384615384 0.09134615384615384
0 0.7223557692307693 0.12740384615384615 0.05048076923076923 0.08413461538461539
0 0.75 0.1141826923076923 0.05048076923076923 0.08774038461538461
0 0.7620192307692307 0.06610576923076923 0.052884615384615384 0.08774038461538461
0 0.7824519230769231 0.038461538461538464 0.052884615384615384 0.07692307692307693
0 0.6105769230769231 0.02403846153846154 0.04326923076923077 0.046875
0 0.5865384615384616 0.04447115384615385 0.052884615384615384 0.0889423076923077
0 0.5697115384615384 0.08052884615384616 0.055288461538461536 0.09495192307692307
0 0.5504807692307693 0.11899038461538461 0.052884615384615384 0.09134615384615384
0 0.5204326923076923 0.14182692307692307 0.04807692307692308 0.08774038461538461
0 0.4987980769230769 0.1814903846153846 0.056490384615384616 0.0985576923076923
0 0.4807692307692308 0.2247596153846154 0.056490384615384616 0.09735576923076923
0 0.45913461538461536 0.2644230769230769 0.052884615384615384 0.09495192307692307
0 0.4375 0.30528846153846156 0.05048076923076923 0.08774038461538461
0 0.41466346153846156 0.3473557692307692 0.052884615384615384 0.09495192307692307
0 0.41225961538461536 0.02283653846153846 0.04326923076923077 0.04567307692307692
0 0.38341346153846156 0.040865384615384616 0.051682692307692304 0.08173076923076923
0 0.34615384615384615 0.11298076923076923 0.051682692307692304 0.09615384615384616
0 0.32211538461538464 0.15264423076923078 0.05048076923076923 0.09254807692307693
0 0.2932692307692308 0.1875 0.04567307692307692 0.08774038461538461
0 0.2704326923076923 0.2247596153846154 0.057692307692307696 0.1045673076923077
0 0.24879807692307693 0.2704326923076923 0.054086538461538464 0.0985576923076923
0 0.23076923076923078 0.30649038461538464 0.052884615384615384 0.09615384615384616
0 0.20793269230769232 0.3485576923076923 0.055288461538461536 0.09495192307692307
0 0.18990384615384615 0.3942307692307692 0.054086538461538464 0.09975961538461539
0 0.16826923076923078 0.4387019230769231 0.054086538461538464 0.0985576923076923
0 0.140625 0.4639423076923077 0.055288461538461536 0.09134615384615384
0 0.12139423076923077 0.5096153846153846 0.055288461538461536 0.09134615384615384
0 0.0985576923076923 0.546875 0.057692307692307696 0.0985576923076923
0 0.07211538461538461 0.5865384615384616 0.05889423076923077 0.09014423076923077
0 0.05048076923076923 0.6274038461538461 0.055288461538461536 0.09254807692307693
0 0.020432692307692308 0.7115384615384616 0.040865384615384616 0.09014423076923077
0 0.013221153846153846 0.7752403846153846 0.026442307692307692 0.07451923076923077
0 0.24519230769230768 0.6814903846153846 0.051682692307692304 0.09495192307692307
0 0.22235576923076922 0.7163461538461539 0.052884615384615384 0.09735576923076923
0 0.7055288461538461 0.8185096153846154 0.04807692307692308 0.09014423076923077
0 0.7223557692307693 0.8533653846153846 0.04927884615384615 0.08653846153846154
0 0.7415865384615384 0.8954326923076923 0.052884615384615384 0.08774038461538461
0 0.7608173076923077 0.9302884615384616 0.04807692307692308 0.09615384615384616
0 0.7824519230769231 0.9495192307692307 0.056490384615384616 0.09615384615384616
0 0.8112980769230769 0.9711538461538461 0.055288461538461536 0.055288461538461536
0 0.20192307692307693 0.7644230769230769 0.05048076923076923 0.09134615384615384
0 0.1875 0.8137019230769231 0.051682692307692304 0.09615384615384616
0 0.16346153846153846 0.8485576923076923 0.052884615384615384 0.09615384615384616
0 0.14302884615384615 0.8918269230769231 0.054086538461538464 0.09254807692307693
0 0.12139423076923077 0.9350961538461539 0.054086538461538464 0.09735576923076923
0 0.09975961538461539 0.9591346153846154 0.05889423076923077 0.07692307692307693
0 0.06850961538461539 0.9819711538461539 0.03365384615384615 0.03245192307692308
0 0.08413461538461539 0.0985576923076923 0.04447115384615385 0.10817307692307693