0 0.5913461538461539 0.25 0.04567307692307692 0.1778846153846154
0 0.5408653846153846 0.23918269230769232 0.04326923076923077 0.17548076923076922
0 0.33413461538461536 0.7091346153846154 0.04567307692307692 0.18389423076923078
0 0.49278846153846156 0.22596153846153846 0.040865384615384616 0.17548076923076922
0 0.6334134615384616 0.7524038461538461 0.039663461538461536 0.17307692307692307
0 0.5841346153846154 0.7091346153846154 0.037259615384615384 0.17307692307692307
0 0.5300480769230769 0.7163461538461539 0.040865384615384616 0.16947115384615385
0 0.4831730769230769 0.7067307692307693 0.038461538461538464 0.16947115384615385
0 0.3870192307692308 0.703125 0.040865384615384616 0.16706730769230768
0 0.6838942307692307 0.7524038461538461 0.04567307692307692 0.17307692307692307
0 0.7788461538461539 0.7487980769230769 0.04567307692307692 0.17548076923076922
0 0.8245192307692307 0.7379807692307693 0.039663461538461536 0.14423076923076922
0 0.8737980769230769 0.7319711538461539 0.05048076923076923 0.15985576923076922
0 0.9182692307692307 0.7415865384615384 0.04807692307692308 0.16346153846153846
0 0.9699519230769231 0.7283653846153846 0.04807692307692308 0.16826923076923078
0 0.9675480769230769 0.2608173076923077 0.05048076923076923 0.18629807692307693
0 0.9194711538461539 0.27163461538461536 0.046875 0.16105769230769232
0 0.8701923076923077 0.2800480769230769 0.04326923076923077 0.15865384615384615
0 0.8257211538461539 0.27163461538461536 0.04326923076923077 0.16105769230769232
0 0.7824519230769231 0.2668269230769231 0.04326923076923077 0.1502403846153846
0 0.3401442307692308 0.21634615384615385 0.040865384615384616 0.14903846153846154
0 0.2932692307692308 0.2247596153846154 0.04326923076923077 0.1622596153846154
0 0.23918269230769232 0.22596153846153846 0.04567307692307692 0.16105769230769232
0 0.19471153846153846 0.21514423076923078 0.04927884615384615 0.16826923076923078
0 0.09975961538461539 0.21754807692307693 0.05048076923076923 0.15144230769230768
0 0.018028846153846152 0.21153846153846154 0.036057692307692304 0.15384615384615385
0 0.2848557692307692 0.7055288461538461 0.04447115384615385 0.1466346153846154
0 0.23798076923076922 0.7235576923076923 0.04567307692307692 0.171875
0 0.1875 0.7079326923076923 0.04567307692307692 0.16105769230769232
0 0.1346153846153846 0.7079326923076923 0.052884615384615384 0.18028846153846154
0 0.09014423076923077 0.7055288461538461 0.05048076923076923 0.17668269230769232
0 0.042067307692307696 0.7079326923076923 0.04807692307692308 0.1658653846153846
0 0.010817307692307692 0.6995192307692307 0.021634615384615384 0.16706730769230768
0 0.7367788461538461 0.2536057692307692 0.040865384615384616 0.16947115384615385
0 0.6899038461538461 0.24158653846153846 0.039663461538461536 0.15865384615384615
0 0.6430288461538461 0.21634615384615385 0.042067307692307696 0.17668269230769232