0 0.5877403846153846 0.296875 0.03245192307692308 0.13341346153846154
0 0.5108173076923077 0.2800480769230769 0.03485576923076923 0.12620192307692307
0 0.5504807692307693 0.28725961538461536 0.03245192307692308 0.12860576923076922
0 0.46875 0.29086538461538464 0.03125 0.1310096153846154
0 0.43149038461538464 0.2800480769230769 0.03365384615384615 0.12259615384615384
0 0.39302884615384615 0.2824519230769231 0.030048076923076924 0.11298076923076923
0 0.5973557692307693 0.07932692307692307 0.07211538461538461 0.08774038461538461
0 0.3557692307692308 0.28846153846153844 0.037259615384615384 0.13341346153846154
0 0.2824519230769231 0.2860576923076923 0.03485576923076923 0.1310096153846154
0 0.2439903846153846 0.2860576923076923 0.03485576923076923 0.12860576923076922
0 0.2091346153846154 0.25600961538461536 0.036057692307692304 0.125
0 0.17307692307692307 0.25961538461538464 0.036057692307692304 0.12259615384615384
0 0.140625 0.2512019230769231 0.036057692307692304 0.11899038461538461
0 0.07211538461538461 0.24879807692307693 0.037259615384615384 0.11778846153846154
0 0.03485576923076923 0.2536057692307692 0.042067307692307696 0.13221153846153846
0 0.008413461538461538 0.24759615384615385 0.016826923076923076 0.109375
0 0.6274038461538461 0.6394230769230769 0.027644230769230768 0.12259615384615384
0 0.5769230769230769 0.6466346153846154 0.030048076923076924 0.12740384615384615
0 0.5372596153846154 0.6442307692307693 0.027644230769230768 0.10697115384615384
0 0.5012019230769231 0.625 0.03365384615384615 0.13341346153846154
0 0.46153846153846156 0.6454326923076923 0.03125 0.12740384615384615
0 0.4230769230769231 0.6334134615384616 0.03125 0.1346153846153846
0 0.38461538461538464 0.6394230769230769 0.03125 0.12860576923076922
0 0.3473557692307692 0.6394230769230769 0.03485576923076923 0.12740384615384615
0 0.30528846153846156 0.6322115384615384 0.04447115384615385 0.19471153846153846
0 0.203125 0.6274038461538461 0.03485576923076923 0.12620192307692307
0 0.17067307692307693 0.5997596153846154 0.03485576923076923 0.125
0 0.057692307692307696 0.6237980769230769 0.038461538461538464 0.1346153846153846
0 0.006009615384615385 0.5865384615384616 0.01201923076923077 0.125