0 0.3870192307692308 0.1935096153846154 0.027644230769230768 0.11778846153846154
0 0.3858173076923077 0.328125 0.027644230769230768 0.11538461538461539
0 0.37740384615384615 0.5144230769230769 0.030048076923076924 0.1045673076923077
0 0.3701923076923077 0.6538461538461539 0.025240384615384616 0.08653846153846154
0 0.3737980769230769 0.7668269230769231 0.030048076923076924 0.11057692307692307
0 0.21995192307692307 0.5204326923076923 0.06490384615384616 0.04807692307692308
0 0.22596153846153846 0.5865384615384616 0.06610576923076923 0.051682692307692304
0 0.2283653846153846 0.6430288461538461 0.0673076923076923 0.04326923076923077
0 0.21995192307692307 0.7019230769230769 0.0625 0.05048076923076923
0 0.21394230769230768 0.7560096153846154 0.06129807692307692 0.05048076923076923
0 0.2091346153846154 0.8149038461538461 0.06370192307692307 0.05048076923076923
0 0.21514423076923078 0.8725961538461539 0.057692307692307696 0.04807692307692308
0 0.22235576923076922 0.9290865384615384 0.05048076923076923 0.04447115384615385
0 0.21754807692307693 0.9783653846153846 0.0625 0.040865384615384616
0 0.15144230769230768 0.4411057692307692 0.0625 0.052884615384615384
0 0.09134615384615384 0.5697115384615384 0.06370192307692307 0.06610576923076923
0 0.09014423076923077 0.6370192307692307 0.056490384615384616 0.055288461538461536
0 0.04567307692307692 0.7091346153846154 0.07211538461538461 0.06610576923076923
0 0.07932692307692307 0.7572115384615384 0.06370192307692307 0.06490384615384616
0 0.07692307692307693 0.9230769230769231 0.06490384615384616 0.06850961538461539
0 0.07692307692307693 0.9759615384615384 0.0625 0.04447115384615385
0 0.05889423076923077 0.23197115384615385 0.06971153846153846 0.05889423076923077