0 0.46875 0.27524038461538464 0.04326923076923077 0.15264423076923078
0 0.421875 0.2644230769230769 0.040865384615384616 0.15504807692307693
0 0.5228365384615384 0.29086538461538464 0.042067307692307696 0.15504807692307693
0 0.3786057692307692 0.24879807692307693 0.042067307692307696 0.15264423076923078
0 0.5685096153846154 0.30288461538461536 0.037259615384615384 0.16105769230769232
0 0.6141826923076923 0.3088942307692308 0.042067307692307696 0.16826923076923078
0 0.6598557692307693 0.3125 0.046875 0.1778846153846154
0 0.7091346153846154 0.32091346153846156 0.038461538461538464 0.15144230769230768
0 0.7572115384615384 0.3425480769230769 0.04567307692307692 0.16105769230769232
0 0.8004807692307693 0.3293269230769231 0.04447115384615385 0.1346153846153846
0 0.8473557692307693 0.3473557692307692 0.04567307692307692 0.16706730769230768
0 0.8930288461538461 0.3473557692307692 0.04326923076923077 0.1502403846153846
0 0.9759615384615384 0.359375 0.04447115384615385 0.15144230769230768
0 0.33052884615384615 0.24278846153846154 0.04567307692307692 0.15504807692307693
0 0.28125 0.23076923076923078 0.05048076923076923 0.16826923076923078
0 0.23557692307692307 0.23918269230769232 0.04326923076923077 0.14903846153846154
0 0.19110576923076922 0.22956730769230768 0.05048076923076923 0.1622596153846154
0 0.14182692307692307 0.234375 0.04807692307692308 0.15865384615384615
0 0.09735576923076923 0.22956730769230768 0.051682692307692304 0.15745192307692307
0 0.055288461538461536 0.20793269230769232 0.056490384615384616 0.15985576923076922
0 0.016826923076923076 0.2127403846153846 0.03365384615384615 0.16105769230769232
0 0.8713942307692307 0.8245192307692307 0.04807692307692308 0.17307692307692307
0 0.7824519230769231 0.7836538461538461 0.05048076923076923 0.1778846153846154
0 0.6887019230769231 0.7692307692307693 0.04807692307692308 0.16706730769230768
0 0.640625 0.7680288461538461 0.04567307692307692 0.16947115384615385
0 0.5925480769230769 0.7620192307692307 0.04567307692307692 0.16105769230769232
0 0.5456730769230769 0.7331730769230769 0.04567307692307692 0.1466346153846154
0 0.4963942307692308 0.7427884615384616 0.04567307692307692 0.17067307692307693
0 0.4483173076923077 0.7319711538461539 0.040865384615384616 0.15985576923076922
0 0.39783653846153844 0.7259615384615384 0.04447115384615385 0.15504807692307693
0 0.34975961538461536 0.7127403846153846 0.04567307692307692 0.16706730769230768
0 0.30288461538461536 0.7151442307692307 0.04447115384615385 0.16346153846153846
0 0.2512019230769231 0.7055288461538461 0.04447115384615385 0.16826923076923078
0 0.20793269230769232 0.6887019230769231 0.04326923076923077 0.15264423076923078
0 0.1622596153846154 0.6850961538461539 0.04567307692307692 0.1502403846153846
0 0.1141826923076923 0.671875 0.052884615384615384 0.1622596153846154
0 0.06971153846153846 0.6778846153846154 0.05048076923076923 0.13341346153846154
0 0.026442307692307692 0.6658653846153846 0.052884615384615384 0.15985576923076922