0 0.6598557692307693 0.07211538461538461 0.030048076923076924 0.11899038461538461
0 0.6586538461538461 0.21995192307692307 0.03365384615384615 0.11538461538461539
0 0.6526442307692307 0.3545673076923077 0.03245192307692308 0.11057692307692307
0 0.65625 0.5036057692307693 0.03245192307692308 0.11538461538461539
0 0.6550480769230769 0.6610576923076923 0.03125 0.12139423076923077
0 0.6490384615384616 0.7980769230769231 0.030048076923076924 0.11778846153846154
0 0.8245192307692307 0.8954326923076923 0.05889423076923077 0.06009615384615385
0 0.6442307692307693 0.9519230769230769 0.030048076923076924 0.09495192307692307
0 0.5096153846153846 0.09014423076923077 0.05889423076923077 0.05889423076923077
0 0.5012019230769231 0.15264423076923078 0.05889423076923077 0.056490384615384616
0 0.5084134615384616 0.38461538461538464 0.05048076923076923 0.04807692307692308
0 0.5048076923076923 0.5612980769230769 0.06370192307692307 0.05889423076923077
0 0.5012019230769231 0.7319711538461539 0.0625 0.052884615384615384
0 0.5048076923076923 0.7908653846153846 0.056490384615384616 0.04807692307692308
0 0.5048076923076923 0.8461538461538461 0.06129807692307692 0.054086538461538464
0 0.5036057692307693 0.9038461538461539 0.06009615384615385 0.04807692307692308
0 0.5012019230769231 0.9591346153846154 0.06129807692307692 0.052884615384615384
0 0.36538461538461536 0.4567307692307692 0.06850961538461539 0.0829326923076923
0 0.36538461538461536 0.3389423076923077 0.0625 0.07692307692307693
0 0.359375 0.8713942307692307 0.06129807692307692 0.07451923076923077
0 0.23557692307692307 0.8786057692307693 0.05048076923076923 0.07211538461538461
0 0.2247596153846154 0.9411057692307693 0.06370192307692307 0.07692307692307693
0 0.234375 0.8040865384615384 0.06370192307692307 0.08173076923076923
0 0.2283653846153846 0.7319711538461539 0.06610576923076923 0.08653846153846154
0 0.23197115384615385 0.671875 0.06610576923076923 0.08052884615384616
0 0.23557692307692307 0.6045673076923077 0.06129807692307692 0.08413461538461539
0 0.23557692307692307 0.5372596153846154 0.06971153846153846 0.07692307692307693
0 0.24158653846153846 0.47475961538461536 0.056490384615384616 0.06850961538461539
0 0.23677884615384615 0.39903846153846156 0.06490384615384616 0.07451923076923077
0 0.2403846153846154 0.328125 0.06490384615384616 0.07451923076923077
0 0.23557692307692307 0.25961538461538464 0.06009615384615385 0.0829326923076923
0 0.23798076923076922 0.1971153846153846 0.06370192307692307 0.07692307692307693
0 0.24278846153846154 0.1346153846153846 0.0673076923076923 0.07451923076923077
0 0.2403846153846154 0.0733173076923077 0.06490384615384616 0.07091346153846154
0 0.24278846153846154 0.018028846153846152 0.052884615384615384 0.036057692307692304