0 0.7980769230769231 0.1935096153846154 0.030048076923076924 0.09615384615384616
0 0.7668269230769231 0.21153846153846154 0.03245192307692308 0.10096153846153846
0 0.734375 0.21394230769230768 0.028846153846153848 0.11658653846153846
0 0.7043269230769231 0.19951923076923078 0.03245192307692308 0.09975961538461539
0 0.6730769230769231 0.19831730769230768 0.030048076923076924 0.1045673076923077
0 0.6466346153846154 0.20673076923076922 0.030048076923076924 0.0889423076923077
0 0.6117788461538461 0.1971153846153846 0.025240384615384616 0.08653846153846154
0 0.5829326923076923 0.203125 0.027644230769230768 0.09975961538461539
0 0.5516826923076923 0.20432692307692307 0.027644230769230768 0.09014423076923077
0 0.5204326923076923 0.22596153846153846 0.030048076923076924 0.109375
0 0.49038461538461536 0.23317307692307693 0.030048076923076924 0.0985576923076923
0 0.4579326923076923 0.22956730769230768 0.030048076923076924 0.09975961538461539
0 0.4254807692307692 0.22596153846153846 0.025240384615384616 0.1045673076923077
0 0.3918269230769231 0.2283653846153846 0.030048076923076924 0.10817307692307693
0 0.359375 0.23197115384615385 0.030048076923076924 0.109375
0 0.32572115384615385 0.2403846153846154 0.03365384615384615 0.11298076923076923
0 0.29086538461538464 0.24879807692307693 0.03245192307692308 0.11298076923076923
0 0.25961538461538464 0.2536057692307692 0.03485576923076923 0.10697115384615384
0 0.22596153846153846 0.2644230769230769 0.03365384615384615 0.09134615384615384
0 0.1935096153846154 0.2536057692307692 0.037259615384615384 0.12139423076923077
0 0.15504807692307693 0.25721153846153844 0.037259615384615384 0.11778846153846154
0 0.12139423076923077 0.25721153846153844 0.036057692307692304 0.10697115384615384
0 0.08413461538461539 0.27403846153846156 0.037259615384615384 0.1141826923076923
0 0.04807692307692308 0.2692307692307692 0.039663461538461536 0.1141826923076923
0 0.015625 0.2668269230769231 0.03125 0.11057692307692307
0 0.7560096153846154 0.5072115384615384 0.03485576923076923 0.09975961538461539
0 0.7199519230769231 0.5036057692307693 0.027644230769230768 0.10817307692307693
0 0.6935096153846154 0.5096153846153846 0.027644230769230768 0.10336538461538461
0 0.6586538461538461 0.5108173076923077 0.027644230769230768 0.11057692307692307
0 0.6310096153846154 0.5216346153846154 0.026442307692307692 0.10096153846153846
0 0.5985576923076923 0.5360576923076923 0.027644230769230768 0.109375
0 0.5685096153846154 0.5360576923076923 0.026442307692307692 0.09975961538461539
0 0.5360576923076923 0.5360576923076923 0.02403846153846154 0.10576923076923077
0 0.5012019230769231 0.5384615384615384 0.027644230769230768 0.10697115384615384
0 0.4723557692307692 0.5444711538461539 0.030048076923076924 0.109375
0 0.4387019230769231 0.5564903846153846 0.027644230769230768 0.11658653846153846
0 0.4050480769230769 0.5552884615384616 0.028846153846153848 0.11298076923076923
0 0.3737980769230769 0.5588942307692307 0.030048076923076924 0.109375
0 0.3389423076923077 0.5649038461538461 0.03245192307692308 0.11057692307692307
0 0.30528846153846156 0.5697115384615384 0.037259615384615384 0.11658653846153846
0 0.27403846153846156 0.5721153846153846 0.03365384615384615 0.11658653846153846
0 0.2403846153846154 0.5721153846153846 0.03245192307692308 0.11658653846153846
0 0.20192307692307693 0.5709134615384616 0.03245192307692308 0.10576923076923077
0 0.16826923076923078 0.5805288461538461 0.03485576923076923 0.11778846153846154
0 0.13221153846153846 0.5925480769230769 0.03485576923076923 0.11298076923076923
0 0.09975961538461539 0.6069711538461539 0.036057692307692304 0.11298076923076923
0 0.06490384615384616 0.6165865384615384 0.037259615384615384 0.11538461538461539
0 0.030048076923076924 0.6129807692307693 0.038461538461538464 0.1141826923076923
0 0.7403846153846154 0.5901442307692307 0.055288461538461536 0.04567307692307692
0 0.6790865384615384 0.5973557692307693 0.055288461538461536 0.04807692307692308
0 0.6177884615384616 0.6153846153846154 0.06129807692307692 0.051682692307692304
0 0.5516826923076923 0.6274038461538461 0.0625 0.052884615384615384
0 0.48197115384615385 0.6394230769230769 0.06610576923076923 0.05048076923076923
0 0.4206730769230769 0.6490384615384616 0.05048076923076923 0.046875
0 0.3581730769230769 0.6586538461538461 0.06850961538461539 0.051682692307692304
0 0.2920673076923077 0.6706730769230769 0.06370192307692307 0.05048076923076923
0 0.22235576923076922 0.6850961538461539 0.06850961538461539 0.05048076923076923
0 0.14543269230769232 0.6947115384615384 0.06971153846153846 0.0625
0 0.07692307692307693 0.7067307692307693 0.06971153846153846 0.05048076923076923
0 0.019230769230769232 0.7115384615384616 0.038461538461538464 0.05048076923076923
0 0.8221153846153846 0.7475961538461539 0.036057692307692304 0.11057692307692307
0 0.7872596153846154 0.7668269230769231 0.03125 0.11057692307692307
0 0.7596153846153846 0.7788461538461539 0.03245192307692308 0.10697115384615384
0 0.7283653846153846 0.7860576923076923 0.03365384615384615 0.1045673076923077
0 0.6995192307692307 0.7956730769230769 0.03245192307692308 0.11057692307692307
0 0.6706730769230769 0.7932692307692307 0.03245192307692308 0.10336538461538461
0 0.6418269230769231 0.7920673076923077 0.03245192307692308 0.10576923076923077
0 0.6105769230769231 0.8317307692307693 0.030048076923076924 0.109375
0 0.5793269230769231 0.796875 0.027644230769230768 0.1045673076923077
0 0.546875 0.8329326923076923 0.030048076923076924 0.11778846153846154
0 0.5144230769230769 0.8377403846153846 0.03125 0.1141826923076923
0 0.4807692307692308 0.8341346153846154 0.027644230769230768 0.09735576923076923
0 0.4519230769230769 0.8341346153846154 0.026442307692307692 0.09975961538461539
0 0.41947115384615385 0.8473557692307693 0.03125 0.10817307692307693
0 0.38822115384615385 0.8473557692307693 0.028846153846153848 0.1045673076923077
0 0.35336538461538464 0.859375 0.03245192307692308 0.11778846153846154
0 0.32211538461538464 0.8713942307692307 0.03125 0.11658653846153846
0 0.29086538461538464 0.890625 0.03125 0.11298076923076923
0 0.25600961538461536 0.8846153846153846 0.03245192307692308 0.11658653846153846
0 0.22235576923076922 0.890625 0.03485576923076923 0.11658653846153846
0 0.18509615384615385 0.9014423076923077 0.037259615384615384 0.12620192307692307
0 0.15144230769230768 0.9014423076923077 0.03485576923076923 0.11778846153846154
0 0.11899038461538461 0.9038461538461539 0.036057692307692304 0.12139423076923077
0 0.08173076923076923 0.9110576923076923 0.03485576923076923 0.12139423076923077
0 0.04807692307692308 0.9182692307692307 0.036057692307692304 0.1141826923076923
0 0.014423076923076924 0.9230769230769231 0.028846153846153848 0.11778846153846154