0 0.41586538461538464 0.12259615384615384 0.026442307692307692 0.11899038461538461
0 0.5120192307692307 0.10576923076923077 0.028846153846153848 0.11298076923076923
0 0.7043269230769231 0.37259615384615385 0.030048076923076924 0.10576923076923077
0 0.6730769230769231 0.3641826923076923 0.03125 0.10576923076923077
0 0.6394230769230769 0.36778846153846156 0.026442307692307692 0.11658653846153846
0 0.6081730769230769 0.38100961538461536 0.027644230769230768 0.11298076923076923
0 0.5745192307692307 0.37259615384615385 0.026442307692307692 0.12259615384615384
0 0.5420673076923077 0.3713942307692308 0.028846153846153848 0.11538461538461539
0 0.5072115384615384 0.38221153846153844 0.027644230769230768 0.11298076923076923
0 0.5757211538461539 0.49759615384615385 0.027644230769230768 0.11899038461538461
0 0.5444711538461539 0.4987980769230769 0.030048076923076924 0.1141826923076923
0 0.5072115384615384 0.5 0.026442307692307692 0.10817307692307693
0 0.3581730769230769 0.703125 0.06850961538461539 0.055288461538461536
0 0.5612980769230769 0.11899038461538461 0.025240384615384616 0.11658653846153846
0 0.46634615384615385 0.11538461538461539 0.026442307692307692 0.11899038461538461
0 0.3581730769230769 0.11899038461538461 0.042067307692307696 0.11298076923076923
0 0.6081730769230769 0.5096153846153846 0.028846153846153848 0.11057692307692307
0 0.6418269230769231 0.5012019230769231 0.027644230769230768 0.11538461538461539
0 0.6370192307692307 0.7620192307692307 0.028846153846153848 0.11778846153846154
0 0.6033653846153846 0.7608173076923077 0.025240384615384616 0.09495192307692307
0 0.5733173076923077 0.7680288461538461 0.027644230769230768 0.11057692307692307
0 0.5384615384615384 0.7572115384615384 0.026442307692307692 0.09735576923076923
0 0.5036057692307693 0.765625 0.027644230769230768 0.11057692307692307
0 0.3605769230769231 0.7848557692307693 0.06850961538461539 0.052884615384615384
0 0.35336538461538464 0.8677884615384616 0.06610576923076923 0.055288461538461536
0 0.5769230769230769 0.8810096153846154 0.027644230769230768 0.10096153846153846
0 0.6057692307692307 0.8858173076923077 0.027644230769230768 0.11778846153846154
0 0.6394230769230769 0.8930288461538461 0.030048076923076924 0.11298076923076923
0 0.6706730769230769 0.8930288461538461 0.030048076923076924 0.09975961538461539
0 0.3581730769230769 0.5348557692307693 0.06129807692307692 0.055288461538461536
0 0.35336538461538464 0.37259615384615385 0.06370192307692307 0.04807692307692308
0 0.3605769230769231 0.2860576923076923 0.06490384615384616 0.05048076923076923
0 0.7367788461538461 0.3786057692307692 0.030048076923076924 0.10817307692307693
0 0.6117788461538461 0.11899038461538461 0.027644230769230768 0.11057692307692307
0 0.36899038461538464 0.9543269230769231 0.06129807692307692 0.052884615384615384
0 0.6730769230769231 0.7596153846153846 0.027644230769230768 0.12139423076923077
0 0.7043269230769231 0.8894230769230769 0.028846153846153848 0.10817307692307693
0 0.7043269230769231 0.7680288461538461 0.026442307692307692 0.11298076923076923
0 0.7355769230769231 0.7620192307692307 0.03125 0.11538461538461539
0 0.7680288461538461 0.7608173076923077 0.03125 0.11899038461538461
0 0.7379807692307693 0.8870192307692307 0.030048076923076924 0.11658653846153846
0 0.7680288461538461 0.8870192307692307 0.027644230769230768 0.10697115384615384
0 0.7992788461538461 0.8846153846153846 0.030048076923076924 0.11538461538461539
0 0.8341346153846154 0.8930288461538461 0.028846153846153848 0.10576923076923077
0 0.7980769230769231 0.765625 0.028846153846153848 0.10817307692307693
0 0.8317307692307693 0.7680288461538461 0.030048076923076924 0.10576923076923077
0 0.8629807692307693 0.7620192307692307 0.03485576923076923 0.11899038461538461
0 0.8942307692307693 0.7572115384615384 0.030048076923076924 0.10697115384615384
0 0.9242788461538461 0.7572115384615384 0.03365384615384615 0.10576923076923077
0 0.9579326923076923 0.7512019230769231 0.03485576923076923 0.10576923076923077
0 0.9867788461538461 0.7584134615384616 0.02403846153846154 0.09134615384615384
0 0.8629807692307693 0.8858173076923077 0.027644230769230768 0.09615384615384616
0 0.8942307692307693 0.8822115384615384 0.030048076923076924 0.109375
0 0.9278846153846154 0.8834134615384616 0.037259615384615384 0.10576923076923077
0 0.9591346153846154 0.8834134615384616 0.030048076923076924 0.10697115384615384
0 0.9867788461538461 0.8834134615384616 0.025240384615384616 0.1045673076923077
0 0.65625 0.11538461538461539 0.025240384615384616 0.10336538461538461
0 0.7463942307692307 0.13221153846153846 0.030048076923076924 0.10817307692307693
0 0.7956730769230769 0.12860576923076922 0.030048076923076924 0.10697115384615384
0 0.8353365384615384 0.13341346153846154 0.03245192307692308 0.10817307692307693
0 0.8677884615384616 0.12259615384615384 0.026442307692307692 0.10697115384615384
0 0.8966346153846154 0.12740384615384615 0.030048076923076924 0.109375
0 0.9266826923076923 0.13701923076923078 0.030048076923076924 0.1141826923076923
0 0.9591346153846154 0.14182692307692307 0.03245192307692308 0.10576923076923077
0 0.9855769230769231 0.13701923076923078 0.025240384615384616 0.11057692307692307
0 0.9831730769230769 0.3870192307692308 0.03245192307692308 0.1045673076923077
0 0.9519230769230769 0.3858173076923077 0.03245192307692308 0.10576923076923077
0 0.984375 0.5096153846153846 0.028846153846153848 0.10697115384615384
0 0.9567307692307693 0.5 0.030048076923076924 0.1045673076923077
0 0.9254807692307693 0.5096153846153846 0.03485576923076923 0.10576923076923077
0 0.8918269230769231 0.3858173076923077 0.03365384615384615 0.10817307692307693
0 0.9206730769230769 0.3786057692307692 0.030048076923076924 0.10697115384615384
0 0.8629807692307693 0.38100961538461536 0.03245192307692308 0.10096153846153846
0 0.8293269230769231 0.37740384615384615 0.028846153846153848 0.10817307692307693
0 0.8004807692307693 0.375 0.03245192307692308 0.109375
0 0.8942307692307693 0.5120192307692307 0.03245192307692308 0.10576923076923077
0 0.8629807692307693 0.5012019230769231 0.028846153846153848 0.10697115384615384
0 0.8329326923076923 0.5012019230769231 0.03125 0.11298076923076923
0 0.8004807692307693 0.5060096153846154 0.030048076923076924 0.10096153846153846
0 0.7716346153846154 0.5036057692307693 0.028846153846153848 0.11057692307692307
0 0.7391826923076923 0.5036057692307693 0.028846153846153848 0.10576923076923077
0 0.7079326923076923 0.5024038461538461 0.028846153846153848 0.11778846153846154
0 0.6754807692307693 0.5084134615384616 0.027644230769230768 0.11057692307692307