0 0.44471153846153844 0.44471153846153844 0.036057692307692304 0.14903846153846154
0 0.38100961538461536 0.2668269230769231 0.03485576923076923 0.13701923076923078
0 0.33653846153846156 0.25600961538461536 0.03485576923076923 0.12860576923076922
0 0.2980769230769231 0.24278846153846154 0.036057692307692304 0.140625
0 0.25961538461538464 0.2512019230769231 0.03485576923076923 0.14543269230769232
0 0.21634615384615385 0.2608173076923077 0.04326923076923077 0.13701923076923078
0 0.1778846153846154 0.2536057692307692 0.038461538461538464 0.125
0 0.13822115384615385 0.2620192307692308 0.03485576923076923 0.10697115384615384
0 0.09735576923076923 0.2536057692307692 0.039663461538461536 0.13581730769230768
0 0.057692307692307696 0.24759615384615385 0.038461538461538464 0.14182692307692307
0 0.019230769230769232 0.25600961538461536 0.038461538461538464 0.12259615384615384
0 0.4831730769230769 0.038461538461538464 0.0829326923076923 0.07692307692307693
0 0.27884615384615385 0.5637019230769231 0.055288461538461536 0.13942307692307693
0 0.234375 0.5552884615384616 0.052884615384615384 0.15144230769230768
0 0.19471153846153846 0.5564903846153846 0.04927884615384615 0.13341346153846154
0 0.15504807692307693 0.5661057692307693 0.04807692307692308 0.13221153846153846
0 0.11658653846153846 0.5769230769230769 0.051682692307692304 0.12379807692307693
0 0.03485576923076923 0.5588942307692307 0.06129807692307692 0.13942307692307693
0 0.01201923076923077 0.5637019230769231 0.02403846153846154 0.12620192307692307
0 0.03125 0.828125 0.0625 0.13701923076923078
0 0.07692307692307693 0.8293269230769231 0.056490384615384616 0.140625
0 0.12620192307692307 0.8197115384615384 0.056490384615384616 0.13942307692307693
0 0.1622596153846154 0.8401442307692307 0.05889423076923077 0.13581730769230768
0 0.2127403846153846 0.8377403846153846 0.052884615384615384 0.12860576923076922
0 0.2548076923076923 0.8413461538461539 0.057692307692307696 0.13701923076923078
0 0.3088942307692308 0.8425480769230769 0.05889423076923077 0.14543269230769232
0 0.3545673076923077 0.8569711538461539 0.04807692307692308 0.12259615384615384
0 0.39903846153846156 0.8641826923076923 0.05889423076923077 0.14423076923076922
0 0.4519230769230769 0.8317307692307693 0.051682692307692304 0.1310096153846154
0 0.49399038461538464 0.8389423076923077 0.04927884615384615 0.125
0 0.5408653846153846 0.859375 0.04807692307692308 0.12620192307692307