0 0.9807692307692307 0.3245192307692308 0.03245192307692308 0.10096153846153846
0 0.984375 0.44591346153846156 0.028846153846153848 0.09254807692307693
0 0.9555288461538461 0.44591346153846156 0.03125 0.09615384615384616
0 0.9254807692307693 0.4411057692307692 0.03245192307692308 0.10576923076923077
0 0.8978365384615384 0.4519230769230769 0.027644230769230768 0.09735576923076923
0 0.8701923076923077 0.4519230769230769 0.028846153846153848 0.10817307692307693
0 0.9519230769230769 0.32091346153846156 0.03125 0.09975961538461539
0 0.9230769230769231 0.32211538461538464 0.030048076923076924 0.10336538461538461
0 0.8942307692307693 0.31490384615384615 0.027644230769230768 0.09134615384615384
0 0.8665865384615384 0.3233173076923077 0.03125 0.10817307692307693
0 0.8401442307692307 0.4519230769230769 0.030048076923076924 0.10817307692307693
0 0.8112980769230769 0.45552884615384615 0.027644230769230768 0.10096153846153846
0 0.8365384615384616 0.3233173076923077 0.030048076923076924 0.0985576923076923
0 0.8052884615384616 0.3161057692307692 0.03245192307692308 0.10576923076923077
0 0.7740384615384616 0.328125 0.028846153846153848 0.10817307692307693
0 0.7463942307692307 0.328125 0.03245192307692308 0.11057692307692307
0 0.7127403846153846 0.33413461538461536 0.030048076923076924 0.09975961538461539
0 0.6826923076923077 0.33774038461538464 0.028846153846153848 0.10697115384615384
0 0.6538461538461539 0.3401442307692308 0.030048076923076924 0.11658653846153846
0 0.6213942307692307 0.3401442307692308 0.030048076923076924 0.11298076923076923
0 0.5901442307692307 0.33653846153846156 0.030048076923076924 0.1141826923076923
0 0.5576923076923077 0.3401442307692308 0.027644230769230768 0.11298076923076923
0 0.5240384615384616 0.34134615384615385 0.025240384615384616 0.109375
0 0.49158653846153844 0.34134615384615385 0.027644230769230768 0.109375
0 0.7824519230769231 0.4567307692307692 0.030048076923076924 0.1045673076923077
0 0.7487980769230769 0.4495192307692308 0.030048076923076924 0.10096153846153846
0 0.7175480769230769 0.4519230769230769 0.030048076923076924 0.10576923076923077
0 0.6887019230769231 0.453125 0.028846153846153848 0.10576923076923077
0 0.6574519230769231 0.45913461538461536 0.030048076923076924 0.10576923076923077
0 0.6274038461538461 0.46153846153846156 0.030048076923076924 0.0985576923076923
0 0.5949519230769231 0.4651442307692308 0.030048076923076924 0.11658653846153846
0 0.5612980769230769 0.46153846153846156 0.027644230769230768 0.11298076923076923
0 0.5276442307692307 0.4675480769230769 0.03125 0.12139423076923077
0 0.49399038461538464 0.46634615384615385 0.027644230769230768 0.11778846153846154
0 0.5192307692307693 0.5709134615384616 0.06129807692307692 0.05048076923076923
0 0.46153846153846156 0.4699519230769231 0.030048076923076924 0.10697115384615384
0 0.4543269230769231 0.3449519230769231 0.028846153846153848 0.11057692307692307
0 0.42427884615384615 0.3473557692307692 0.030048076923076924 0.11057692307692307
0 0.390625 0.3545673076923077 0.027644230769230768 0.11658653846153846
0 0.3954326923076923 0.47836538461538464 0.03125 0.1045673076923077
0 0.42908653846153844 0.47115384615384615 0.03125 0.11298076923076923
0 0.35697115384615385 0.3581730769230769 0.030048076923076924 0.11057692307692307
0 0.359375 0.47596153846153844 0.030048076923076924 0.11298076923076923
0 0.3245192307692308 0.3581730769230769 0.03125 0.11658653846153846
0 0.328125 0.4807692307692308 0.03245192307692308 0.11538461538461539
0 0.2956730769230769 0.484375 0.03245192307692308 0.11057692307692307
0 0.2920673076923077 0.3581730769230769 0.028846153846153848 0.11298076923076923
0 0.25841346153846156 0.359375 0.028846153846153848 0.11538461538461539
0 0.26322115384615385 0.49399038461538464 0.030048076923076924 0.11538461538461539
0 0.23076923076923078 0.4891826923076923 0.03485576923076923 0.11778846153846154
0 0.22355769230769232 0.3605769230769231 0.03245192307692308 0.11538461538461539
0 0.19230769230769232 0.3713942307692308 0.030048076923076924 0.1141826923076923
0 0.1622596153846154 0.3629807692307692 0.03125 0.09254807692307693
0 0.12980769230769232 0.359375 0.030048076923076924 0.10697115384615384
0 0.09735576923076923 0.3713942307692308 0.03365384615384615 0.10817307692307693
0 0.0625 0.37259615384615385 0.03365384615384615 0.10096153846153846
0 0.027644230769230768 0.3786057692307692 0.037259615384615384 0.1141826923076923
0 0.004807692307692308 0.3858173076923077 0.009615384615384616 0.109375
0 0.1971153846153846 0.49399038461538464 0.03125 0.1045673076923077
0 0.16466346153846154 0.49278846153846156 0.03365384615384615 0.10336538461538461
0 0.13341346153846154 0.49759615384615385 0.03125 0.109375
0 0.10096153846153846 0.49759615384615385 0.03245192307692308 0.10817307692307693
0 0.06971153846153846 0.5012019230769231 0.03125 0.10817307692307693
0 0.037259615384615384 0.5036057692307693 0.03485576923076923 0.09615384615384616
0 0.010817307692307692 0.5168269230769231 0.021634615384615384 0.10817307692307693
0 0.02403846153846154 0.21754807692307693 0.046875 0.051682692307692304
0 0.984375 0.6778846153846154 0.028846153846153848 0.10817307692307693
0 0.9579326923076923 0.6766826923076923 0.03245192307692308 0.11057692307692307
0 0.9278846153846154 0.6850961538461539 0.03125 0.09735576923076923
0 0.9002403846153846 0.6850961538461539 0.027644230769230768 0.10697115384615384
0 0.8701923076923077 0.6814903846153846 0.03245192307692308 0.10817307692307693
0 0.8401442307692307 0.6850961538461539 0.030048076923076924 0.10697115384615384
0 0.8137019230769231 0.6935096153846154 0.030048076923076924 0.10096153846153846
0 0.7836538461538461 0.6911057692307693 0.03125 0.10576923076923077
0 0.7536057692307693 0.6947115384615384 0.028846153846153848 0.10697115384615384
0 0.7247596153846154 0.703125 0.030048076923076924 0.1141826923076923
0 0.6947115384615384 0.7043269230769231 0.030048076923076924 0.10817307692307693
0 0.6598557692307693 0.7091346153846154 0.03125 0.11057692307692307
0 0.6286057692307693 0.7127403846153846 0.030048076923076924 0.10697115384615384
0 0.5997596153846154 0.7115384615384616 0.030048076923076924 0.109375
0 0.5661057692307693 0.7139423076923077 0.027644230769230768 0.109375
0 0.5360576923076923 0.7175480769230769 0.03125 0.11899038461538461
0 0.5012019230769231 0.7175480769230769 0.030048076923076924 0.11298076923076923
0 0.4699519230769231 0.7283653846153846 0.027644230769230768 0.1141826923076923
0 0.43509615384615385 0.734375 0.030048076923076924 0.09134615384615384
0 0.4026442307692308 0.7295673076923077 0.027644230769230768 0.109375
0 0.3713942307692308 0.7379807692307693 0.03125 0.1141826923076923
0 0.33653846153846156 0.7379807692307693 0.030048076923076924 0.109375
0 0.30288461538461536 0.7427884615384616 0.030048076923076924 0.11057692307692307
0 0.27163461538461536 0.7415865384615384 0.028846153846153848 0.11057692307692307
0 0.2403846153846154 0.734375 0.028846153846153848 0.11538461538461539
0 0.20673076923076922 0.7475961538461539 0.03125 0.11658653846153846
0 0.17427884615384615 0.75 0.030048076923076924 0.11057692307692307
0 0.14182692307692307 0.7487980769230769 0.03365384615384615 0.11538461538461539
0 0.10817307692307693 0.7427884615384616 0.03365384615384615 0.11057692307692307
0 0.07692307692307693 0.7512019230769231 0.03245192307692308 0.11538461538461539
0 0.04447115384615385 0.7475961538461539 0.03365384615384615 0.109375
0 0.014423076923076924 0.7596153846153846 0.027644230769230768 0.10697115384615384
0 0.003605769230769231 0.12379807692307693 0.007211538461538462 0.11298076923076923
0 0.020432692307692308 0.11298076923076923 0.03365384615384615 0.11899038461538461
0 0.056490384615384616 0.12139423076923077 0.037259615384615384 0.11057692307692307
0 0.09134615384615384 0.11538461538461539 0.03485576923076923 0.11057692307692307
0 0.125 0.1045673076923077 0.03125 0.10817307692307693
0 0.15745192307692307 0.11298076923076923 0.030048076923076924 0.11538461538461539
0 0.18990384615384615 0.1141826923076923 0.030048076923076924 0.10096153846153846
0 0.22115384615384615 0.109375 0.026442307692307692 0.11538461538461539
0 0.2536057692307692 0.0985576923076923 0.03245192307692308 0.10336538461538461
0 0.28846153846153844 0.0985576923076923 0.027644230769230768 0.11298076923076923
0 0.31850961538461536 0.08774038461538461 0.027644230769230768 0.109375
0 0.35336538461538464 0.09735576923076923 0.028846153846153848 0.11298076923076923
0 0.3858173076923077 0.09254807692307693 0.027644230769230768 0.11538461538461539
0 0.4182692307692308 0.09254807692307693 0.030048076923076924 0.11298076923076923
0 0.4495192307692308 0.0889423076923077 0.028846153846153848 0.10817307692307693
0 0.484375 0.07211538461538461 0.030048076923076924 0.11778846153846154
0 0.5180288461538461 0.07932692307692307 0.030048076923076924 0.1141826923076923
0 0.5504807692307693 0.08052884615384616 0.026442307692307692 0.109375
0 0.5817307692307693 0.08173076923076923 0.03125 0.11658653846153846
0 0.6141826923076923 0.07932692307692307 0.027644230769230768 0.11057692307692307
0 0.6454326923076923 0.08653846153846154 0.027644230769230768 0.11658653846153846
0 0.6766826923076923 0.08052884615384616 0.027644230769230768 0.11298076923076923
0 0.7067307692307693 0.08774038461538461 0.027644230769230768 0.11057692307692307
0 0.7379807692307693 0.0829326923076923 0.03125 0.10697115384615384
0 0.7668269230769231 0.07932692307692307 0.030048076923076924 0.09254807692307693
0 0.7944711538461539 0.0829326923076923 0.027644230769230768 0.10576923076923077
0 0.8257211538461539 0.07932692307692307 0.03125 0.10697115384615384
0 0.8557692307692307 0.078125 0.030048076923076924 0.09134615384615384
0 0.8882211538461539 0.08052884615384616 0.03245192307692308 0.10817307692307693
0 0.9146634615384616 0.06610576923076923 0.028846153846153848 0.09975961538461539
0 0.9447115384615384 0.0733173076923077 0.030048076923076924 0.11658653846153846
0 0.9747596153846154 0.078125 0.027644230769230768 0.10096153846153846
0 0.9927884615384616 0.078125 0.01201923076923077 0.10817307692307693
0 0.9927884615384616 0.008413461538461538 0.009615384615384616 0.016826923076923076
0 0.9723557692307693 0.009615384615384616 0.027644230769230768 0.018028846153846152
0 0.9423076923076923 0.008413461538461538 0.03245192307692308 0.016826923076923076
0 0.9110576923076923 0.007211538461538462 0.026442307692307692 0.014423076923076924
0 0.8834134615384616 0.009615384615384616 0.027644230769230768 0.019230769230769232
0 0.8557692307692307 0.008413461538461538 0.028846153846153848 0.016826923076923076
0 0.8245192307692307 0.013221153846153846 0.028846153846153848 0.026442307692307692
0 0.7932692307692307 0.009615384615384616 0.025240384615384616 0.019230769230769232
0 0.7644230769230769 0.013221153846153846 0.028846153846153848 0.026442307692307692
0 0.734375 0.010817307692307692 0.027644230769230768 0.021634615384615384
0 0.7019230769230769 0.009615384615384616 0.027644230769230768 0.018028846153846152
0 0.6742788461538461 0.008413461538461538 0.02403846153846154 0.016826923076923076
0 0.6418269230769231 0.007211538461538462 0.026442307692307692 0.014423076923076924
0 0.5456730769230769 0.008413461538461538 0.027644230769230768 0.016826923076923076
0 0.5120192307692307 0.007211538461538462 0.027644230769230768 0.014423076923076924
0 0.4831730769230769 0.008413461538461538 0.028846153846153848 0.016826923076923076
0 0.44591346153846156 0.008413461538461538 0.027644230769230768 0.016826923076923076
0 0.41346153846153844 0.009615384615384616 0.027644230769230768 0.018028846153846152
0 0.38100961538461536 0.016826923076923076 0.027644230769230768 0.03365384615384615
0 0.35096153846153844 0.018028846153846152 0.028846153846153848 0.036057692307692304
0 0.31490384615384615 0.013221153846153846 0.028846153846153848 0.026442307692307692
0 0.2848557692307692 0.014423076923076924 0.026442307692307692 0.027644230769230768
0 0.25600961538461536 0.018028846153846152 0.027644230769230768 0.036057692307692304
0 0.21995192307692307 0.021634615384615384 0.027644230769230768 0.04326923076923077
0 0.18629807692307693 0.016826923076923076 0.03125 0.03365384615384615
0 0.1502403846153846 0.019230769230769232 0.036057692307692304 0.038461538461538464
0 0.11658653846153846 0.02283653846153846 0.03125 0.04567307692307692
0 0.08413461538461539 0.021634615384615384 0.03365384615384615 0.04326923076923077
0 0.04927884615384615 0.025240384615384616 0.03485576923076923 0.05048076923076923
0 0.015625 0.02403846153846154 0.030048076923076924 0.046875