0 0.5168269230769231 0.8629807692307693 0.03365384615384615 0.140625
0 0.4735576923076923 0.8389423076923077 0.037259615384615384 0.15144230769230768
0 0.4338942307692308 0.8485576923076923 0.036057692307692304 0.14182692307692307
0 0.3918269230769231 0.8485576923076923 0.038461538461538464 0.15144230769230768
0 0.35216346153846156 0.8569711538461539 0.042067307692307696 0.14543269230769232
0 0.5612980769230769 0.8389423076923077 0.038461538461538464 0.14543269230769232
0 0.6057692307692307 0.8401442307692307 0.03365384615384615 0.13581730769230768
0 0.6430288461538461 0.8425480769230769 0.03485576923076923 0.13701923076923078
0 0.6911057692307693 0.8641826923076923 0.04447115384615385 0.18028846153846154
0 0.484375 0.5072115384615384 0.08173076923076923 0.06370192307692307
0 0.33774038461538464 0.5060096153846154 0.07692307692307693 0.06129807692307692
0 0.2439903846153846 0.5084134615384616 0.08413461538461539 0.06009615384615385
0 0.13822115384615385 0.5168269230769231 0.09014423076923077 0.06129807692307692
0 0.7271634615384616 0.8365384615384616 0.03245192307692308 0.13942307692307693
0 0.765625 0.8317307692307693 0.03485576923076923 0.1310096153846154
0 0.8028846153846154 0.8269230769230769 0.03485576923076923 0.15264423076923078
0 0.8473557692307693 0.8401442307692307 0.038461538461538464 0.14182692307692307
0 0.8846153846153846 0.8125 0.03485576923076923 0.1310096153846154
0 0.9230769230769231 0.8125 0.03485576923076923 0.13341346153846154
0 0.9639423076923077 0.8088942307692307 0.037259615384615384 0.08653846153846154
0 0.8545673076923077 0.4987980769230769 0.07211538461538461 0.06610576923076923
0 0.9399038461538461 0.4987980769230769 0.07692307692307693 0.056490384615384616
0 0.08533653846153846 0.8689903846153846 0.046875 0.14302884615384615
0 0.13701923076923078 0.859375 0.042067307692307696 0.1502403846153846
0 0.1778846153846154 0.8449519230769231 0.038461538461538464 0.1310096153846154
0 0.22235576923076922 0.8509615384615384 0.038461538461538464 0.14423076923076922
0 0.2668269230769231 0.8605769230769231 0.037259615384615384 0.15865384615384615
0 0.3088942307692308 0.8473557692307693 0.037259615384615384 0.14903846153846154
0 0.9903846153846154 0.8112980769230769 0.016826923076923076 0.13942307692307693
0 0.08774038461538461 0.9735576923076923 0.046875 0.04807692307692308