0 0.9915865384615384 0.27524038461538464 0.01201923076923077 0.10817307692307693
0 0.9819711538461539 0.39903846153846156 0.03365384615384615 0.10697115384615384
0 0.9699519230769231 0.2692307692307692 0.03365384615384615 0.1045673076923077
0 0.9411057692307693 0.28365384615384615 0.037259615384615384 0.10697115384615384
0 0.9891826923076923 0.040865384615384616 0.016826923076923076 0.08173076923076923
0 0.9627403846153846 0.04326923076923077 0.03245192307692308 0.08653846153846154
0 0.9314903846153846 0.040865384615384616 0.028846153846153848 0.08173076923076923
0 0.9014423076923077 0.04326923076923077 0.03245192307692308 0.08653846153846154
0 0.8689903846153846 0.055288461538461536 0.03485576923076923 0.109375
0 0.8293269230769231 0.054086538461538464 0.03485576923076923 0.10817307692307693
0 0.7824519230769231 0.0625 0.03245192307692308 0.10697115384615384
0 0.6935096153846154 0.06009615384615385 0.03245192307692308 0.10096153846153846
0 0.6502403846153846 0.0733173076923077 0.030048076923076924 0.109375
0 0.5997596153846154 0.08173076923076923 0.028846153846153848 0.11538461538461539
0 0.5528846153846154 0.07932692307692307 0.030048076923076924 0.11057692307692307
0 0.5072115384615384 0.09615384615384616 0.03125 0.11899038461538461
0 0.45913461538461536 0.11057692307692307 0.030048076923076924 0.11658653846153846
0 0.39903846153846156 0.12139423076923077 0.04807692307692308 0.11057692307692307
0 0.9098557692307693 0.2860576923076923 0.037259615384615384 0.10336538461538461
0 0.8810096153846154 0.2860576923076923 0.03485576923076923 0.10697115384615384
0 0.8497596153846154 0.2920673076923077 0.038461538461538464 0.109375
0 0.9543269230769231 0.4074519230769231 0.038461538461538464 0.1045673076923077
0 0.9194711538461539 0.40384615384615385 0.03365384615384615 0.10817307692307693
0 0.8894230769230769 0.4110576923076923 0.03245192307692308 0.11298076923076923
0 0.8581730769230769 0.41947115384615385 0.03125 0.0985576923076923
0 0.8293269230769231 0.41947115384615385 0.03245192307692308 0.109375
0 0.7872596153846154 0.30649038461538464 0.03365384615384615 0.1045673076923077
0 0.7980769230769231 0.42788461538461536 0.030048076923076924 0.10096153846153846
0 0.7572115384615384 0.3088942307692308 0.03245192307692308 0.10096153846153846
0 0.7668269230769231 0.4338942307692308 0.030048076923076924 0.1141826923076923
0 0.7259615384615384 0.30649038461538464 0.030048076923076924 0.1045673076923077
0 0.7355769230769231 0.44471153846153844 0.027644230769230768 0.10697115384615384
0 0.6947115384615384 0.3125 0.030048076923076924 0.1141826923076923
0 0.7043269230769231 0.44350961538461536 0.03125 0.11658653846153846
0 0.6646634615384616 0.33052884615384615 0.030048076923076924 0.11298076923076923
0 0.6706730769230769 0.4579326923076923 0.030048076923076924 0.11298076923076923
0 0.6310096153846154 0.33052884615384615 0.03125 0.11899038461538461
0 0.6370192307692307 0.4519230769230769 0.03245192307692308 0.11658653846153846
0 0.6081730769230769 0.4579326923076923 0.03245192307692308 0.1141826923076923
0 0.5985576923076923 0.33413461538461536 0.03365384615384615 0.11057692307692307
0 0.5649038461538461 0.35096153846153844 0.03245192307692308 0.11298076923076923
0 0.5721153846153846 0.4675480769230769 0.027644230769230768 0.10817307692307693
0 0.9891826923076923 0.6430288461538461 0.016826923076923076 0.10817307692307693
0 0.9939903846153846 0.765625 0.009615384615384616 0.10096153846153846
0 0.9747596153846154 0.7740384615384616 0.03365384615384615 0.10576923076923077
0 0.9675480769230769 0.6466346153846154 0.037259615384615384 0.1045673076923077
0 0.9362980769230769 0.6610576923076923 0.040865384615384616 0.11538461538461539
0 0.9050480769230769 0.6694711538461539 0.03485576923076923 0.10096153846153846
0 0.9146634615384616 0.7956730769230769 0.030048076923076924 0.1045673076923077
0 0.9447115384615384 0.7836538461538461 0.03125 0.09134615384615384
0 0.8737980769230769 0.6730769230769231 0.03245192307692308 0.11057692307692307
0 0.8810096153846154 0.7920673076923077 0.03245192307692308 0.11298076923076923
0 0.84375 0.6766826923076923 0.03485576923076923 0.11298076923076923
0 0.8509615384615384 0.8028846153846154 0.03245192307692308 0.10576923076923077
0 0.8112980769230769 0.6850961538461539 0.03365384615384615 0.10817307692307693
0 0.8197115384615384 0.8052884615384616 0.03245192307692308 0.11057692307692307
0 0.78125 0.6959134615384616 0.03245192307692308 0.10576923076923077
0 0.7884615384615384 0.8125 0.03245192307692308 0.1045673076923077
0 0.75 0.6911057692307693 0.030048076923076924 0.12139423076923077
0 0.7560096153846154 0.8245192307692307 0.030048076923076924 0.10096153846153846
0 0.8137019230769231 0.9375 0.06610576923076923 0.054086538461538464
0 0.9867788461538461 0.9807692307692307 0.025240384615384616 0.036057692307692304
0 0.9591346153846154 0.9831730769230769 0.03245192307692308 0.028846153846153848
0 0.921875 0.9891826923076923 0.026442307692307692 0.018028846153846152
0 0.859375 0.9927884615384616 0.021634615384615384 0.010817307692307692
0 0.8894230769230769 0.9927884615384616 0.02283653846153846 0.010817307692307692
0 0.8293269230769231 0.9927884615384616 0.02283653846153846 0.010817307692307692
0 0.7151442307692307 0.7019230769230769 0.03485576923076923 0.11538461538461539
0 0.7259615384615384 0.8317307692307693 0.03125 0.109375
0 0.6838942307692307 0.7067307692307693 0.027644230769230768 0.09134615384615384
0 0.6935096153846154 0.8317307692307693 0.030048076923076924 0.11658653846153846
0 0.6550480769230769 0.7199519230769231 0.03125 0.1141826923076923
0 0.6634615384615384 0.8293269230769231 0.027644230769230768 0.10096153846153846
0 0.6189903846153846 0.7151442307692307 0.030048076923076924 0.09254807692307693
0 0.5853365384615384 0.7295673076923077 0.03245192307692308 0.11057692307692307
0 0.41346153846153844 0.2848557692307692 0.0625 0.056490384615384616
0 0.41225961538461536 0.36899038461538464 0.06370192307692307 0.056490384615384616
0 0.42788461538461536 0.5288461538461539 0.0625 0.06009615384615385
0 0.4375 0.6983173076923077 0.0673076923076923 0.06610576923076923
0 0.44350961538461536 0.7788461538461539 0.07211538461538461 0.0625
0 0.44350961538461536 0.8605769230769231 0.06610576923076923 0.056490384615384616
0 0.4639423076923077 0.9447115384615384 0.06129807692307692 0.05889423076923077