0 0.4651442307692308 0.6802884615384616 0.09014423076923077 0.08052884615384616
0 0.4675480769230769 0.7536057692307693 0.07451923076923077 0.07211538461538461
0 0.4723557692307692 0.6045673076923077 0.0889423076923077 0.07692307692307693
0 0.4723557692307692 0.515625 0.09495192307692307 0.078125
0 0.4675480769230769 0.8305288461538461 0.09014423076923077 0.0733173076923077
0 0.6370192307692307 0.765625 0.0829326923076923 0.08173076923076923
0 0.18629807692307693 0.49399038461538464 0.09975961538461539 0.0733173076923077
0 0.09375 0.4831730769230769 0.10096153846153846 0.07091346153846154
0 0.09014423076923077 0.5661057692307693 0.09375 0.07451923076923077
0 0.0889423076923077 0.6514423076923077 0.08774038461538461 0.07211538461538461
0 0.17668269230769232 0.6610576923076923 0.08774038461538461 0.06850961538461539
0 0.18389423076923078 0.7355769230769231 0.09495192307692307 0.06971153846153846
0 0.18028846153846154 0.8822115384615384 0.0889423076923077 0.0733173076923077
0 0.18028846153846154 0.8100961538461539 0.08774038461538461 0.06610576923076923
0 0.17548076923076922 0.9579326923076923 0.09735576923076923 0.08052884615384616
0 0.3545673076923077 0.9663461538461539 0.10096153846153846 0.0625
0 0.3762019230769231 0.7524038461538461 0.0829326923076923 0.06610576923076923
0 0.4567307692307692 0.9026442307692307 0.09134615384615384 0.07451923076923077
0 0.45913461538461536 0.9711538461538461 0.07451923076923077 0.054086538461538464
0 0.3737980769230769 0.5072115384615384 0.09134615384615384 0.06971153846153846
0 0.36778846153846156 0.5865384615384616 0.10096153846153846 0.07451923076923077
0 0.36899038461538464 0.6730769230769231 0.0889423076923077 0.07091346153846154
0 0.109375 0.0889423076923077 0.09735576923076923 0.078125
0 0.2127403846153846 0.09975961538461539 0.08653846153846154 0.07211538461538461
0 0.21514423076923078 0.027644230769230768 0.09375 0.055288461538461536
0 0.12620192307692307 0.02403846153846154 0.08413461538461539 0.046875
0 0.3918269230769231 0.036057692307692304 0.0889423076923077 0.07211538461538461
0 0.38461538461538464 0.1141826923076923 0.0889423076923077 0.078125
0 0.47836538461538464 0.12379807692307693 0.09014423076923077 0.078125
0 0.4807692307692308 0.037259615384615384 0.07091346153846154 0.0733173076923077
0 0.6598557692307693 0.018028846153846152 0.07692307692307693 0.036057692307692304
0 0.6682692307692307 0.06490384615384616 0.06610576923076923 0.06129807692307692
0 0.6586538461538461 0.13581730769230768 0.08413461538461539 0.078125
0 0.7536057692307693 0.15865384615384615 0.08173076923076923 0.07451923076923077
0 0.6538461538461539 0.5348557692307693 0.08774038461538461 0.06850961538461539
0 0.6514423076923077 0.6141826923076923 0.08413461538461539 0.07091346153846154
0 0.6502403846153846 0.6911057692307693 0.08173076923076923 0.06610576923076923
0 0.8028846153846154 0.5276442307692307 0.07692307692307693 0.12860576923076922
0 0.8088942307692307 0.6490384615384616 0.07211538461538461 0.11899038461538461
0 0.8040865384615384 0.734375 0.06610576923076923 0.11298076923076923
0 0.7908653846153846 0.8112980769230769 0.07932692307692307 0.13221153846153846
0 0.7872596153846154 0.9014423076923077 0.07692307692307693 0.13221153846153846
0 0.7848557692307693 0.9699519230769231 0.056490384615384616 0.056490384615384616
0 0.6442307692307693 0.8425480769230769 0.08653846153846154 0.07091346153846154
0 0.6490384615384616 0.9182692307692307 0.0733173076923077 0.07211538461538461
0 0.6430288461538461 0.9747596153846154 0.08774038461538461 0.04567307692307692