0 0.40024038461538464 0.2920673076923077 0.03485576923076923 0.13942307692307693
0 0.3605769230769231 0.2824519230769231 0.03125 0.125
0 0.44350961538461536 0.2824519230769231 0.03245192307692308 0.13581730769230768
0 0.4387019230769231 0.8509615384615384 0.052884615384615384 0.13221153846153846
0 0.32211538461538464 0.28846153846153844 0.03365384615384615 0.10336538461538461
0 0.2824519230769231 0.2764423076923077 0.03245192307692308 0.1310096153846154
0 0.2439903846153846 0.2704326923076923 0.03365384615384615 0.13221153846153846
0 0.20552884615384615 0.2776442307692308 0.030048076923076924 0.12139423076923077
0 0.4831730769230769 0.2764423076923077 0.03245192307692308 0.13341346153846154
0 0.5216346153846154 0.28846153846153844 0.03245192307692308 0.125
0 0.5612980769230769 0.30288461538461536 0.03245192307692308 0.1310096153846154
0 0.6225961538461539 0.4735576923076923 0.03485576923076923 0.13942307692307693
0 0.65625 0.0889423076923077 0.07932692307692307 0.06850961538461539
0 0.16947115384615385 0.26802884615384615 0.03485576923076923 0.12620192307692307
0 0.1310096153846154 0.2692307692307692 0.03245192307692308 0.07451923076923077
0 0.09254807692307693 0.2668269230769231 0.038461538461538464 0.12740384615384615
0 0.057692307692307696 0.265625 0.040865384615384616 0.12259615384615384
0 0.019230769230769232 0.2824519230769231 0.038461538461538464 0.13221153846153846
0 0.46274038461538464 0.5829326923076923 0.05048076923076923 0.12860576923076922
0 0.4182692307692308 0.5745192307692307 0.04807692307692308 0.1502403846153846
0 0.3786057692307692 0.5769230769230769 0.046875 0.13581730769230768
0 0.33774038461538464 0.5865384615384616 0.04326923076923077 0.13221153846153846
0 0.2980769230769231 0.5925480769230769 0.04567307692307692 0.12379807692307693
0 0.21875 0.5721153846153846 0.05048076923076923 0.13581730769230768
0 0.1814903846153846 0.5769230769230769 0.04927884615384615 0.12379807692307693
0 0.027644230769230768 0.5637019230769231 0.04807692307692308 0.12860576923076922
0 0.7055288461538461 0.8665865384615384 0.04567307692307692 0.12139423076923077
0 0.6646634615384616 0.8461538461538461 0.046875 0.11658653846153846
0 0.6262019230769231 0.8425480769230769 0.05048076923076923 0.125
0 0.5733173076923077 0.8725961538461539 0.055288461538461536 0.13942307692307693
0 0.5324519230769231 0.8641826923076923 0.04927884615384615 0.11899038461538461
0 0.4879807692307692 0.8545673076923077 0.05889423076923077 0.13341346153846154
0 0.3942307692307692 0.8485576923076923 0.05048076923076923 0.125
0 0.34375 0.8533653846153846 0.054086538461538464 0.12740384615384615
0 0.3088942307692308 0.8293269230769231 0.054086538461538464 0.12620192307692307
0 0.25961538461538464 0.8365384615384616 0.052884615384615384 0.125
0 0.21754807692307693 0.8365384615384616 0.051682692307692304 0.1310096153846154
0 0.125 0.8269230769230769 0.051682692307692304 0.11899038461538461
0 0.08413461538461539 0.8161057692307693 0.0625 0.14903846153846154