0 0.12259615384615384 0.6418269230769231 0.027644230769230768 0.10697115384615384
0 0.2091346153846154 0.640625 0.027644230769230768 0.0985576923076923
0 0.17908653846153846 0.6418269230769231 0.030048076923076924 0.10697115384615384
0 0.1502403846153846 0.640625 0.025240384615384616 0.10576923076923077
0 0.09375 0.6418269230769231 0.026442307692307692 0.09975961538461539
0 0.06370192307692307 0.640625 0.03125 0.10096153846153846
0 0.03245192307692308 0.6430288461538461 0.030048076923076924 0.1141826923076923
0 0.008413461538461538 0.6370192307692307 0.016826923076923076 0.10817307692307693
0 0.36658653846153844 0.17307692307692307 0.030048076923076924 0.10576923076923077
0 0.328125 0.171875 0.027644230769230768 0.0985576923076923
0 0.2980769230769231 0.16706730769230768 0.027644230769230768 0.10697115384615384
0 0.23918269230769232 0.15985576923076922 0.028846153846153848 0.10697115384615384
0 0.2668269230769231 0.16346153846153846 0.030048076923076924 0.10697115384615384
0 0.2091346153846154 0.16105769230769232 0.028846153846153848 0.10096153846153846
0 0.17908653846153846 0.1658653846153846 0.030048076923076924 0.09735576923076923
0 0.1502403846153846 0.15985576923076922 0.028846153846153848 0.10336538461538461
0 0.12259615384615384 0.15865384615384615 0.027644230769230768 0.11057692307692307
0 0.06129807692307692 0.1658653846153846 0.03245192307692308 0.09254807692307693
0 0.03245192307692308 0.1658653846153846 0.03125 0.10096153846153846
0 0.009615384615384616 0.16947115384615385 0.019230769230769232 0.10817307692307693
0 0.27884615384615385 0.40865384615384615 0.030048076923076924 0.10817307692307693
0 0.24519230769230768 0.41586538461538464 0.028846153846153848 0.10096153846153846
0 0.21394230769230768 0.4110576923076923 0.027644230769230768 0.10576923076923077
0 0.1875 0.39302884615384615 0.026442307692307692 0.09495192307692307
0 0.15745192307692307 0.39903846153846156 0.027644230769230768 0.10096153846153846
0 0.12860576923076922 0.41225961538461536 0.028846153846153848 0.10096153846153846
0 0.09975961538461539 0.40024038461538464 0.028846153846153848 0.10096153846153846
0 0.07091346153846154 0.4074519230769231 0.03365384615384615 0.09975961538461539
0 0.04326923076923077 0.3954326923076923 0.03125 0.09975961538461539
0 0.014423076923076924 0.39302884615384615 0.027644230769230768 0.109375