0 0.12980769230769232 0.9483173076923077 0.04927884615384615 0.09975961538461539
0 0.08774038461538461 0.9711538461538461 0.039663461538461536 0.055288461538461536
0 0.046875 0.9663461538461539 0.04326923076923077 0.06370192307692307
0 0.23798076923076922 0.8689903846153846 0.05048076923076923 0.15384615384615385
0 0.28365384615384615 0.8545673076923077 0.05048076923076923 0.15985576923076922
0 0.3245192307692308 0.8401442307692307 0.054086538461538464 0.15865384615384615
0 0.4050480769230769 0.8185096153846154 0.04927884615384615 0.1658653846153846
0 0.44591346153846156 0.8004807692307693 0.05048076923076923 0.16346153846153846
0 0.4879807692307692 0.7836538461538461 0.05048076923076923 0.14543269230769232
0 0.5264423076923077 0.7692307692307693 0.05048076923076923 0.15985576923076922
0 0.5721153846153846 0.7439903846153846 0.04807692307692308 0.15745192307692307
0 0.7331730769230769 0.3581730769230769 0.08413461538461539 0.13221153846153846
0 0.7560096153846154 0.4338942307692308 0.07451923076923077 0.14302884615384615
0 0.7872596153846154 0.48197115384615385 0.07451923076923077 0.125
0 0.8137019230769231 0.5432692307692307 0.06370192307692307 0.09975961538461539
0 0.953125 0.6394230769230769 0.056490384615384616 0.13701923076923078
0 0.984375 0.453125 0.028846153846153848 0.0829326923076923
0 0.9759615384615384 0.36899038461538464 0.04567307692307692 0.1141826923076923
0 0.9663461538461539 0.30649038461538464 0.06610576923076923 0.11899038461538461
0 0.9362980769230769 0.25240384615384615 0.07091346153846154 0.10697115384615384
0 0.9098557692307693 0.19471153846153846 0.0829326923076923 0.12740384615384615
0 0.8689903846153846 0.14543269230769232 0.06610576923076923 0.09975961538461539
0 0.8557692307692307 0.06971153846153846 0.08533653846153846 0.13581730769230768
0 0.9471153846153846 0.042067307692307696 0.07211538461538461 0.0829326923076923
0 0.9711538461538461 0.0829326923076923 0.056490384615384616 0.12620192307692307
0 0.9831730769230769 0.15264423076923078 0.030048076923076924 0.09254807692307693