0 0.5432692307692307 0.11057692307692307 0.027644230769230768 0.10697115384615384
0 0.4963942307692308 0.29086538461538464 0.04927884615384615 0.04567307692307692
0 0.5456730769230769 0.22596153846153846 0.02403846153846154 0.10096153846153846
0 0.484375 0.056490384615384616 0.05889423076923077 0.05048076923076923
0 0.4855769230769231 0.11057692307692307 0.06009615384615385 0.051682692307692304
0 0.4963942307692308 0.15745192307692307 0.05889423076923077 0.056490384615384616
0 0.49278846153846156 0.2283653846153846 0.05889423076923077 0.05048076923076923
0 0.49399038461538464 0.3449519230769231 0.046875 0.042067307692307696
0 0.5504807692307693 0.35336538461538464 0.026442307692307692 0.11778846153846154
0 0.5 0.39903846153846156 0.06610576923076923 0.054086538461538464
0 0.5036057692307693 0.46634615384615385 0.056490384615384616 0.05048076923076923
0 0.3161057692307692 0.41346153846153844 0.052884615384615384 0.046875
0 0.3125 0.2980769230769231 0.06971153846153846 0.051682692307692304
0 0.32091346153846156 0.359375 0.06370192307692307 0.04807692307692308
0 0.3016826923076923 0.8557692307692307 0.06850961538461539 0.06129807692307692
0 0.6658653846153846 0.21394230769230768 0.06129807692307692 0.054086538461538464
0 0.6586538461538461 0.33653846153846156 0.06370192307692307 0.04567307692307692
0 0.6610576923076923 0.3870192307692308 0.06490384615384616 0.056490384615384616
0 0.31850961538461536 0.24158653846153846 0.052884615384615384 0.04447115384615385
0 0.3161057692307692 0.1814903846153846 0.05889423076923077 0.04807692307692308
0 0.30528846153846156 0.11899038461538461 0.07211538461538461 0.06009615384615385
0 0.2956730769230769 0.0625 0.06610576923076923 0.051682692307692304
0 0.30528846153846156 0.5973557692307693 0.07091346153846154 0.0625
0 0.30408653846153844 0.5336538461538461 0.05889423076923077 0.046875
0 0.30408653846153844 0.8954326923076923 0.06850961538461539 0.06009615384615385
0 0.6502403846153846 0.009615384615384616 0.056490384615384616 0.019230769230769232
0 0.5396634615384616 0.02283653846153846 0.030048076923076924 0.04567307692307692
0 0.4831730769230769 0.013221153846153846 0.0673076923076923 0.026442307692307692
0 0.29447115384615385 0.021634615384615384 0.06490384615384616 0.04326923076923077
0 0.6862980769230769 0.921875 0.03125 0.1141826923076923
0 0.6526442307692307 0.27524038461538464 0.06129807692307692 0.052884615384615384
0 0.6574519230769231 0.046875 0.0625 0.055288461538461536
0 0.30408653846153844 0.9567307692307693 0.06850961538461539 0.06009615384615385
0 0.31850961538461536 0.4675480769230769 0.06490384615384616 0.04807692307692308
0 0.5060096153846154 0.5733173076923077 0.0733173076923077 0.0625
0 0.5012019230769231 0.5192307692307693 0.06370192307692307 0.051682692307692304
0 0.5540865384615384 0.4699519230769231 0.027644230769230768 0.1045673076923077
0 0.6706730769230769 0.7223557692307693 0.06490384615384616 0.052884615384615384
0 0.6730769230769231 0.6069711538461539 0.05889423076923077 0.04567307692307692
0 0.6730769230769231 0.6622596153846154 0.06009615384615385 0.04807692307692308
0 0.6598557692307693 0.44350961538461536 0.06129807692307692 0.051682692307692304
0 0.6646634615384616 0.1045673076923077 0.06370192307692307 0.052884615384615384
0 0.6610576923076923 0.15504807692307693 0.05048076923076923 0.04807692307692308
0 0.42788461538461536 0.9711538461538461 0.028846153846153848 0.055288461538461536
0 0.45913461538461536 0.9651442307692307 0.025240384615384616 0.06610576923076923
0 0.49158653846153844 0.9675480769230769 0.027644230769230768 0.06009615384615385
0 0.5228365384615384 0.9627403846153846 0.027644230769230768 0.07091346153846154
0 0.5576923076923077 0.9567307692307693 0.027644230769230768 0.08173076923076923
0 0.5889423076923077 0.9567307692307693 0.027644230769230768 0.08173076923076923
0 0.6201923076923077 0.9519230769230769 0.03245192307692308 0.09254807692307693
0 0.6502403846153846 0.9483173076923077 0.025240384615384616 0.09975961538461539
0 0.6694711538461539 0.5552884615384616 0.056490384615384616 0.056490384615384616
0 0.6706730769230769 0.49759615384615385 0.06009615384615385 0.055288461538461536