0 0.4639423076923077 0.3401442307692308 0.030048076923076924 0.109375
0 0.38221153846153844 0.5841346153846154 0.03125 0.1141826923076923
0 0.25600961538461536 0.8221153846153846 0.028846153846153848 0.10817307692307693
0 0.3473557692307692 0.5961538461538461 0.026442307692307692 0.10817307692307693
0 0.31850961538461536 0.8269230769230769 0.027644230769230768 0.10817307692307693
0 0.2848557692307692 0.8269230769230769 0.030048076923076924 0.10817307692307693
0 0.22596153846153846 0.8269230769230769 0.02403846153846154 0.10697115384615384
0 0.19591346153846154 0.8317307692307693 0.026442307692307692 0.10817307692307693
0 0.1658653846153846 0.8293269230769231 0.030048076923076924 0.10697115384615384
0 0.1346153846153846 0.828125 0.028846153846153848 0.11057692307692307
0 0.10576923076923077 0.828125 0.027644230769230768 0.11298076923076923
0 0.0733173076923077 0.8473557692307693 0.030048076923076924 0.11538461538461539
0 0.040865384615384616 0.8341346153846154 0.03485576923076923 0.13701923076923078
0 0.01201923076923077 0.8377403846153846 0.02403846153846154 0.109375
0 0.3161057692307692 0.5913461538461539 0.027644230769230768 0.11057692307692307
0 0.3942307692307692 0.33653846153846156 0.028846153846153848 0.10817307692307693
0 0.3629807692307692 0.33413461538461536 0.030048076923076924 0.10817307692307693
0 0.3317307692307692 0.33052884615384615 0.026442307692307692 0.10576923076923077
0 0.2692307692307692 0.3329326923076923 0.027644230769230768 0.1045673076923077
0 0.3004807692307692 0.33052884615384615 0.02403846153846154 0.1045673076923077
0 0.2403846153846154 0.33052884615384615 0.026442307692307692 0.11298076923076923
0 0.21033653846153846 0.3329326923076923 0.027644230769230768 0.1141826923076923
0 0.1466346153846154 0.3425480769230769 0.028846153846153848 0.09134615384615384
0 0.11899038461538461 0.3473557692307692 0.025240384615384616 0.10336538461538461
0 0.09014423076923077 0.3485576923076923 0.030048076923076924 0.10817307692307693
0 0.06129807692307692 0.3425480769230769 0.030048076923076924 0.09615384615384616
0 0.030048076923076924 0.3317307692307692 0.030048076923076924 0.09735576923076923
0 0.007211538461538462 0.328125 0.014423076923076924 0.10096153846153846
0 0.28725961538461536 0.5721153846153846 0.025240384615384616 0.09975961538461539
0 0.25600961538461536 0.578125 0.025240384615384616 0.10096153846153846
0 0.22596153846153846 0.5961538461538461 0.026442307692307692 0.11057692307692307
0 0.1971153846153846 0.5841346153846154 0.027644230769230768 0.1045673076923077
0 0.16706730769230768 0.5913461538461539 0.027644230769230768 0.109375
0 0.13701923076923078 0.5793269230769231 0.027644230769230768 0.10096153846153846
0 0.10576923076923077 0.5793269230769231 0.030048076923076924 0.11298076923076923
0 0.07572115384615384 0.5829326923076923 0.028846153846153848 0.1045673076923077
0 0.04326923076923077 0.5817307692307693 0.03245192307692308 0.10096153846153846
0 0.015625 0.5829326923076923 0.030048076923076924 0.1045673076923077
0 0.4254807692307692 0.34134615384615385 0.025240384615384616 0.10336538461538461