0 0.8557692307692307 0.49399038461538464 0.0889423076923077 0.07451923076923077
0 0.8497596153846154 0.6550480769230769 0.09134615384615384 0.07451923076923077
0 0.8449519230769231 0.734375 0.08774038461538461 0.06610576923076923
0 0.5384615384615384 0.47115384615384615 0.08774038461538461 0.06490384615384616
0 0.5372596153846154 0.5456730769230769 0.07692307692307693 0.07091346153846154
0 0.4254807692307692 0.38100961538461536 0.09495192307692307 0.06971153846153846
0 0.4254807692307692 0.3016826923076923 0.09495192307692307 0.07211538461538461
0 0.7463942307692307 0.3161057692307692 0.0889423076923077 0.07451923076923077
0 0.8533653846153846 0.8930288461538461 0.08653846153846154 0.07211538461538461
0 0.7463942307692307 0.8112980769230769 0.08413461538461539 0.06971153846153846
0 0.7463942307692307 0.6490384615384616 0.08774038461538461 0.06490384615384616
0 0.4206730769230769 0.6370192307692307 0.08173076923076923 0.07211538461538461
0 0.5348557692307693 0.8149038461538461 0.09615384615384616 0.078125
0 0.5300480769230769 0.8966346153846154 0.09615384615384616 0.06850961538461539
0 0.7403846153846154 0.9711538461538461 0.07572115384615384 0.054086538461538464
0 0.8497596153846154 0.9675480769230769 0.08413461538461539 0.06009615384615385
0 0.9903846153846154 0.9266826923076923 0.018028846153846152 0.078125
0 0.9903846153846154 0.3329326923076923 0.016826923076923076 0.06610576923076923
0 0.8509615384615384 0.4074519230769231 0.08653846153846154 0.07091346153846154
0 0.8557692307692307 0.32211538461538464 0.08413461538461539 0.07451923076923077
0 0.7487980769230769 0.40384615384615385 0.0889423076923077 0.0733173076923077
0 0.026442307692307692 0.5372596153846154 0.052884615384615384 0.0733173076923077
0 0.020432692307692308 0.8786057692307693 0.040865384615384616 0.06971153846153846
0 0.19110576923076922 0.7163461538461539 0.08533653846153846 0.06971153846153846