0 0.8197115384615384 0.24639423076923078 0.055288461538461536 0.051682692307692304
0 0.6526442307692307 0.03245192307692308 0.03245192307692308 0.06370192307692307
0 0.6526442307692307 0.14423076923076922 0.03125 0.11778846153846154
0 0.6430288461538461 0.3016826923076923 0.030048076923076924 0.11658653846153846
0 0.5060096153846154 0.06610576923076923 0.05889423076923077 0.052884615384615384
0 0.5096153846153846 0.12259615384615384 0.057692307692307696 0.04807692307692308
0 0.5084134615384616 0.17668269230769232 0.06129807692307692 0.05889423076923077
0 0.5084134615384616 0.234375 0.056490384615384616 0.046875
0 0.5060096153846154 0.28846153846153844 0.06129807692307692 0.051682692307692304
0 0.5036057692307693 0.34615384615384615 0.0625 0.046875
0 0.4987980769230769 0.4014423076923077 0.06129807692307692 0.04447115384615385
0 0.5 0.46274038461538464 0.06129807692307692 0.042067307692307696
0 0.5 0.5168269230769231 0.06129807692307692 0.05048076923076923
0 0.4987980769230769 0.578125 0.06129807692307692 0.04447115384615385
0 0.5012019230769231 0.6310096153846154 0.06370192307692307 0.046875
0 0.49278846153846156 0.6887019230769231 0.0625 0.051682692307692304
0 0.3605769230769231 0.6105769230769231 0.055288461538461536 0.0733173076923077
0 0.3629807692307692 0.5504807692307693 0.06129807692307692 0.07211538461538461
0 0.3629807692307692 0.49038461538461536 0.052884615384615384 0.06490384615384616
0 0.36778846153846156 0.20192307692307693 0.056490384615384616 0.078125
0 0.24639423076923078 0.020432692307692308 0.055288461538461536 0.040865384615384616
0 0.24639423076923078 0.06850961538461539 0.055288461538461536 0.07692307692307693
0 0.24639423076923078 0.13221153846153846 0.06129807692307692 0.08052884615384616
0 0.24278846153846154 0.1971153846153846 0.056490384615384616 0.06370192307692307
0 0.24278846153846154 0.2704326923076923 0.054086538461538464 0.06850961538461539
0 0.23317307692307693 0.33052884615384615 0.056490384615384616 0.06129807692307692
0 0.2403846153846154 0.4014423076923077 0.055288461538461536 0.06370192307692307
0 0.23918269230769232 0.45913461538461536 0.05889423076923077 0.06610576923076923
0 0.23317307692307693 0.5216346153846154 0.06129807692307692 0.0733173076923077
0 0.234375 0.5889423076923077 0.06129807692307692 0.07692307692307693
0 0.23317307692307693 0.6502403846153846 0.06129807692307692 0.078125
0 0.2439903846153846 0.7247596153846154 0.052884615384615384 0.06850961538461539
0 0.22596153846153846 0.7788461538461539 0.06610576923076923 0.0733173076923077
0 0.23677884615384615 0.8569711538461539 0.06850961538461539 0.07211538461538461