0 0.5769230769230769 0.9627403846153846 0.07692307692307693 0.07091346153846154
0 0.5697115384615384 0.8762019230769231 0.07451923076923077 0.11298076923076923
0 0.5709134615384616 0.8016826923076923 0.05048076923076923 0.08173076923076923
0 0.5576923076923077 0.7067307692307693 0.06370192307692307 0.09134615384615384
0 0.5372596153846154 0.6069711538461539 0.07692307692307693 0.10336538461538461
0 0.5240384615384616 0.5072115384615384 0.07932692307692307 0.11298076923076923
0 0.5324519230769231 0.4254807692307692 0.06370192307692307 0.09254807692307693
0 0.5288461538461539 0.33653846153846156 0.078125 0.1045673076923077
0 0.5276442307692307 0.25961538461538464 0.06370192307692307 0.09615384615384616
0 0.4050480769230769 0.8629807692307693 0.07211538461538461 0.06129807692307692
0 0.3942307692307692 0.7295673076923077 0.07692307692307693 0.06490384615384616
0 0.3918269230769231 0.5865384615384616 0.08173076923076923 0.052884615384615384
0 0.3894230769230769 0.5204326923076923 0.08653846153846154 0.05889423076923077
0 0.38461538461538464 0.4411057692307692 0.0829326923076923 0.06370192307692307
0 0.38221153846153844 0.375 0.08173076923076923 0.06129807692307692
0 0.3870192307692308 0.30649038461538464 0.08052884615384616 0.06009615384615385
0 0.38461538461538464 0.23798076923076922 0.08173076923076923 0.0625
0 0.38100961538461536 0.16947115384615385 0.07572115384615384 0.055288461538461536
0 0.2091346153846154 0.17908653846153846 0.08653846153846154 0.06490384615384616
0 0.1201923076923077 0.1814903846153846 0.07932692307692307 0.06490384615384616
0 0.20673076923076922 0.25600961538461536 0.0829326923076923 0.06009615384615385
0 0.11658653846153846 0.2608173076923077 0.08774038461538461 0.07091346153846154
0 0.20192307692307693 0.3269230769230769 0.06610576923076923 0.06610576923076923
0 0.12620192307692307 0.3245192307692308 0.08413461538461539 0.06370192307692307
0 0.20673076923076922 0.390625 0.06971153846153846 0.06370192307692307
0 0.12620192307692307 0.39302884615384615 0.08533653846153846 0.054086538461538464
0 0.20432692307692307 0.4579326923076923 0.08774038461538461 0.0625
0 0.11658653846153846 0.46153846153846156 0.07932692307692307 0.056490384615384616
0 0.21153846153846154 0.5288461538461539 0.06850961538461539 0.05048076923076923
0 0.12620192307692307 0.5336538461538461 0.07692307692307693 0.06129807692307692
0 0.2127403846153846 0.5961538461538461 0.078125 0.06370192307692307
0 0.12740384615384615 0.6009615384615384 0.08052884615384616 0.06490384615384616
0 0.21754807692307693 0.6682692307692307 0.08413461538461539 0.06129807692307692
0 0.1346153846153846 0.6694711538461539 0.08052884615384616 0.06490384615384616
0 0.21514423076923078 0.8052884615384616 0.08774038461538461 0.0733173076923077
0 0.13341346153846154 0.8112980769230769 0.08653846153846154 0.06370192307692307
0 0.16826923076923078 0.8762019230769231 0.07451923076923077 0.0625