0 0.6622596153846154 0.025240384615384616 0.027644230769230768 0.05048076923076923
0 0.6658653846153846 0.11538461538461539 0.030048076923076924 0.10817307692307693
0 0.6526442307692307 0.4230769230769231 0.030048076923076924 0.11298076923076923
0 0.6502403846153846 0.5709134615384616 0.03125 0.10817307692307693
0 0.6418269230769231 0.703125 0.028846153846153848 0.10576923076923077
0 0.6418269230769231 0.8533653846153846 0.030048076923076924 0.1141826923076923
0 0.7283653846153846 0.9459134615384616 0.05889423076923077 0.1045673076923077
0 0.5048076923076923 0.4362980769230769 0.05889423076923077 0.05889423076923077
0 0.4951923076923077 0.5 0.05889423076923077 0.052884615384615384
0 0.4987980769230769 0.7295673076923077 0.04927884615384615 0.056490384615384616
0 0.49038461538461536 0.8990384615384616 0.0625 0.05889423076923077
0 0.5120192307692307 0.3233173076923077 0.055288461538461536 0.04807692307692308
0 0.5180288461538461 0.26802884615384615 0.04447115384615385 0.04447115384615385
0 0.5096153846153846 0.21153846153846154 0.051682692307692304 0.05048076923076923
0 0.5036057692307693 0.14903846153846154 0.056490384615384616 0.05048076923076923
0 0.5072115384615384 0.09014423076923077 0.05889423076923077 0.052884615384615384
0 0.5120192307692307 0.040865384615384616 0.05889423076923077 0.054086538461538464
0 0.5216346153846154 0.009615384615384616 0.06129807692307692 0.019230769230769232
0 0.375 0.040865384615384616 0.06129807692307692 0.06971153846153846
0 0.3737980769230769 0.09735576923076923 0.05889423076923077 0.07451923076923077
0 0.3713942307692308 0.265625 0.054086538461538464 0.06971153846153846
0 0.3737980769230769 0.32211538461538464 0.05889423076923077 0.07451923076923077
0 0.3581730769230769 0.6778846153846154 0.06129807692307692 0.06490384615384616
0 0.35336538461538464 0.7920673076923077 0.06610576923076923 0.078125
0 0.22596153846153846 0.9314903846153846 0.0625 0.07932692307692307
0 0.22115384615384615 0.9735576923076923 0.0625 0.04807692307692308
0 0.2247596153846154 0.8569711538461539 0.06129807692307692 0.078125
0 0.23076923076923078 0.8028846153846154 0.057692307692307696 0.06971153846153846
0 0.23076923076923078 0.7259615384615384 0.06490384615384616 0.0829326923076923
0 0.23317307692307693 0.6598557692307693 0.06490384615384616 0.07091346153846154
0 0.22956730769230768 0.5889423076923077 0.06370192307692307 0.09014423076923077
0 0.23557692307692307 0.5360576923076923 0.06129807692307692 0.07451923076923077
0 0.23918269230769232 0.4699519230769231 0.06490384615384616 0.078125
0 0.2403846153846154 0.4098557692307692 0.06610576923076923 0.07091346153846154
0 0.23798076923076922 0.3245192307692308 0.06490384615384616 0.08413461538461539
0 0.2439903846153846 0.2704326923076923 0.06370192307692307 0.07451923076923077
0 0.24879807692307693 0.20432692307692307 0.0625 0.08173076923076923
0 0.24879807692307693 0.13701923076923078 0.0625 0.07932692307692307
0 0.2548076923076923 0.0733173076923077 0.06370192307692307 0.07932692307692307
0 0.2536057692307692 0.02403846153846154 0.051682692307692304 0.046875