0 0.6009615384615384 0.4495192307692308 0.03245192307692308 0.12259615384615384
0 0.5637019230769231 0.44591346153846156 0.03485576923076923 0.12139423076923077
0 0.5276442307692307 0.44711538461538464 0.03125 0.1310096153846154
0 0.4891826923076923 0.4483173076923077 0.03485576923076923 0.1346153846153846
0 0.4519230769230769 0.45913461538461536 0.03125 0.12139423076923077
0 0.41466346153846156 0.45913461538461536 0.03245192307692308 0.1346153846153846
0 0.375 0.4735576923076923 0.037259615384615384 0.1310096153846154
0 0.3401442307692308 0.47836538461538464 0.030048076923076924 0.125
0 0.30528846153846156 0.4675480769230769 0.038461538461538464 0.125
0 0.2668269230769231 0.47596153846153844 0.036057692307692304 0.12860576923076922
0 0.6358173076923077 0.4495192307692308 0.03125 0.11538461538461539
0 0.6754807692307693 0.45552884615384615 0.03485576923076923 0.12259615384615384
0 0.7115384615384616 0.45552884615384615 0.03245192307692308 0.11899038461538461
0 0.7451923076923077 0.453125 0.03485576923076923 0.12860576923076922
0 0.7776442307692307 0.4483173076923077 0.03485576923076923 0.1346153846153846
0 0.8149038461538461 0.44591346153846156 0.03365384615384615 0.11658653846153846
0 0.8533653846153846 0.453125 0.03245192307692308 0.125
0 0.8858173076923077 0.43509615384615385 0.03365384615384615 0.10336538461538461
0 0.9194711538461539 0.4375 0.037259615384615384 0.1310096153846154
0 0.9543269230769231 0.42908653846153844 0.037259615384615384 0.11658653846153846
0 0.9627403846153846 0.7944711538461539 0.04447115384615385 0.13221153846153846
0 0.8930288461538461 0.7776442307692307 0.038461538461538464 0.13701923076923078
0 0.8233173076923077 0.7836538461538461 0.03485576923076923 0.13581730769230768
0 0.7872596153846154 0.7908653846153846 0.03245192307692308 0.12860576923076922
0 0.7524038461538461 0.796875 0.03245192307692308 0.12740384615384615
0 0.7163461538461539 0.7800480769230769 0.030048076923076924 0.11538461538461539
0 0.6814903846153846 0.8004807692307693 0.03485576923076923 0.13341346153846154
0 0.6442307692307693 0.8016826923076923 0.03125 0.125
0 0.6081730769230769 0.8052884615384616 0.030048076923076924 0.12620192307692307
0 0.5709134615384616 0.8028846153846154 0.03245192307692308 0.1310096153846154
0 0.5348557692307693 0.8149038461538461 0.03485576923076923 0.12740384615384615
0 0.49399038461538464 0.8185096153846154 0.03125 0.13581730769230768
0 0.4579326923076923 0.8137019230769231 0.03245192307692308 0.12139423076923077
0 0.421875 0.8197115384615384 0.030048076923076924 0.11778846153846154
0 0.38341346153846156 0.8197115384615384 0.036057692307692304 0.12740384615384615
0 0.3485576923076923 0.8293269230769231 0.03245192307692308 0.10697115384615384
0 0.3125 0.8233173076923077 0.03485576923076923 0.12139423076923077
0 0.27403846153846156 0.8064903846153846 0.03365384615384615 0.12139423076923077
0 0.2403846153846154 0.8221153846153846 0.03485576923076923 0.12379807692307693
0 0.203125 0.8233173076923077 0.038461538461538464 0.12259615384615384
0 0.9699519230769231 0.25 0.05889423076923077 0.06610576923076923
0 0.9074519230769231 0.0889423076923077 0.037259615384615384 0.11057692307692307
0 0.8737980769230769 0.09254807692307693 0.036057692307692304 0.11778846153846154
0 0.8365384615384616 0.09735576923076923 0.037259615384615384 0.11538461538461539
0 0.8004807692307693 0.0889423076923077 0.03485576923076923 0.12139423076923077
0 0.7331730769230769 0.09254807692307693 0.03485576923076923 0.11057692307692307
0 0.6646634615384616 0.09014423076923077 0.03245192307692308 0.11298076923076923
0 0.6286057692307693 0.10576923076923077 0.03365384615384615 0.13341346153846154
0 0.5564903846153846 0.1045673076923077 0.03125 0.12379807692307693
0 0.5192307692307693 0.11778846153846154 0.03365384615384615 0.125
0 0.4831730769230769 0.10576923076923077 0.028846153846153848 0.12379807692307693
0 0.44591346153846156 0.09495192307692307 0.03125 0.12379807692307693
0 0.40865384615384615 0.08774038461538461 0.03365384615384615 0.12860576923076922
0 0.3737980769230769 0.10096153846153846 0.03125 0.12139423076923077
0 0.33413461538461536 0.11538461538461539 0.03245192307692308 0.1346153846153846
0 0.03125 0.2512019230769231 0.0625 0.06490384615384616
0 0.027644230769230768 0.32211538461538464 0.055288461538461536 0.057692307692307696
0 0.026442307692307692 0.38100961538461536 0.052884615384615384 0.055288461538461536
0 0.027644230769230768 0.44471153846153844 0.055288461538461536 0.057692307692307696
0 0.025240384615384616 0.5096153846153846 0.05048076923076923 0.054086538461538464
0 0.026442307692307692 0.5733173076923077 0.052884615384615384 0.06009615384615385
0 0.027644230769230768 0.640625 0.055288461538461536 0.06009615384615385
0 0.030048076923076924 0.7067307692307693 0.05889423076923077 0.06009615384615385
0 0.028846153846153848 0.7800480769230769 0.057692307692307696 0.06370192307692307