0 0.5805288461538461 0.9158653846153846 0.06370192307692307 0.051682692307692304
0 0.4375 0.6899038461538461 0.06370192307692307 0.051682692307692304
0 0.5817307692307693 0.8545673076923077 0.05889423076923077 0.04807692307692308
0 0.6526442307692307 0.8533653846153846 0.056490384615384616 0.04807692307692308
0 0.6502403846153846 0.9110576923076923 0.0673076923076923 0.046875
0 0.4387019230769231 0.5793269230769231 0.05889423076923077 0.05048076923076923
0 0.6550480769230769 0.7391826923076923 0.0625 0.05048076923076923
0 0.5841346153846154 0.7427884615384616 0.056490384615384616 0.051682692307692304
0 0.6490384615384616 0.6838942307692307 0.06129807692307692 0.051682692307692304
0 0.5793269230769231 0.6875 0.05889423076923077 0.04807692307692308
0 0.5817307692307693 0.6334134615384616 0.056490384615384616 0.046875
0 0.6466346153846154 0.6262019230769231 0.05889423076923077 0.05048076923076923
0 0.6442307692307693 0.5769230769230769 0.057692307692307696 0.05048076923076923
0 0.5805288461538461 0.5745192307692307 0.06129807692307692 0.04807692307692308
0 0.43509615384615385 0.5192307692307693 0.057692307692307696 0.051682692307692304
0 0.2512019230769231 0.8870192307692307 0.030048076923076924 0.09735576923076923
0 0.24879807692307693 0.765625 0.030048076923076924 0.11778846153846154
0 0.43509615384615385 0.46274038461538464 0.057692307692307696 0.04567307692307692
0 0.4387019230769231 0.3545673076923077 0.05889423076923077 0.051682692307692304
0 0.4387019230769231 0.3004807692307692 0.055288461538461536 0.054086538461538464
0 0.5817307692307693 0.5204326923076923 0.057692307692307696 0.05048076923076923
0 0.6466346153846154 0.5180288461538461 0.06129807692307692 0.052884615384615384
0 0.6442307692307693 0.45913461538461536 0.05889423076923077 0.05048076923076923
0 0.5793269230769231 0.46274038461538464 0.06370192307692307 0.052884615384615384
0 0.5769230769230769 0.4074519230769231 0.05889423076923077 0.04807692307692308
0 0.5841346153846154 0.8004807692307693 0.05889423076923077 0.04807692307692308
0 0.65625 0.8004807692307693 0.054086538461538464 0.05048076923076923
0 0.43990384615384615 0.8088942307692307 0.06009615384615385 0.05048076923076923
0 0.43990384615384615 0.8629807692307693 0.06370192307692307 0.052884615384615384
0 0.37259615384615385 0.8641826923076923 0.056490384615384616 0.04807692307692308
0 0.3713942307692308 0.8100961538461539 0.06129807692307692 0.05048076923076923
0 0.3701923076923077 0.7524038461538461 0.0625 0.046875
0 0.43990384615384615 0.7475961538461539 0.0625 0.04807692307692308
0 0.36538461538461536 0.6959134615384616 0.056490384615384616 0.04807692307692308
0 0.4387019230769231 0.6370192307692307 0.06129807692307692 0.046875
0 0.3737980769230769 0.6394230769230769 0.06129807692307692 0.04807692307692308
0 0.36658653846153844 0.4675480769230769 0.055288461538461536 0.046875
0 0.36778846153846156 0.5252403846153846 0.06129807692307692 0.05048076923076923
0 0.37259615384615385 0.5805288461538461 0.055288461538461536 0.046875
0 0.4338942307692308 0.4050480769230769 0.06370192307692307 0.052884615384615384
0 0.3737980769230769 0.4110576923076923 0.056490384615384616 0.04567307692307692
0 0.37259615384615385 0.2403846153846154 0.0625 0.054086538461538464
0 0.4375 0.24158653846153846 0.055288461538461536 0.05048076923076923
0 0.3701923076923077 0.3004807692307692 0.056490384615384616 0.05048076923076923
0 0.36899038461538464 0.35697115384615385 0.06129807692307692 0.05048076923076923
0 0.2536057692307692 0.39302884615384615 0.027644230769230768 0.10817307692307693
0 0.24639423076923078 0.515625 0.030048076923076924 0.0985576923076923
0 0.24879807692307693 0.625 0.03125 0.10576923076923077
0 0.25600961538461536 0.9807692307692307 0.030048076923076924 0.036057692307692304
0 0.6454326923076923 0.4014423076923077 0.051682692307692304 0.052884615384615384
0 0.6454326923076923 0.3473557692307692 0.057692307692307696 0.05048076923076923
0 0.5829326923076923 0.34975961538461536 0.05889423076923077 0.052884615384615384
0 0.5769230769230769 0.29086538461538464 0.05889423076923077 0.052884615384615384
0 0.6442307692307693 0.2932692307692308 0.06009615384615385 0.05048076923076923
0 0.5769230769230769 0.9723557692307693 0.054086538461538464 0.052884615384615384
0 0.6550480769230769 0.9651442307692307 0.056490384615384616 0.05048076923076923
0 0.4326923076923077 0.921875 0.06129807692307692 0.054086538461538464
0 0.4411057692307692 0.9747596153846154 0.06370192307692307 0.046875
0 0.36658653846153844 0.9194711538461539 0.05889423076923077 0.051682692307692304
0 0.37259615384615385 0.9759615384615384 0.06009615384615385 0.04326923076923077
0 0.3701923076923077 0.1346153846153846 0.056490384615384616 0.051682692307692304
0 0.43509615384615385 0.1310096153846154 0.06009615384615385 0.051682692307692304
0 0.43990384615384615 0.18629807692307693 0.05889423076923077 0.05048076923076923
0 0.3737980769230769 0.18990384615384615 0.054086538461538464 0.046875
0 0.34375 0.06129807692307692 0.04927884615384615 0.09615384615384616
0 0.4110576923076923 0.078125 0.0625 0.052884615384615384
0 0.6045673076923077 0.078125 0.06129807692307692 0.054086538461538464
0 0.5805288461538461 0.13221153846153846 0.06129807692307692 0.054086538461538464
0 0.6466346153846154 0.12860576923076922 0.05048076923076923 0.051682692307692304
0 0.640625 0.18509615384615385 0.06129807692307692 0.054086538461538464
0 0.5793269230769231 0.1875 0.052884615384615384 0.05048076923076923
0 0.5805288461538461 0.23918269230769232 0.06129807692307692 0.051682692307692304
0 0.6466346153846154 0.23918269230769232 0.06009615384615385 0.052884615384615384
0 0.7776442307692307 0.12740384615384615 0.06009615384615385 0.054086538461538464
0 0.7728365384615384 0.18509615384615385 0.056490384615384616 0.052884615384615384
0 0.7776442307692307 0.23798076923076922 0.055288461538461536 0.051682692307692304
0 0.7788461538461539 0.29086538461538464 0.056490384615384616 0.054086538461538464
0 0.7800480769230769 0.35336538461538464 0.056490384615384616 0.052884615384615384
0 0.7752403846153846 0.40865384615384615 0.055288461538461536 0.05048076923076923
0 0.7800480769230769 0.46153846153846156 0.05889423076923077 0.051682692307692304
0 0.7776442307692307 0.5180288461538461 0.055288461538461536 0.05048076923076923
0 0.7848557692307693 0.5685096153846154 0.05048076923076923 0.046875
0 0.7824519230769231 0.625 0.05048076923076923 0.052884615384615384
0 0.7824519230769231 0.6790865384615384 0.06490384615384616 0.04567307692307692
0 0.7860576923076923 0.7379807692307693 0.06490384615384616 0.052884615384615384
0 0.7872596153846154 0.7956730769230769 0.06129807692307692 0.05048076923076923
0 0.7848557692307693 0.8461538461538461 0.06370192307692307 0.051682692307692304
0 0.7884615384615384 0.9086538461538461 0.05889423076923077 0.046875
0 0.7872596153846154 0.9627403846153846 0.06129807692307692 0.052884615384615384
0 0.8233173076923077 0.1346153846153846 0.030048076923076924 0.09975961538461539
0 0.8533653846153846 0.1346153846153846 0.030048076923076924 0.08774038461538461
0 0.8846153846153846 0.13942307692307693 0.027644230769230768 0.0889423076923077
0 0.9134615384615384 0.14903846153846154 0.027644230769230768 0.0985576923076923
0 0.9519230769230769 0.054086538461538464 0.06009615384615385 0.054086538461538464
0 0.953125 0.01201923076923077 0.05889423076923077 0.02403846153846154