0 0.5168269230769231 0.5841346153846154 0.03245192307692308 0.11899038461538461
0 0.5552884615384616 0.5925480769230769 0.03365384615384615 0.12740384615384615
0 0.5925480769230769 0.5745192307692307 0.030048076923076924 0.109375
0 0.6274038461538461 0.5805288461538461 0.03485576923076923 0.1346153846153846
0 0.4423076923076923 0.21634615384615385 0.03245192307692308 0.11298076923076923
0 0.3701923076923077 0.21634615384615385 0.030048076923076924 0.1141826923076923
0 0.47596153846153844 0.5829326923076923 0.03245192307692308 0.140625
0 0.4411057692307692 0.5877403846153846 0.030048076923076924 0.13341346153846154
0 0.36899038461538464 0.5877403846153846 0.03125 0.12379807692307693
0 0.5168269230769231 0.9290865384615384 0.03245192307692308 0.13221153846153846
0 0.47836538461538464 0.9350961538461539 0.028846153846153848 0.12620192307692307
0 0.44350961538461536 0.9350961538461539 0.03245192307692308 0.12620192307692307
0 0.40384615384615385 0.9194711538461539 0.03245192307692308 0.11778846153846154
0 0.36658653846153844 0.9338942307692307 0.030048076923076924 0.1310096153846154
0 0.4026442307692308 0.5889423076923077 0.030048076923076924 0.12620192307692307
0 0.5913461538461539 0.9290865384615384 0.03245192307692308 0.13701923076923078
0 0.6634615384615384 0.9399038461538461 0.03245192307692308 0.11538461538461539
0 0.7776442307692307 0.9182692307692307 0.030048076923076924 0.1310096153846154
0 0.8112980769230769 0.7716346153846154 0.04567307692307692 0.12740384615384615
0 0.9230769230769231 0.9170673076923077 0.056490384615384616 0.1622596153846154
0 0.9579326923076923 0.9362980769230769 0.03485576923076923 0.12379807692307693
0 0.9855769230769231 0.9338942307692307 0.025240384615384616 0.1310096153846154
0 0.9831730769230769 0.5877403846153846 0.030048076923076924 0.109375
0 0.9507211538461539 0.5985576923076923 0.037259615384615384 0.12860576923076922
0 0.8822115384615384 0.5997596153846154 0.037259615384615384 0.13221153846153846
0 0.8449519230769231 0.6009615384615384 0.037259615384615384 0.12860576923076922
0 0.8088942307692307 0.5709134615384616 0.03365384615384615 0.125
0 0.7716346153846154 0.578125 0.03365384615384615 0.125
0 0.7379807692307693 0.5721153846153846 0.03245192307692308 0.12259615384615384
0 0.6682692307692307 0.5745192307692307 0.03125 0.12379807692307693
0 0.328125 0.578125 0.03365384615384615 0.12259615384615384
0 0.2932692307692308 0.5769230769230769 0.030048076923076924 0.12139423076923077
0 0.25841346153846156 0.5697115384615384 0.03245192307692308 0.12139423076923077
0 0.22355769230769232 0.5685096153846154 0.03245192307692308 0.12379807692307693
0 0.18629807692307693 0.5685096153846154 0.037259615384615384 0.13341346153846154
0 0.15144230769230768 0.5769230769230769 0.03245192307692308 0.11538461538461539
0 0.11899038461538461 0.5745192307692307 0.036057692307692304 0.125
0 0.08173076923076923 0.5841346153846154 0.038461538461538464 0.12740384615384615
0 0.04567307692307692 0.5841346153846154 0.03485576923076923 0.12620192307692307
0 0.018028846153846152 0.5745192307692307 0.036057692307692304 0.125
0 0.13221153846153846 0.453125 0.07211538461538461 0.06971153846153846
0 0.3317307692307692 0.9302884615384616 0.030048076923076924 0.12740384615384615
0 0.2932692307692308 0.9302884615384616 0.03365384615384615 0.125
0 0.25721153846153844 0.9230769230769231 0.03365384615384615 0.12860576923076922
0 0.22235576923076922 0.9314903846153846 0.03485576923076923 0.13341346153846154
0 0.18389423076923078 0.9302884615384616 0.03245192307692308 0.1346153846153846
0 0.14903846153846154 0.9230769230769231 0.03365384615384615 0.12139423076923077
0 0.11658653846153846 0.9278846153846154 0.03245192307692308 0.11538461538461539
0 0.07692307692307693 0.9230769230769231 0.040865384615384616 0.13341346153846154
0 0.040865384615384616 0.9314903846153846 0.037259615384615384 0.10697115384615384
0 0.014423076923076924 0.9290865384615384 0.028846153846153848 0.13221153846153846
0 0.055288461538461536 0.23197115384615385 0.038461538461538464 0.13221153846153846
0 0.09254807692307693 0.22235576923076922 0.03485576923076923 0.12259615384615384
0 0.12620192307692307 0.2091346153846154 0.03485576923076923 0.12259615384615384
0 0.16105769230769232 0.21514423076923078 0.03485576923076923 0.12379807692307693
0 0.1935096153846154 0.22956730769230768 0.036057692307692304 0.11899038461538461
0 0.22956730769230768 0.24158653846153846 0.03485576923076923 0.12379807692307693
0 0.2644230769230769 0.22956730769230768 0.03245192307692308 0.125
0 0.33653846153846156 0.2283653846153846 0.03245192307692308 0.13341346153846154
0 0.5144230769230769 0.2127403846153846 0.03125 0.12740384615384615
0 0.5504807692307693 0.22235576923076922 0.03245192307692308 0.11899038461538461
0 0.5925480769230769 0.21995192307692307 0.030048076923076924 0.12379807692307693
0 0.6262019230769231 0.21514423076923078 0.028846153846153848 0.11298076923076923
0 0.7367788461538461 0.22115384615384615 0.03485576923076923 0.12860576923076922
0 0.7728365384615384 0.22956730769230768 0.03365384615384615 0.13221153846153846
0 0.8064903846153846 0.23918269230769232 0.03485576923076923 0.13341346153846154
0 0.8425480769230769 0.21153846153846154 0.03485576923076923 0.12860576923076922
0 0.8798076923076923 0.22956730769230768 0.03245192307692308 0.1141826923076923
0 0.9146634615384616 0.234375 0.03245192307692308 0.12379807692307693
0 0.9495192307692307 0.2439903846153846 0.036057692307692304 0.11298076923076923
0 0.9831730769230769 0.2439903846153846 0.03245192307692308 0.11899038461538461