0 0.3329326923076923 0.4483173076923077 0.03485576923076923 0.1346153846153846
0 0.3737980769230769 0.4543269230769231 0.03485576923076923 0.13942307692307693
0 0.41466346153846156 0.4567307692307692 0.03245192307692308 0.08413461538461539
0 0.4579326923076923 0.45913461538461536 0.03245192307692308 0.13341346153846154
0 0.4987980769230769 0.4699519230769231 0.03365384615384615 0.12860576923076922
0 0.5408653846153846 0.4651442307692308 0.03485576923076923 0.15144230769230768
0 0.5829326923076923 0.4735576923076923 0.03245192307692308 0.13701923076923078
0 0.6237980769230769 0.484375 0.03485576923076923 0.11298076923076923
0 0.47115384615384615 0.7920673076923077 0.04927884615384615 0.1346153846153846
0 0.5144230769230769 0.7884615384615384 0.04807692307692308 0.14543269230769232
0 0.6670673076923077 0.47836538461538464 0.03485576923076923 0.13341346153846154
0 0.7091346153846154 0.4855769230769231 0.038461538461538464 0.140625
0 0.7512019230769231 0.4831730769230769 0.03365384615384615 0.1502403846153846
0 0.7896634615384616 0.47475961538461536 0.03485576923076923 0.140625
0 0.828125 0.4891826923076923 0.037259615384615384 0.12259615384615384
0 0.8689903846153846 0.5024038461538461 0.036057692307692304 0.1346153846153846
0 0.9290865384615384 0.6802884615384616 0.04326923076923077 0.14302884615384615
0 0.9615384615384616 0.2764423076923077 0.07451923076923077 0.06971153846153846
0 0.8221153846153846 0.15144230769230768 0.07932692307692307 0.07091346153846154
0 0.6310096153846154 0.14302884615384615 0.07932692307692307 0.07451923076923077
0 0.4074519230769231 0.1346153846153846 0.0829326923076923 0.06971153846153846
0 0.3137019230769231 0.12379807692307693 0.07932692307692307 0.07091346153846154
0 0.29086538461538464 0.47115384615384615 0.04326923076923077 0.13942307692307693
0 0.24639423076923078 0.453125 0.040865384615384616 0.15264423076923078
0 0.2091346153846154 0.4495192307692308 0.039663461538461536 0.125
0 0.16947115384615385 0.4519230769230769 0.040865384615384616 0.14423076923076922
0 0.12139423076923077 0.46153846153846156 0.056490384615384616 0.15264423076923078
0 0.0889423076923077 0.44471153846153844 0.039663461538461536 0.1346153846153846
0 0.054086538461538464 0.43990384615384615 0.040865384615384616 0.13341346153846154
0 0.016826923076923076 0.43149038461538464 0.03245192307692308 0.13701923076923078
0 0.5973557692307693 0.8064903846153846 0.04567307692307692 0.13221153846153846
0 0.6430288461538461 0.8004807692307693 0.042067307692307696 0.13341346153846154
0 0.6850961538461539 0.7872596153846154 0.04567307692307692 0.13701923076923078
0 0.7259615384615384 0.7908653846153846 0.04807692307692308 0.14903846153846154
0 0.7692307692307693 0.7956730769230769 0.05048076923076923 0.13701923076923078
0 0.30288461538461536 0.7752403846153846 0.04567307692307692 0.13942307692307693
0 0.25961538461538464 0.765625 0.051682692307692304 0.1466346153846154
0 0.1778846153846154 0.7572115384615384 0.05048076923076923 0.1346153846153846
0 0.1310096153846154 0.9807692307692307 0.04567307692307692 0.03485576923076923
0 0.3786057692307692 0.9819711538461539 0.040865384615384616 0.03245192307692308
0 0.039663461538461536 0.9735576923076923 0.04807692307692308 0.05048076923076923