0 0.5192307692307693 0.6105769230769231 0.055288461538461536 0.05048076923076923
0 0.5192307692307693 0.6706730769230769 0.057692307692307696 0.04326923076923077
0 0.6730769230769231 0.9627403846153846 0.05889423076923077 0.052884615384615384
0 0.6670673076923077 0.9038461538461539 0.05889423076923077 0.04567307692307692
0 0.7379807692307693 0.8449519230769231 0.057692307692307696 0.05048076923076923
0 0.6658653846153846 0.8461538461538461 0.04927884615384615 0.04567307692307692
0 0.7379807692307693 0.7872596153846154 0.055288461538461536 0.05048076923076923
0 0.6634615384615384 0.7355769230769231 0.055288461538461536 0.04447115384615385
0 0.6682692307692307 0.7908653846153846 0.06370192307692307 0.046875
0 0.6670673076923077 0.5637019230769231 0.04807692307692308 0.04447115384615385
0 0.7415865384615384 0.9026442307692307 0.055288461538461536 0.04807692307692308
0 0.8954326923076923 0.9591346153846154 0.05889423076923077 0.04807692307692308
0 0.7355769230769231 0.6790865384615384 0.056490384615384616 0.04807692307692308
0 0.7427884615384616 0.7307692307692307 0.057692307692307696 0.04807692307692308
0 0.6634615384615384 0.6814903846153846 0.06370192307692307 0.04807692307692308
0 0.6658653846153846 0.6225961538461539 0.055288461538461536 0.05048076923076923
0 0.515625 0.5540865384615384 0.06009615384615385 0.054086538461538464
0 0.5120192307692307 0.4987980769230769 0.05889423076923077 0.04807692307692308
0 0.5168269230769231 0.44471153846153844 0.05889423076923077 0.05048076923076923
0 0.5216346153846154 0.3870192307692308 0.056490384615384616 0.046875
0 0.5192307692307693 0.33052884615384615 0.06009615384615385 0.052884615384615384
0 0.5192307692307693 0.27524038461538464 0.056490384615384616 0.05048076923076923
0 0.5216346153846154 0.21754807692307693 0.057692307692307696 0.04807692307692308
0 0.5216346153846154 0.16706730769230768 0.057692307692307696 0.051682692307692304
0 0.5228365384615384 0.11298076923076923 0.05889423076923077 0.052884615384615384
0 0.4495192307692308 0.109375 0.057692307692307696 0.05048076923076923
0 0.45552884615384615 0.16346153846153846 0.057692307692307696 0.04807692307692308
0 0.453125 0.21514423076923078 0.05889423076923077 0.052884615384615384
0 0.44471153846153844 0.27403846153846156 0.05889423076923077 0.05048076923076923
0 0.4519230769230769 0.328125 0.06009615384615385 0.052884615384615384
0 0.4483173076923077 0.38461538461538464 0.055288461538461536 0.051682692307692304
0 0.44711538461538464 0.43990384615384615 0.06009615384615385 0.04807692307692308
0 0.4495192307692308 0.4963942307692308 0.056490384615384616 0.046875
0 0.44471153846153844 0.5528846153846154 0.05889423076923077 0.05048076923076923
0 0.44591346153846156 0.6081730769230769 0.055288461538461536 0.046875
0 0.44711538461538464 0.6682692307692307 0.05889423076923077 0.046875
0 0.4495192307692308 0.7247596153846154 0.06490384615384616 0.05048076923076923
0 0.5192307692307693 0.7247596153846154 0.06129807692307692 0.046875
0 0.5192307692307693 0.7836538461538461 0.06129807692307692 0.04567307692307692
0 0.4519230769230769 0.7788461538461539 0.06009615384615385 0.051682692307692304
0 0.5192307692307693 0.8413461538461539 0.06129807692307692 0.04807692307692308
0 0.4495192307692308 0.8377403846153846 0.06129807692307692 0.054086538461538464
0 0.5168269230769231 0.8966346153846154 0.05889423076923077 0.04567307692307692
0 0.4483173076923077 0.8894230769230769 0.05889423076923077 0.04567307692307692
0 0.5216346153846154 0.9543269230769231 0.06370192307692307 0.052884615384615384
0 0.4519230769230769 0.9483173076923077 0.06129807692307692 0.052884615384615384
0 0.45552884615384615 0.9879807692307693 0.056490384615384616 0.020432692307692308
0 0.5240384615384616 0.9891826923076923 0.06009615384615385 0.018028846153846152
0 0.8798076923076923 0.6862980769230769 0.06129807692307692 0.051682692307692304
0 0.8810096153846154 0.6310096153846154 0.06370192307692307 0.046875
0 0.8870192307692307 0.5733173076923077 0.06370192307692307 0.052884615384615384
0 0.8894230769230769 0.515625 0.06129807692307692 0.046875
0 0.8858173076923077 0.46153846153846156 0.056490384615384616 0.04567307692307692
0 0.8810096153846154 0.4074519230769231 0.06129807692307692 0.04567307692307692
0 0.8762019230769231 0.3545673076923077 0.05889423076923077 0.04567307692307692
0 0.875 0.2980769230769231 0.056490384615384616 0.051682692307692304
0 0.875 0.24759615384615385 0.056490384615384616 0.046875
0 0.8810096153846154 0.19471153846153846 0.0625 0.05048076923076923
0 0.8713942307692307 0.14182692307692307 0.06009615384615385 0.052884615384615384
0 0.8822115384615384 0.08653846153846154 0.05889423076923077 0.054086538461538464
0 0.8786057692307693 0.03365384615384615 0.055288461538461536 0.054086538461538464
0 0.7475961538461539 0.5709134615384616 0.052884615384615384 0.04807692307692308
0 0.7512019230769231 0.5168269230769231 0.06129807692307692 0.051682692307692304
0 0.671875 0.515625 0.057692307692307696 0.046875
0 0.7475961538461539 0.46153846153846156 0.057692307692307696 0.04567307692307692
0 0.6766826923076923 0.45552884615384615 0.056490384615384616 0.04567307692307692
0 0.7439903846153846 0.3485576923076923 0.056490384615384616 0.05048076923076923
0 0.7427884615384616 0.29447115384615385 0.05889423076923077 0.051682692307692304
0 0.6646634615384616 0.39302884615384615 0.05889423076923077 0.046875
0 0.6694711538461539 0.3401442307692308 0.06370192307692307 0.05048076923076923
0 0.6742788461538461 0.2860576923076923 0.06370192307692307 0.05048076923076923
0 0.7379807692307693 0.23798076923076922 0.057692307692307696 0.051682692307692304
0 0.6730769230769231 0.23197115384615385 0.05889423076923077 0.05048076923076923
0 0.734375 0.1778846153846154 0.052884615384615384 0.052884615384615384
0 0.671875 0.17668269230769232 0.05889423076923077 0.052884615384615384
0 0.7307692307692307 0.125 0.04927884615384615 0.04567307692307692
0 0.6706730769230769 0.125 0.05889423076923077 0.046875
0 0.3088942307692308 0.9831730769230769 0.05889423076923077 0.028846153846153848
0 0.30528846153846156 0.9411057692307693 0.0625 0.051682692307692304
0 0.30649038461538464 0.8858173076923077 0.06129807692307692 0.05048076923076923
0 0.3088942307692308 0.8305288461538461 0.06129807692307692 0.05048076923076923
0 0.30649038461538464 0.7764423076923077 0.06009615384615385 0.054086538461538464
0 0.30528846153846156 0.7211538461538461 0.0625 0.054086538461538464
0 0.30649038461538464 0.6622596153846154 0.06009615384615385 0.04326923076923077
0 0.30649038461538464 0.6069711538461539 0.05889423076923077 0.04567307692307692
0 0.30528846153846156 0.5504807692307693 0.06009615384615385 0.04807692307692308
0 0.3076923076923077 0.49399038461538464 0.057692307692307696 0.046875
0 0.3004807692307692 0.43509615384615385 0.055288461538461536 0.05048076923076923
0 0.2980769230769231 0.3762019230769231 0.06129807692307692 0.04807692307692308
0 0.3016826923076923 0.32211538461538464 0.05889423076923077 0.05048076923076923
0 0.3088942307692308 0.2692307692307692 0.057692307692307696 0.05048076923076923
0 0.31009615384615385 0.21514423076923078 0.056490384615384616 0.052884615384615384
0 0.3088942307692308 0.15865384615384615 0.06129807692307692 0.056490384615384616
0 0.3112980769230769 0.1045673076923077 0.06009615384615385 0.052884615384615384
0 0.1622596153846154 0.028846153846153848 0.06490384615384616 0.04807692307692308
0 0.15985576923076922 0.08173076923076923 0.06129807692307692 0.04807692307692308
0 0.15745192307692307 0.13341346153846154 0.06129807692307692 0.052884615384615384
0 0.15985576923076922 0.1875 0.05889423076923077 0.04807692307692308
0 0.15985576923076922 0.24759615384615385 0.05889423076923077 0.052884615384615384
0 0.14783653846153846 0.2980769230769231 0.06129807692307692 0.046875
0 0.15144230769230768 0.3557692307692308 0.06129807692307692 0.05048076923076923
0 0.14783653846153846 0.4074519230769231 0.06370192307692307 0.051682692307692304
0 0.14423076923076922 0.46634615384615385 0.06129807692307692 0.04567307692307692
0 0.14302884615384615 0.5240384615384616 0.05889423076923077 0.04807692307692308
0 0.14903846153846154 0.6286057692307693 0.05889423076923077 0.04447115384615385
0 0.16105769230769232 0.6838942307692307 0.052884615384615384 0.04567307692307692
0 0.14783653846153846 0.7415865384615384 0.06490384615384616 0.046875
0 0.15625 0.7980769230769231 0.057692307692307696 0.04567307692307692
0 0.14302884615384615 0.8557692307692307 0.06370192307692307 0.05048076923076923
0 0.14543269230769232 0.9110576923076923 0.07451923076923077 0.052884615384615384
0 0.14543269230769232 0.9711538461538461 0.06610576923076923 0.052884615384615384