0 0.3762019230769231 0.3629807692307692 0.027644230769230768 0.1045673076923077
0 0.3473557692307692 0.359375 0.026442307692307692 0.11298076923076923
0 0.3173076923076923 0.3629807692307692 0.027644230769230768 0.1141826923076923
0 0.3629807692307692 0.6069711538461539 0.025240384615384616 0.10096153846153846
0 0.33413461538461536 0.625 0.026442307692307692 0.11057692307692307
0 0.43990384615384615 0.3581730769230769 0.02403846153846154 0.10817307692307693
0 0.4074519230769231 0.359375 0.026442307692307692 0.10697115384615384
0 0.47115384615384615 0.3629807692307692 0.028846153846153848 0.11057692307692307
0 0.5036057692307693 0.3629807692307692 0.027644230769230768 0.10697115384615384
0 0.5324519230769231 0.36899038461538464 0.027644230769230768 0.10096153846153846
0 0.5709134615384616 0.36778846153846156 0.027644230769230768 0.109375
0 0.30288461538461536 0.6153846153846154 0.027644230769230768 0.109375
0 0.39663461538461536 0.6009615384615384 0.026442307692307692 0.09975961538461539
0 0.42427884615384615 0.6213942307692307 0.025240384615384616 0.11057692307692307
0 0.4579326923076923 0.6225961538461539 0.025240384615384616 0.1045673076923077
0 0.49278846153846156 0.6129807692307693 0.027644230769230768 0.1141826923076923
0 0.3629807692307692 0.8569711538461539 0.025240384615384616 0.10697115384615384
0 0.39302884615384615 0.8581730769230769 0.028846153846153848 0.109375
0 0.4254807692307692 0.859375 0.02283653846153846 0.11298076923076923
0 0.27403846153846156 0.6213942307692307 0.027644230769230768 0.10697115384615384
0 0.25240384615384615 0.36899038461538464 0.027644230769230768 0.09014423076923077
0 0.24278846153846154 0.6129807692307693 0.026442307692307692 0.10817307692307693
0 0.21153846153846154 0.6105769230769231 0.027644230769230768 0.1141826923076923
0 0.1814903846153846 0.6141826923076923 0.027644230769230768 0.1045673076923077
0 0.33533653846153844 0.8581730769230769 0.025240384615384616 0.09975961538461539
0 0.3016826923076923 0.8653846153846154 0.025240384615384616 0.10817307692307693
0 0.27283653846153844 0.8653846153846154 0.027644230769230768 0.11298076923076923
0 0.2403846153846154 0.8665865384615384 0.028846153846153848 0.11658653846153846
0 0.21153846153846154 0.8641826923076923 0.026442307692307692 0.11658653846153846
0 0.1814903846153846 0.8786057692307693 0.028846153846153848 0.11298076923076923
0 0.14903846153846154 0.8545673076923077 0.03245192307692308 0.11057692307692307
0 0.11778846153846154 0.8677884615384616 0.03245192307692308 0.10697115384615384
0 0.08774038461538461 0.875 0.028846153846153848 0.10336538461538461
0 0.056490384615384616 0.8713942307692307 0.03245192307692308 0.10817307692307693
0 0.02403846153846154 0.8918269230769231 0.030048076923076924 0.10697115384615384
0 0.006009615384615385 0.8858173076923077 0.010817307692307692 0.11298076923076923
0 0.1502403846153846 0.6141826923076923 0.03125 0.09975961538461539
0 0.12139423076923077 0.6153846153846154 0.025240384615384616 0.10576923076923077
0 0.09375 0.6153846153846154 0.030048076923076924 0.10697115384615384
0 0.06129807692307692 0.625 0.03245192307692308 0.10817307692307693
0 0.030048076923076924 0.6262019230769231 0.03125 0.10697115384615384
0 0.008413461538461538 0.6081730769230769 0.016826923076923076 0.10096153846153846
0 0.22115384615384615 0.375 0.025240384615384616 0.10697115384615384
0 0.19471153846153846 0.37740384615384615 0.027644230769230768 0.10817307692307693
0 0.16466346153846154 0.375 0.026442307692307692 0.09735576923076923
0 0.1346153846153846 0.3641826923076923 0.027644230769230768 0.09615384615384616
0 0.10216346153846154 0.35697115384615385 0.030048076923076924 0.10096153846153846
0 0.07451923076923077 0.359375 0.030048076923076924 0.10336538461538461
0 0.039663461538461536 0.3581730769230769 0.03485576923076923 0.11899038461538461
0 0.01201923076923077 0.3641826923076923 0.02403846153846154 0.1045673076923077