0 0.6430288461538461 0.109375 0.030048076923076924 0.12620192307692307
0 0.6358173076923077 0.2956730769230769 0.030048076923076924 0.11057692307692307
0 0.6310096153846154 0.4375 0.030048076923076924 0.09134615384615384
0 0.6322115384615384 0.5516826923076923 0.027644230769230768 0.11658653846153846
0 0.6213942307692307 0.8713942307692307 0.028846153846153848 0.11298076923076923
0 0.4699519230769231 0.8846153846153846 0.06009615384615385 0.056490384615384616
0 0.45913461538461536 0.9459134615384616 0.06129807692307692 0.056490384615384616
0 0.47596153846153844 0.7692307692307693 0.056490384615384616 0.06009615384615385
0 0.484375 0.7139423076923077 0.04567307692307692 0.046875
0 0.6418269230769231 0.018028846153846152 0.028846153846153848 0.036057692307692304
0 0.6165865384615384 0.9807692307692307 0.027644230769230768 0.036057692307692304
0 0.3161057692307692 0.016826923076923076 0.0673076923076923 0.03365384615384615
0 0.4098557692307692 0.21634615384615385 0.06129807692307692 0.055288461538461536
0 0.47716346153846156 0.2956730769230769 0.0625 0.056490384615384616
0 0.4855769230769231 0.36538461538461536 0.05889423076923077 0.05048076923076923
0 0.4879807692307692 0.4230769230769231 0.06129807692307692 0.052884615384615384
0 0.47836538461538464 0.4807692307692308 0.06009615384615385 0.052884615384615384
0 0.4723557692307692 0.5348557692307693 0.056490384615384616 0.051682692307692304
0 0.46875 0.5949519230769231 0.05889423076923077 0.054086538461538464
0 0.4723557692307692 0.6538461538461539 0.054086538461538464 0.054086538461538464
0 0.3473557692307692 0.3485576923076923 0.06370192307692307 0.0733173076923077
0 0.3473557692307692 0.4170673076923077 0.052884615384615384 0.0625
0 0.33774038461538464 0.47836538461538464 0.06610576923076923 0.06850961538461539
0 0.33653846153846156 0.5420673076923077 0.06009615384615385 0.06610576923076923
0 0.3329326923076923 0.7115384615384616 0.056490384615384616 0.07211538461538461
0 0.33774038461538464 0.7704326923076923 0.0625 0.06850961538461539
0 0.22596153846153846 0.054086538461538464 0.06129807692307692 0.06971153846153846
0 0.22956730769230768 0.11538461538461539 0.06971153846153846 0.078125
0 0.22235576923076922 0.18389423076923078 0.06129807692307692 0.07932692307692307
0 0.2127403846153846 0.24278846153846154 0.06490384615384616 0.08052884615384616
0 0.21394230769230768 0.31490384615384615 0.05889423076923077 0.0829326923076923
0 0.2091346153846154 0.38221153846153844 0.05889423076923077 0.0733173076923077
0 0.21153846153846154 0.44711538461538464 0.057692307692307696 0.0733173076923077
0 0.21153846153846154 0.5168269230769231 0.06610576923076923 0.07451923076923077
0 0.20432692307692307 0.5829326923076923 0.06971153846153846 0.078125
0 0.20793269230769232 0.6526442307692307 0.06610576923076923 0.0733173076923077
0 0.20673076923076922 0.7163461538461539 0.06129807692307692 0.07451923076923077
0 0.1971153846153846 0.7764423076923077 0.06129807692307692 0.08052884615384616
0 0.19951923076923078 0.859375 0.06370192307692307 0.06971153846153846
0 0.19951923076923078 0.9230769230769231 0.06370192307692307 0.07451923076923077
0 0.19110576923076922 0.9723557692307693 0.06490384615384616 0.052884615384615384