0 0.9507211538461539 0.31850961538461536 0.07692307692307693 0.13701923076923078
0 0.9194711538461539 0.26802884615384615 0.06971153846153846 0.13221153846153846
0 0.8870192307692307 0.20793269230769232 0.06850961538461539 0.140625
0 0.8533653846153846 0.15384615384615385 0.07211538461538461 0.1310096153846154
0 0.8161057692307693 0.09735576923076923 0.06490384615384616 0.13701923076923078
0 0.7800480769230769 0.054086538461538464 0.06370192307692307 0.10817307692307693
0 0.71875 0.16826923076923078 0.06971153846153846 0.12259615384615384
0 0.7512019230769231 0.23197115384615385 0.07451923076923077 0.1466346153846154
0 0.7908653846153846 0.27884615384615385 0.07211538461538461 0.1310096153846154
0 0.8293269230769231 0.3329326923076923 0.06850961538461539 0.125
0 0.8581730769230769 0.3894230769230769 0.0733173076923077 0.13701923076923078
0 0.890625 0.44350961538461536 0.0733173076923077 0.1466346153846154
0 0.921875 0.5 0.06971153846153846 0.15144230769230768
0 0.9591346153846154 0.5504807692307693 0.07211538461538461 0.15745192307692307
0 0.9759615384615384 0.6141826923076923 0.04447115384615385 0.12740384615384615
0 0.9879807692307693 0.7079326923076923 0.021634615384615384 0.0733173076923077
0 0.7548076923076923 0.7319711538461539 0.06610576923076923 0.1502403846153846
0 0.7908653846153846 0.7788461538461539 0.078125 0.15745192307692307
0 0.8197115384615384 0.8365384615384616 0.07932692307692307 0.14423076923076922
0 0.8725961538461539 0.8713942307692307 0.06129807692307692 0.12620192307692307
0 0.8990384615384616 0.9338942307692307 0.07451923076923077 0.1310096153846154
0 0.9338942307692307 0.9723557692307693 0.06850961538461539 0.052884615384615384
0 0.4483173076923077 0.234375 0.06971153846153846 0.14903846153846154
0 0.3713942307692308 0.125 0.07572115384615384 0.13942307692307693
0 0.33653846153846156 0.08173076923076923 0.0733173076923077 0.14423076923076922
0 0.027644230769230768 0.4098557692307692 0.051682692307692304 0.14182692307692307
0 0.010817307692307692 0.4543269230769231 0.021634615384615384 0.1141826923076923
0 0.4014423076923077 0.8677884615384616 0.09375 0.09134615384615384
0 0.4026442307692308 0.9591346153846154 0.08413461538461539 0.078125
0 0.30649038461538464 0.8966346153846154 0.08173076923076923 0.09014423076923077
0 0.28966346153846156 0.8245192307692307 0.08173076923076923 0.08052884615384616
0 0.3161057692307692 0.9663461538461539 0.0733173076923077 0.06370192307692307
0 0.109375 0.7920673076923077 0.09375 0.09495192307692307
0 0.03365384615384615 0.8197115384615384 0.0673076923076923 0.08653846153846154
0 0.11778846153846154 0.8737980769230769 0.09975961538461539 0.0889423076923077
0 0.03365384615384615 0.9038461538461539 0.0673076923076923 0.09014423076923077
0 0.12620192307692307 0.9555288461538461 0.0889423076923077 0.08413461538461539
0 0.040865384615384616 0.9651442307692307 0.08173076923076923 0.06610576923076923