0 0.23557692307692307 0.07451923076923077 0.054086538461538464 0.10336538461538461
0 0.25961538461538464 0.04807692307692308 0.052884615384615384 0.09615384615384616
0 0.28966346153846156 0.026442307692307692 0.04567307692307692 0.052884615384615384
0 0.3161057692307692 0.010817307692307692 0.028846153846153848 0.021634615384615384
0 0.4639423076923077 0.056490384615384616 0.051682692307692304 0.10817307692307693
0 0.4411057692307692 0.1045673076923077 0.051682692307692304 0.09615384615384616
0 0.41466346153846156 0.13942307692307693 0.052884615384615384 0.10096153846153846
0 0.3870192307692308 0.15985576923076922 0.04807692307692308 0.0889423076923077
0 0.36538461538461536 0.203125 0.04927884615384615 0.09134615384615384
0 0.3473557692307692 0.24759615384615385 0.05048076923076923 0.09254807692307693
0 0.31971153846153844 0.2800480769230769 0.04807692307692308 0.09495192307692307
0 0.29927884615384615 0.32211538461538464 0.04927884615384615 0.09735576923076923
0 0.27163461538461536 0.35336538461538464 0.05048076923076923 0.09134615384615384
0 0.24639423076923078 0.3918269230769231 0.051682692307692304 0.09975961538461539
0 0.2247596153846154 0.43149038461538464 0.04927884615384615 0.09254807692307693
0 0.18870192307692307 0.15745192307692307 0.05048076923076923 0.08653846153846154
0 0.16826923076923078 0.19471153846153846 0.05048076923076923 0.0985576923076923
0 0.1466346153846154 0.23076923076923078 0.057692307692307696 0.10096153846153846
0 0.12259615384615384 0.2644230769230769 0.04807692307692308 0.08774038461538461
0 0.09254807692307693 0.29447115384615385 0.04927884615384615 0.0889423076923077
0 0.0673076923076923 0.3293269230769231 0.055288461538461536 0.09254807692307693
0 0.04326923076923077 0.36658653846153844 0.056490384615384616 0.09495192307692307
0 0.026442307692307692 0.40384615384615385 0.052884615384615384 0.11057692307692307
0 0.014423076923076924 0.4579326923076923 0.027644230769230768 0.0625
0 0.19951923076923078 0.46634615384615385 0.04807692307692308 0.09254807692307693
0 0.18028846153846154 0.5060096153846154 0.04927884615384615 0.09495192307692307
0 0.15625 0.5408653846153846 0.05048076923076923 0.09735576923076923
0 0.13701923076923078 0.5841346153846154 0.04927884615384615 0.09495192307692307
0 0.11298076923076923 0.625 0.04927884615384615 0.09254807692307693
0 0.08413461538461539 0.6442307692307693 0.04807692307692308 0.09254807692307693
0 0.06129807692307692 0.6790865384615384 0.055288461538461536 0.10096153846153846
0 0.039663461538461536 0.7259615384615384 0.052884615384615384 0.1045673076923077
0 0.020432692307692308 0.7644230769230769 0.040865384615384616 0.0985576923076923
0 0.008413461538461538 0.8197115384615384 0.016826923076923076 0.052884615384615384
0 0.5012019230769231 0.3112980769230769 0.04567307692307692 0.08052884615384616
0 0.47596153846153844 0.3425480769230769 0.042067307692307696 0.0733173076923077
0 0.45552884615384615 0.38341346153846156 0.04567307692307692 0.078125
0 0.43149038461538464 0.41586538461538464 0.040865384615384616 0.07091346153846154
0 0.3858173076923077 0.5 0.04447115384615385 0.08052884615384616
0 0.3581730769230769 0.5360576923076923 0.04326923076923077 0.07692307692307693
0 0.33774038461538464 0.5745192307692307 0.04447115384615385 0.07211538461538461
0 0.31850961538461536 0.6213942307692307 0.04326923076923077 0.06971153846153846
0 0.28846153846153844 0.6574519230769231 0.046875 0.09975961538461539
0 0.27283653846153844 0.7043269230769231 0.055288461538461536 0.09495192307692307
0 0.25240384615384615 0.75 0.04807692307692308 0.09495192307692307
0 0.2283653846153846 0.7788461538461539 0.04807692307692308 0.08774038461538461
0 0.2127403846153846 0.8233173076923077 0.046875 0.08413461538461539
0 0.18629807692307693 0.8545673076923077 0.04807692307692308 0.0889423076923077
0 0.1658653846153846 0.8834134615384616 0.055288461538461536 0.09615384615384616
0 0.14182692307692307 0.9302884615384616 0.055288461538461536 0.09975961538461539
0 0.11658653846153846 0.9615384615384616 0.046875 0.0733173076923077
0 0.08653846153846154 0.9735576923076923 0.04447115384615385 0.04807692307692308