0 0.7668269230769231 0.9879807692307693 0.05889423076923077 0.021634615384615384
0 0.6971153846153846 0.984375 0.06370192307692307 0.027644230769230768
0 0.7620192307692307 0.9411057692307693 0.05889423076923077 0.042067307692307696
0 0.6995192307692307 0.9362980769230769 0.05889423076923077 0.04567307692307692
0 0.7596153846153846 0.8786057692307693 0.054086538461538464 0.046875
0 0.6983173076923077 0.8810096153846154 0.05889423076923077 0.04807692307692308
0 0.6959134615384616 0.8245192307692307 0.06129807692307692 0.04807692307692308
0 0.7572115384615384 0.8245192307692307 0.05048076923076923 0.04567307692307692
0 0.8990384615384616 0.9831730769230769 0.05889423076923077 0.028846153846153848
0 0.9002403846153846 0.9447115384615384 0.05889423076923077 0.046875
0 0.90625 0.890625 0.06129807692307692 0.051682692307692304
0 0.8990384615384616 0.8365384615384616 0.06009615384615385 0.05048076923076923
0 0.9074519230769231 0.7752403846153846 0.06009615384615385 0.051682692307692304
0 0.8257211538461539 0.5805288461538461 0.030048076923076924 0.11057692307692307
0 0.7980769230769231 0.5889423076923077 0.027644230769230768 0.1045673076923077
0 0.7692307692307693 0.5913461538461539 0.025240384615384616 0.10697115384615384
0 0.7379807692307693 0.5805288461538461 0.026442307692307692 0.1045673076923077
0 0.7115384615384616 0.5745192307692307 0.026442307692307692 0.09975961538461539
0 0.6802884615384616 0.5721153846153846 0.028846153846153848 0.11298076923076923
0 0.6490384615384616 0.5769230769230769 0.027644230769230768 0.11057692307692307
0 0.6177884615384616 0.5709134615384616 0.027644230769230768 0.10817307692307693
0 0.5865384615384616 0.5769230769230769 0.025240384615384616 0.09735576923076923
0 0.5552884615384616 0.5769230769230769 0.028846153846153848 0.10817307692307693
0 0.47475961538461536 0.4831730769230769 0.05889423076923077 0.04807692307692308
0 0.17427884615384615 0.7307692307692307 0.0625 0.04807692307692308
0 0.17307692307692307 0.7836538461538461 0.06370192307692307 0.04567307692307692
0 0.17307692307692307 0.8377403846153846 0.06129807692307692 0.046875
0 0.9074519230769231 0.7199519230769231 0.055288461538461536 0.04567307692307692
0 0.9098557692307693 0.6586538461538461 0.06370192307692307 0.05048076923076923
0 0.5444711538461539 0.8209134615384616 0.06129807692307692 0.046875
0 0.5408653846153846 0.9831730769230769 0.056490384615384616 0.030048076923076924
0 0.5420673076923077 0.8810096153846154 0.06009615384615385 0.05048076923076923
0 0.8629807692307693 0.5697115384615384 0.03125 0.11298076923076923
0 0.46875 0.9819711538461539 0.05889423076923077 0.03365384615384615
0 0.3293269230769231 0.8161057692307693 0.06129807692307692 0.04807692307692308
0 0.3293269230769231 0.8725961538461539 0.06129807692307692 0.046875
0 0.33052884615384615 0.9278846153846154 0.056490384615384616 0.04807692307692308
0 0.33052884615384615 0.9783653846153846 0.05889423076923077 0.040865384615384616
0 0.17067307692307693 0.6766826923076923 0.06971153846153846 0.051682692307692304
0 0.4699519230769231 0.42788461538461536 0.0625 0.051682692307692304
0 0.4651442307692308 0.36538461538461536 0.05889423076923077 0.04807692307692308
0 0.4723557692307692 0.3161057692307692 0.052884615384615384 0.046875
0 0.31971153846153844 0.41947115384615385 0.05889423076923077 0.05048076923076923
0 0.3173076923076923 0.4735576923076923 0.05889423076923077 0.051682692307692304
0 0.31971153846153844 0.5300480769230769 0.052884615384615384 0.04807692307692308
0 0.31850961538461536 0.5889423076923077 0.057692307692307696 0.051682692307692304
0 0.1814903846153846 0.5 0.06009615384615385 0.05048076923076923
0 0.1814903846153846 0.5552884615384616 0.056490384615384616 0.05048076923076923
0 0.17548076923076922 0.6165865384615384 0.055288461538461536 0.04567307692307692
0 0.18028846153846154 0.9495192307692307 0.05889423076923077 0.055288461538461536
0 0.16947115384615385 0.9879807692307693 0.06129807692307692 0.021634615384615384
0 0.17908653846153846 0.8918269230769231 0.06009615384615385 0.05048076923076923
0 0.5252403846153846 0.5865384615384616 0.02403846153846154 0.11538461538461539
0 0.47115384615384615 0.8197115384615384 0.06009615384615385 0.04567307692307692
0 0.47596153846153844 0.875 0.056490384615384616 0.05048076923076923
0 0.47475961538461536 0.9290865384615384 0.05889423076923077 0.054086538461538464
0 0.5432692307692307 0.9314903846153846 0.056490384615384616 0.04567307692307692
0 0.3173076923076923 0.3629807692307692 0.05889423076923077 0.054086538461538464
0 0.3161057692307692 0.3112980769230769 0.054086538461538464 0.051682692307692304
0 0.328125 0.25600961538461536 0.056490384615384616 0.051682692307692304
0 0.3293269230769231 0.20192307692307693 0.05889423076923077 0.051682692307692304
0 0.47115384615384615 0.15985576923076922 0.055288461538461536 0.046875
0 0.4723557692307692 0.2127403846153846 0.0625 0.051682692307692304
0 0.47596153846153844 0.2620192307692308 0.056490384615384616 0.04567307692307692
0 0.4675480769230769 0.5384615384615384 0.06370192307692307 0.04807692307692308
0 0.4675480769230769 0.5985576923076923 0.06370192307692307 0.055288461538461536
0 0.4675480769230769 0.1045673076923077 0.056490384615384616 0.054086538461538464
0 0.3245192307692308 0.14903846153846154 0.05889423076923077 0.05048076923076923
0 0.3269230769230769 0.0985576923076923 0.056490384615384616 0.051682692307692304
0 0.45913461538461536 0.04807692307692308 0.05889423076923077 0.055288461538461536
0 0.47475961538461536 0.010817307692307692 0.05889423076923077 0.021634615384615384
0 0.3293269230769231 0.009615384615384616 0.055288461538461536 0.019230769230769232
0 0.328125 0.046875 0.056490384615384616 0.04807692307692308
0 0.19951923076923078 0.02403846153846154 0.055288461538461536 0.046875
0 0.18870192307692307 0.08052884615384616 0.055288461538461536 0.05048076923076923
0 0.18509615384615385 0.13221153846153846 0.056490384615384616 0.051682692307692304
0 0.18389423076923078 0.18509615384615385 0.06129807692307692 0.046875
0 0.1814903846153846 0.23918269230769232 0.0673076923076923 0.052884615384615384
0 0.18389423076923078 0.28846153846153844 0.06129807692307692 0.04447115384615385
0 0.18509615384615385 0.3425480769230769 0.056490384615384616 0.04807692307692308
0 0.18028846153846154 0.3954326923076923 0.06129807692307692 0.04807692307692308