0 0.6730769230769231 0.016826923076923076 0.03365384615384615 0.03365384615384615
0 0.6706730769230769 0.09975961538461539 0.030048076923076924 0.11658653846153846
0 0.6730769230769231 0.2439903846153846 0.030048076923076924 0.11899038461538461
0 0.6706730769230769 0.4014423076923077 0.030048076923076924 0.12139423076923077
0 0.6682692307692307 0.5408653846153846 0.030048076923076924 0.11778846153846154
0 0.6634615384615384 0.6995192307692307 0.027644230769230768 0.12259615384615384
0 0.8389423076923077 0.6418269230769231 0.057692307692307696 0.06370192307692307
0 0.5276442307692307 0.1310096153846154 0.051682692307692304 0.04807692307692308
0 0.5252403846153846 0.30288461538461536 0.06009615384615385 0.052884615384615384
0 0.5216346153846154 0.4675480769230769 0.056490384615384616 0.046875
0 0.5240384615384616 0.5288461538461539 0.055288461538461536 0.04807692307692308
0 0.5252403846153846 0.5841346153846154 0.05889423076923077 0.04447115384615385
0 0.5252403846153846 0.640625 0.05889423076923077 0.04326923076923077
0 0.5216346153846154 0.6971153846153846 0.05889423076923077 0.051682692307692304
0 0.5216346153846154 0.7536057692307693 0.06129807692307692 0.052884615384615384
0 0.5180288461538461 0.8125 0.06610576923076923 0.05048076923076923
0 0.515625 0.8677884615384616 0.06370192307692307 0.051682692307692304
0 0.5168269230769231 0.9254807692307693 0.06370192307692307 0.05048076923076923
0 0.5144230769230769 0.9783653846153846 0.06009615384615385 0.042067307692307696
0 0.38221153846153844 0.6081730769230769 0.06129807692307692 0.078125
0 0.3798076923076923 0.9026442307692307 0.05889423076923077 0.06610576923076923
0 0.3786057692307692 0.9615384615384616 0.06009615384615385 0.07451923076923077
0 0.3870192307692308 0.20432692307692307 0.06370192307692307 0.078125
0 0.3870192307692308 0.08774038461538461 0.06009615384615385 0.07451923076923077
0 0.265625 0.026442307692307692 0.054086538461538464 0.052884615384615384
0 0.2644230769230769 0.07932692307692307 0.06129807692307692 0.06971153846153846
0 0.2668269230769231 0.1466346153846154 0.06129807692307692 0.07932692307692307
0 0.2620192307692308 0.21995192307692307 0.06370192307692307 0.06850961538461539
0 0.2620192307692308 0.2824519230769231 0.06610576923076923 0.07211538461538461
0 0.2620192307692308 0.34975961538461536 0.06490384615384616 0.08173076923076923
0 0.25721153846153844 0.41225961538461536 0.0673076923076923 0.08653846153846154
0 0.2536057692307692 0.4723557692307692 0.06850961538461539 0.07692307692307693
0 0.2608173076923077 0.5432692307692307 0.06370192307692307 0.08052884615384616
0 0.25841346153846156 0.6153846153846154 0.054086538461538464 0.07091346153846154
0 0.2548076923076923 0.6778846153846154 0.056490384615384616 0.06971153846153846
0 0.24879807692307693 0.7415865384615384 0.056490384615384616 0.06009615384615385
0 0.2536057692307692 0.8064903846153846 0.05889423076923077 0.07692307692307693
0 0.25600961538461536 0.8774038461538461 0.055288461538461536 0.06370192307692307
0 0.2536057692307692 0.9314903846153846 0.04807692307692308 0.0733173076923077
0 0.2512019230769231 0.9795673076923077 0.056490384615384616 0.037259615384615384