0 0.5769230769230769 0.051682692307692304 0.026442307692307692 0.0985576923076923
0 0.3425480769230769 0.10336538461538461 0.052884615384615384 0.046875
0 0.3473557692307692 0.04807692307692308 0.06370192307692307 0.04807692307692308
0 0.6850961538461539 0.025240384615384616 0.06370192307692307 0.04567307692307692
0 0.3449519230769231 0.16105769230769232 0.06490384615384616 0.046875
0 0.5817307692307693 0.1658653846153846 0.028846153846153848 0.10576923076923077
0 0.33413461538461536 0.2920673076923077 0.06850961538461539 0.05889423076923077
0 0.33052884615384615 0.22596153846153846 0.06009615384615385 0.04567307692307692
0 0.6887019230769231 0.08052884615384616 0.06610576923076923 0.052884615384615384
0 0.6899038461538461 0.13701923076923078 0.06129807692307692 0.052884615384615384
0 0.6995192307692307 0.1935096153846154 0.06009615384615385 0.052884615384615384
0 0.6995192307692307 0.2512019230769231 0.05889423076923077 0.055288461538461536
0 0.7007211538461539 0.30408653846153844 0.06129807692307692 0.04567307692307692
0 0.7007211538461539 0.359375 0.057692307692307696 0.052884615384615384
0 0.7019230769230769 0.4182692307692308 0.06490384615384616 0.046875
0 0.5324519230769231 0.1502403846153846 0.057692307692307696 0.056490384615384616
0 0.5300480769230769 0.0829326923076923 0.0673076923076923 0.056490384615384616
0 0.5300480769230769 0.2127403846153846 0.06370192307692307 0.054086538461538464
0 0.5360576923076923 0.2644230769230769 0.07692307692307693 0.06370192307692307
0 0.32572115384615385 0.44711538461538464 0.07451923076923077 0.0625
0 0.33413461538461536 0.6550480769230769 0.06850961538461539 0.056490384615384616
0 0.33413461538461536 0.5925480769230769 0.0673076923076923 0.056490384615384616
0 0.3329326923076923 0.5444711538461539 0.06971153846153846 0.05889423076923077
0 0.3401442307692308 0.009615384615384616 0.06610576923076923 0.018028846153846152
0 0.22716346153846154 0.49399038461538464 0.05889423076923077 0.10096153846153846
0 0.07932692307692307 0.8858173076923077 0.036057692307692304 0.11538461538461539
0 0.46033653846153844 0.6983173076923077 0.030048076923076924 0.109375
0 0.49278846153846156 0.6911057692307693 0.025240384615384616 0.1141826923076923
0 0.5252403846153846 0.6935096153846154 0.025240384615384616 0.10096153846153846
0 0.5901442307692307 0.6754807692307693 0.026442307692307692 0.1141826923076923
0 0.6213942307692307 0.6802884615384616 0.028846153846153848 0.11298076923076923
0 0.6538461538461539 0.6730769230769231 0.03245192307692308 0.11658653846153846
0 0.6838942307692307 0.6526442307692307 0.027644230769230768 0.0985576923076923
0 0.71875 0.6225961538461539 0.03125 0.11057692307692307
0 0.5540865384615384 0.6911057692307693 0.027644230769230768 0.109375
0 0.4254807692307692 0.7199519230769231 0.026442307692307692 0.11298076923076923
0 0.5204326923076923 0.03365384615384615 0.04927884615384615 0.05048076923076923