0 0.6105769230769231 0.2439903846153846 0.09735576923076923 0.07932692307692307
0 0.6069711538461539 0.4987980769230769 0.09975961538461539 0.07932692307692307
0 0.5997596153846154 0.5829326923076923 0.09975961538461539 0.07091346153846154
0 0.6141826923076923 0.3317307692307692 0.0985576923076923 0.078125
0 0.28365384615384615 0.31490384615384615 0.09375 0.06490384615384616
0 0.28125 0.390625 0.08052884615384616 0.06490384615384616
0 0.16466346153846154 0.4735576923076923 0.08774038461538461 0.06971153846153846
0 0.17307692307692307 0.2283653846153846 0.10096153846153846 0.07211538461538461
0 0.17067307692307693 0.14423076923076922 0.10096153846153846 0.0733173076923077
0 0.27403846153846156 0.6538461538461539 0.10336538461538461 0.0829326923076923
0 0.2776442307692308 0.9158653846153846 0.09975961538461539 0.08173076923076923
0 0.2692307692307692 0.7379807692307693 0.0985576923076923 0.06850961538461539
0 0.6153846153846154 0.16105769230769232 0.09254807692307693 0.07451923076923077
0 0.49278846153846156 0.49038461538461536 0.09014423076923077 0.06370192307692307
0 0.4987980769230769 0.24278846153846154 0.09615384615384616 0.07451923076923077
0 0.4987980769230769 0.15384615384615385 0.0985576923076923 0.07451923076923077
0 0.4951923076923077 0.6598557692307693 0.09254807692307693 0.07091346153846154
0 0.4879807692307692 0.8341346153846154 0.08413461538461539 0.06971153846153846
0 0.6069711538461539 0.8341346153846154 0.08774038461538461 0.0733173076923077
0 0.6009615384615384 0.9134615384615384 0.08533653846153846 0.0733173076923077
0 0.6153846153846154 0.7487980769230769 0.09134615384615384 0.0733173076923077
0 0.8004807692307693 0.17908653846153846 0.09495192307692307 0.07932692307692307
0 0.8918269230769231 0.18870192307692307 0.08653846153846154 0.078125
0 0.8894230769230769 0.2668269230769231 0.08653846153846154 0.07211538461538461
0 0.8040865384615384 0.25721153846153844 0.0829326923076923 0.06850961538461539
0 0.8004807692307693 0.3389423076923077 0.07932692307692307 0.06850961538461539
0 0.8822115384615384 0.3449519230769231 0.07932692307692307 0.06129807692307692
0 0.8894230769230769 0.41947115384615385 0.08774038461538461 0.06850961538461539
0 0.8894230769230769 0.49158653846153844 0.08173076923076923 0.06009615384615385
0 0.890625 0.5600961538461539 0.078125 0.06490384615384616
0 0.8882211538461539 0.6346153846153846 0.09254807692307693 0.06610576923076923
0 0.8798076923076923 0.7079326923076923 0.08774038461538461 0.07091346153846154
0 0.8846153846153846 0.7824519230769231 0.09014423076923077 0.06971153846153846
0 0.8846153846153846 0.859375 0.08173076923076923 0.06850961538461539
0 0.7932692307692307 0.7872596153846154 0.0889423076923077 0.07932692307692307
0 0.7944711538461539 0.8665865384615384 0.08653846153846154 0.06610576923076923
0 0.8569711538461539 0.9447115384615384 0.0889423076923077 0.07451923076923077