0 0.6742788461538461 0.021634615384615384 0.03125 0.04326923076923077
0 0.6694711538461539 0.10817307692307693 0.027644230769230768 0.11057692307692307
0 0.6730769230769231 0.2536057692307692 0.03125 0.11658653846153846
0 0.6682692307692307 0.4098557692307692 0.030048076923076924 0.11658653846153846
0 0.6646634615384616 0.5480769230769231 0.027644230769230768 0.11658653846153846
0 0.6574519230769231 0.7067307692307693 0.027644230769230768 0.1141826923076923
0 0.8317307692307693 0.6466346153846154 0.057692307692307696 0.051682692307692304
0 0.5276442307692307 0.13701923076923078 0.05048076923076923 0.054086538461538464
0 0.5240384615384616 0.30649038461538464 0.06129807692307692 0.055288461538461536
0 0.5192307692307693 0.4735576923076923 0.056490384615384616 0.046875
0 0.5204326923076923 0.5288461538461539 0.056490384615384616 0.04567307692307692
0 0.5228365384615384 0.5877403846153846 0.056490384615384616 0.05048076923076923
0 0.5216346153846154 0.6430288461538461 0.057692307692307696 0.04447115384615385
0 0.5180288461538461 0.6983173076923077 0.056490384615384616 0.046875
0 0.5168269230769231 0.7572115384615384 0.06009615384615385 0.05048076923076923
0 0.5120192307692307 0.8137019230769231 0.06370192307692307 0.052884615384615384
0 0.5120192307692307 0.8725961538461539 0.06009615384615385 0.051682692307692304
0 0.5120192307692307 0.9266826923076923 0.06129807692307692 0.04807692307692308
0 0.5096153846153846 0.9795673076923077 0.056490384615384616 0.038461538461538464
0 0.3894230769230769 0.08774038461538461 0.06129807692307692 0.06850961538461539
0 0.3870192307692308 0.20673076923076922 0.06370192307692307 0.08052884615384616
0 0.38100961538461536 0.6069711538461539 0.06009615384615385 0.08052884615384616
0 0.3737980769230769 0.9002403846153846 0.06129807692307692 0.0733173076923077
0 0.3737980769230769 0.9615384615384616 0.05889423076923077 0.06971153846153846
0 0.265625 0.02283653846153846 0.055288461538461536 0.04567307692307692
0 0.2668269230769231 0.078125 0.0625 0.07091346153846154
0 0.265625 0.14543269230769232 0.06129807692307692 0.07692307692307693
0 0.2620192307692308 0.21754807692307693 0.06370192307692307 0.06370192307692307
0 0.2608173076923077 0.27884615384615385 0.06370192307692307 0.078125
0 0.2608173076923077 0.34975961538461536 0.0625 0.08413461538461539
0 0.25600961538461536 0.41225961538461536 0.06610576923076923 0.08653846153846154
0 0.2512019230769231 0.4699519230769231 0.06490384615384616 0.07932692307692307
0 0.25600961538461536 0.5420673076923077 0.06610576923076923 0.07211538461538461
0 0.25600961538461536 0.609375 0.051682692307692304 0.06129807692307692
0 0.24879807692307693 0.6766826923076923 0.05889423076923077 0.07451923076923077
0 0.2439903846153846 0.7391826923076923 0.05889423076923077 0.06490384615384616
0 0.24759615384615385 0.8088942307692307 0.06009615384615385 0.06971153846153846
0 0.2512019230769231 0.8774038461538461 0.056490384615384616 0.06129807692307692
0 0.24879807692307693 0.9338942307692307 0.05048076923076923 0.06850961538461539
0 0.24639423076923078 0.9819711538461539 0.05889423076923077 0.03365384615384615