0 0.4879807692307692 0.09254807692307693 0.06129807692307692 0.15384615384615385
0 0.53125 0.06490384615384616 0.054086538461538464 0.11899038461538461
0 0.5612980769230769 0.05048076923076923 0.06370192307692307 0.09975961538461539
0 0.07692307692307693 0.2704326923076923 0.08653846153846154 0.10336538461538461
0 0.6009615384615384 0.28725961538461536 0.09134615384615384 0.09615384615384616
0 0.7055288461538461 0.24639423076923078 0.08533653846153846 0.09495192307692307
0 0.8882211538461539 0.1778846153846154 0.08653846153846154 0.09014423076923077
0 0.8978365384615384 0.24759615384615385 0.08413461538461539 0.08413461538461539
0 0.9110576923076923 0.31490384615384615 0.07091346153846154 0.07091346153846154
0 0.7307692307692307 0.40024038461538464 0.08173076923076923 0.08653846153846154
0 0.7163461538461539 0.3245192307692308 0.08533653846153846 0.09134615384615384
0 0.7536057692307693 0.546875 0.08173076923076923 0.08653846153846154
0 0.4074519230769231 0.1502403846153846 0.06129807692307692 0.15745192307692307
0 0.36778846153846156 0.17668269230769232 0.055288461538461536 0.14543269230769232
0 0.3269230769230769 0.2127403846153846 0.056490384615384616 0.14903846153846154
0 0.2824519230769231 0.2536057692307692 0.06009615384615385 0.15384615384615385
0 0.3245192307692308 0.49759615384615385 0.08653846153846154 0.09615384615384616
0 0.4206730769230769 0.46153846153846156 0.0829326923076923 0.08774038461538461
0 0.35096153846153844 0.7463942307692307 0.08533653846153846 0.08413461538461539
0 0.14423076923076922 0.734375 0.06971153846153846 0.07932692307692307
0 0.15504807692307693 0.8197115384615384 0.0829326923076923 0.09134615384615384
0 0.8689903846153846 0.109375 0.07692307692307693 0.08052884615384616
0 0.9651442307692307 0.21514423076923078 0.06610576923076923 0.07932692307692307
0 0.9266826923076923 0.44711538461538464 0.07572115384615384 0.0733173076923077
0 0.6658653846153846 0.6875 0.08653846153846154 0.09615384615384616
0 0.6466346153846154 0.5252403846153846 0.07692307692307693 0.08413461538461539
0 0.4891826923076923 0.9302884615384616 0.08653846153846154 0.09014423076923077
0 0.8197115384615384 0.43990384615384615 0.05048076923076923 0.15144230769230768
0 0.9471153846153846 0.07932692307692307 0.08413461538461539 0.0889423076923077
0 0.9615384615384616 0.14543269230769232 0.07572115384615384 0.08173076923076923
0 0.9735576923076923 0.28846153846153844 0.051682692307692304 0.07091346153846154
0 0.9807692307692307 0.4170673076923077 0.036057692307692304 0.06850961538461539
0 0.9891826923076923 0.49399038461538464 0.016826923076923076 0.06009615384615385
0 0.9362980769230769 0.5204326923076923 0.08533653846153846 0.07932692307692307
0 0.9471153846153846 0.5841346153846154 0.08533653846153846 0.08173076923076923
0 0.9567307692307693 0.6598557692307693 0.08533653846153846 0.0889423076923077
0 0.9675480769230769 0.7932692307692307 0.06370192307692307 0.08653846153846154
0 0.9795673076923077 0.9362980769230769 0.038461538461538464 0.07692307692307693
0 0.1658653846153846 0.9675480769230769 0.08413461538461539 0.06009615384615385