0 0.6466346153846154 0.026442307692307692 0.06370192307692307 0.052884615384615384
0 0.6538461538461539 0.0889423076923077 0.0625 0.051682692307692304
0 0.6622596153846154 0.14423076923076922 0.05889423076923077 0.056490384615384616
0 0.6646634615384616 0.203125 0.05889423076923077 0.051682692307692304
0 0.6658653846153846 0.2608173076923077 0.0673076923076923 0.05048076923076923
0 0.6622596153846154 0.3125 0.06370192307692307 0.05048076923076923
0 0.6586538461538461 0.36538461538461536 0.06009615384615385 0.05048076923076923
0 0.6814903846153846 0.421875 0.06370192307692307 0.054086538461538464
0 0.6574519230769231 0.4795673076923077 0.05889423076923077 0.04807692307692308
0 0.6778846153846154 0.5360576923076923 0.06610576923076923 0.054086538461538464
0 0.6754807692307693 0.5961538461538461 0.06370192307692307 0.055288461538461536
0 0.6730769230769231 0.6514423076923077 0.055288461538461536 0.04567307692307692
0 0.6694711538461539 0.7055288461538461 0.056490384615384616 0.04807692307692308
0 0.6754807692307693 0.7608173076923077 0.0625 0.05048076923076923
0 0.6730769230769231 0.8161057692307693 0.05889423076923077 0.05048076923076923
0 0.6778846153846154 0.8725961538461539 0.06129807692307692 0.054086538461538464
0 0.6814903846153846 0.9302884615384616 0.06610576923076923 0.054086538461538464
0 0.6887019230769231 0.9783653846153846 0.06129807692307692 0.040865384615384616
0 0.5492788461538461 0.17067307692307693 0.027644230769230768 0.10576923076923077
0 0.5504807692307693 0.2824519230769231 0.026442307692307692 0.10096153846153846
0 0.5588942307692307 0.39663461538461536 0.026442307692307692 0.109375
0 0.5625 0.5192307692307693 0.025240384615384616 0.12139423076923077
0 0.5637019230769231 0.6442307692307693 0.027644230769230768 0.10817307692307693
0 0.5649038461538461 0.7512019230769231 0.025240384615384616 0.09134615384615384
0 0.5685096153846154 0.8629807692307693 0.027644230769230768 0.11538461538461539
0 0.5721153846153846 0.9591346153846154 0.026442307692307692 0.07692307692307693
0 0.5036057692307693 0.13341346153846154 0.05889423076923077 0.06009615384615385
0 0.4987980769230769 0.20192307692307693 0.06490384615384616 0.04807692307692308
0 0.4987980769230769 0.25721153846153844 0.05889423076923077 0.05048076923076923
0 0.5 0.3161057692307692 0.06129807692307692 0.05048076923076923
0 0.5060096153846154 0.36899038461538464 0.05889423076923077 0.04807692307692308
0 0.5108173076923077 0.43028846153846156 0.0625 0.051682692307692304
0 0.5096153846153846 0.4879807692307692 0.057692307692307696 0.05048076923076923
0 0.5072115384615384 0.5456730769230769 0.06009615384615385 0.04807692307692308
0 0.5072115384615384 0.6045673076923077 0.06490384615384616 0.051682692307692304
0 0.5120192307692307 0.6598557692307693 0.0625 0.051682692307692304
0 0.5144230769230769 0.7163461538461539 0.06490384615384616 0.055288461538461536
0 0.5120192307692307 0.7740384615384616 0.0625 0.051682692307692304
0 0.5108173076923077 0.8317307692307693 0.06370192307692307 0.051682692307692304
0 0.5144230769230769 0.8918269230769231 0.06129807692307692 0.055288461538461536
0 0.5168269230769231 0.9483173076923077 0.06370192307692307 0.06009615384615385
0 0.515625 0.9855769230769231 0.0673076923076923 0.025240384615384616
0 0.31850961538461536 0.03365384615384615 0.055288461538461536 0.05889423076923077
0 0.328125 0.09615384615384616 0.06129807692307692 0.055288461538461536
0 0.3293269230769231 0.15504807692307693 0.0673076923076923 0.05048076923076923
0 0.31850961538461536 0.2127403846153846 0.06129807692307692 0.051682692307692304
0 0.31850961538461536 0.2704326923076923 0.06129807692307692 0.051682692307692304
0 0.3245192307692308 0.3245192307692308 0.052884615384615384 0.04807692307692308
0 0.3161057692307692 0.3870192307692308 0.052884615384615384 0.046875
0 0.31971153846153844 0.4411057692307692 0.0625 0.04807692307692308
0 0.31850961538461536 0.5012019230769231 0.055288461538461536 0.052884615384615384
0 0.3317307692307692 0.5540865384615384 0.0625 0.051682692307692304
0 0.3317307692307692 0.6141826923076923 0.06009615384615385 0.051682692307692304
0 0.328125 0.671875 0.06129807692307692 0.05048076923076923
0 0.32572115384615385 0.7307692307692307 0.056490384615384616 0.05048076923076923
0 0.3269230769230769 0.7872596153846154 0.06370192307692307 0.04807692307692308
0 0.328125 0.8473557692307693 0.06370192307692307 0.046875
0 0.33052884615384615 0.9038461538461539 0.0625 0.055288461538461536
0 0.33653846153846156 0.9615384615384616 0.06370192307692307 0.056490384615384616