0 0.9579326923076923 0.5817307692307693 0.08173076923076923 0.06610576923076923
0 0.7283653846153846 0.5913461538461539 0.08533653846153846 0.0625
0 0.6298076923076923 0.5913461538461539 0.08413461538461539 0.06971153846153846
0 0.22235576923076922 0.5913461538461539 0.09134615384615384 0.06129807692307692
0 0.06850961538461539 0.5841346153846154 0.08653846153846154 0.0625
0 0.008413461538461538 0.5829326923076923 0.016826923076923076 0.06370192307692307
0 0.9903846153846154 0.9290865384615384 0.016826923076923076 0.13701923076923078
0 0.9615384615384616 0.9387019230769231 0.04326923076923077 0.11899038461538461
0 0.9182692307692307 0.9290865384615384 0.040865384615384616 0.13701923076923078
0 0.8737980769230769 0.9230769230769231 0.039663461538461536 0.14903846153846154
0 0.8317307692307693 0.9338942307692307 0.038461538461538464 0.12860576923076922
0 0.7884615384615384 0.9290865384615384 0.036057692307692304 0.13942307692307693
0 0.7475961538461539 0.9350961538461539 0.03365384615384615 0.09615384615384616
0 0.7043269230769231 0.9302884615384616 0.03485576923076923 0.1346153846153846
0 0.6610576923076923 0.9302884615384616 0.037259615384615384 0.1346153846153846
0 0.6177884615384616 0.9447115384615384 0.037259615384615384 0.10697115384615384
0 0.5673076923076923 0.9338942307692307 0.038461538461538464 0.1310096153846154
0 0.5252403846153846 0.9387019230769231 0.03485576923076923 0.11778846153846154
0 0.4807692307692308 0.9387019230769231 0.037259615384615384 0.11778846153846154
0 0.4338942307692308 0.9435096153846154 0.040865384615384616 0.11057692307692307
0 0.38822115384615385 0.9387019230769231 0.038461538461538464 0.11778846153846154
0 0.34615384615384615 0.9375 0.037259615384615384 0.12139423076923077
0 0.29927884615384615 0.9350961538461539 0.04326923076923077 0.12620192307692307
0 0.2536057692307692 0.9447115384615384 0.037259615384615384 0.10817307692307693
0 0.21153846153846154 0.9302884615384616 0.037259615384615384 0.1346153846153846
0 0.16826923076923078 0.9362980769230769 0.040865384615384616 0.12379807692307693
0 0.12379807692307693 0.9350961538461539 0.042067307692307696 0.12740384615384615
0 0.078125 0.9375 0.04567307692307692 0.12259615384615384
0 0.03485576923076923 0.9290865384615384 0.04807692307692308 0.13701923076923078
0 0.006009615384615385 0.9399038461538461 0.010817307692307692 0.11658653846153846