0 0.9014423076923077 0.5348557692307693 0.08173076923076923 0.06850961538461539
0 0.9002403846153846 0.453125 0.09014423076923077 0.06850961538461539
0 0.7884615384615384 0.4579326923076923 0.08413461538461539 0.0733173076923077
0 0.8882211538461539 0.3737980769230769 0.08653846153846154 0.06490384615384616
0 0.890625 0.2980769230769231 0.09375 0.07211538461538461
0 0.7800480769230769 0.2283653846153846 0.08653846153846154 0.07692307692307693
0 0.8834134615384616 0.13942307692307693 0.0889423076923077 0.07211538461538461
0 0.8774038461538461 0.06129807692307692 0.0829326923076923 0.07211538461538461
0 0.7776442307692307 0.06610576923076923 0.07932692307692307 0.06610576923076923
0 0.5661057692307693 0.0889423076923077 0.08413461538461539 0.07451923076923077
0 0.5637019230769231 0.1778846153846154 0.08653846153846154 0.07451923076923077
0 0.5793269230769231 0.2536057692307692 0.0733173076923077 0.0625
0 0.5817307692307693 0.33052884615384615 0.08533653846153846 0.07091346153846154
0 0.5817307692307693 0.4963942307692308 0.08774038461538461 0.0733173076923077
0 0.46875 0.3425480769230769 0.08774038461538461 0.078125
0 0.46274038461538464 0.18870192307692307 0.0889423076923077 0.07211538461538461
0 0.26322115384615385 0.4651442307692308 0.07451923076923077 0.06129807692307692
0 0.06971153846153846 0.23197115384615385 0.07451923076923077 0.06850961538461539
0 0.0673076923076923 0.15865384615384615 0.07932692307692307 0.06971153846153846
0 0.06850961538461539 0.08052884615384616 0.08052884615384616 0.06490384615384616
0 0.06370192307692307 0.019230769230769232 0.07692307692307693 0.038461538461538464