0 0.6466346153846154 0.2091346153846154 0.06370192307692307 0.055288461538461536
0 0.6526442307692307 0.27163461538461536 0.06610576923076923 0.052884615384615384
0 0.6586538461538461 0.3293269230769231 0.06129807692307692 0.05048076923076923
0 0.6598557692307693 0.3858173076923077 0.056490384615384616 0.05048076923076923
0 0.6610576923076923 0.44350961538461536 0.06129807692307692 0.05048076923076923
0 0.6574519230769231 0.49759615384615385 0.05889423076923077 0.046875
0 0.6526442307692307 0.5480769230769231 0.056490384615384616 0.042067307692307696
0 0.6754807692307693 0.6057692307692307 0.05889423076923077 0.052884615384615384
0 0.6514423076923077 0.6598557692307693 0.056490384615384616 0.04567307692307692
0 0.6706730769230769 0.7211538461538461 0.06490384615384616 0.051682692307692304
0 0.6682692307692307 0.7788461538461539 0.0625 0.05048076923076923
0 0.6622596153846154 0.8341346153846154 0.052884615384615384 0.04447115384615385
0 0.6622596153846154 0.8870192307692307 0.056490384615384616 0.04807692307692308
0 0.6658653846153846 0.9399038461538461 0.06129807692307692 0.054086538461538464
0 0.6634615384615384 0.9831730769230769 0.056490384615384616 0.030048076923076924
0 0.5480769230769231 0.35336538461538464 0.026442307692307692 0.10096153846153846
0 0.546875 0.4651442307692308 0.025240384615384616 0.10336538461538461
0 0.5540865384615384 0.5793269230769231 0.03245192307692308 0.109375
0 0.5552884615384616 0.7055288461538461 0.026442307692307692 0.11778846153846154
0 0.5540865384615384 0.8317307692307693 0.025240384615384616 0.11899038461538461
0 0.5564903846153846 0.9375 0.025240384615384616 0.0985576923076923
0 0.5012019230769231 0.31850961538461536 0.057692307692307696 0.06009615384615385
0 0.4963942307692308 0.38341346153846156 0.06370192307692307 0.04567307692307692
0 0.4963942307692308 0.4411057692307692 0.06129807692307692 0.05048076923076923
0 0.4963942307692308 0.49759615384615385 0.06129807692307692 0.046875
0 0.4987980769230769 0.5564903846153846 0.0625 0.055288461538461536
0 0.5048076923076923 0.6141826923076923 0.06129807692307692 0.05048076923076923
0 0.5012019230769231 0.6706730769230769 0.05889423076923077 0.055288461538461536
0 0.5012019230769231 0.7283653846153846 0.057692307692307696 0.05048076923076923
0 0.5 0.7872596153846154 0.06370192307692307 0.052884615384615384
0 0.5036057692307693 0.8389423076923077 0.06370192307692307 0.051682692307692304
0 0.5072115384615384 0.8990384615384616 0.06610576923076923 0.05048076923076923
0 0.5024038461538461 0.9555288461538461 0.06129807692307692 0.06129807692307692
0 0.3161057692307692 0.20432692307692307 0.055288461538461536 0.054086538461538464
0 0.3245192307692308 0.2704326923076923 0.06370192307692307 0.04807692307692308
0 0.3233173076923077 0.33052884615384615 0.0673076923076923 0.052884615384615384
0 0.3137019230769231 0.3894230769230769 0.06370192307692307 0.052884615384615384
0 0.3112980769230769 0.4495192307692308 0.0625 0.054086538461538464
0 0.3173076923076923 0.5036057692307693 0.052884615384615384 0.04567307692307692
0 0.3076923076923077 0.5685096153846154 0.051682692307692304 0.046875
0 0.3112980769230769 0.6225961538461539 0.0625 0.04807692307692308
0 0.3112980769230769 0.6838942307692307 0.055288461538461536 0.05048076923076923
0 0.31971153846153844 0.7403846153846154 0.06129807692307692 0.055288461538461536
0 0.3245192307692308 0.7932692307692307 0.05889423076923077 0.04447115384615385
0 0.31850961538461536 0.8485576923076923 0.06009615384615385 0.056490384615384616
0 0.3161057692307692 0.9086538461538461 0.05889423076923077 0.054086538461538464
0 0.3161057692307692 0.9651442307692307 0.06370192307692307 0.052884615384615384