0 0.828125 0.7848557692307693 0.07451923076923077 0.11538461538461539
0 0.5841346153846154 0.9459134615384616 0.07211538461538461 0.06850961538461539
0 0.49278846153846156 0.9435096153846154 0.078125 0.0733173076923077
0 0.4951923076923077 0.8677884615384616 0.08413461538461539 0.06610576923076923
0 0.30288461538461536 0.9230769230769231 0.09134615384615384 0.0829326923076923
0 0.21153846153846154 0.8774038461538461 0.09014423076923077 0.08052884615384616
0 0.29086538461538464 0.7019230769230769 0.09014423076923077 0.07451923076923077
0 0.28846153846153844 0.5889423076923077 0.08173076923076923 0.0733173076923077
0 0.2800480769230769 0.5168269230769231 0.09014423076923077 0.06850961538461539
0 0.18870192307692307 0.5865384615384616 0.07932692307692307 0.06850961538461539
0 0.19230769230769232 0.44350961538461536 0.0829326923076923 0.06370192307692307
0 0.028846153846153848 0.390625 0.056490384615384616 0.06971153846153846
0 0.030048076923076924 0.4651442307692308 0.05889423076923077 0.06370192307692307
0 0.03365384615384615 0.6105769230769231 0.06610576923076923 0.07932692307692307
0 0.03485576923076923 0.6802884615384616 0.06971153846153846 0.08173076923076923
0 0.037259615384615384 0.8269230769230769 0.0733173076923077 0.07932692307692307
0 0.037259615384615384 0.9014423076923077 0.07451923076923077 0.0829326923076923
0 0.9519230769230769 0.19110576923076922 0.06370192307692307 0.15384615384615385
0 0.9471153846153846 0.47596153846153844 0.07211538461538461 0.12620192307692307
0 0.9483173076923077 0.5997596153846154 0.08653846153846154 0.11899038461538461
0 0.75 0.6730769230769231 0.07451923076923077 0.125
0 0.7247596153846154 0.6105769230769231 0.08173076923076923 0.12259615384615384
0 0.6911057692307693 0.5480769230769231 0.07211538461538461 0.125
0 0.6670673076923077 0.49038461538461536 0.07451923076923077 0.12620192307692307
0 0.6322115384615384 0.4266826923076923 0.08173076923076923 0.12379807692307693
0 0.5961538461538461 0.3737980769230769 0.0673076923076923 0.1141826923076923
0 0.5721153846153846 0.30408653846153844 0.07211538461538461 0.11057692307692307
0 0.9122596153846154 0.41947115384615385 0.08173076923076923 0.13701923076923078
0 0.8894230769230769 0.3473557692307692 0.07572115384615384 0.11658653846153846
0 0.8557692307692307 0.29086538461538464 0.08052884615384616 0.14543269230769232
0 0.8245192307692307 0.23918269230769232 0.08533653846153846 0.13581730769230768
0 0.7872596153846154 0.18028846153846154 0.08533653846153846 0.140625
0 0.7572115384615384 0.11057692307692307 0.07932692307692307 0.12860576923076922
0 0.7319711538461539 0.057692307692307696 0.07451923076923077 0.11538461538461539
0 0.6790865384615384 0.03485576923076923 0.055288461538461536 0.06971153846153846
0 0.8293269230769231 0.026442307692307692 0.0673076923076923 0.052884615384615384