0 0.6105769230769231 0.6838942307692307 0.09254807692307693 0.07692307692307693
0 0.5204326923076923 0.5829326923076923 0.08774038461538461 0.0733173076923077
0 0.7235576923076923 0.16346153846153846 0.04807692307692308 0.14543269230769232
0 0.6262019230769231 0.1814903846153846 0.04447115384615385 0.15865384615384615
0 0.5853365384615384 0.1814903846153846 0.040865384615384616 0.14302884615384615
0 0.5432692307692307 0.18870192307692307 0.040865384615384616 0.15865384615384615
0 0.4987980769230769 0.19591346153846154 0.039663461538461536 0.15745192307692307
0 0.6129807692307693 0.5997596153846154 0.08653846153846154 0.0733173076923077
0 0.6033653846153846 0.7608173076923077 0.08774038461538461 0.06850961538461539
0 0.6009615384615384 0.8341346153846154 0.08413461538461539 0.07211538461538461
0 0.5084134615384616 0.8161057692307693 0.06971153846153846 0.07091346153846154
0 0.5120192307692307 0.7403846153846154 0.08774038461538461 0.06850961538461539
0 0.5168269230769231 0.6670673076923077 0.08774038461538461 0.07211538461538461
0 0.30528846153846156 0.6069711538461539 0.09254807692307693 0.08173076923076923
0 0.19591346153846154 0.5793269230769231 0.09735576923076923 0.07451923076923077
0 0.3016826923076923 0.6959134615384616 0.09254807692307693 0.08413461538461539
0 0.3004807692307692 0.7800480769230769 0.09254807692307693 0.078125
0 0.18870192307692307 0.8365384615384616 0.08173076923076923 0.07932692307692307
0 0.2920673076923077 0.9362980769230769 0.08653846153846154 0.07692307692307693
0 0.4182692307692308 0.19591346153846154 0.040865384615384616 0.16826923076923078
0 0.7644230769230769 0.4855769230769231 0.0889423076923077 0.08653846153846154
0 0.3737980769230769 0.20192307692307693 0.040865384615384616 0.16105769230769232
0 0.21634615384615385 0.2932692307692308 0.04807692307692308 0.16346153846153846
0 0.17307692307692307 0.3125 0.038461538461538464 0.11899038461538461
0 0.038461538461538464 0.3161057692307692 0.05048076923076923 0.16706730769230768
0 0.13221153846153846 0.3161057692307692 0.042067307692307696 0.1658653846153846
0 0.6706730769230769 0.17548076923076922 0.040865384615384616 0.14903846153846154
0 0.3269230769230769 0.20673076923076922 0.039663461538461536 0.15504807692307693
0 0.009615384615384616 0.3137019230769231 0.019230769230769232 0.15745192307692307
0 0.016826923076923076 0.6358173076923077 0.03365384615384615 0.06971153846153846
0 0.17427884615384615 0.984375 0.09014423076923077 0.027644230769230768
0 0.4963942307692308 0.9579326923076923 0.078125 0.08052884615384616
0 0.5877403846153846 0.9639423076923077 0.09014423076923077 0.06971153846153846
0 0.7752403846153846 0.7127403846153846 0.08173076923076923 0.07091346153846154
0 0.7800480769230769 0.7884615384615384 0.08173076923076923 0.06610576923076923
0 0.8677884615384616 0.796875 0.08173076923076923 0.07211538461538461
0 0.8533653846153846 0.8834134615384616 0.0733173076923077 0.06971153846153846
0 0.8509615384615384 0.9795673076923077 0.07932692307692307 0.038461538461538464
0 0.7752403846153846 0.8605769230769231 0.06971153846153846 0.06971153846153846
0 0.7680288461538461 0.9314903846153846 0.07451923076923077 0.0733173076923077
0 0.7632211538461539 0.9831730769230769 0.08413461538461539 0.030048076923076924