0 0.8293269230769231 0.5432692307692307 0.09014423076923077 0.07091346153846154
0 0.8425480769230769 0.8653846153846154 0.0829326923076923 0.07451923076923077
0 0.8509615384615384 0.9459134615384616 0.09014423076923077 0.0733173076923077
0 0.7427884615384616 0.8737980769230769 0.07932692307692307 0.07211538461538461
0 0.7367788461538461 0.7247596153846154 0.09254807692307693 0.07451923076923077
0 0.7295673076923077 0.6358173076923077 0.09014423076923077 0.06971153846153846
0 0.7247596153846154 0.5552884615384616 0.09254807692307693 0.06971153846153846
0 0.5264423076923077 0.6610576923076923 0.07211538461538461 0.07692307692307693
0 0.5348557692307693 0.7439903846153846 0.0733173076923077 0.06610576923076923
0 0.53125 0.9026442307692307 0.08533653846153846 0.0733173076923077
0 0.5276442307692307 0.9735576923076923 0.08533653846153846 0.04807692307692308
0 0.42788461538461536 0.9807692307692307 0.0889423076923077 0.036057692307692304
0 0.4182692307692308 0.6790865384615384 0.09014423076923077 0.06971153846153846
0 0.41947115384615385 0.6057692307692307 0.07932692307692307 0.0625
0 0.21033653846153846 0.6995192307692307 0.09254807692307693 0.07451923076923077
0 0.20432692307692307 0.7920673076923077 0.09134615384615384 0.06850961538461539
0 0.15384615384615385 0.34975961538461536 0.08413461538461539 0.06971153846153846
0 0.027644230769230768 0.734375 0.055288461538461536 0.06850961538461539
0 0.03365384615384615 0.8052884615384616 0.0673076923076923 0.06850961538461539
0 0.03365384615384615 0.8846153846153846 0.0673076923076923 0.06610576923076923
0 0.03365384615384615 0.9627403846153846 0.0673076923076923 0.07091346153846154
0 0.8269230769230769 0.15384615384615385 0.08533653846153846 0.06850961538461539
0 0.7295673076923077 0.15504807692307693 0.09014423076923077 0.08052884615384616
0 0.7199519230769231 0.0733173076923077 0.09495192307692307 0.07451923076923077
0 0.8137019230769231 0.06490384615384616 0.08533653846153846 0.07451923076923077
0 0.9783653846153846 0.05048076923076923 0.042067307692307696 0.07211538461538461
0 0.9819711538461539 0.125 0.03365384615384615 0.06129807692307692