0 0.36778846153846156 0.09615384615384616 0.09254807692307693 0.078125
0 0.5697115384615384 0.11658653846153846 0.08533653846153846 0.06850961538461539
0 0.5721153846153846 0.18629807692307693 0.0733173076923077 0.06370192307692307
0 0.5673076923076923 0.3269230769230769 0.07451923076923077 0.06610576923076923
0 0.5685096153846154 0.4026442307692308 0.09254807692307693 0.06971153846153846
0 0.057692307692307696 0.09615384615384616 0.09134615384615384 0.07451923076923077
0 0.042067307692307696 0.5769230769230769 0.08413461538461539 0.07211538461538461
0 0.03485576923076923 0.9002403846153846 0.06971153846153846 0.06971153846153846
0 0.24759615384615385 0.42908653846153844 0.09254807692307693 0.06490384615384616
0 0.25961538461538464 0.25721153846153844 0.08052884615384616 0.07091346153846154
0 0.2620192307692308 0.027644230769230768 0.09375 0.054086538461538464
0 0.36778846153846156 0.030048076923076924 0.09254807692307693 0.06009615384615385
0 0.36778846153846156 0.17908653846153846 0.09014423076923077 0.07091346153846154
0 0.3641826923076923 0.33653846153846156 0.08774038461538461 0.06490384615384616
0 0.46153846153846156 0.3161057692307692 0.08653846153846154 0.125
0 0.5709134615384616 0.04326923076923077 0.08413461538461539 0.06850961538461539
0 0.6598557692307693 0.052884615384615384 0.08653846153846154 0.07211538461538461
0 0.6598557692307693 0.1310096153846154 0.08653846153846154 0.06971153846153846
0 0.6622596153846154 0.41346153846153844 0.07932692307692307 0.06610576923076923
0 0.6574519230769231 0.33653846153846156 0.0889423076923077 0.06610576923076923
0 0.6622596153846154 0.20192307692307693 0.0829326923076923 0.06850961538461539
0 0.8245192307692307 0.06850961538461539 0.08173076923076923 0.06850961538461539
0 0.8329326923076923 0.14182692307692307 0.08413461538461539 0.0733173076923077
0 0.9206730769230769 0.14302884615384615 0.08533653846153846 0.07211538461538461
0 0.9134615384615384 0.2283653846153846 0.07451923076923077 0.06610576923076923
0 0.8341346153846154 0.2127403846153846 0.07451923076923077 0.0625
0 0.8305288461538461 0.2848557692307692 0.07692307692307693 0.06610576923076923
0 0.8341346153846154 0.3581730769230769 0.08653846153846154 0.06610576923076923
0 0.9194711538461539 0.3449519230769231 0.07932692307692307 0.07451923076923077
0 0.9206730769230769 0.41346153846153844 0.08173076923076923 0.06490384615384616
0 0.9194711538461539 0.4879807692307692 0.0829326923076923 0.06850961538461539
0 0.8317307692307693 0.49399038461538464 0.08052884615384616 0.06610576923076923
0 0.9194711538461539 0.5625 0.08413461538461539 0.06850961538461539
0 0.9182692307692307 0.6346153846153846 0.08413461538461539 0.07091346153846154
0 0.8317307692307693 0.6454326923076923 0.08653846153846154 0.06850961538461539
0 0.8353365384615384 0.7235576923076923 0.09375 0.06971153846153846
0 0.9206730769230769 0.7079326923076923 0.06971153846153846 0.0625
0 0.9170673076923077 0.7800480769230769 0.078125 0.06490384615384616
0 0.9074519230769231 0.8557692307692307 0.08774038461538461 0.06971153846153846
0 0.9158653846153846 0.9302884615384616 0.08653846153846154 0.07451923076923077
0 0.5661057692307693 0.4807692307692308 0.08774038461538461 0.06610576923076923
0 0.5625 0.5612980769230769 0.09134615384615384 0.06850961538461539
0 0.6550480769230769 0.5649038461538461 0.09254807692307693 0.06490384615384616
0 0.6586538461538461 0.640625 0.08173076923076923 0.06850961538461539
0 0.6550480769230769 0.7151442307692307 0.08653846153846154 0.06370192307692307
0 0.5612980769230769 0.7127403846153846 0.08653846153846154 0.06490384615384616
0 0.6514423076923077 0.7908653846153846 0.08533653846153846 0.06490384615384616
0 0.5600961538461539 0.8629807692307693 0.0889423076923077 0.07692307692307693
0 0.6394230769230769 0.9411057692307693 0.09495192307692307 0.07692307692307693
0 0.6454326923076923 0.9879807692307693 0.08413461538461539 0.020432692307692308
0 0.8269230769230769 0.984375 0.08533653846153846 0.027644230769230768
0 0.9182692307692307 0.984375 0.08173076923076923 0.027644230769230768