0 0.5637019230769231 0.4387019230769231 0.02403846153846154 0.10697115384615384
0 0.5324519230769231 0.4254807692307692 0.027644230769230768 0.1045673076923077
0 0.49759615384615385 0.4375 0.027644230769230768 0.10336538461538461
0 0.5625 0.1935096153846154 0.026442307692307692 0.09495192307692307
0 0.4651442307692308 0.42908653846153844 0.025240384615384616 0.10697115384615384
0 0.5288461538461539 0.18028846153846154 0.026442307692307692 0.1141826923076923
0 0.5600961538461539 0.07932692307692307 0.025240384615384616 0.10576923076923077
0 0.5288461538461539 0.06850961538461539 0.02403846153846154 0.09975961538461539
0 0.4987980769230769 0.06971153846153846 0.025240384615384616 0.10697115384615384
0 0.4963942307692308 0.1875 0.030048076923076924 0.11057692307692307
0 0.4675480769230769 0.06009615384615385 0.025240384615384616 0.11298076923076923
0 0.4651442307692308 0.18028846153846154 0.027644230769230768 0.10697115384615384
0 0.4338942307692308 0.06850961538461539 0.027644230769230768 0.1045673076923077
0 0.4338942307692308 0.17908653846153846 0.025240384615384616 0.109375
0 0.4026442307692308 0.056490384615384616 0.025240384615384616 0.10336538461538461
0 0.4026442307692308 0.17668269230769232 0.025240384615384616 0.09495192307692307
0 0.3713942307692308 0.057692307692307696 0.026442307692307692 0.11538461538461539
0 0.3713942307692308 0.17067307692307693 0.025240384615384616 0.11057692307692307
0 0.3389423076923077 0.06129807692307692 0.026442307692307692 0.10697115384615384
0 0.3389423076923077 0.171875 0.030048076923076924 0.11298076923076923
0 0.43028846153846156 0.4266826923076923 0.027644230769230768 0.1045673076923077
0 0.5925480769230769 0.12259615384615384 0.026442307692307692 0.109375
0 0.6995192307692307 0.1310096153846154 0.027644230769230768 0.10817307692307693
0 0.7283653846153846 0.140625 0.026442307692307692 0.08774038461538461
0 0.7572115384615384 0.13221153846153846 0.028846153846153848 0.10096153846153846
0 0.7860576923076923 0.13221153846153846 0.025240384615384616 0.10576923076923077
0 0.8161057692307693 0.13701923076923078 0.030048076923076924 0.10336538461538461
0 0.84375 0.13942307692307693 0.025240384615384616 0.09495192307692307
0 0.8737980769230769 0.13341346153846154 0.030048076923076924 0.10336538461538461
0 0.9014423076923077 0.1346153846153846 0.026442307692307692 0.09735576923076923
0 0.9290865384615384 0.13701923076923078 0.028846153846153848 0.09975961538461539
0 0.9591346153846154 0.14182692307692307 0.028846153846153848 0.09975961538461539
0 0.9867788461538461 0.1466346153846154 0.021634615384615384 0.10576923076923077
0 0.703125 0.02283653846153846 0.030048076923076924 0.04567307692307692
0 0.7307692307692307 0.030048076923076924 0.028846153846153848 0.06009615384615385
0 0.7596153846153846 0.03245192307692308 0.028846153846153848 0.06370192307692307
0 0.7872596153846154 0.03365384615384615 0.025240384615384616 0.06610576923076923
0 0.8161057692307693 0.03485576923076923 0.03125 0.06971153846153846
0 0.8449519230769231 0.03365384615384615 0.028846153846153848 0.06610576923076923
0 0.6959134615384616 0.390625 0.026442307692307692 0.10697115384615384
0 0.7283653846153846 0.3762019230769231 0.027644230769230768 0.10096153846153846
0 0.7572115384615384 0.38100961538461536 0.027644230769230768 0.10697115384615384
0 0.7848557692307693 0.3918269230769231 0.027644230769230768 0.10576923076923077
0 0.8173076923076923 0.3894230769230769 0.030048076923076924 0.10817307692307693
0 0.8449519230769231 0.3918269230769231 0.027644230769230768 0.10336538461538461
0 0.8725961538461539 0.39302884615384615 0.027644230769230768 0.10576923076923077
0 0.9002403846153846 0.3954326923076923 0.026442307692307692 0.10336538461538461
0 0.9278846153846154 0.38461538461538464 0.026442307692307692 0.10336538461538461
0 0.9555288461538461 0.3858173076923077 0.030048076923076924 0.09735576923076923
0 0.9855769230769231 0.3858173076923077 0.027644230769230768 0.1045673076923077
0 0.984375 0.5084134615384616 0.030048076923076924 0.09975961538461539
0 0.9543269230769231 0.5084134615384616 0.030048076923076924 0.09495192307692307
0 0.9266826923076923 0.5012019230769231 0.025240384615384616 0.08653846153846154
0 0.8990384615384616 0.5084134615384616 0.028846153846153848 0.10096153846153846
0 0.8737980769230769 0.5 0.025240384615384616 0.0829326923076923
0 0.8473557692307693 0.5060096153846154 0.03245192307692308 0.10697115384615384
0 0.8173076923076923 0.5108173076923077 0.030048076923076924 0.09495192307692307
0 0.7884615384615384 0.5120192307692307 0.027644230769230768 0.10817307692307693
0 0.7596153846153846 0.5084134615384616 0.027644230769230768 0.10336538461538461
0 0.7283653846153846 0.5036057692307693 0.028846153846153848 0.10096153846153846
0 0.6971153846153846 0.5084134615384616 0.026442307692307692 0.1045673076923077
0 0.3076923076923077 0.05889423076923077 0.027644230769230768 0.1045673076923077
0 0.30649038461538464 0.17067307692307693 0.025240384615384616 0.11057692307692307
0 0.39783653846153844 0.4170673076923077 0.030048076923076924 0.09975961538461539
0 0.36658653846153844 0.4230769230769231 0.025240384615384616 0.10697115384615384
0 0.33533653846153844 0.4170673076923077 0.025240384615384616 0.0985576923076923
0 0.30408653846153844 0.43028846153846156 0.027644230769230768 0.09134615384615384
0 0.27403846153846156 0.421875 0.027644230769230768 0.09014423076923077
0 0.24278846153846154 0.421875 0.027644230769230768 0.1141826923076923
0 0.21153846153846154 0.4230769230769231 0.03125 0.11298076923076923
0 0.17908653846153846 0.4230769230769231 0.03125 0.11057692307692307
0 0.14783653846153846 0.41947115384615385 0.03245192307692308 0.11298076923076923
0 0.11658653846153846 0.4254807692307692 0.028846153846153848 0.0985576923076923
0 0.08653846153846154 0.421875 0.03125 0.11298076923076923
0 0.052884615384615384 0.41586538461538464 0.03485576923076923 0.11538461538461539
0 0.020432692307692308 0.4110576923076923 0.028846153846153848 0.109375
0 0.002403846153846154 0.4182692307692308 0.004807692307692308 0.10576923076923077
0 0.5588942307692307 0.5300480769230769 0.06009615384615385 0.046875
0 0.5600961538461539 0.5877403846153846 0.051682692307692304 0.052884615384615384
0 0.5540865384615384 0.6490384615384616 0.054086538461538464 0.04447115384615385
0 0.5528846153846154 0.7019230769230769 0.056490384615384616 0.04807692307692308
0 0.6045673076923077 0.7764423076923077 0.027644230769230768 0.1045673076923077
0 0.6358173076923077 0.7788461538461539 0.027644230769230768 0.0985576923076923
0 0.6658653846153846 0.7788461538461539 0.028846153846153848 0.10336538461538461
0 0.6947115384615384 0.7836538461538461 0.025240384615384616 0.1045673076923077
0 0.7247596153846154 0.7848557692307693 0.030048076923076924 0.10817307692307693
0 0.7524038461538461 0.7836538461538461 0.027644230769230768 0.10697115384615384
0 0.7824519230769231 0.7668269230769231 0.03125 0.1045673076923077
0 0.8112980769230769 0.7692307692307693 0.027644230769230768 0.10096153846153846
0 0.8401442307692307 0.7692307692307693 0.027644230769230768 0.09975961538461539
0 0.8677884615384616 0.7776442307692307 0.025240384615384616 0.1045673076923077
0 0.8954326923076923 0.7764423076923077 0.030048076923076924 0.10336538461538461
0 0.9230769230769231 0.7752403846153846 0.026442307692307692 0.08052884615384616
0 0.9519230769230769 0.7788461538461539 0.027644230769230768 0.09254807692307693
0 0.9783653846153846 0.7740384615384616 0.030048076923076924 0.10336538461538461
0 0.9951923076923077 0.7692307692307693 0.007211538461538462 0.08774038461538461
0 0.8737980769230769 0.03245192307692308 0.026442307692307692 0.06370192307692307
0 0.9026442307692307 0.027644230769230768 0.030048076923076924 0.055288461538461536
0 0.9314903846153846 0.03125 0.036057692307692304 0.0625
0 0.9591346153846154 0.03245192307692308 0.028846153846153848 0.06370192307692307
0 0.9867788461538461 0.037259615384615384 0.021634615384615384 0.07451923076923077
0 0.27524038461538464 0.05889423076923077 0.027644230769230768 0.09735576923076923
0 0.24519230769230768 0.052884615384615384 0.028846153846153848 0.10576923076923077
0 0.27884615384615385 0.17548076923076922 0.027644230769230768 0.1045673076923077
0 0.24639423076923078 0.17668269230769232 0.030048076923076924 0.109375
0 0.21634615384615385 0.1875 0.027644230769230768 0.1141826923076923
0 0.21514423076923078 0.06009615384615385 0.027644230769230768 0.09735576923076923
0 0.18389423076923078 0.05889423076923077 0.030048076923076924 0.10576923076923077
0 0.18028846153846154 0.18389423076923078 0.03245192307692308 0.09975961538461539
0 0.15264423076923078 0.052884615384615384 0.030048076923076924 0.10336538461538461
0 0.1502403846153846 0.17908653846153846 0.025240384615384616 0.0985576923076923
0 0.11899038461538461 0.17548076923076922 0.03125 0.1141826923076923
0 0.1201923076923077 0.052884615384615384 0.03365384615384615 0.10576923076923077
0 0.08653846153846154 0.04567307692307692 0.03245192307692308 0.09134615384615384
0 0.052884615384615384 0.052884615384615384 0.038461538461538464 0.10576923076923077
0 0.018028846153846152 0.05048076923076923 0.03245192307692308 0.09975961538461539
0 0.08653846153846154 0.18389423076923078 0.030048076923076924 0.10576923076923077
0 0.052884615384615384 0.1778846153846154 0.037259615384615384 0.1141826923076923
0 0.021634615384615384 0.17307692307692307 0.03485576923076923 0.11298076923076923