0 0.6983173076923077 0.9290865384615384 0.08052884615384616 0.11298076923076923
0 0.6850961538461539 0.8293269230769231 0.08173076923076923 0.11658653846153846
0 0.6887019230769231 0.7415865384615384 0.07091346153846154 0.09735576923076923
0 0.6802884615384616 0.6526442307692307 0.08533653846153846 0.11057692307692307
0 0.6778846153846154 0.5697115384615384 0.0733173076923077 0.10576923076923077
0 0.5228365384615384 0.4795673076923077 0.08173076923076923 0.06009615384615385
0 0.5300480769230769 0.5564903846153846 0.08653846153846154 0.06971153846153846
0 0.5324519230769231 0.6370192307692307 0.08653846153846154 0.06850961538461539
0 0.5300480769230769 0.703125 0.08774038461538461 0.06490384615384616
0 0.5360576923076923 0.7716346153846154 0.08774038461538461 0.08173076923076923
0 0.5408653846153846 0.8509615384615384 0.09495192307692307 0.078125
0 0.5480769230769231 0.9230769230769231 0.0889423076923077 0.07451923076923077
0 0.35336538461538464 0.35697115384615385 0.09014423076923077 0.10817307692307693
0 0.34375 0.5024038461538461 0.09014423076923077 0.07211538461538461
0 0.3425480769230769 0.5865384615384616 0.08413461538461539 0.0625
0 0.3401442307692308 0.6634615384615384 0.0673076923076923 0.07211538461538461
0 0.3473557692307692 0.7247596153846154 0.07692307692307693 0.07091346153846154
0 0.3473557692307692 0.8016826923076923 0.09254807692307693 0.0733173076923077
0 0.3557692307692308 0.8713942307692307 0.07211538461538461 0.07211538461538461
0 0.3581730769230769 0.9387019230769231 0.08052884615384616 0.08052884615384616
0 0.2512019230769231 0.5144230769230769 0.08533653846153846 0.07211538461538461
0 0.2512019230769231 0.5973557692307693 0.09014423076923077 0.07692307692307693
0 0.26322115384615385 0.6634615384615384 0.08653846153846154 0.07091346153846154
0 0.2644230769230769 0.7355769230769231 0.0889423076923077 0.06370192307692307
0 0.2548076923076923 0.8100961538461539 0.07932692307692307 0.07692307692307693
0 0.2668269230769231 0.8822115384615384 0.0829326923076923 0.06850961538461539
0 0.27163461538461536 0.9543269230769231 0.08653846153846154 0.0733173076923077
0 0.08052884615384616 0.5336538461538461 0.09975961538461539 0.06971153846153846
0 0.08774038461538461 0.6129807692307693 0.09254807692307693 0.07211538461538461
0 0.09014423076923077 0.6911057692307693 0.09254807692307693 0.06971153846153846
0 0.0733173076923077 0.765625 0.09615384615384616 0.06850961538461539
0 0.09375 0.8317307692307693 0.08774038461538461 0.06610576923076923
0 0.09735576923076923 0.9050480769230769 0.09254807692307693 0.07211538461538461
0 0.09735576923076923 0.9675480769230769 0.08653846153846154 0.06129807692307692
0 0.026442307692307692 0.8605769230769231 0.052884615384615384 0.08173076923076923
0 0.018028846153846152 0.7091346153846154 0.036057692307692304 0.06610576923076923
0 0.018028846153846152 0.6286057692307693 0.036057692307692304 0.06971153846153846
0 0.015625 0.5444711538461539 0.03125 0.06009615384615385
0 0.0673076923076923 0.15384615384615385 0.08413461538461539 0.07451923076923077
0 0.056490384615384616 0.0829326923076923 0.09254807692307693 0.07451923076923077
0 0.04927884615384615 0.02403846153846154 0.09495192307692307 0.046875
0 0.1622596153846154 0.07091346153846154 0.04807692307692308 0.14182692307692307
0 0.23557692307692307 0.06129807692307692 0.08413461538461539 0.06370192307692307
0 0.32091346153846156 0.04807692307692308 0.08653846153846154 0.06850961538461539
0 0.32572115384615385 0.12259615384615384 0.0889423076923077 0.07451923076923077
0 0.4987980769230769 0.09975961538461539 0.08173076923076923 0.07091346153846154
0 0.5961538461538461 0.09014423076923077 0.08533653846153846 0.07692307692307693
0 0.5877403846153846 0.021634615384615384 0.08413461538461539 0.04326923076923077
0 0.5036057692307693 0.03125 0.08653846153846154 0.0625