0 0.49038461538461536 0.5805288461538461 0.09254807692307693 0.08173076923076923
0 0.4855769230769231 0.6694711538461539 0.09375 0.08413461538461539
0 0.4831730769230769 0.7536057692307693 0.09254807692307693 0.07692307692307693
0 0.36778846153846156 0.8112980769230769 0.08173076923076923 0.08052884615384616
0 0.5132211538461539 0.18389423076923078 0.037259615384615384 0.15504807692307693
0 0.08413461538461539 0.29447115384615385 0.04567307692307692 0.1622596153846154
0 0.1346153846153846 0.2860576923076923 0.04326923076923077 0.15144230769230768
0 0.1814903846153846 0.27884615384615385 0.039663461538461536 0.15384615384615385
0 0.22596153846153846 0.2800480769230769 0.042067307692307696 0.1658653846153846
0 0.06850961538461539 0.5612980769230769 0.09134615384615384 0.08413461538461539
0 0.16826923076923078 0.5913461538461539 0.08774038461538461 0.07091346153846154
0 0.04326923076923077 0.8137019230769231 0.08653846153846154 0.08052884615384616
0 0.3137019230769231 0.2824519230769231 0.040865384615384616 0.1658653846153846
0 0.3605769230769231 0.27884615384615385 0.03485576923076923 0.12139423076923077
0 0.40024038461538464 0.2620192307692308 0.04567307692307692 0.16346153846153846
0 0.5600961538461539 0.1814903846153846 0.038461538461538464 0.15865384615384615
0 0.6021634615384616 0.18028846153846154 0.040865384615384616 0.15985576923076922
0 0.6802884615384616 0.1814903846153846 0.04567307692307692 0.15504807692307693
0 0.7199519230769231 0.1814903846153846 0.04326923076923077 0.15144230769230768
0 0.7584134615384616 0.18389423076923078 0.04326923076923077 0.13581730769230768
0 0.796875 0.18028846153846154 0.04326923076923077 0.14903846153846154
0 0.8389423076923077 0.171875 0.04326923076923077 0.14423076923076922
0 0.8846153846153846 0.16706730769230768 0.04567307692307692 0.1502403846153846
0 0.8317307692307693 0.4375 0.09134615384615384 0.0829326923076923
0 0.3786057692307692 0.5504807692307693 0.0985576923076923 0.07692307692307693
0 0.6971153846153846 0.5625 0.08413461538461539 0.07451923076923077
0 0.7824519230769231 0.5805288461538461 0.08413461538461539 0.07211538461538461
0 0.6935096153846154 0.6430288461538461 0.08774038461538461 0.06610576923076923
0 0.7788461538461539 0.6598557692307693 0.08173076923076923 0.07692307692307693
0 0.6862980769230769 0.7163461538461539 0.08774038461538461 0.06610576923076923
0 0.7740384615384616 0.7355769230769231 0.08413461538461539 0.07211538461538461
0 0.47115384615384615 0.9086538461538461 0.08533653846153846 0.078125
0 0.35096153846153844 0.9699519230769231 0.09014423076923077 0.05889423076923077
0 0.6838942307692307 0.7884615384615384 0.07091346153846154 0.07091346153846154
0 0.7692307692307693 0.8100961538461539 0.08052884615384616 0.06971153846153846
0 0.6682692307692307 0.9362980769230769 0.07572115384615384 0.0889423076923077
0 0.6622596153846154 0.9795673076923077 0.09014423076923077 0.038461538461538464
0 0.7572115384615384 0.9435096153846154 0.0889423076923077 0.08052884615384616
0 0.9362980769230769 0.6971153846153846 0.08413461538461539 0.06850961538461539
0 0.9411057692307693 0.7692307692307693 0.08653846153846154 0.06850961538461539
0 0.9903846153846154 0.7788461538461539 0.016826923076923076 0.06009615384615385
0 0.9867788461538461 0.8653846153846154 0.021634615384615384 0.0673076923076923
0 0.9855769230769231 0.9723557692307693 0.025240384615384616 0.052884615384615384
0 0.9362980769230769 0.8413461538461539 0.07451923076923077 0.07091346153846154
0 0.9290865384615384 0.9122596153846154 0.08052884615384616 0.07451923076923077
0 0.9254807692307693 0.9723557692307693 0.09014423076923077 0.051682692307692304