0 0.4375 0.2403846153846154 0.05889423076923077 0.04807692307692308
0 0.30649038461538464 0.5769230769230769 0.06129807692307692 0.046875
0 0.3076923076923077 0.6322115384615384 0.056490384615384616 0.05048076923076923
0 0.4375 0.296875 0.06370192307692307 0.052884615384615384
0 0.4519230769230769 0.5733173076923077 0.06009615384615385 0.04567307692307692
0 0.5192307692307693 0.5733173076923077 0.05889423076923077 0.046875
0 0.44591346153846156 0.5180288461538461 0.05889423076923077 0.04807692307692308
0 0.5192307692307693 0.5144230769230769 0.06129807692307692 0.04567307692307692
0 0.734375 0.5625 0.052884615384615384 0.05048076923076923
0 0.6730769230769231 0.5685096153846154 0.056490384615384616 0.054086538461538464
0 0.6694711538461539 0.5144230769230769 0.06129807692307692 0.04567307692307692
0 0.7307692307692307 0.5072115384615384 0.04807692307692308 0.040865384615384616
0 0.6514423076923077 0.26802884615384615 0.026442307692307692 0.11298076923076923
0 0.49399038461538464 0.28365384615384615 0.027644230769230768 0.11298076923076923
0 0.5252403846153846 0.27884615384615385 0.025240384615384616 0.10576923076923077
0 0.5564903846153846 0.2764423076923077 0.025240384615384616 0.09014423076923077
0 0.5877403846153846 0.2668269230769231 0.026442307692307692 0.10576923076923077
0 0.6189903846153846 0.27163461538461536 0.027644230769230768 0.10576923076923077
0 0.30528846153846156 0.5216346153846154 0.06009615384615385 0.052884615384615384
0 0.44471153846153844 0.18990384615384615 0.06129807692307692 0.05048076923076923
0 0.4411057692307692 0.13701923076923078 0.0625 0.046875
0 0.4362980769230769 0.08173076923076923 0.06370192307692307 0.051682692307692304
0 0.4411057692307692 0.03365384615384615 0.05889423076923077 0.046875
0 0.3004807692307692 0.007211538461538462 0.06009615384615385 0.014423076923076924
0 0.4387019230769231 0.006009615384615385 0.04326923076923077 0.01201923076923077
0 0.28966346153846156 0.037259615384615384 0.055288461538461536 0.046875
0 0.29086538461538464 0.08774038461538461 0.06129807692307692 0.054086538461538464
0 0.2932692307692308 0.140625 0.06129807692307692 0.046875
0 0.2920673076923077 0.19110576923076922 0.05889423076923077 0.04567307692307692
0 0.2932692307692308 0.2439903846153846 0.056490384615384616 0.05048076923076923
0 0.2932692307692308 0.3004807692307692 0.06009615384615385 0.051682692307692304
0 0.15504807692307693 0.025240384615384616 0.06370192307692307 0.05048076923076923
0 0.15745192307692307 0.078125 0.06009615384615385 0.04807692307692308
0 0.15264423076923078 0.12860576923076922 0.06129807692307692 0.051682692307692304
0 0.15745192307692307 0.2283653846153846 0.06129807692307692 0.04567307692307692
0 0.15504807692307693 0.2800480769230769 0.057692307692307696 0.04567307692307692
0 0.14903846153846154 0.3401442307692308 0.054086538461538464 0.04567307692307692
0 0.1466346153846154 0.3954326923076923 0.07211538461538461 0.04447115384615385
0 0.1502403846153846 0.4495192307692308 0.06370192307692307 0.051682692307692304
0 0.1502403846153846 0.5 0.06370192307692307 0.05048076923076923
0 0.1502403846153846 0.5540865384615384 0.06129807692307692 0.05048076923076923
0 0.15504807692307693 0.609375 0.06370192307692307 0.04447115384615385
0 0.15745192307692307 0.6706730769230769 0.05889423076923077 0.04807692307692308
0 0.14543269230769232 0.7211538461538461 0.06009615384615385 0.051682692307692304
0 0.15264423076923078 0.7776442307692307 0.06610576923076923 0.04807692307692308
0 0.1502403846153846 0.8305288461538461 0.06610576923076923 0.051682692307692304
0 0.14903846153846154 0.8894230769230769 0.06490384615384616 0.046875
0 0.14903846153846154 0.9447115384615384 0.06129807692307692 0.046875
0 0.3088942307692308 0.6875 0.056490384615384616 0.04447115384615385
0 0.30288461538461536 0.7403846153846154 0.057692307692307696 0.04807692307692308
0 0.3016826923076923 0.7956730769230769 0.05889423076923077 0.05048076923076923
0 0.30528846153846156 0.8533653846153846 0.055288461538461536 0.05048076923076923
0 0.31490384615384615 0.9098557692307693 0.057692307692307696 0.04807692307692308
0 0.3137019230769231 0.9651442307692307 0.05889423076923077 0.04807692307692308
0 0.4519230769230769 0.6274038461538461 0.05889423076923077 0.04807692307692308
0 0.44471153846153844 0.6899038461538461 0.06129807692307692 0.04447115384615385
0 0.4519230769230769 0.7415865384615384 0.05889423076923077 0.04567307692307692
0 0.4519230769230769 0.7944711538461539 0.056490384615384616 0.051682692307692304
0 0.4519230769230769 0.8533653846153846 0.057692307692307696 0.051682692307692304
0 0.4543269230769231 0.9074519230769231 0.055288461538461536 0.046875
0 0.45072115384615385 0.9579326923076923 0.055288461538461536 0.04567307692307692
0 0.4543269230769231 0.9903846153846154 0.055288461538461536 0.015625
0 0.5252403846153846 0.9915865384615384 0.06129807692307692 0.01201923076923077
0 0.5192307692307693 0.9555288461538461 0.05889423076923077 0.051682692307692304
0 0.5144230769230769 0.9050480769230769 0.06009615384615385 0.04447115384615385
0 0.5204326923076923 0.8485576923076923 0.06129807692307692 0.04567307692307692
0 0.5240384615384616 0.7980769230769231 0.05889423076923077 0.04447115384615385
0 0.5204326923076923 0.7379807692307693 0.06370192307692307 0.04567307692307692
0 0.5180288461538461 0.6802884615384616 0.056490384615384616 0.04807692307692308
0 0.5204326923076923 0.6274038461538461 0.06009615384615385 0.04447115384615385
0 0.6730769230769231 0.6262019230769231 0.057692307692307696 0.04567307692307692
0 0.7355769230769231 0.625 0.057692307692307696 0.04567307692307692
0 0.7415865384615384 0.6814903846153846 0.06009615384615385 0.04807692307692308
0 0.7439903846153846 0.734375 0.056490384615384616 0.04567307692307692
0 0.6730769230769231 0.6814903846153846 0.06490384615384616 0.04807692307692308
0 0.6706730769230769 0.7355769230769231 0.06370192307692307 0.04567307692307692
0 0.6658653846153846 0.7908653846153846 0.06009615384615385 0.046875
0 0.6766826923076923 0.8497596153846154 0.056490384615384616 0.04567307692307692
0 0.7475961538461539 0.8485576923076923 0.057692307692307696 0.05889423076923077
0 0.7512019230769231 0.9026442307692307 0.06129807692307692 0.05048076923076923
0 0.7475961538461539 0.9519230769230769 0.052884615384615384 0.04807692307692308
0 0.6730769230769231 0.9519230769230769 0.04927884615384615 0.05048076923076923
0 0.6682692307692307 0.9891826923076923 0.055288461538461536 0.018028846153846152
0 0.6730769230769231 0.9038461538461539 0.06009615384615385 0.046875
0 0.8786057692307693 0.984375 0.06009615384615385 0.026442307692307692
0 0.8870192307692307 0.9387019230769231 0.06129807692307692 0.051682692307692304
0 0.8882211538461539 0.8858173076923077 0.0625 0.05048076923076923
0 0.8846153846153846 0.8305288461538461 0.056490384615384616 0.046875
0 0.8786057692307693 0.7764423076923077 0.0625 0.051682692307692304
0 0.8737980769230769 0.7283653846153846 0.06129807692307692 0.04447115384615385
0 0.8713942307692307 0.671875 0.056490384615384616 0.051682692307692304
0 0.8713942307692307 0.6213942307692307 0.05889423076923077 0.046875
0 0.8774038461538461 0.5685096153846154 0.05889423076923077 0.04567307692307692
0 0.8689903846153846 0.5120192307692307 0.05889423076923077 0.04807692307692308
0 0.8762019230769231 0.4543269230769231 0.057692307692307696 0.046875
0 0.8737980769230769 0.4026442307692308 0.052884615384615384 0.05048076923076923
0 0.8762019230769231 0.3449519230769231 0.06370192307692307 0.052884615384615384
0 0.8257211538461539 0.2608173076923077 0.03365384615384615 0.10697115384615384
0 0.7932692307692307 0.2692307692307692 0.030048076923076924 0.109375
0 0.7668269230769231 0.2800480769230769 0.028846153846153848 0.10576923076923077
0 0.7391826923076923 0.2824519230769231 0.027644230769230768 0.10576923076923077
0 0.7091346153846154 0.2704326923076923 0.027644230769230768 0.09615384615384616
0 0.6814903846153846 0.2668269230769231 0.028846153846153848 0.1045673076923077