0 0.5276442307692307 0.6454326923076923 0.028846153846153848 0.11057692307692307
0 0.49399038461538464 0.6502403846153846 0.027644230769230768 0.11899038461538461
0 0.4266826923076923 0.6610576923076923 0.030048076923076924 0.1141826923076923
0 0.46033653846153844 0.6442307692307693 0.026442307692307692 0.1045673076923077
0 0.5949519230769231 0.2764423076923077 0.027644230769230768 0.11057692307692307
0 0.5649038461538461 0.40024038461538464 0.027644230769230768 0.11658653846153846
0 0.5288461538461539 0.2704326923076923 0.030048076923076924 0.1141826923076923
0 0.4951923076923077 0.27403846153846156 0.026442307692307692 0.10697115384615384
0 0.4266826923076923 0.2668269230769231 0.027644230769230768 0.12259615384615384
0 0.4963942307692308 0.39903846153846156 0.030048076923076924 0.11057692307692307
0 0.4639423076923077 0.4014423076923077 0.027644230769230768 0.10576923076923077
0 0.43028846153846156 0.4014423076923077 0.030048076923076924 0.11778846153846154
0 0.39663461538461536 0.39302884615384615 0.027644230769230768 0.12259615384615384
0 0.36538461538461536 0.38461538461538464 0.028846153846153848 0.1045673076923077
0 0.5324519230769231 0.3942307692307692 0.027644230769230768 0.11538461538461539
0 0.5637019230769231 0.27163461538461536 0.026442307692307692 0.11658653846153846
0 0.3629807692307692 0.2668269230769231 0.028846153846153848 0.11057692307692307
0 0.3293269230769231 0.25841346153846156 0.027644230769230768 0.09735576923076923
0 0.2956730769230769 0.2644230769230769 0.027644230769230768 0.109375
0 0.3942307692307692 0.2644230769230769 0.027644230769230768 0.09615384615384616
0 0.46274038461538464 0.2668269230769231 0.030048076923076924 0.12259615384615384
0 0.6478365384615384 0.11899038461538461 0.06129807692307692 0.051682692307692304
0 0.1502403846153846 0.04326923076923077 0.06610576923076923 0.05889423076923077
0 0.15264423076923078 0.20793269230769232 0.06610576923076923 0.055288461538461536
0 0.15504807692307693 0.28846153846153844 0.06850961538461539 0.054086538461538464
0 0.14783653846153846 0.37259615384615385 0.06610576923076923 0.054086538461538464
0 0.6923076923076923 0.6502403846153846 0.027644230769230768 0.11298076923076923
0 0.6610576923076923 0.6430288461538461 0.028846153846153848 0.10697115384615384
0 0.6262019230769231 0.6538461538461539 0.028846153846153848 0.10576923076923077
0 0.5949519230769231 0.6550480769230769 0.027644230769230768 0.10336538461538461
0 0.5612980769230769 0.6538461538461539 0.027644230769230768 0.11538461538461539
0 0.6286057692307693 0.2800480769230769 0.027644230769230768 0.10576923076923077
0 0.6598557692307693 0.2776442307692308 0.030048076923076924 0.11538461538461539
0 0.6923076923076923 0.27403846153846156 0.027644230769230768 0.1045673076923077
0 0.5961538461538461 0.39663461538461536 0.028846153846153848 0.11899038461538461
0 0.6310096153846154 0.40865384615384615 0.028846153846153848 0.10697115384615384
0 0.6622596153846154 0.4026442307692308 0.025240384615384616 0.09735576923076923
0 0.6923076923076923 0.40024038461538464 0.027644230769230768 0.10697115384615384
0 0.7223557692307693 0.2764423076923077 0.030048076923076924 0.10697115384615384
0 0.7536057692307693 0.2704326923076923 0.027644230769230768 0.10336538461538461
0 0.7824519230769231 0.28365384615384615 0.027644230769230768 0.09495192307692307
0 0.8137019230769231 0.2920673076923077 0.03125 0.10817307692307693
0 0.8425480769230769 0.2860576923076923 0.028846153846153848 0.10576923076923077
0 0.8725961538461539 0.28846153846153844 0.027644230769230768 0.11057692307692307
0 0.9026442307692307 0.2956730769230769 0.027644230769230768 0.11057692307692307
0 0.9338942307692307 0.29447115384615385 0.030048076923076924 0.10817307692307693
0 0.9615384615384616 0.296875 0.027644230769230768 0.09735576923076923
0 0.9867788461538461 0.296875 0.021634615384615384 0.10336538461538461
0 0.9855769230769231 0.4110576923076923 0.026442307692307692 0.09615384615384616
0 0.9603365384615384 0.40865384615384615 0.028846153846153848 0.10576923076923077
0 0.9314903846153846 0.4110576923076923 0.030048076923076924 0.10817307692307693
0 0.9050480769230769 0.4098557692307692 0.030048076923076924 0.09975961538461539
0 0.8737980769230769 0.4170673076923077 0.028846153846153848 0.109375
0 0.8449519230769231 0.4074519230769231 0.030048076923076924 0.11298076923076923
0 0.8137019230769231 0.40865384615384615 0.030048076923076924 0.1045673076923077
0 0.7836538461538461 0.4026442307692308 0.028846153846153848 0.10096153846153846
0 0.7536057692307693 0.4026442307692308 0.026442307692307692 0.109375
0 0.7247596153846154 0.4014423076923077 0.030048076923076924 0.109375
0 0.29927884615384615 0.036057692307692304 0.03125 0.07211538461538461
0 0.33413461538461536 0.03245192307692308 0.030048076923076924 0.06370192307692307
0 0.3641826923076923 0.03485576923076923 0.027644230769230768 0.06971153846153846
0 0.39903846153846156 0.038461538461538464 0.025240384615384616 0.07692307692307693
0 0.43028846153846156 0.036057692307692304 0.025240384615384616 0.07211538461538461
0 0.4651442307692308 0.038461538461538464 0.026442307692307692 0.07692307692307693
0 0.49759615384615385 0.036057692307692304 0.026442307692307692 0.07211538461538461
0 0.5300480769230769 0.03485576923076923 0.027644230769230768 0.06971153846153846
0 0.5637019230769231 0.036057692307692304 0.027644230769230768 0.07211538461538461
0 0.5925480769230769 0.036057692307692304 0.025240384615384616 0.07211538461538461
0 0.6262019230769231 0.042067307692307696 0.03125 0.08413461538461539
0 0.6586538461538461 0.042067307692307696 0.027644230769230768 0.0829326923076923
0 0.6911057692307693 0.042067307692307696 0.03125 0.08413461538461539
0 0.7223557692307693 0.04447115384615385 0.03125 0.0889423076923077
0 0.7512019230769231 0.040865384615384616 0.025240384615384616 0.08052884615384616
0 0.7800480769230769 0.04927884615384615 0.03125 0.0985576923076923
0 0.8088942307692307 0.05048076923076923 0.027644230769230768 0.09975961538461539
0 0.8413461538461539 0.052884615384615384 0.03125 0.10576923076923077
0 0.8713942307692307 0.04927884615384615 0.03125 0.0985576923076923
0 0.9026442307692307 0.04927884615384615 0.03125 0.0985576923076923
0 0.9314903846153846 0.04927884615384615 0.030048076923076924 0.0985576923076923
0 0.9615384615384616 0.054086538461538464 0.026442307692307692 0.10817307692307693
0 0.9867788461538461 0.055288461538461536 0.021634615384615384 0.11057692307692307
0 0.7235576923076923 0.6430288461538461 0.028846153846153848 0.10697115384615384
0 0.7524038461538461 0.6502403846153846 0.027644230769230768 0.11057692307692307
0 0.78125 0.6526442307692307 0.027644230769230768 0.10336538461538461
0 0.8112980769230769 0.6502403846153846 0.026442307692307692 0.109375
0 0.8449519230769231 0.6394230769230769 0.030048076923076924 0.10697115384615384
0 0.8701923076923077 0.6490384615384616 0.02403846153846154 0.1045673076923077
0 0.9002403846153846 0.6514423076923077 0.03125 0.10576923076923077
0 0.9314903846153846 0.6502403846153846 0.027644230769230768 0.109375
0 0.9615384615384616 0.6514423076923077 0.03365384615384615 0.10817307692307693
0 0.9879807692307693 0.6466346153846154 0.02283653846153846 0.10336538461538461