0 0.08052884615384616 0.054086538461538464 0.0733173076923077 0.0625
0 0.1502403846153846 0.056490384615384616 0.07091346153846154 0.056490384615384616
0 0.3161057692307692 0.051682692307692304 0.07692307692307693 0.06009615384615385
0 0.4098557692307692 0.05048076923076923 0.06971153846153846 0.056490384615384616
0 0.49038461538461536 0.051682692307692304 0.06370192307692307 0.05889423076923077
0 0.6177884615384616 0.06370192307692307 0.0673076923076923 0.05889423076923077
0 0.9290865384615384 0.08413461538461539 0.06610576923076923 0.0625
0 0.9855769230769231 0.09615384615384616 0.027644230769230768 0.0625
0 0.9831730769230769 0.3629807692307692 0.030048076923076924 0.11899038461538461
0 0.953125 0.359375 0.03485576923076923 0.11778846153846154
0 0.9206730769230769 0.37740384615384615 0.037259615384615384 0.12139423076923077
0 0.8822115384615384 0.3629807692307692 0.03125 0.13581730769230768
0 0.8509615384615384 0.3629807692307692 0.03125 0.1141826923076923
0 0.8185096153846154 0.3629807692307692 0.03365384615384615 0.12259615384615384
0 0.7896634615384616 0.3737980769230769 0.040865384615384616 0.14182692307692307
0 0.7463942307692307 0.3581730769230769 0.03245192307692308 0.12139423076923077
0 0.7151442307692307 0.35096153846153844 0.03125 0.12379807692307693
0 0.6778846153846154 0.34615384615384615 0.03245192307692308 0.125
0 0.6418269230769231 0.36538461538461536 0.030048076923076924 0.1310096153846154
0 0.6057692307692307 0.3449519230769231 0.030048076923076924 0.12740384615384615
0 0.5697115384615384 0.3485576923076923 0.030048076923076924 0.11899038461538461
0 0.5324519230769231 0.34615384615384615 0.028846153846153848 0.12860576923076922
0 0.4987980769230769 0.34975961538461536 0.03485576923076923 0.12740384615384615
0 0.45913461538461536 0.3425480769230769 0.03245192307692308 0.1310096153846154
0 0.421875 0.35096153846153844 0.03245192307692308 0.12860576923076922
0 0.38221153846153844 0.34134615384615385 0.03245192307692308 0.125
0 0.3425480769230769 0.33052884615384615 0.030048076923076924 0.109375
0 0.30649038461538464 0.34615384615384615 0.03125 0.12860576923076922
0 0.2620192307692308 0.35096153846153844 0.036057692307692304 0.11778846153846154
0 0.25961538461538464 0.4879807692307692 0.037259615384615384 0.13581730769230768
0 0.31971153846153844 0.6165865384615384 0.036057692307692304 0.10576923076923077
0 0.3557692307692308 0.6322115384615384 0.040865384615384616 0.11899038461538461
0 0.3894230769230769 0.6177884615384616 0.037259615384615384 0.11298076923076923
0 0.5432692307692307 0.6225961538461539 0.042067307692307696 0.12139423076923077
0 0.5793269230769231 0.6262019230769231 0.039663461538461536 0.12259615384615384
0 0.6105769230769231 0.6189903846153846 0.04326923076923077 0.12379807692307693
0 0.6550480769230769 0.6262019230769231 0.04326923076923077 0.12139423076923077
0 0.828125 0.6274038461538461 0.04326923076923077 0.1141826923076923
0 0.8942307692307693 0.6262019230769231 0.039663461538461536 0.12379807692307693
0 0.9326923076923077 0.6346153846153846 0.040865384615384616 0.11538461538461539
0 0.9831730769230769 0.8545673076923077 0.03245192307692308 0.12740384615384615
0 0.7860576923076923 0.8713942307692307 0.04927884615384615 0.11778846153846154
0 0.703125 0.8677884615384616 0.05048076923076923 0.125
0 0.6646634615384616 0.8689903846153846 0.04807692307692308 0.11538461538461539
0 0.5408653846153846 0.8725961538461539 0.051682692307692304 0.140625
0 0.49278846153846156 0.8822115384615384 0.040865384615384616 0.12860576923076922
0 0.4543269230769231 0.8737980769230769 0.040865384615384616 0.11778846153846154
0 0.4110576923076923 0.8810096153846154 0.04447115384615385 0.12139423076923077
0 0.33052884615384615 0.8713942307692307 0.04447115384615385 0.109375
0 0.29086538461538464 0.859375 0.040865384615384616 0.12740384615384615
0 0.24879807692307693 0.8725961538461539 0.04326923076923077 0.12259615384615384
0 0.21394230769230768 0.8569711538461539 0.042067307692307696 0.11658653846153846
0 0.17908653846153846 0.8425480769230769 0.04326923076923077 0.11899038461538461