0 0.8569711538461539 0.5697115384615384 0.05889423076923077 0.055288461538461536
0 0.6802884615384616 0.6237980769230769 0.03125 0.11538461538461539
0 0.6862980769230769 0.4651442307692308 0.03125 0.11899038461538461
0 0.6899038461538461 0.3245192307692308 0.03245192307692308 0.11778846153846154
0 0.6935096153846154 0.171875 0.03245192307692308 0.11899038461538461
0 0.6887019230769231 0.042067307692307696 0.03125 0.0829326923076923
0 0.546875 0.054086538461538464 0.04927884615384615 0.055288461538461536
0 0.5420673076923077 0.2247596153846154 0.06370192307692307 0.06009615384615385
0 0.5384615384615384 0.39302884615384615 0.056490384615384616 0.054086538461538464
0 0.5420673076923077 0.4519230769230769 0.055288461538461536 0.05048076923076923
0 0.5432692307692307 0.5084134615384616 0.06009615384615385 0.052884615384615384
0 0.5408653846153846 0.5637019230769231 0.05889423076923077 0.051682692307692304
0 0.5396634615384616 0.6237980769230769 0.05889423076923077 0.04807692307692308
0 0.5384615384615384 0.6778846153846154 0.06129807692307692 0.05048076923076923
0 0.5360576923076923 0.7379807692307693 0.06610576923076923 0.05048076923076923
0 0.5336538461538461 0.7944711538461539 0.06370192307692307 0.054086538461538464
0 0.5348557692307693 0.8533653846153846 0.06129807692307692 0.046875
0 0.5324519230769231 0.9086538461538461 0.06009615384615385 0.04567307692307692
0 0.5324519230769231 0.9615384615384616 0.06610576923076923 0.04807692307692308
0 0.39903846153846156 0.5324519230769231 0.05889423076923077 0.07692307692307693
0 0.3954326923076923 0.8269230769230769 0.056490384615384616 0.07091346153846154
0 0.3942307692307692 0.8858173076923077 0.05889423076923077 0.06971153846153846
0 0.3942307692307692 0.9459134615384616 0.05889423076923077 0.07211538461538461
0 0.4050480769230769 0.12259615384615384 0.06610576923076923 0.078125
0 0.4050480769230769 0.02283653846153846 0.06490384615384616 0.04567307692307692
0 0.2848557692307692 0.018028846153846152 0.06490384615384616 0.036057692307692304
0 0.2848557692307692 0.06850961538461539 0.05889423076923077 0.08173076923076923
0 0.2776442307692308 0.140625 0.06490384615384616 0.06971153846153846
0 0.27884615384615385 0.20192307692307693 0.06370192307692307 0.08173076923076923
0 0.2776442307692308 0.27403846153846156 0.0625 0.0829326923076923
0 0.27403846153846156 0.3329326923076923 0.0625 0.08774038461538461
0 0.27163461538461536 0.3942307692307692 0.06370192307692307 0.08173076923076923
0 0.2776442307692308 0.4651442307692308 0.06009615384615385 0.08413461538461539
0 0.27524038461538464 0.5372596153846154 0.055288461538461536 0.06850961538461539
0 0.27403846153846156 0.6033653846153846 0.055288461538461536 0.07451923076923077
0 0.2644230769230769 0.6670673076923077 0.05889423076923077 0.06009615384615385
0 0.27163461538461536 0.7355769230769231 0.055288461538461536 0.06971153846153846
0 0.27283653846153844 0.8016826923076923 0.055288461538461536 0.06850961538461539
0 0.2668269230769231 0.859375 0.051682692307692304 0.07211538461538461
0 0.2668269230769231 0.9230769230769231 0.057692307692307696 0.07211538461538461
0 0.2620192307692308 0.9735576923076923 0.06129807692307692 0.04807692307692308