0 0.49038461538461536 0.24879807692307693 0.04326923076923077 0.16105769230769232
0 0.5432692307692307 0.23918269230769232 0.040865384615384616 0.16105769230769232
0 0.5949519230769231 0.24639423076923078 0.04807692307692308 0.16346153846153846
0 0.6442307692307693 0.2536057692307692 0.04807692307692308 0.1622596153846154
0 0.34134615384615385 0.25600961538461536 0.04807692307692308 0.17067307692307693
0 0.3894230769230769 0.24278846153846154 0.038461538461538464 0.14423076923076922
0 0.43990384615384615 0.23798076923076922 0.04326923076923077 0.15865384615384615
0 0.24519230769230768 0.25841346153846156 0.04807692307692308 0.17067307692307693
0 0.19591346153846154 0.2644230769230769 0.046875 0.1658653846153846
0 0.15144230769230768 0.22355769230769232 0.04567307692307692 0.15865384615384615
0 0.10336538461538461 0.23076923076923078 0.04807692307692308 0.15865384615384615
0 0.05889423076923077 0.22355769230769232 0.051682692307692304 0.15985576923076922
0 0.7019230769230769 0.6959134615384616 0.040865384615384616 0.15985576923076922
0 0.6394230769230769 0.7127403846153846 0.042067307692307696 0.16947115384615385
0 0.5865384615384616 0.7139423076923077 0.040865384615384616 0.140625
0 0.5384615384615384 0.6875 0.04326923076923077 0.18028846153846154
0 0.4879807692307692 0.7175480769230769 0.039663461538461536 0.16706730769230768
0 0.43509615384615385 0.7067307692307693 0.039663461538461536 0.17307692307692307
0 0.38461538461538464 0.7163461538461539 0.040865384615384616 0.1778846153846154
0 0.33413461538461536 0.7199519230769231 0.04326923076923077 0.17067307692307693
0 0.2776442307692308 0.7127403846153846 0.06009615384615385 0.2668269230769231
0 0.14423076923076922 0.7127403846153846 0.046875 0.16706730769230768
0 0.10216346153846154 0.6766826923076923 0.04927884615384615 0.16105769230769232