0 0.4723557692307692 0.4375 0.036057692307692304 0.14903846153846154
0 0.4098557692307692 0.25961538461538464 0.03485576923076923 0.13701923076923078
0 0.36538461538461536 0.24879807692307693 0.03485576923076923 0.12860576923076922
0 0.32572115384615385 0.23557692307692307 0.036057692307692304 0.140625
0 0.28725961538461536 0.2439903846153846 0.03485576923076923 0.14543269230769232
0 0.20673076923076922 0.24759615384615385 0.038461538461538464 0.125
0 0.1658653846153846 0.25600961538461536 0.03485576923076923 0.10697115384615384
0 0.12620192307692307 0.24759615384615385 0.039663461538461536 0.13581730769230768
0 0.08653846153846154 0.2403846153846154 0.038461538461538464 0.14182692307692307
0 0.046875 0.24879807692307693 0.038461538461538464 0.12259615384615384
0 0.5108173076923077 0.03485576923076923 0.0829326923076923 0.06971153846153846
0 0.30649038461538464 0.5564903846153846 0.055288461538461536 0.13942307692307693
0 0.2620192307692308 0.5480769230769231 0.052884615384615384 0.15144230769230768
0 0.22235576923076922 0.5504807692307693 0.04927884615384615 0.13341346153846154
0 0.18269230769230768 0.5600961538461539 0.04807692307692308 0.13221153846153846
0 0.14423076923076922 0.5697115384615384 0.051682692307692304 0.12379807692307693
0 0.0625 0.5516826923076923 0.06129807692307692 0.13942307692307693
0 0.05889423076923077 0.8209134615384616 0.0625 0.13701923076923078
0 0.10576923076923077 0.8221153846153846 0.056490384615384616 0.140625
0 0.15504807692307693 0.8125 0.056490384615384616 0.13942307692307693
0 0.19110576923076922 0.8329326923076923 0.05889423076923077 0.13581730769230768
0 0.24158653846153846 0.8305288461538461 0.052884615384615384 0.12860576923076922
0 0.2824519230769231 0.8341346153846154 0.057692307692307696 0.13701923076923078
0 0.33774038461538464 0.8365384615384616 0.05889423076923077 0.14543269230769232
0 0.38221153846153844 0.8497596153846154 0.04807692307692308 0.12259615384615384
0 0.4266826923076923 0.8569711538461539 0.05889423076923077 0.14423076923076922
0 0.4807692307692308 0.8245192307692307 0.051682692307692304 0.1310096153846154
0 0.5228365384615384 0.8317307692307693 0.04927884615384615 0.125
0 0.5697115384615384 0.8533653846153846 0.04807692307692308 0.12620192307692307
0 0.02403846153846154 0.5540865384615384 0.046875 0.12379807692307693
0 0.013221153846153846 0.23918269230769232 0.026442307692307692 0.13221153846153846
0 0.2439903846153846 0.2536057692307692 0.038461538461538464 0.13581730769230768