0 0.6658653846153846 0.5372596153846154 0.03485576923076923 0.09495192307692307
0 0.6358173076923077 0.5637019230769231 0.037259615384615384 0.0985576923076923
0 0.6033653846153846 0.578125 0.038461538461538464 0.11538461538461539
0 0.5721153846153846 0.5745192307692307 0.038461538461538464 0.109375
0 0.5396634615384616 0.5877403846153846 0.036057692307692304 0.10336538461538461
0 0.5132211538461539 0.609375 0.030048076923076924 0.09134615384615384
0 0.47596153846153844 0.6081730769230769 0.03125 0.09014423076923077
0 0.4495192307692308 0.6274038461538461 0.03365384615384615 0.10697115384615384
0 0.41586538461538464 0.6442307692307693 0.03365384615384615 0.09014423076923077
0 0.38822115384615385 0.6790865384615384 0.037259615384615384 0.10576923076923077
0 0.3581730769230769 0.7019230769230769 0.037259615384615384 0.10576923076923077
0 0.32572115384615385 0.7055288461538461 0.038461538461538464 0.10697115384615384
0 0.28846153846153844 0.7199519230769231 0.03485576923076923 0.09975961538461539
0 0.25721153846153844 0.734375 0.040865384615384616 0.11057692307692307
0 0.2247596153846154 0.75 0.036057692307692304 0.11778846153846154
0 0.19230769230769232 0.7716346153846154 0.040865384615384616 0.11778846153846154
0 0.15865384615384615 0.7944711538461539 0.04326923076923077 0.11298076923076923
0 0.12379807692307693 0.8125 0.04326923076923077 0.11658653846153846
0 0.09134615384615384 0.8401442307692307 0.040865384615384616 0.09735576923076923
0 0.054086538461538464 0.8449519230769231 0.051682692307692304 0.12139423076923077
0 0.020432692307692308 0.8557692307692307 0.040865384615384616 0.12139423076923077
0 0.65625 0.8689903846153846 0.042067307692307696 0.11778846153846154
0 0.6189903846153846 0.8725961538461539 0.036057692307692304 0.1141826923076923
0 0.5913461538461539 0.8930288461538461 0.038461538461538464 0.10336538461538461
0 0.5612980769230769 0.9050480769230769 0.037259615384615384 0.10817307692307693
0 0.53125 0.9302884615384616 0.037259615384615384 0.10817307692307693
0 0.5036057692307693 0.9483173076923077 0.038461538461538464 0.0985576923076923
0 0.47115384615384615 0.9567307692307693 0.036057692307692304 0.0829326923076923
0 0.4375 0.9627403846153846 0.03365384615384615 0.07091346153846154
0 0.4014423076923077 0.9675480769230769 0.028846153846153848 0.06009615384615385
0 0.5889423076923077 0.9723557692307693 0.055288461538461536 0.051682692307692304
0 0.6478365384615384 0.9519230769230769 0.052884615384615384 0.06610576923076923