0 0.9387019230769231 0.44471153846153844 0.07692307692307693 0.14182692307692307
0 0.9663461538461539 0.7043269230769231 0.04927884615384615 0.1466346153846154
0 0.9230769230769231 0.6911057692307693 0.04567307692307692 0.15504807692307693
0 0.8774038461538461 0.6838942307692307 0.04326923076923077 0.15745192307692307
0 0.8305288461538461 0.6778846153846154 0.039663461538461536 0.15985576923076922
0 0.7824519230769231 0.6682692307692307 0.037259615384615384 0.15745192307692307
0 0.7355769230769231 0.6658653846153846 0.038461538461538464 0.15384615384615385
0 0.9603365384615384 0.8834134615384616 0.05048076923076923 0.16105769230769232
0 0.9915865384615384 0.8954326923076923 0.015625 0.17067307692307693
0 0.9158653846153846 0.8725961538461539 0.04326923076923077 0.16105769230769232
0 0.8725961538461539 0.8557692307692307 0.04447115384615385 0.1502403846153846
0 0.8245192307692307 0.8569711538461539 0.04447115384615385 0.1658653846153846
0 0.7764423076923077 0.8713942307692307 0.04567307692307692 0.17908653846153846
0 0.7259615384615384 0.8569711538461539 0.04447115384615385 0.15865384615384615
0 0.5492788461538461 0.6009615384615384 0.039663461538461536 0.16346153846153846
0 0.5384615384615384 0.8413461538461539 0.04326923076923077 0.16346153846153846
0 0.49278846153846156 0.8221153846153846 0.04567307692307692 0.17548076923076922
0 0.4423076923076923 0.8112980769230769 0.046875 0.16706730769230768
0 0.3954326923076923 0.7980769230769231 0.040865384615384616 0.1502403846153846
0 0.34615384615384615 0.8040865384615384 0.040865384615384616 0.14182692307692307
0 0.2956730769230769 0.8040865384615384 0.04326923076923077 0.15745192307692307
0 0.24639423076923078 0.8137019230769231 0.042067307692307696 0.12860576923076922
0 0.20192307692307693 0.7776442307692307 0.04567307692307692 0.17307692307692307
0 0.15384615384615385 0.7644230769230769 0.04447115384615385 0.15745192307692307
0 0.10817307692307693 0.7596153846153846 0.04567307692307692 0.1346153846153846
0 0.06009615384615385 0.7536057692307693 0.05048076923076923 0.15384615384615385
0 0.019230769230769232 0.7512019230769231 0.038461538461538464 0.15504807692307693
0 0.4987980769230769 0.6346153846153846 0.040865384615384616 0.16346153846153846
0 0.4483173076923077 0.6189903846153846 0.038461538461538464 0.1658653846153846
0 0.40024038461538464 0.6262019230769231 0.039663461538461536 0.15865384615384615
0 0.3485576923076923 0.6069711538461539 0.042067307692307696 0.171875
0 0.30288461538461536 0.6009615384615384 0.04326923076923077 0.1658653846153846
0 0.2536057692307692 0.5973557692307693 0.046875 0.15384615384615385
0 0.20793269230769232 0.5865384615384616 0.04447115384615385 0.15985576923076922
0 0.15985576923076922 0.5841346153846154 0.04567307692307692 0.15144230769230768
0 0.11658653846153846 0.5901442307692307 0.04567307692307692 0.15504807692307693
0 0.06610576923076923 0.5817307692307693 0.056490384615384616 0.15865384615384615
0 0.021634615384615384 0.5721153846153846 0.04326923076923077 0.1658653846153846
0 0.8137019230769231 0.328125 0.09014423076923077 0.08052884615384616
0 0.7427884615384616 0.25721153846153844 0.04326923076923077 0.14903846153846154
0 0.6971153846153846 0.25240384615384615 0.038461538461538464 0.16346153846153846
0 0.6502403846153846 0.234375 0.038461538461538464 0.16346153846153846
0 0.5625 0.22115384615384615 0.036057692307692304 0.13341346153846154
0 0.5144230769230769 0.2247596153846154 0.040865384615384616 0.171875
0 0.46875 0.2091346153846154 0.038461538461538464 0.13942307692307693
0 0.4170673076923077 0.20192307692307693 0.038461538461538464 0.13581730769230768
0 0.3269230769230769 0.203125 0.04447115384615385 0.15504807692307693
0 0.27524038461538464 0.18870192307692307 0.039663461538461536 0.15985576923076922
0 0.22956730769230768 0.19110576923076922 0.04326923076923077 0.15144230769230768
0 0.18389423076923078 0.18990384615384615 0.04567307692307692 0.16706730769230768