0 0.6730769230769231 0.22115384615384615 0.06129807692307692 0.056490384615384616
0 0.6766826923076923 0.2776442307692308 0.06129807692307692 0.052884615384615384
0 0.6862980769230769 0.33052884615384615 0.05889423076923077 0.05048076923076923
0 0.6826923076923077 0.3894230769230769 0.06129807692307692 0.05048076923076923
0 0.6838942307692307 0.4411057692307692 0.06370192307692307 0.046875
0 0.6887019230769231 0.49759615384615385 0.06610576923076923 0.05889423076923077
0 0.6887019230769231 0.5552884615384616 0.06370192307692307 0.051682692307692304
0 0.6899038461538461 0.6081730769230769 0.06370192307692307 0.052884615384615384
0 0.6935096153846154 0.6634615384615384 0.06129807692307692 0.04567307692307692
0 0.5637019230769231 0.20552884615384615 0.027644230769230768 0.109375
0 0.5685096153846154 0.31971153846153844 0.027644230769230768 0.10697115384615384
0 0.5745192307692307 0.43509615384615385 0.028846153846153848 0.10576923076923077
0 0.5793269230769231 0.5588942307692307 0.03125 0.10817307692307693
0 0.5841346153846154 0.6706730769230769 0.026442307692307692 0.10096153846153846
0 0.5865384615384616 0.7908653846153846 0.027644230769230768 0.10576923076923077
0 0.5060096153846154 0.17548076923076922 0.06129807692307692 0.06009615384615385
0 0.5096153846153846 0.23317307692307693 0.06009615384615385 0.055288461538461536
0 0.5120192307692307 0.2920673076923077 0.06370192307692307 0.06009615384615385
0 0.5144230769230769 0.3485576923076923 0.06610576923076923 0.052884615384615384
0 0.5132211538461539 0.4050480769230769 0.06490384615384616 0.056490384615384616
0 0.5120192307692307 0.4675480769230769 0.057692307692307696 0.05048076923076923
0 0.5180288461538461 0.5252403846153846 0.0625 0.054086538461538464
0 0.5240384615384616 0.5805288461538461 0.06129807692307692 0.052884615384615384
0 0.53125 0.6346153846153846 0.06009615384615385 0.04807692307692308
0 0.5348557692307693 0.9158653846153846 0.06129807692307692 0.055288461538461536
0 0.3449519230769231 0.421875 0.052884615384615384 0.04807692307692308
0 0.33774038461538464 0.5408653846153846 0.06850961538461539 0.05048076923076923
0 0.34134615384615385 0.5973557692307693 0.06129807692307692 0.04807692307692308
0 0.34975961538461536 0.6550480769230769 0.06610576923076923 0.051682692307692304
0 0.3473557692307692 0.7704326923076923 0.05889423076923077 0.05048076923076923
0 0.34375 0.8317307692307693 0.06370192307692307 0.052884615384615384
0 0.3473557692307692 0.8858173076923077 0.06850961538461539 0.056490384615384616
0 0.6935096153846154 0.7800480769230769 0.05889423076923077 0.054086538461538464
0 0.6935096153846154 0.7235576923076923 0.06129807692307692 0.046875
0 0.6995192307692307 0.8329326923076923 0.06129807692307692 0.051682692307692304
0 0.5060096153846154 0.11899038461538461 0.06129807692307692 0.056490384615384616
0 0.5588942307692307 0.0985576923076923 0.025240384615384616 0.09014423076923077
0 0.6682692307692307 0.16346153846153846 0.056490384615384616 0.051682692307692304
0 0.6682692307692307 0.11057692307692307 0.06129807692307692 0.056490384615384616
0 0.5324519230769231 0.6911057692307693 0.06370192307692307 0.051682692307692304
0 0.5288461538461539 0.8605769230769231 0.06129807692307692 0.051682692307692304
0 0.5288461538461539 0.8028846153846154 0.06370192307692307 0.055288461538461536
0 0.5324519230769231 0.7463942307692307 0.06129807692307692 0.046875
0 0.7115384615384616 0.8894230769230769 0.06370192307692307 0.051682692307692304
0 0.7055288461538461 0.9435096153846154 0.04927884615384615 0.055288461538461536
0 0.7091346153846154 0.9819711538461539 0.0625 0.03245192307692308
0 0.5877403846153846 0.9086538461538461 0.03125 0.1141826923076923
0 0.5420673076923077 0.9663461538461539 0.06009615384615385 0.06370192307692307
0 0.3581730769230769 0.9411057692307693 0.07451923076923077 0.07091346153846154
0 0.36538461538461536 0.984375 0.06129807692307692 0.027644230769230768
0 0.3233173076923077 0.02403846153846154 0.06129807692307692 0.04807692307692308
0 0.32211538461538464 0.08052884615384616 0.055288461538461536 0.05048076923076923
0 0.3245192307692308 0.13701923076923078 0.06129807692307692 0.05048076923076923
0 0.3269230769230769 0.19591346153846154 0.06009615384615385 0.04807692307692308
0 0.3317307692307692 0.25240384615384615 0.06129807692307692 0.04807692307692308
0 0.33774038461538464 0.31009615384615385 0.0625 0.051682692307692304
0 0.33774038461538464 0.36899038461538464 0.06129807692307692 0.05048076923076923
0 0.34134615384615385 0.4807692307692308 0.06850961538461539 0.055288461538461536
0 0.3485576923076923 0.7151442307692307 0.06129807692307692 0.054086538461538464
0 0.5096153846153846 0.06370192307692307 0.06370192307692307 0.054086538461538464
0 0.5048076923076923 0.018028846153846152 0.0625 0.036057692307692304
0 0.5552884615384616 0.02403846153846154 0.025240384615384616 0.04807692307692308
0 0.6622596153846154 0.055288461538461536 0.055288461538461536 0.051682692307692304
0 0.6622596153846154 0.016826923076923076 0.055288461538461536 0.03365384615384615