0 0.6706730769230769 0.09014423076923077 0.03365384615384615 0.11538461538461539
0 0.6658653846153846 0.2283653846153846 0.030048076923076924 0.09254807692307693
0 0.6694711538461539 0.3425480769230769 0.03125 0.11057692307692307
0 0.6574519230769231 0.6586538461538461 0.030048076923076924 0.109375
0 0.6514423076923077 0.8028846153846154 0.03245192307692308 0.11057692307692307
0 0.6442307692307693 0.9399038461538461 0.03125 0.10697115384615384
0 0.49759615384615385 0.9651442307692307 0.054086538461538464 0.06009615384615385
0 0.49759615384615385 0.7355769230769231 0.05889423076923077 0.06129807692307692
0 0.5072115384615384 0.6694711538461539 0.05889423076923077 0.056490384615384616
0 0.5192307692307693 0.5024038461538461 0.04927884615384615 0.04807692307692308
0 0.5132211538461539 0.5588942307692307 0.056490384615384616 0.05048076923076923
0 0.5132211538461539 0.09134615384615384 0.06129807692307692 0.056490384615384616
0 0.5216346153846154 0.15865384615384615 0.06370192307692307 0.052884615384615384
0 0.5240384615384616 0.21634615384615385 0.06129807692307692 0.05048076923076923
0 0.5144230769230769 0.2692307692307692 0.06129807692307692 0.055288461538461536
0 0.5096153846153846 0.32211538461538464 0.056490384615384616 0.05048076923076923
0 0.5036057692307693 0.38221153846153844 0.05889423076923077 0.052884615384615384
0 0.5120192307692307 0.4411057692307692 0.052884615384615384 0.054086538461538464
0 0.44591346153846156 0.02283653846153846 0.06490384615384616 0.04567307692307692
0 0.25240384615384615 0.03485576923076923 0.0625 0.06971153846153846
0 0.2536057692307692 0.10336538461538461 0.06009615384615385 0.08052884615384616
0 0.2536057692307692 0.17548076923076922 0.056490384615384616 0.06971153846153846
0 0.25 0.23557692307692307 0.06129807692307692 0.07211538461538461
0 0.25 0.30408653846153844 0.06850961538461539 0.07451923076923077
0 0.24639423076923078 0.3713942307692308 0.06370192307692307 0.07451923076923077
0 0.24639423076923078 0.4375 0.06850961538461539 0.07692307692307693
0 0.24158653846153846 0.5036057692307693 0.06129807692307692 0.07932692307692307
0 0.23557692307692307 0.5612980769230769 0.06370192307692307 0.07932692307692307
0 0.23677884615384615 0.6442307692307693 0.06610576923076923 0.0733173076923077
0 0.23557692307692307 0.7079326923076923 0.06850961538461539 0.06971153846153846
0 0.23076923076923078 0.7752403846153846 0.06490384615384616 0.07932692307692307
0 0.2247596153846154 0.8293269230769231 0.0673076923076923 0.08173076923076923
0 0.22596153846153846 0.9014423076923077 0.06850961538461539 0.06610576923076923
0 0.22596153846153846 0.9627403846153846 0.06971153846153846 0.07091346153846154
0 0.3870192307692308 0.14182692307692307 0.06009615384615385 0.07451923076923077
0 0.3858173076923077 0.20432692307692307 0.055288461538461536 0.0625
0 0.3762019230769231 0.265625 0.06370192307692307 0.06850961538461539
0 0.3762019230769231 0.328125 0.06370192307692307 0.06490384615384616
0 0.3713942307692308 0.49759615384615385 0.055288461538461536 0.06971153846153846
0 0.3737980769230769 0.5564903846153846 0.06129807692307692 0.07091346153846154
0 0.3557692307692308 0.9134615384615384 0.05889423076923077 0.06850961538461539