0 0.6346153846153846 0.421875 0.07932692307692307 0.06971153846153846
0 0.5204326923076923 0.7596153846153846 0.03245192307692308 0.13942307692307693
0 0.4807692307692308 0.7512019230769231 0.030048076923076924 0.12620192307692307
0 0.7800480769230769 0.5372596153846154 0.078125 0.06129807692307692
0 0.5637019230769231 0.7487980769230769 0.03245192307692308 0.14302884615384615
0 0.6021634615384616 0.7415865384615384 0.03245192307692308 0.13942307692307693
0 0.6418269230769231 0.7560096153846154 0.03485576923076923 0.12740384615384615
0 0.6802884615384616 0.7608173076923077 0.03245192307692308 0.13701923076923078
0 0.7403846153846154 0.9302884615384616 0.037259615384615384 0.13581730769230768
0 0.4423076923076923 0.421875 0.07572115384615384 0.06850961538461539
0 0.2247596153846154 0.4254807692307692 0.08173076923076923 0.06129807692307692
0 0.13701923076923078 0.4182692307692308 0.07932692307692307 0.06610576923076923
0 0.4387019230769231 0.7572115384615384 0.03125 0.11298076923076923
0 0.39783653846153844 0.7475961538461539 0.03245192307692308 0.13942307692307693
0 0.35697115384615385 0.7415865384615384 0.03485576923076923 0.14423076923076922
0 0.3173076923076923 0.7487980769230769 0.030048076923076924 0.12860576923076922
0 0.27884615384615385 0.7355769230769231 0.03245192307692308 0.13221153846153846
0 0.2403846153846154 0.7355769230769231 0.03125 0.0829326923076923
0 0.20072115384615385 0.734375 0.03485576923076923 0.13341346153846154
0 0.16346153846153846 0.7307692307692307 0.03485576923076923 0.12740384615384615
0 0.12259615384615384 0.7512019230769231 0.040865384615384616 0.14182692307692307
0 0.08173076923076923 0.734375 0.040865384615384616 0.15504807692307693
0 0.040865384615384616 0.7331730769230769 0.04326923076923077 0.12620192307692307
0 0.013221153846153846 0.7355769230769231 0.026442307692307692 0.13581730769230768
0 0.016826923076923076 0.9795673076923077 0.03365384615384615 0.038461538461538464
0 0.09254807692307693 0.9783653846153846 0.04326923076923077 0.040865384615384616
0 0.13942307692307693 0.9831730769230769 0.040865384615384616 0.028846153846153848
0 0.2956730769230769 0.9903846153846154 0.03245192307692308 0.016826923076923076
0 0.3329326923076923 0.984375 0.03365384615384615 0.027644230769230768
0 0.45552884615384615 0.9891826923076923 0.03245192307692308 0.018028846153846152
0 0.49278846153846156 0.984375 0.03245192307692308 0.026442307692307692
0 0.5348557692307693 0.9855769230769231 0.030048076923076924 0.02403846153846154
0 0.5769230769230769 0.9891826923076923 0.036057692307692304 0.019230769230769232