0 0.4699519230769231 0.051682692307692304 0.05048076923076923 0.10336538461538461
0 0.44591346153846156 0.09014423076923077 0.04807692307692308 0.0985576923076923
0 0.4206730769230769 0.125 0.05048076923076923 0.09975961538461539
0 0.390625 0.140625 0.046875 0.08774038461538461
0 0.36778846153846156 0.17908653846153846 0.04807692307692308 0.09615384615384616
0 0.34975961538461536 0.22235576923076922 0.05048076923076923 0.0985576923076923
0 0.32091346153846156 0.2512019230769231 0.04567307692307692 0.0985576923076923
0 0.3004807692307692 0.29086538461538464 0.04807692307692308 0.0985576923076923
0 0.27163461538461536 0.31850961538461536 0.046875 0.09735576923076923
0 0.24639423076923078 0.34975961538461536 0.04807692307692308 0.09975961538461539
0 0.22355769230769232 0.3870192307692308 0.046875 0.09254807692307693
0 0.19591346153846154 0.4206730769230769 0.04447115384615385 0.09254807692307693
0 0.17668269230769232 0.4543269230769231 0.04567307692307692 0.09735576923076923
0 0.15144230769230768 0.4855769230769231 0.046875 0.0985576923076923
0 0.13221153846153846 0.5252403846153846 0.04807692307692308 0.09735576923076923
0 0.10817307692307693 0.5612980769230769 0.04807692307692308 0.09495192307692307
0 0.07692307692307693 0.5793269230769231 0.04447115384615385 0.09134615384615384
0 0.052884615384615384 0.6105769230769231 0.052884615384615384 0.1045673076923077
0 0.028846153846153848 0.6514423076923077 0.05048076923076923 0.1045673076923077
0 0.014423076923076924 0.6802884615384616 0.028846153846153848 0.09254807692307693
0 0.24278846153846154 0.04807692307692308 0.05048076923076923 0.09615384615384616
0 0.2692307692307692 0.03245192307692308 0.04807692307692308 0.06370192307692307
0 0.3016826923076923 0.016826923076923076 0.036057692307692304 0.03365384615384615
0 0.19471153846153846 0.11899038461538461 0.04927884615384615 0.09254807692307693
0 0.17427884615384615 0.15384615384615385 0.05048076923076923 0.10336538461538461
0 0.15144230769230768 0.18629807692307693 0.055288461538461536 0.10576923076923077
0 0.12740384615384615 0.21634615384615385 0.04567307692307692 0.09254807692307693
0 0.09735576923076923 0.24278846153846154 0.04567307692307692 0.0889423076923077
0 0.06850961538461539 0.27163461538461536 0.052884615384615384 0.09254807692307693
0 0.04567307692307692 0.30528846153846156 0.052884615384615384 0.09615384615384616
0 0.02403846153846154 0.33774038461538464 0.04807692307692308 0.11057692307692307
0 0.014423076923076924 0.38461538461538464 0.027644230769230768 0.07211538461538461
0 0.5024038461538461 0.30528846153846156 0.046875 0.08413461538461539
0 0.47596153846153844 0.3317307692307692 0.040865384615384616 0.078125
0 0.4483173076923077 0.3713942307692308 0.040865384615384616 0.08173076923076923
0 0.42788461538461536 0.4026442307692308 0.038461538461538464 0.08052884615384616
0 0.3786057692307692 0.47836538461538464 0.04326923076923077 0.08413461538461539
0 0.34975961538461536 0.5084134615384616 0.040865384615384616 0.07451923076923077
0 0.3269230769230769 0.5408653846153846 0.04326923076923077 0.0733173076923077
0 0.3088942307692308 0.5889423076923077 0.04326923076923077 0.07932692307692307
0 0.2764423076923077 0.6129807692307693 0.042067307692307696 0.09975961538461539
0 0.25961538461538464 0.6550480769230769 0.051682692307692304 0.09615384615384616
0 0.23677884615384615 0.6947115384615384 0.04326923076923077 0.09014423076923077
0 0.21153846153846154 0.7235576923076923 0.04567307692307692 0.08653846153846154
0 0.19471153846153846 0.7716346153846154 0.04326923076923077 0.09615384615384616
0 0.16826923076923078 0.7944711538461539 0.04567307692307692 0.09254807692307693
0 0.14182692307692307 0.8137019230769231 0.04567307692307692 0.09014423076923077
0 0.11899038461538461 0.859375 0.04807692307692308 0.09495192307692307
0 0.09014423076923077 0.8990384615384616 0.040865384615384616 0.09735576923076923
0 0.06490384615384616 0.9182692307692307 0.046875 0.0985576923076923
0 0.038461538461538464 0.9483173076923077 0.054086538461538464 0.09975961538461539