0 0.5120192307692307 0.7223557692307693 0.06009615384615385 0.052884615384615384
0 0.515625 0.6153846153846154 0.055288461538461536 0.04807692307692308
0 0.5144230769230769 0.6682692307692307 0.0625 0.046875
0 0.515625 0.9411057692307693 0.056490384615384616 0.04567307692307692
0 0.43509615384615385 0.9495192307692307 0.057692307692307696 0.046875
0 0.515625 0.890625 0.056490384615384616 0.046875
0 0.6550480769230769 0.7848557692307693 0.04927884615384615 0.046875
0 0.65625 0.7283653846153846 0.06009615384615385 0.051682692307692304
0 0.7223557692307693 0.7235576923076923 0.04807692307692308 0.04447115384615385
0 0.7175480769230769 0.671875 0.06009615384615385 0.052884615384615384
0 0.6538461538461539 0.6730769230769231 0.05889423076923077 0.05048076923076923
0 0.6526442307692307 0.6165865384615384 0.05889423076923077 0.051682692307692304
0 0.6514423076923077 0.5612980769230769 0.05889423076923077 0.051682692307692304
0 0.2956730769230769 0.6286057692307693 0.06009615384615385 0.04567307692307692
0 0.8725961538461539 0.8221153846153846 0.0625 0.04807692307692308
0 0.8653846153846154 0.8786057692307693 0.0673076923076923 0.05048076923076923
0 0.8629807692307693 0.9278846153846154 0.056490384615384616 0.046875
0 0.8689903846153846 0.6586538461538461 0.056490384615384616 0.046875
0 0.8677884615384616 0.7079326923076923 0.04447115384615385 0.04807692307692308
0 0.8713942307692307 0.7644230769230769 0.06370192307692307 0.04567307692307692
0 0.8605769230769231 0.5012019230769231 0.055288461538461536 0.04567307692307692
0 0.6526442307692307 0.5084134615384616 0.06009615384615385 0.055288461538461536
0 0.4387019230769231 0.7355769230769231 0.055288461538461536 0.05048076923076923
0 0.4411057692307692 0.7860576923076923 0.05889423076923077 0.04567307692307692
0 0.4411057692307692 0.8377403846153846 0.05889423076923077 0.04326923076923077
0 0.4495192307692308 0.8942307692307693 0.05889423076923077 0.05048076923076923
0 0.5120192307692307 0.8389423076923077 0.06009615384615385 0.05048076923076923
0 0.5120192307692307 0.7824519230769231 0.06129807692307692 0.05048076923076923
0 0.2980769230769231 0.6850961538461539 0.06009615384615385 0.04807692307692308
0 0.8545673076923077 0.3425480769230769 0.06129807692307692 0.05048076923076923
0 0.71875 0.34134615384615385 0.052884615384615384 0.046875
0 0.6538461538461539 0.34615384615384615 0.05889423076923077 0.04807692307692308
0 0.4387019230769231 0.4014423076923077 0.06129807692307692 0.046875
0 0.4326923076923077 0.3485576923076923 0.056490384615384616 0.052884615384615384
0 0.8569711538461539 0.5552884615384616 0.05889423076923077 0.04807692307692308
0 0.7283653846153846 0.6129807692307693 0.057692307692307696 0.05048076923076923
0 0.7223557692307693 0.5552884615384616 0.056490384615384616 0.05048076923076923
0 0.7259615384615384 0.5 0.052884615384615384 0.04807692307692308
0 0.7199519230769231 0.4483173076923077 0.052884615384615384 0.04567307692307692
0 0.65625 0.4495192307692308 0.06009615384615385 0.04807692307692308
0 0.6574519230769231 0.3954326923076923 0.06129807692307692 0.046875
0 0.7175480769230769 0.3954326923076923 0.05889423076923077 0.051682692307692304
0 0.7247596153846154 0.8834134615384616 0.06370192307692307 0.054086538461538464
0 0.7199519230769231 0.9387019230769231 0.06129807692307692 0.05048076923076923
0 0.6550480769230769 0.9471153846153846 0.0625 0.05048076923076923
0 0.7223557692307693 0.7764423076923077 0.056490384615384616 0.052884615384615384
0 0.7211538461538461 0.8305288461538461 0.056490384615384616 0.04807692307692308
0 0.6574519230769231 0.8401442307692307 0.06370192307692307 0.05048076923076923
0 0.6502403846153846 0.8930288461538461 0.06129807692307692 0.046875
0 0.7223557692307693 0.28725961538461536 0.05048076923076923 0.04807692307692308
0 0.8533653846153846 0.39302884615384615 0.06129807692307692 0.046875
0 0.8545673076923077 0.44591346153846156 0.057692307692307696 0.046875
0 0.8497596153846154 0.28846153846153844 0.051682692307692304 0.04326923076923077
0 0.8533653846153846 0.234375 0.06490384615384616 0.052884615384615384
0 0.8509615384615384 0.1778846153846154 0.05889423076923077 0.052884615384615384
0 0.8497596153846154 0.12740384615384615 0.05889423076923077 0.04807692307692308
0 0.8461538461538461 0.078125 0.056490384615384616 0.04567307692307692
0 0.8377403846153846 0.028846153846153848 0.055288461538461536 0.04807692307692308
0 0.6298076923076923 0.006009615384615385 0.05048076923076923 0.010817307692307692
0 0.6322115384615384 0.030048076923076924 0.05048076923076923 0.04567307692307692
0 0.6358173076923077 0.078125 0.056490384615384616 0.04447115384615385
0 0.5060096153846154 0.2860576923076923 0.05889423076923077 0.04447115384615385
0 0.5048076923076923 0.3389423076923077 0.055288461538461536 0.04326923076923077
0 0.43990384615384615 0.29086538461538464 0.056490384615384616 0.05048076923076923
0 0.5036057692307693 0.234375 0.06129807692307692 0.04567307692307692
0 0.43509615384615385 0.234375 0.06009615384615385 0.052884615384615384
0 0.49759615384615385 0.18509615384615385 0.056490384615384616 0.05048076923076923
0 0.49759615384615385 0.13221153846153846 0.057692307692307696 0.04807692307692308
0 0.4326923076923077 0.13221153846153846 0.057692307692307696 0.052884615384615384
0 0.43149038461538464 0.18389423076923078 0.052884615384615384 0.04807692307692308
0 0.4963942307692308 0.078125 0.056490384615384616 0.04807692307692308
0 0.43149038461538464 0.07932692307692307 0.057692307692307696 0.04807692307692308
0 0.43149038461538464 0.028846153846153848 0.06129807692307692 0.04807692307692308
0 0.4951923076923077 0.026442307692307692 0.05889423076923077 0.051682692307692304
0 0.296875 0.009615384615384616 0.056490384615384616 0.018028846153846152
0 0.2956730769230769 0.04326923076923077 0.05889423076923077 0.051682692307692304
0 0.2980769230769231 0.09134615384615384 0.057692307692307696 0.04807692307692308
0 0.16346153846153846 0.8810096153846154 0.056490384615384616 0.054086538461538464
0 0.16466346153846154 0.9375 0.06009615384615385 0.051682692307692304
0 0.1658653846153846 0.8233173076923077 0.05889423076923077 0.04807692307692308
0 0.1622596153846154 0.7692307692307693 0.06129807692307692 0.046875
0 0.15985576923076922 0.7151442307692307 0.06370192307692307 0.04807692307692308
0 0.15625 0.6610576923076923 0.06370192307692307 0.05048076923076923
0 0.15144230769230768 0.6081730769230769 0.06370192307692307 0.05048076923076923
0 0.15144230769230768 0.5528846153846154 0.0625 0.046875
0 0.2956730769230769 0.5685096153846154 0.057692307692307696 0.05048076923076923
0 0.28846153846153844 0.5168269230769231 0.055288461538461536 0.05048076923076923
0 0.2824519230769231 0.45552884615384615 0.055288461538461536 0.051682692307692304
0 0.2932692307692308 0.4026442307692308 0.055288461538461536 0.04807692307692308
0 0.29447115384615385 0.34975961538461536 0.05048076923076923 0.051682692307692304
0 0.2980769230769231 0.29447115384615385 0.055288461538461536 0.052884615384615384
0 0.29447115384615385 0.24278846153846154 0.06129807692307692 0.04447115384615385
0 0.2980769230769231 0.19110576923076922 0.06129807692307692 0.051682692307692304
0 0.2980769230769231 0.14182692307692307 0.05889423076923077 0.051682692307692304
0 0.15504807692307693 0.026442307692307692 0.054086538461538464 0.052884615384615384
0 0.1466346153846154 0.07932692307692307 0.0625 0.051682692307692304
0 0.15384615384615385 0.12860576923076922 0.057692307692307696 0.046875
0 0.14302884615384615 0.18028846153846154 0.056490384615384616 0.05048076923076923
0 0.14543269230769232 0.22956730769230768 0.06610576923076923 0.04567307692307692
0 0.14302884615384615 0.2848557692307692 0.06129807692307692 0.051682692307692304
0 0.1502403846153846 0.33774038461538464 0.05889423076923077 0.04326923076923077
0 0.14423076923076922 0.390625 0.06129807692307692 0.051682692307692304
0 0.14423076923076922 0.44711538461538464 0.05889423076923077 0.04807692307692308
0 0.14182692307692307 0.5012019230769231 0.057692307692307696 0.05048076923076923
0 0.6526442307692307 0.9855769230769231 0.056490384615384616 0.02403846153846154
0 0.71875 0.9831730769230769 0.056490384615384616 0.028846153846153848
0 0.8641826923076923 0.9747596153846154 0.06129807692307692 0.04567307692307692
0 0.5132211538461539 0.984375 0.06370192307692307 0.027644230769230768
0 0.44350961538461536 0.9879807692307693 0.052884615384615384 0.021634615384615384