0 0.5228365384615384 0.5793269230769231 0.09495192307692307 0.07451923076923077
0 0.40865384615384615 0.5600961538461539 0.09735576923076923 0.0733173076923077
0 0.41225961538461536 0.48197115384615385 0.08413461538461539 0.06850961538461539
0 0.5276442307692307 0.2247596153846154 0.09014423076923077 0.078125
0 0.21153846153846154 0.1310096153846154 0.07692307692307693 0.07692307692307693
0 0.4254807692307692 0.3894230769230769 0.08653846153846154 0.07692307692307693
0 0.7512019230769231 0.5865384615384616 0.08413461538461539 0.06610576923076923
0 0.8533653846153846 0.5829326923076923 0.09495192307692307 0.06971153846153846
0 0.8497596153846154 0.9795673076923077 0.09014423076923077 0.037259615384615384
0 0.7379807692307693 0.9807692307692307 0.09254807692307693 0.036057692307692304
0 0.4074519230769231 0.9783653846153846 0.09615384615384616 0.040865384615384616