0 0.7704326923076923 0.40384615384615385 0.02403846153846154 0.0985576923076923
0 0.6694711538461539 0.4014423076923077 0.02403846153846154 0.09014423076923077
0 0.6454326923076923 0.39663461538461536 0.021634615384615384 0.09495192307692307
0 0.6189903846153846 0.39302884615384615 0.025240384615384616 0.09134615384615384
0 0.5637019230769231 0.390625 0.02403846153846154 0.0889423076923077
0 0.5384615384615384 0.3918269230769231 0.021634615384615384 0.09254807692307693
0 0.5108173076923077 0.390625 0.02403846153846154 0.0985576923076923
0 0.484375 0.3954326923076923 0.025240384615384616 0.09495192307692307
0 0.43028846153846156 0.3954326923076923 0.02283653846153846 0.09735576923076923
0 0.4014423076923077 0.3894230769230769 0.025240384615384616 0.09254807692307693
0 0.5180288461538461 0.5961538461538461 0.03125 0.0889423076923077
0 0.5456730769230769 0.5961538461538461 0.030048076923076924 0.09014423076923077
0 0.5697115384615384 0.5949519230769231 0.03125 0.0889423076923077
0 0.5997596153846154 0.5985576923076923 0.030048076923076924 0.08774038461538461
0 0.7307692307692307 0.5997596153846154 0.03245192307692308 0.08653846153846154
0 0.5745192307692307 0.18389423076923078 0.04927884615384615 0.04326923076923077
0 0.7439903846153846 0.4026442307692308 0.02283653846153846 0.08052884615384616
0 0.84375 0.40384615384615385 0.02283653846153846 0.08413461538461539
0 0.8689903846153846 0.4050480769230769 0.02283653846153846 0.052884615384615384
0 0.9302884615384616 0.7764423076923077 0.040865384615384616 0.08774038461538461
0 0.9567307692307693 0.7764423076923077 0.040865384615384616 0.08774038461538461
0 0.8689903846153846 0.7764423076923077 0.03485576923076923 0.08052884615384616
0 0.8485576923076923 0.7692307692307693 0.040865384615384616 0.09134615384615384
0 0.6382211538461539 0.7716346153846154 0.037259615384615384 0.09014423076923077
0 0.6081730769230769 0.7740384615384616 0.03485576923076923 0.0829326923076923
0 0.421875 0.7824519230769231 0.03485576923076923 0.09014423076923077
0 0.4543269230769231 0.7800480769230769 0.03125 0.0889423076923077
0 0.5192307692307693 0.7752403846153846 0.037259615384615384 0.1045673076923077
0 0.4831730769230769 0.7824519230769231 0.03125 0.0889423076923077
0 0.33413461538461536 0.7692307692307693 0.030048076923076924 0.09975961538461539
0 0.30288461538461536 0.7776442307692307 0.03125 0.08774038461538461
0 0.2764423076923077 0.7692307692307693 0.03125 0.09014423076923077
0 0.2512019230769231 0.7560096153846154 0.03245192307692308 0.08653846153846154
0 0.5901442307692307 0.4050480769230769 0.021634615384615384 0.09615384615384616
0 0.8918269230769231 0.40384615384615385 0.021634615384615384 0.08413461538461539
0 0.9158653846153846 0.41346153846153844 0.026442307692307692 0.078125
0 0.9411057692307693 0.40865384615384615 0.02403846153846154 0.0889423076923077
0 0.9651442307692307 0.41346153846153844 0.02403846153846154 0.08653846153846154
0 0.9771634615384616 0.6153846153846154 0.03245192307692308 0.0829326923076923
0 0.8557692307692307 0.2091346153846154 0.04567307692307692 0.04567307692307692
0 0.35336538461538464 0.17548076923076922 0.056490384615384616 0.04326923076923077
0 0.4230769230769231 0.17548076923076922 0.05048076923076923 0.04447115384615385
0 0.4831730769230769 0.1778846153846154 0.046875 0.04326923076923077
0 0.23317307692307693 0.17908653846153846 0.052884615384615384 0.04326923076923077
0 0.18389423076923078 0.1778846153846154 0.05048076923076923 0.04326923076923077
0 0.3737980769230769 0.37740384615384615 0.021634615384615384 0.07932692307692307
0 0.3473557692307692 0.3918269230769231 0.02403846153846154 0.09615384615384616
0 0.31490384615384615 0.3942307692307692 0.025240384615384616 0.08774038461538461
0 0.3137019230769231 0.49399038461538464 0.025240384615384616 0.09735576923076923
0 0.9879807692307693 0.41947115384615385 0.021634615384615384 0.06971153846153846
0 0.9807692307692307 0.21754807692307693 0.03485576923076923 0.055288461538461536
0 0.9927884615384616 0.6069711538461539 0.01201923076923077 0.07932692307692307
0 0.9807692307692307 0.7644230769230769 0.03365384615384615 0.08774038461538461
0 0.7776442307692307 0.5961538461538461 0.030048076923076924 0.09014423076923077
0 0.8052884615384616 0.6033653846153846 0.027644230769230768 0.08653846153846154
0 0.9266826923076923 0.6045673076923077 0.03245192307692308 0.0829326923076923
0 0.9026442307692307 0.6057692307692307 0.03245192307692308 0.078125
0 0.7223557692307693 0.4050480769230769 0.02403846153846154 0.09134615384615384
0 0.6983173076923077 0.4110576923076923 0.027644230769230768 0.0985576923076923
0 0.7956730769230769 0.41346153846153844 0.02403846153846154 0.09014423076923077
0 0.8185096153846154 0.4014423076923077 0.021634615384615384 0.08173076923076923
0 0.3629807692307692 0.7788461538461539 0.03485576923076923 0.08774038461538461
0 0.6971153846153846 0.7752403846153846 0.037259615384615384 0.08653846153846154
0 0.4074519230769231 0.5901442307692307 0.028846153846153848 0.0829326923076923
0 0.38221153846153844 0.5997596153846154 0.030048076923076924 0.0889423076923077
0 0.35697115384615385 0.5901442307692307 0.027644230769230768 0.07932692307692307
0 0.8004807692307693 0.20192307692307693 0.046875 0.04326923076923077
0 0.45913461538461536 0.3918269230769231 0.021634615384615384 0.09735576923076923