0 0.41225961538461536 0.2848557692307692 0.03245192307692308 0.12259615384615384
0 0.375 0.2848557692307692 0.03125 0.13701923076923078
0 0.45072115384615385 0.28725961538461536 0.036057692307692304 0.14423076923076922
0 0.5048076923076923 0.5949519230769231 0.040865384615384616 0.13221153846153846
0 0.4639423076923077 0.5841346153846154 0.04447115384615385 0.140625
0 0.38221153846153844 0.5817307692307693 0.04447115384615385 0.12860576923076922
0 0.1814903846153846 0.5721153846153846 0.04807692307692308 0.13341346153846154
0 0.23798076923076922 0.8413461538461539 0.055288461538461536 0.1346153846153846
0 0.3293269230769231 0.8509615384615384 0.05048076923076923 0.12860576923076922
0 0.4951923076923077 0.30528846153846156 0.038461538461538464 0.13942307692307693
0 0.5348557692307693 0.2860576923076923 0.03365384615384615 0.12259615384615384
0 0.5733173076923077 0.29086538461538464 0.030048076923076924 0.12860576923076922
0 0.6117788461538461 0.2932692307692308 0.030048076923076924 0.08173076923076923
0 0.3317307692307692 0.2956730769230769 0.040865384615384616 0.15264423076923078
0 0.6033653846153846 0.8605769230769231 0.051682692307692304 0.11658653846153846
0 0.6514423076923077 0.2932692307692308 0.030048076923076924 0.12860576923076922
0 0.6911057692307693 0.30528846153846156 0.03125 0.11778846153846154
0 0.7283653846153846 0.3004807692307692 0.03245192307692308 0.1346153846153846
0 0.7644230769230769 0.3088942307692308 0.03245192307692308 0.12860576923076922
0 0.8028846153846154 0.32211538461538464 0.03245192307692308 0.10336538461538461
0 0.8413461538461539 0.31850961538461536 0.03245192307692308 0.11899038461538461
0 0.8798076923076923 0.328125 0.038461538461538464 0.12860576923076922
0 0.9182692307692307 0.32091346153846156 0.036057692307692304 0.1346153846153846
0 0.953125 0.31850961538461536 0.038461538461538464 0.1310096153846154
0 0.9831730769230769 0.33052884615384615 0.027644230769230768 0.11658653846153846
0 0.2932692307692308 0.2824519230769231 0.03485576923076923 0.12860576923076922
0 0.25721153846153844 0.27403846153846156 0.03125 0.125
0 0.21754807692307693 0.2668269230769231 0.036057692307692304 0.13701923076923078
0 0.1778846153846154 0.28846153846153844 0.037259615384615384 0.1310096153846154
0 0.14182692307692307 0.2644230769230769 0.038461538461538464 0.1346153846153846
0 0.10336538461538461 0.2692307692307692 0.037259615384615384 0.12379807692307693
0 0.8221153846153846 0.6153846153846154 0.042067307692307696 0.12740384615384615
0 0.8581730769230769 0.6009615384615384 0.04326923076923077 0.1310096153846154
0 0.8954326923076923 0.6009615384615384 0.046875 0.14182692307692307
0 0.9362980769230769 0.609375 0.04807692307692308 0.12620192307692307
0 0.13942307692307693 0.5637019230769231 0.05048076923076923 0.13341346153846154
0 0.10576923076923077 0.5649038461538461 0.04927884615384615 0.12860576923076922
0 0.7007211538461539 0.8677884615384616 0.057692307692307696 0.12740384615384615
0 0.7427884615384616 0.8677884615384616 0.057692307692307696 0.1310096153846154
0 0.7920673076923077 0.8545673076923077 0.06370192307692307 0.1310096153846154
0 0.8233173076923077 0.8822115384615384 0.055288461538461536 0.140625
0 0.8689903846153846 0.8774038461538461 0.057692307692307696 0.13581730769230768
0 0.9158653846153846 0.8774038461538461 0.07211538461538461 0.13341346153846154
0 0.9663461538461539 0.8762019230769231 0.0625 0.13942307692307693
0 0.1971153846153846 0.8341346153846154 0.054086538461538464 0.12379807692307693
0 0.9723557692307693 0.027644230769230768 0.052884615384615384 0.055288461538461536
0 0.6009615384615384 0.014423076923076924 0.07211538461538461 0.028846153846153848
0 0.5120192307692307 0.010817307692307692 0.06850961538461539 0.021634615384615384
0 0.8064903846153846 0.02403846153846154 0.07211538461538461 0.046875
0 0.7824519230769231 0.6213942307692307 0.042067307692307696 0.11899038461538461
0 0.7067307692307693 0.6045673076923077 0.04807692307692308 0.13341346153846154
0 0.6670673076923077 0.6069711538461539 0.04326923076923077 0.12860576923076922
0 0.5661057692307693 0.859375 0.06490384615384616 0.15264423076923078
0 0.0625 0.828125 0.06971153846153846 0.15144230769230768
0 0.020432692307692308 0.8341346153846154 0.040865384615384616 0.12259615384615384
0 0.06971153846153846 0.5612980769230769 0.05048076923076923 0.13341346153846154
0 0.06610576923076923 0.26802884615384615 0.040865384615384616 0.13701923076923078
0 0.028846153846153848 0.26802884615384615 0.042067307692307696 0.13221153846153846
0 0.006009615384615385 0.2620192307692308 0.01201923076923077 0.12740384615384615