0 0.7103365384615384 0.4170673076923077 0.03485576923076923 0.1310096153846154
0 0.6730769230769231 0.390625 0.03245192307692308 0.12740384615384615
0 0.6346153846153846 0.40024038461538464 0.03245192307692308 0.12620192307692307
0 0.5997596153846154 0.39903846153846156 0.03245192307692308 0.125
0 0.5348557692307693 0.7872596153846154 0.037259615384615384 0.12860576923076922
0 0.5252403846153846 0.40384615384615385 0.03365384615384615 0.12139423076923077
0 0.4879807692307692 0.41346153846153844 0.03245192307692308 0.13942307692307693
0 0.45072115384615385 0.41225961538461536 0.03125 0.11057692307692307
0 0.46274038461538464 0.7704326923076923 0.03485576923076923 0.13701923076923078
0 0.6887019230769231 0.765625 0.03485576923076923 0.12740384615384615
0 0.41466346153846156 0.43509615384615385 0.030048076923076924 0.12740384615384615
0 0.3762019230769231 0.42908653846153844 0.03485576923076923 0.11778846153846154
0 0.6526442307692307 0.7415865384615384 0.03245192307692308 0.12860576923076922
0 0.33533653846153844 0.43149038461538464 0.036057692307692304 0.140625
0 0.3004807692307692 0.4387019230769231 0.03365384615384615 0.13221153846153846
0 0.2668269230769231 0.44471153846153844 0.03485576923076923 0.12259615384615384
0 0.23197115384615385 0.44471153846153844 0.03485576923076923 0.12139423076923077
0 0.1935096153846154 0.44350961538461536 0.03485576923076923 0.11658653846153846
0 0.15865384615384615 0.44471153846153844 0.03365384615384615 0.11899038461538461
0 0.12620192307692307 0.44471153846153844 0.038461538461538464 0.11658653846153846
0 0.09014423076923077 0.44471153846153844 0.03245192307692308 0.12139423076923077
0 0.052884615384615384 0.4483173076923077 0.040865384615384616 0.1310096153846154
0 0.018028846153846152 0.46153846153846156 0.03485576923076923 0.11538461538461539
0 0.7475961538461539 0.4110576923076923 0.036057692307692304 0.1310096153846154
0 0.8161057692307693 0.40384615384615385 0.03365384615384615 0.12740384615384615
0 0.8497596153846154 0.390625 0.03485576923076923 0.10697115384615384
0 0.8870192307692307 0.38461538461538464 0.037259615384615384 0.11658653846153846
0 0.9206730769230769 0.3894230769230769 0.039663461538461536 0.12259615384615384
0 0.9591346153846154 0.3737980769230769 0.037259615384615384 0.11658653846153846
0 0.9867788461538461 0.37740384615384615 0.02403846153846154 0.12139423076923077
0 0.7079326923076923 0.20552884615384615 0.0733173076923077 0.06971153846153846
0 0.9723557692307693 0.7019230769230769 0.046875 0.1310096153846154
0 0.9362980769230769 0.7283653846153846 0.039663461538461536 0.11899038461538461
0 0.9002403846153846 0.7247596153846154 0.037259615384615384 0.12259615384615384
0 0.8677884615384616 0.7355769230769231 0.038461538461538464 0.12620192307692307
0 0.8293269230769231 0.7439903846153846 0.03365384615384615 0.12620192307692307
0 0.7956730769230769 0.7463942307692307 0.04807692307692308 0.1935096153846154
0 0.3870192307692308 0.7776442307692307 0.030048076923076924 0.13221153846153846
0 0.3485576923076923 0.7848557692307693 0.030048076923076924 0.12740384615384615
0 0.3137019230769231 0.7872596153846154 0.03125 0.12860576923076922
0 0.12259615384615384 0.10697115384615384 0.036057692307692304 0.12740384615384615
0 0.08653846153846154 0.12259615384615384 0.036057692307692304 0.12620192307692307
0 0.04567307692307692 0.11057692307692307 0.037259615384615384 0.125
0 0.015625 0.09975961538461539 0.030048076923076924 0.12740384615384615
0 0.1935096153846154 0.0985576923076923 0.03485576923076923 0.1310096153846154
0 0.22716346153846154 0.0829326923076923 0.03365384615384615 0.1141826923076923
0 0.2956730769230769 0.07692307692307693 0.03485576923076923 0.11538461538461539
0 0.36538461538461536 0.06490384615384616 0.03245192307692308 0.12620192307692307
0 0.4014423076923077 0.06850961538461539 0.03125 0.12139423076923077
0 0.4423076923076923 0.06370192307692307 0.03125 0.12139423076923077
0 0.47716346153846156 0.055288461538461536 0.027644230769230768 0.10697115384615384
0 0.5901442307692307 0.05889423076923077 0.03125 0.11778846153846154
0 0.625 0.0625 0.038461538461538464 0.125
0 0.6598557692307693 0.06370192307692307 0.03485576923076923 0.12740384615384615
0 0.6983173076923077 0.04927884615384615 0.036057692307692304 0.0985576923076923
0 0.7355769230769231 0.051682692307692304 0.03245192307692308 0.10336538461538461
0 0.7680288461538461 0.056490384615384616 0.036057692307692304 0.11298076923076923
0 0.8004807692307693 0.055288461538461536 0.037259615384615384 0.109375
0 0.8353365384615384 0.05889423076923077 0.03365384615384615 0.11658653846153846
0 0.8689903846153846 0.057692307692307696 0.03365384615384615 0.11538461538461539
0 0.9074519230769231 0.055288461538461536 0.038461538461538464 0.109375
0 0.9447115384615384 0.054086538461538464 0.03365384615384615 0.10817307692307693
0 0.27524038461538464 0.7752403846153846 0.028846153846153848 0.1141826923076923
0 0.2403846153846154 0.7920673076923077 0.03365384615384615 0.13221153846153846
0 0.20673076923076922 0.7920673076923077 0.03245192307692308 0.12740384615384615
0 0.16947115384615385 0.796875 0.03365384615384615 0.125
0 0.1346153846153846 0.7932692307692307 0.03485576923076923 0.12860576923076922
0 0.09975961538461539 0.8052884615384616 0.03485576923076923 0.12620192307692307
0 0.06129807692307692 0.8088942307692307 0.038461538461538464 0.12860576923076922
0 0.026442307692307692 0.8052884615384616 0.037259615384615384 0.11778846153846154
0 0.9783653846153846 0.05048076923076923 0.039663461538461536 0.10096153846153846