0 0.44711538461538464 0.234375 0.0889423076923077 0.07692307692307693
0 0.44711538461538464 0.14543269230769232 0.09495192307692307 0.078125
0 0.43149038461538464 0.5336538461538461 0.09134615384615384 0.07451923076923077
0 0.3485576923076923 0.13701923076923078 0.09134615384615384 0.06971153846153846
0 0.3425480769230769 0.21634615384615385 0.10096153846153846 0.07451923076923077
0 0.3449519230769231 0.30408653846153844 0.0889423076923077 0.07091346153846154
0 0.6262019230769231 0.2439903846153846 0.08413461538461539 0.07091346153846154
0 0.6189903846153846 0.4735576923076923 0.08653846153846154 0.07091346153846154
0 0.44350961538461536 0.45552884615384615 0.09014423076923077 0.07932692307692307
0 0.4411057692307692 0.30649038461538464 0.09254807692307693 0.07211538461538461
0 0.43509615384615385 0.6057692307692307 0.07211538461538461 0.06971153846153846
0 0.625 0.5432692307692307 0.07451923076923077 0.0625
0 0.4266826923076923 0.6790865384615384 0.08052884615384616 0.07091346153846154
0 0.6105769230769231 0.39302884615384615 0.08173076923076923 0.07211538461538461
0 0.6237980769230769 0.32211538461538464 0.0829326923076923 0.06490384615384616
0 0.4411057692307692 0.37740384615384615 0.07572115384615384 0.06850961538461539
0 0.3485576923076923 0.37740384615384615 0.08413461538461539 0.0733173076923077
0 0.16706730769230768 0.13221153846153846 0.0985576923076923 0.07451923076923077
0 0.06971153846153846 0.125 0.0985576923076923 0.07451923076923077
0 0.06971153846153846 0.203125 0.09254807692307693 0.06850961538461539
0 0.15504807692307693 0.2932692307692308 0.08653846153846154 0.06370192307692307
0 0.0673076923076923 0.28365384615384615 0.0889423076923077 0.06490384615384616
0 0.15985576923076922 0.36658653846153844 0.09495192307692307 0.07091346153846154
0 0.15625 0.4411057692307692 0.0889423076923077 0.06490384615384616
0 0.15504807692307693 0.5096153846153846 0.08533653846153846 0.06490384615384616
0 0.1502403846153846 0.5817307692307693 0.09735576923076923 0.06850961538461539
0 0.13942307692307693 0.6598557692307693 0.09735576923076923 0.07211538461538461
0 0.14423076923076922 0.7379807692307693 0.0985576923076923 0.07091346153846154
0 0.14423076923076922 0.8125 0.09014423076923077 0.07451923076923077
0 0.42427884615384615 0.8401442307692307 0.09134615384615384 0.0733173076923077
0 0.6189903846153846 0.6189903846153846 0.08774038461538461 0.07091346153846154
0 0.6129807692307693 0.6935096153846154 0.09254807692307693 0.07451923076923077
0 0.3269230769230769 0.6033653846153846 0.10096153846153846 0.0733173076923077
0 0.3293269230769231 0.6814903846153846 0.09495192307692307 0.07451923076923077
0 0.32572115384615385 0.7596153846153846 0.09375 0.0733173076923077
0 0.33052884615384615 0.9134615384615384 0.08774038461538461 0.0733173076923077
0 0.4206730769230769 0.921875 0.08774038461538461 0.08173076923076923
0 0.6213942307692307 0.9194711538461539 0.07211538461538461 0.07451923076923077
0 0.7860576923076923 0.9447115384615384 0.06129807692307692 0.0985576923076923
0 0.7872596153846154 0.7524038461538461 0.04807692307692308 0.08774038461538461
0 0.78125 0.8365384615384616 0.078125 0.11538461538461539
0 0.7692307692307693 0.6370192307692307 0.07091346153846154 0.12139423076923077
0 0.7632211538461539 0.5408653846153846 0.07692307692307693 0.13942307692307693
0 0.7668269230769231 0.453125 0.07692307692307693 0.1310096153846154
0 0.7776442307692307 0.3762019230769231 0.0673076923076923 0.11057692307692307
0 0.7836538461538461 0.29086538461538464 0.06850961538461539 0.12139423076923077
0 0.7740384615384616 0.17067307692307693 0.078125 0.13942307692307693
0 0.6262019230769231 0.17548076923076922 0.08774038461538461 0.078125
0 0.6141826923076923 0.7716346153846154 0.09735576923076923 0.07091346153846154
0 0.6177884615384616 0.8461538461538461 0.08774038461538461 0.07211538461538461
0 0.11057692307692307 0.8942307692307693 0.09495192307692307 0.07932692307692307
0 0.04807692307692308 0.8137019230769231 0.09615384615384616 0.07451923076923077
0 0.04567307692307692 0.7331730769230769 0.09014423076923077 0.07451923076923077
0 0.42788461538461536 0.7644230769230769 0.09975961538461539 0.07211538461538461
0 0.1622596153846154 0.21153846153846154 0.10096153846153846 0.07211538461538461