0 0.6814903846153846 0.15865384615384615 0.09254807692307693 0.0733173076923077
0 0.7848557692307693 0.1658653846153846 0.08413461538461539 0.07692307692307693
0 0.7884615384615384 0.24639423076923078 0.0829326923076923 0.07451923076923077
0 0.7932692307692307 0.3245192307692308 0.07932692307692307 0.06971153846153846
0 0.7956730769230769 0.4735576923076923 0.07932692307692307 0.06370192307692307
0 0.6947115384615384 0.40384615384615385 0.07932692307692307 0.06971153846153846
0 0.90625 0.5204326923076923 0.06490384615384616 0.14423076923076922
0 0.6935096153846154 0.5769230769230769 0.08774038461538461 0.07211538461538461
0 0.38100961538461536 0.4963942307692308 0.08653846153846154 0.06610576923076923
0 0.3894230769230769 0.2439903846153846 0.0889423076923077 0.07091346153846154
0 0.1778846153846154 0.4026442307692308 0.07211538461538461 0.06129807692307692
0 0.1778846153846154 0.4855769230769231 0.08413461538461539 0.06850961538461539
0 0.16706730769230768 0.6586538461538461 0.0829326923076923 0.06971153846153846
0 0.17067307692307693 0.7391826923076923 0.08533653846153846 0.06610576923076923
0 0.16947115384615385 0.9723557692307693 0.07692307692307693 0.051682692307692304
0 0.4891826923076923 0.7331730769230769 0.08533653846153846 0.06610576923076923
0 0.4879807692307692 0.24879807692307693 0.0829326923076923 0.06610576923076923
0 0.38221153846153844 0.037259615384615384 0.040865384615384616 0.07451923076923077
0 0.4326923076923077 0.027644230769230768 0.03365384615384615 0.055288461538461536
0 0.4795673076923077 0.018028846153846152 0.03245192307692308 0.036057692307692304
0 0.5204326923076923 0.016826923076923076 0.036057692307692304 0.03365384615384615
0 0.9615384615384616 0.10697115384615384 0.07451923076923077 0.0733173076923077
0 0.9627403846153846 0.18389423076923078 0.07211538461538461 0.0625
0 0.9627403846153846 0.25240384615384615 0.07211538461538461 0.06850961538461539
0 0.96875 0.32211538461538464 0.06129807692307692 0.06009615384615385
0 0.96875 0.45552884615384615 0.06129807692307692 0.06490384615384616
0 0.9651442307692307 0.5252403846153846 0.0673076923076923 0.06370192307692307
0 0.9675480769230769 0.5973557692307693 0.06370192307692307 0.06370192307692307
0 0.9675480769230769 0.6706730769230769 0.0625 0.06850961538461539
0 0.9699519230769231 0.8112980769230769 0.05889423076923077 0.06971153846153846
0 0.9711538461538461 0.9519230769230769 0.055288461538461536 0.07692307692307693