0 0.6310096153846154 0.4519230769230769 0.025240384615384616 0.10576923076923077
0 0.6622596153846154 0.453125 0.026442307692307692 0.10576923076923077
0 0.6935096153846154 0.4483173076923077 0.028846153846153848 0.109375
0 0.7235576923076923 0.453125 0.027644230769230768 0.11057692307692307
0 0.7824519230769231 0.44591346153846156 0.025240384615384616 0.0985576923076923
0 0.7524038461538461 0.44471153846153844 0.028846153846153848 0.11298076923076923
0 0.8100961538461539 0.4651442307692308 0.028846153846153848 0.1045673076923077
0 0.8401442307692307 0.46634615384615385 0.028846153846153848 0.10697115384615384
0 0.8990384615384616 0.46274038461538464 0.028846153846153848 0.10576923076923077
0 0.9555288461538461 0.7163461538461539 0.028846153846153848 0.09495192307692307
0 0.9290865384615384 0.6947115384615384 0.03245192307692308 0.1045673076923077
0 0.8954326923076923 0.7127403846153846 0.03125 0.10697115384615384
0 0.8641826923076923 0.7223557692307693 0.027644230769230768 0.109375
0 0.8365384615384616 0.7175480769230769 0.03125 0.11298076923076923
0 0.8064903846153846 0.7331730769230769 0.028846153846153848 0.10697115384615384
0 0.7800480769230769 0.7235576923076923 0.027644230769230768 0.10336538461538461
0 0.7512019230769231 0.7127403846153846 0.026442307692307692 0.10576923076923077
0 0.7175480769230769 0.7223557692307693 0.030048076923076924 0.1045673076923077
0 0.6875 0.7319711538461539 0.027644230769230768 0.109375
0 0.6574519230769231 0.7175480769230769 0.027644230769230768 0.10817307692307693
0 0.6237980769230769 0.7151442307692307 0.030048076923076924 0.1141826923076923
0 0.6322115384615384 0.8209134615384616 0.06129807692307692 0.05048076923076923
0 0.6346153846153846 0.8737980769230769 0.06370192307692307 0.05048076923076923
0 0.6346153846153846 0.9302884615384616 0.06490384615384616 0.052884615384615384
0 0.9711538461538461 0.2283653846153846 0.030048076923076924 0.10817307692307693
0 0.9411057692307693 0.2247596153846154 0.030048076923076924 0.09495192307692307
0 0.9074519230769231 0.2127403846153846 0.028846153846153848 0.09254807692307693
0 0.8786057692307693 0.20552884615384615 0.027644230769230768 0.09735576923076923
0 0.8497596153846154 0.20432692307692307 0.027644230769230768 0.1045673076923077
0 0.8209134615384616 0.20192307692307693 0.030048076923076924 0.11658653846153846
0 0.7920673076923077 0.20673076923076922 0.027644230769230768 0.10096153846153846
0 0.7620192307692307 0.2091346153846154 0.030048076923076924 0.09735576923076923
0 0.7319711538461539 0.19831730769230768 0.027644230769230768 0.10576923076923077
0 0.6754807692307693 0.20432692307692307 0.026442307692307692 0.10576923076923077
0 0.6466346153846154 0.19831730769230768 0.026442307692307692 0.1045673076923077
0 0.6117788461538461 0.18870192307692307 0.026442307692307692 0.09134615384615384
0 0.5805288461538461 0.18389423076923078 0.025240384615384616 0.11899038461538461
0 0.5480769230769231 0.18870192307692307 0.025240384615384616 0.1141826923076923
0 0.5204326923076923 0.1875 0.026442307692307692 0.10817307692307693
0 0.4891826923076923 0.18509615384615385 0.027644230769230768 0.10576923076923077
0 0.3942307692307692 0.17668269230769232 0.026442307692307692 0.10576923076923077
0 0.5012019230769231 0.46634615384615385 0.027644230769230768 0.109375
0 0.47115384615384615 0.4639423076923077 0.030048076923076924 0.109375
0 0.4387019230769231 0.4675480769230769 0.027644230769230768 0.10096153846153846
0 0.4050480769230769 0.4699519230769231 0.026442307692307692 0.10336538461538461
0 0.49759615384615385 0.7211538461538461 0.027644230769230768 0.10697115384615384
0 0.4987980769230769 0.8545673076923077 0.026442307692307692 0.109375
0 0.4675480769230769 0.7319711538461539 0.027644230769230768 0.1045673076923077
0 0.4639423076923077 0.8497596153846154 0.026442307692307692 0.1045673076923077
0 0.43509615384615385 0.7295673076923077 0.027644230769230768 0.109375
0 0.4338942307692308 0.8509615384615384 0.026442307692307692 0.10697115384615384
0 0.4026442307692308 0.8449519230769231 0.027644230769230768 0.0985576923076923
0 0.3713942307692308 0.8461538461538461 0.027644230769230768 0.109375
0 0.6370192307692307 0.9807692307692307 0.06370192307692307 0.036057692307692304
0 0.5600961538461539 0.8665865384615384 0.027644230769230768 0.10336538461538461
0 0.25961538461538464 0.008413461538461538 0.06370192307692307 0.016826923076923076
0 0.3605769230769231 0.1875 0.026442307692307692 0.10817307692307693
0 0.9903846153846154 0.2247596153846154 0.016826923076923076 0.10096153846153846
0 0.984375 0.4543269230769231 0.030048076923076924 0.10697115384615384
0 0.9567307692307693 0.4567307692307692 0.03245192307692308 0.09735576923076923
0 0.9278846153846154 0.4567307692307692 0.03245192307692308 0.10336538461538461
0 0.8689903846153846 0.4543269230769231 0.027644230769230768 0.10336538461538461
0 0.9831730769230769 0.7043269230769231 0.030048076923076924 0.10576923076923077
0 0.4026442307692308 0.7175480769230769 0.025240384615384616 0.10817307692307693
0 0.3713942307692308 0.7259615384615384 0.027644230769230768 0.1045673076923077
0 0.3401442307692308 0.7235576923076923 0.027644230769230768 0.10576923076923077
0 0.33774038461538464 0.8485576923076923 0.026442307692307692 0.0985576923076923
0 0.3076923076923077 0.8389423076923077 0.027644230769230768 0.11057692307692307
0 0.2776442307692308 0.8305288461538461 0.025240384615384616 0.10576923076923077
0 0.24879807692307693 0.8377403846153846 0.030048076923076924 0.1045673076923077
0 0.21875 0.8401442307692307 0.026442307692307692 0.0985576923076923
0 0.1875 0.8389423076923077 0.025240384615384616 0.10336538461538461
0 0.15745192307692307 0.8377403846153846 0.028846153846153848 0.109375
0 0.12620192307692307 0.8377403846153846 0.030048076923076924 0.109375
0 0.09615384615384616 0.8365384615384616 0.03245192307692308 0.11298076923076923
0 0.06370192307692307 0.8377403846153846 0.03245192307692308 0.109375
0 0.03245192307692308 0.8449519230769231 0.03245192307692308 0.1141826923076923
0 0.009615384615384616 0.8485576923076923 0.019230769230769232 0.10576923076923077
0 0.3088942307692308 0.7223557692307693 0.027644230769230768 0.109375
0 0.2776442307692308 0.7223557692307693 0.027644230769230768 0.1045673076923077
0 0.24879807692307693 0.7151442307692307 0.026442307692307692 0.10576923076923077
0 0.21995192307692307 0.7151442307692307 0.027644230769230768 0.0985576923076923
0 0.1875 0.7163461538461539 0.030048076923076924 0.1045673076923077
0 0.15745192307692307 0.7199519230769231 0.03245192307692308 0.109375
0 0.12860576923076922 0.7199519230769231 0.028846153846153848 0.10697115384615384
0 0.09735576923076923 0.7175480769230769 0.03245192307692308 0.109375
0 0.06971153846153846 0.7163461538461539 0.028846153846153848 0.10576923076923077
0 0.037259615384615384 0.7223557692307693 0.03365384615384615 0.1141826923076923
0 0.01201923076923077 0.7295673076923077 0.02403846153846154 0.10336538461538461
0 0.375 0.45913461538461536 0.027644230769230768 0.10817307692307693
0 0.34615384615384615 0.45552884615384615 0.026442307692307692 0.11057692307692307
0 0.3125 0.45913461538461536 0.027644230769230768 0.10336538461538461
0 0.28125 0.4735576923076923 0.027644230769230768 0.1045673076923077
0 0.25 0.4675480769230769 0.027644230769230768 0.10697115384615384
0 0.21995192307692307 0.4699519230769231 0.027644230769230768 0.10336538461538461
0 0.18990384615384615 0.4735576923076923 0.030048076923076924 0.10817307692307693
0 0.15865384615384615 0.47115384615384615 0.03245192307692308 0.11057692307692307
0 0.1310096153846154 0.4723557692307692 0.028846153846153848 0.10697115384615384
0 0.10216346153846154 0.47475961538461536 0.030048076923076924 0.1045673076923077
0 0.07211538461538461 0.4735576923076923 0.03125 0.109375
0 0.04326923076923077 0.4675480769230769 0.03125 0.109375
0 0.014423076923076924 0.47475961538461536 0.027644230769230768 0.1045673076923077
0 0.007211538461538462 0.203125 0.013221153846153846 0.10336538461538461
0 0.027644230769230768 0.19110576923076922 0.03125 0.11298076923076923
0 0.06009615384615385 0.19471153846153846 0.03125 0.11899038461538461
0 0.09254807692307693 0.19110576923076922 0.03245192307692308 0.10336538461538461
0 0.12139423076923077 0.21153846153846154 0.030048076923076924 0.0985576923076923
0 0.1502403846153846 0.19591346153846154 0.03125 0.10576923076923077
0 0.1814903846153846 0.2127403846153846 0.028846153846153848 0.09014423076923077
0 0.21153846153846154 0.19110576923076922 0.027644230769230768 0.10336538461538461
0 0.23798076923076922 0.18509615384615385 0.025240384615384616 0.0985576923076923
0 0.26802884615384615 0.17668269230769232 0.025240384615384616 0.1045673076923077
0 0.29927884615384615 0.1778846153846154 0.027644230769230768 0.10697115384615384
0 0.3317307692307692 0.18389423076923078 0.030048076923076924 0.10576923076923077
0 0.421875 0.1971153846153846 0.030048076923076924 0.10817307692307693
0 0.4543269230769231 0.1935096153846154 0.027644230769230768 0.109375