0 0.6694711538461539 0.5552884615384616 0.09495192307692307 0.07692307692307693
0 0.7776442307692307 0.5444711538461539 0.09615384615384616 0.08052884615384616
0 0.9903846153846154 0.890625 0.016826923076923076 0.15264423076923078
0 0.9591346153846154 0.9002403846153846 0.055288461538461536 0.18389423076923078
0 0.2091346153846154 0.625 0.0985576923076923 0.08052884615384616
0 0.04326923076923077 0.6418269230769231 0.08653846153846154 0.08052884615384616
0 0.9122596153846154 0.9098557692307693 0.05048076923076923 0.14423076923076922
0 0.8653846153846154 0.9134615384615384 0.04567307692307692 0.16826923076923078
0 0.8173076923076923 0.9278846153846154 0.040865384615384616 0.10817307692307693
0 0.7680288461538461 0.9254807692307693 0.04567307692307692 0.1466346153846154
0 0.7199519230769231 0.9290865384615384 0.040865384615384616 0.13942307692307693
0 0.6730769230769231 0.9471153846153846 0.04447115384615385 0.10336538461538461
0 0.6177884615384616 0.9362980769230769 0.04326923076923077 0.12379807692307693
0 0.5685096153846154 0.9495192307692307 0.038461538461538464 0.09735576923076923
0 0.5192307692307693 0.9519230769230769 0.04326923076923077 0.09254807692307693
0 0.46875 0.9591346153846154 0.040865384615384616 0.07692307692307693
0 0.41466346153846156 0.9615384615384616 0.040865384615384616 0.0733173076923077
0 0.36778846153846156 0.9591346153846154 0.040865384615384616 0.07692307692307693
0 0.3137019230769231 0.9615384615384616 0.04567307692307692 0.07451923076923077
0 0.2644230769230769 0.9759615384615384 0.040865384615384616 0.04326923076923077
0 0.21394230769230768 0.9651442307692307 0.04567307692307692 0.06490384615384616
0 0.16826923076923078 0.9735576923076923 0.04447115384615385 0.05048076923076923
0 0.11778846153846154 0.9759615384615384 0.04807692307692308 0.04447115384615385
0 0.0673076923076923 0.9855769230769231 0.04807692307692308 0.025240384615384616
0 0.021634615384615384 0.9795673076923077 0.042067307692307696 0.037259615384615384