0 0.5757211538461539 0.21394230769230768 0.046875 0.16105769230769232
0 0.5264423076923077 0.19110576923076922 0.039663461538461536 0.16706730769230768
0 0.7175480769230769 0.6995192307692307 0.04326923076923077 0.16346153846153846
0 0.46875 0.6875 0.04567307692307692 0.17548076923076922
0 0.6262019230769231 0.23798076923076922 0.04447115384615385 0.16947115384615385
0 0.6694711538461539 0.6899038461538461 0.04326923076923077 0.16346153846153846
0 0.47716346153846156 0.17668269230769232 0.040865384615384616 0.17307692307692307
0 0.6754807692307693 0.2247596153846154 0.039663461538461536 0.16826923076923078
0 0.9074519230769231 0.23557692307692307 0.052884615384615384 0.14543269230769232
0 0.42788461538461536 0.18870192307692307 0.039663461538461536 0.1622596153846154
0 0.6189903846153846 0.6862980769230769 0.038461538461538464 0.17067307692307693
0 0.3762019230769231 0.20432692307692307 0.04567307692307692 0.18028846153846154
0 0.41466346153846156 0.6983173076923077 0.04567307692307692 0.17548076923076922
0 0.5168269230769231 0.6935096153846154 0.037259615384615384 0.1622596153846154
0 0.5685096153846154 0.6850961538461539 0.04447115384615385 0.1814903846153846
0 0.36538461538461536 0.6971153846153846 0.04447115384615385 0.17548076923076922
0 0.31971153846153844 0.6802884615384616 0.04447115384615385 0.171875
0 0.26802884615384615 0.6850961538461539 0.046875 0.16706730769230768
0 0.984375 0.24158653846153846 0.030048076923076924 0.17067307692307693
0 0.7680288461538461 0.234375 0.04326923076923077 0.17548076923076922
0 0.8161057692307693 0.2247596153846154 0.04567307692307692 0.1466346153846154
0 0.7620192307692307 0.7019230769230769 0.04567307692307692 0.15384615384615385
0 0.8137019230769231 0.7091346153846154 0.04447115384615385 0.15745192307692307
0 0.8581730769230769 0.7211538461538461 0.04326923076923077 0.16346153846153846
0 0.9050480769230769 0.7175480769230769 0.04927884615384615 0.16826923076923078
0 0.9495192307692307 0.7175480769230769 0.05048076923076923 0.18028846153846154
0 0.9855769230769231 0.7175480769230769 0.027644230769230768 0.15264423076923078