0 0.7944711538461539 0.19471153846153846 0.030048076923076924 0.0985576923076923
0 0.7620192307692307 0.21394230769230768 0.03365384615384615 0.09975961538461539
0 0.7307692307692307 0.21514423076923078 0.03125 0.11778846153846154
0 0.7007211538461539 0.19591346153846154 0.03245192307692308 0.10336538461538461
0 0.6694711538461539 0.19591346153846154 0.03365384615384615 0.10096153846153846
0 0.6418269230769231 0.20673076923076922 0.028846153846153848 0.09014423076923077
0 0.6069711538461539 0.19471153846153846 0.025240384615384616 0.09134615384615384
0 0.5793269230769231 0.203125 0.027644230769230768 0.10817307692307693
0 0.5456730769230769 0.20432692307692307 0.030048076923076924 0.09495192307692307
0 0.5180288461538461 0.2247596153846154 0.030048076923076924 0.10576923076923077
0 0.48677884615384615 0.22956730769230768 0.027644230769230768 0.10096153846153846
0 0.4543269230769231 0.22115384615384615 0.030048076923076924 0.10336538461538461
0 0.4206730769230769 0.21754807692307693 0.027644230769230768 0.10096153846153846
0 0.38822115384615385 0.22235576923076922 0.03125 0.1141826923076923
0 0.3545673076923077 0.2247596153846154 0.030048076923076924 0.109375
0 0.32091346153846156 0.23317307692307693 0.030048076923076924 0.1141826923076923
0 0.28846153846153844 0.24158653846153846 0.03245192307692308 0.109375
0 0.2536057692307692 0.2439903846153846 0.03245192307692308 0.10697115384615384
0 0.22235576923076922 0.25600961538461536 0.03245192307692308 0.09134615384615384
0 0.18629807692307693 0.2439903846153846 0.040865384615384616 0.11778846153846154
0 0.1502403846153846 0.24158653846153846 0.03245192307692308 0.11778846153846154
0 0.1141826923076923 0.24639423076923078 0.038461538461538464 0.1045673076923077
0 0.078125 0.2608173076923077 0.038461538461538464 0.11538461538461539
0 0.040865384615384616 0.2536057692307692 0.042067307692307696 0.10817307692307693
0 0.013221153846153846 0.2512019230769231 0.025240384615384616 0.10697115384615384
0 0.7487980769230769 0.5108173076923077 0.037259615384615384 0.10336538461538461
0 0.7127403846153846 0.5084134615384616 0.030048076923076924 0.10817307692307693
0 0.6862980769230769 0.5108173076923077 0.03125 0.0985576923076923
0 0.6538461538461539 0.5120192307692307 0.027644230769230768 0.109375
0 0.6237980769230769 0.5252403846153846 0.027644230769230768 0.10576923076923077
0 0.5925480769230769 0.5336538461538461 0.027644230769230768 0.109375
0 0.5625 0.5336538461538461 0.027644230769230768 0.1045673076923077
0 0.5300480769230769 0.5324519230769231 0.026442307692307692 0.10336538461538461
0 0.49759615384615385 0.5348557692307693 0.030048076923076924 0.10817307692307693
0 0.46634615384615385 0.5420673076923077 0.03125 0.109375
0 0.4338942307692308 0.5528846153846154 0.030048076923076924 0.11538461538461539
0 0.40024038461538464 0.5456730769230769 0.027644230769230768 0.11298076923076923
0 0.36899038461538464 0.546875 0.03125 0.10576923076923077
0 0.33413461538461536 0.5540865384615384 0.03125 0.109375
0 0.3004807692307692 0.5588942307692307 0.036057692307692304 0.11658653846153846
0 0.2692307692307692 0.5588942307692307 0.03365384615384615 0.11778846153846154
0 0.234375 0.5600961538461539 0.03485576923076923 0.1141826923076923
0 0.19591346153846154 0.5552884615384616 0.03245192307692308 0.09975961538461539
0 0.15985576923076922 0.5661057692307693 0.03485576923076923 0.11057692307692307
0 0.12740384615384615 0.5793269230769231 0.037259615384615384 0.109375
0 0.09134615384615384 0.5913461538461539 0.03485576923076923 0.11057692307692307
0 0.057692307692307696 0.5973557692307693 0.038461538461538464 0.11538461538461539
0 0.02403846153846154 0.5925480769230769 0.039663461538461536 0.109375
0 0.8100961538461539 0.7560096153846154 0.03485576923076923 0.11057692307692307
0 0.7752403846153846 0.7692307692307693 0.03125 0.10576923076923077
0 0.7487980769230769 0.7848557692307693 0.030048076923076924 0.10697115384615384
0 0.71875 0.7920673076923077 0.03245192307692308 0.10576923076923077
0 0.6875 0.796875 0.028846153846153848 0.11298076923076923
0 0.6598557692307693 0.7932692307692307 0.027644230769230768 0.1045673076923077
0 0.6322115384615384 0.7884615384615384 0.03125 0.10336538461538461
0 0.5997596153846154 0.8317307692307693 0.027644230769230768 0.10576923076923077
0 0.5685096153846154 0.7956730769230769 0.027644230769230768 0.10336538461538461
0 0.5360576923076923 0.8329326923076923 0.030048076923076924 0.11899038461538461
0 0.5036057692307693 0.8305288461538461 0.030048076923076924 0.11057692307692307
0 0.4723557692307692 0.828125 0.027644230769230768 0.09735576923076923
0 0.4411057692307692 0.8245192307692307 0.028846153846153848 0.0985576923076923
0 0.4098557692307692 0.8365384615384616 0.027644230769230768 0.11057692307692307
0 0.3786057692307692 0.8389423076923077 0.030048076923076924 0.10096153846153846
0 0.3449519230769231 0.8485576923076923 0.03245192307692308 0.109375
0 0.3112980769230769 0.8557692307692307 0.028846153846153848 0.11538461538461539
0 0.2800480769230769 0.8725961538461539 0.028846153846153848 0.109375
0 0.24519230769230768 0.8689903846153846 0.03245192307692308 0.1141826923076923
0 0.2127403846153846 0.8713942307692307 0.03125 0.11658653846153846
0 0.17548076923076922 0.8810096153846154 0.038461538461538464 0.11658653846153846
0 0.14182692307692307 0.8774038461538461 0.03245192307692308 0.12139423076923077
0 0.109375 0.8822115384615384 0.037259615384615384 0.11778846153846154
0 0.07211538461538461 0.8894230769230769 0.03485576923076923 0.11298076923076923
0 0.037259615384615384 0.8942307692307693 0.036057692307692304 0.11658653846153846
0 0.009615384615384616 0.8930288461538461 0.019230769230769232 0.109375
0 0.015625 0.6875 0.03125 0.04807692307692308
0 0.06850961538461539 0.6862980769230769 0.06850961538461539 0.046875
0 0.13942307692307693 0.6778846153846154 0.07211538461538461 0.06009615384615385
0 0.21514423076923078 0.6694711538461539 0.06610576923076923 0.054086538461538464
0 0.2848557692307692 0.6610576923076923 0.06610576923076923 0.04567307692307692
0 0.35096153846153844 0.6490384615384616 0.06370192307692307 0.046875
0 0.41346153846153844 0.640625 0.05048076923076923 0.04447115384615385
0 0.47475961538461536 0.6346153846153846 0.06370192307692307 0.051682692307692304
0 0.5432692307692307 0.6262019230769231 0.06129807692307692 0.051682692307692304
0 0.6105769230769231 0.6165865384615384 0.05889423076923077 0.04807692307692308
0 0.6730769230769231 0.5985576923076923 0.055288461538461536 0.046875
0 0.7295673076923077 0.5925480769230769 0.054086538461538464 0.04567307692307692