0 0.640625 0.39302884615384615 0.03485576923076923 0.1310096153846154
0 0.6009615384615384 0.39663461538461536 0.03485576923076923 0.1310096153846154
0 0.6875 0.734375 0.040865384615384616 0.19831730769230768
0 0.5793269230769231 0.75 0.036057692307692304 0.12620192307692307
0 0.5432692307692307 0.7283653846153846 0.03485576923076923 0.12259615384615384
0 0.5637019230769231 0.3713942307692308 0.03245192307692308 0.12740384615384615
0 0.5252403846153846 0.38100961538461536 0.03245192307692308 0.12620192307692307
0 0.49038461538461536 0.3786057692307692 0.03245192307692308 0.125
0 0.4254807692307692 0.7680288461538461 0.037259615384615384 0.12860576923076922
0 0.7139423076923077 0.38461538461538464 0.03365384615384615 0.13221153846153846
0 0.7475961538461539 0.3737980769230769 0.030048076923076924 0.11057692307692307
0 0.7848557692307693 0.36778846153846156 0.036057692307692304 0.11658653846153846
0 0.8197115384615384 0.37259615384615385 0.037259615384615384 0.12379807692307693
0 0.8557692307692307 0.359375 0.03485576923076923 0.12139423076923077
0 0.8930288461538461 0.359375 0.040865384615384616 0.12139423076923077
0 0.9278846153846154 0.3641826923076923 0.039663461538461536 0.12379807692307693
0 0.41586538461538464 0.38461538461538464 0.03365384615384615 0.12139423076923077
0 0.3786057692307692 0.3942307692307692 0.03245192307692308 0.13942307692307693
0 0.34134615384615385 0.39302884615384615 0.03125 0.11057692307692307
0 0.30649038461538464 0.41225961538461536 0.030048076923076924 0.12740384615384615
0 0.26802884615384615 0.4074519230769231 0.030048076923076924 0.12139423076923077
0 0.23076923076923078 0.41225961538461536 0.03485576923076923 0.1346153846153846
0 0.1971153846153846 0.41947115384615385 0.03245192307692308 0.1310096153846154
0 0.16346153846153846 0.4254807692307692 0.03245192307692308 0.11899038461538461
0 0.1310096153846154 0.4230769230769231 0.03245192307692308 0.11778846153846154
0 0.09254807692307693 0.4206730769230769 0.036057692307692304 0.11298076923076923
0 0.057692307692307696 0.421875 0.03365384615384615 0.1141826923076923
0 0.02283653846153846 0.4206730769230769 0.037259615384615384 0.11658653846153846
0 0.004807692307692308 0.4230769230769231 0.008413461538461538 0.12139423076923077
0 0.021634615384615384 0.08653846153846154 0.040865384615384616 0.12620192307692307
0 0.09254807692307693 0.08173076923076923 0.039663461538461536 0.1346153846153846
0 0.12860576923076922 0.06610576923076923 0.03365384615384615 0.10697115384615384
0 0.19471153846153846 0.0625 0.037259615384615384 0.109375
0 0.2644230769230769 0.057692307692307696 0.03365384615384615 0.11538461538461539
0 0.2980769230769231 0.056490384615384616 0.03245192307692308 0.11298076923076923
0 0.33774038461538464 0.052884615384615384 0.030048076923076924 0.10576923076923077
0 0.3737980769230769 0.04807692307692308 0.03125 0.09615384615384616
0 0.4831730769230769 0.04927884615384615 0.03365384615384615 0.0985576923076923
0 0.5216346153846154 0.05048076923076923 0.03245192307692308 0.09975961538461539
0 0.5564903846153846 0.052884615384615384 0.036057692307692304 0.10576923076923077
0 0.5973557692307693 0.038461538461538464 0.03245192307692308 0.07692307692307693
0 0.6322115384615384 0.039663461538461536 0.030048076923076924 0.07932692307692307
0 0.6658653846153846 0.04447115384615385 0.03245192307692308 0.0889423076923077
0 0.7019230769230769 0.04326923076923077 0.030048076923076924 0.08653846153846154
0 0.7355769230769231 0.046875 0.03245192307692308 0.09254807692307693
0 0.7692307692307693 0.04927884615384615 0.03365384615384615 0.0985576923076923
0 0.8064903846153846 0.04447115384615385 0.040865384615384616 0.0889423076923077
0 0.8413461538461539 0.042067307692307696 0.03125 0.0829326923076923
0 0.8762019230769231 0.042067307692307696 0.03485576923076923 0.08413461538461539
0 0.9122596153846154 0.040865384615384616 0.03365384615384615 0.08173076923076923
0 0.9495192307692307 0.027644230769230768 0.038461538461538464 0.055288461538461536
0 0.9795673076923077 0.6814903846153846 0.038461538461538464 0.11538461538461539
0 0.9387019230769231 0.6971153846153846 0.038461538461538464 0.12379807692307693
0 0.9026442307692307 0.7019230769230769 0.037259615384615384 0.09735576923076923
0 0.8677884615384616 0.6875 0.040865384615384616 0.125
0 0.8329326923076923 0.7127403846153846 0.036057692307692304 0.12379807692307693
0 0.796875 0.7127403846153846 0.03485576923076923 0.12259615384615384
0 0.7596153846153846 0.7247596153846154 0.036057692307692304 0.1310096153846154
0 0.7235576923076923 0.7307692307692307 0.03365384615384615 0.125
0 0.35336538461538464 0.7512019230769231 0.03485576923076923 0.13701923076923078
0 0.2800480769230769 0.7524038461538461 0.030048076923076924 0.1346153846153846
0 0.2439903846153846 0.7596153846153846 0.03365384615384615 0.125
0 0.2091346153846154 0.7644230769230769 0.03485576923076923 0.125
0 0.171875 0.75 0.03365384615384615 0.1141826923076923
0 0.13701923076923078 0.7644230769230769 0.037259615384615384 0.12620192307692307
0 0.10336538461538461 0.7620192307692307 0.03365384615384615 0.12379807692307693
0 0.0673076923076923 0.7692307692307693 0.039663461538461536 0.11658653846153846
0 0.03125 0.7644230769230769 0.038461538461538464 0.12379807692307693
0 0.007211538461538462 0.7776442307692307 0.014423076923076924 0.125
0 0.6622596153846154 0.18028846153846154 0.07211538461538461 0.0625