0 0.7019230769230769 0.3629807692307692 0.036057692307692304 0.13942307692307693
0 0.7379807692307693 0.3713942307692308 0.03485576923076923 0.12860576923076922
0 0.7728365384615384 0.36778846153846156 0.03125 0.13942307692307693
0 0.5492788461538461 0.04807692307692308 0.07692307692307693 0.0625
0 0.2980769230769231 0.042067307692307696 0.0733173076923077 0.06129807692307692
0 0.3701923076923077 0.04447115384615385 0.07451923076923077 0.056490384615384616
0 0.6466346153846154 0.052884615384615384 0.06971153846153846 0.0625
0 0.49399038461538464 0.36778846153846156 0.03485576923076923 0.12740384615384615
0 0.4963942307692308 0.5108173076923077 0.03485576923076923 0.1346153846153846
0 0.5913461538461539 0.6586538461538461 0.039663461538461536 0.125
0 0.6274038461538461 0.6430288461538461 0.040865384615384616 0.11298076923076923
0 0.8762019230769231 0.3858173076923077 0.03485576923076923 0.12259615384615384
0 0.6634615384615384 0.3713942307692308 0.030048076923076924 0.13701923076923078
0 0.6213942307692307 0.3605769230769231 0.03365384615384615 0.12860576923076922
0 0.5793269230769231 0.34975961538461536 0.030048076923076924 0.12139423076923077
0 0.5396634615384616 0.3629807692307692 0.03365384615384615 0.14182692307692307
0 0.7295673076923077 0.06370192307692307 0.06370192307692307 0.06490384615384616
0 0.8557692307692307 0.08173076923076923 0.0673076923076923 0.06490384615384616
0 0.9122596153846154 0.37259615384615385 0.038461538461538464 0.12259615384615384
0 0.9483173076923077 0.38100961538461536 0.03245192307692308 0.11899038461538461
0 0.9783653846153846 0.38461538461538464 0.036057692307692304 0.11899038461538461
0 0.8088942307692307 0.3713942307692308 0.03245192307692308 0.12259615384615384
0 0.8425480769230769 0.36778846153846156 0.03485576923076923 0.13221153846153846
0 0.5540865384615384 0.6442307692307693 0.038461538461538464 0.109375
0 0.7788461538461539 0.6466346153846154 0.04326923076923077 0.12379807692307693
0 0.8149038461538461 0.6514423076923077 0.038461538461538464 0.125
0 0.8461538461538461 0.6466346153846154 0.040865384615384616 0.11899038461538461
0 0.8882211538461539 0.6538461538461539 0.040865384615384616 0.11899038461538461
0 0.9375 0.8990384615384616 0.05048076923076923 0.12620192307692307
0 0.8990384615384616 0.9002403846153846 0.051682692307692304 0.11538461538461539
0 0.7752403846153846 0.8966346153846154 0.057692307692307696 0.1310096153846154
0 0.7283653846153846 0.9134615384615384 0.04567307692307692 0.12740384615384615
0 0.6911057692307693 0.9050480769230769 0.04447115384615385 0.11899038461538461
0 0.6466346153846154 0.9122596153846154 0.05048076923076923 0.12139423076923077
0 0.5612980769230769 0.9134615384615384 0.04927884615384615 0.11658653846153846
0 0.5228365384615384 0.9002403846153846 0.04567307692307692 0.13221153846153846
0 0.47836538461538464 0.9122596153846154 0.04567307692307692 0.12139423076923077
0 0.4387019230769231 0.9002403846153846 0.046875 0.12379807692307693
0 0.40024038461538464 0.8834134615384616 0.046875 0.12139423076923077