0 0.6237980769230769 0.6514423076923077 0.09495192307692307 0.09735576923076923
0 0.734375 0.6935096153846154 0.09735576923076923 0.09134615384615384
0 0.9699519230769231 0.7740384615384616 0.05889423076923077 0.09134615384615384
0 0.16706730769230768 0.4831730769230769 0.10336538461538461 0.08413461538461539
0 0.026442307692307692 0.421875 0.052884615384615384 0.07451923076923077
0 0.02403846153846154 0.8473557692307693 0.046875 0.18629807692307693
0 0.06129807692307692 0.8641826923076923 0.06009615384615385 0.17307692307692307
0 0.11057692307692307 0.8737980769230769 0.05889423076923077 0.1814903846153846
0 0.15985576923076922 0.9134615384615384 0.056490384615384616 0.16826923076923078
0 0.21153846153846154 0.9110576923076923 0.056490384615384616 0.17548076923076922
0 0.2644230769230769 0.9254807692307693 0.05048076923076923 0.1466346153846154
0 0.3076923076923077 0.9387019230769231 0.056490384615384616 0.11899038461538461
0 0.3605769230769231 0.9483173076923077 0.05048076923076923 0.0985576923076923
0 0.41346153846153844 0.9555288461538461 0.04567307692307692 0.08653846153846154
0 0.46274038461538464 0.9651442307692307 0.04567307692307692 0.06490384615384616
0 0.5144230769230769 0.9651442307692307 0.04567307692307692 0.06610576923076923
0 0.6213942307692307 0.9831730769230769 0.04326923076923077 0.028846153846153848
0 0.5697115384615384 0.9879807692307693 0.040865384615384616 0.020432692307692308