0 0.4206730769230769 0.2283653846153846 0.06370192307692307 0.04807692307692308
0 0.42788461538461536 0.3894230769230769 0.0625 0.054086538461538464
0 0.43028846153846156 0.5612980769230769 0.06971153846153846 0.06009615384615385
0 0.43509615384615385 0.6418269230769231 0.06610576923076923 0.04807692307692308
0 0.43028846153846156 0.7283653846153846 0.06610576923076923 0.05048076923076923
0 0.4483173076923077 0.8137019230769231 0.06370192307692307 0.054086538461538464
0 0.5793269230769231 0.6105769230769231 0.028846153846153848 0.11298076923076923
0 0.4230769230769231 0.021634615384615384 0.038461538461538464 0.04326923076923077
0 0.5733173076923077 0.23197115384615385 0.030048076923076924 0.11057692307692307
0 0.5745192307692307 0.3485576923076923 0.028846153846153848 0.11057692307692307
0 0.6117788461538461 0.3449519230769231 0.030048076923076924 0.11538461538461539
0 0.6418269230769231 0.3401442307692308 0.030048076923076924 0.12139423076923077
0 0.6754807692307693 0.3545673076923077 0.030048076923076924 0.11658653846153846
0 0.7091346153846154 0.3449519230769231 0.030048076923076924 0.11538461538461539
0 0.7403846153846154 0.34975961538461536 0.027644230769230768 0.1141826923076923
0 0.7716346153846154 0.34134615384615385 0.028846153846153848 0.11778846153846154
0 0.8028846153846154 0.3425480769230769 0.027644230769230768 0.09975961538461539
0 0.8341346153846154 0.3401442307692308 0.028846153846153848 0.11298076923076923
0 0.8629807692307693 0.3401442307692308 0.028846153846153848 0.09495192307692307
0 0.8954326923076923 0.3389423076923077 0.03125 0.11298076923076923
0 0.9254807692307693 0.3329326923076923 0.025240384615384616 0.10817307692307693
0 0.9579326923076923 0.34615384615384615 0.03485576923076923 0.10336538461538461
0 0.5252403846153846 0.018028846153846152 0.03125 0.036057692307692304
0 0.5721153846153846 0.010817307692307692 0.027644230769230768 0.021634615384615384
0 0.6201923076923077 0.015625 0.030048076923076924 0.030048076923076924
0 0.6694711538461539 0.01201923076923077 0.026442307692307692 0.02403846153846154
0 0.7151442307692307 0.008413461538461538 0.027644230769230768 0.016826923076923076
0 0.8052884615384616 0.014423076923076924 0.02403846153846154 0.028846153846153848
0 0.8521634615384616 0.014423076923076924 0.03125 0.028846153846153848
0 0.8894230769230769 0.015625 0.030048076923076924 0.030048076923076924
0 0.9242788461538461 0.008413461538461538 0.026442307692307692 0.016826923076923076
0 0.9555288461538461 0.009615384615384616 0.027644230769230768 0.018028846153846152
0 0.6418269230769231 0.21995192307692307 0.026442307692307692 0.11778846153846154
0 0.6730769230769231 0.2283653846153846 0.027644230769230768 0.109375
0 0.703125 0.21394230769230768 0.028846153846153848 0.11778846153846154
0 0.734375 0.2127403846153846 0.03245192307692308 0.10576923076923077
0 0.7668269230769231 0.21754807692307693 0.030048076923076924 0.09975961538461539
0 0.7980769230769231 0.22115384615384615 0.028846153846153848 0.1045673076923077
0 0.8581730769230769 0.21514423076923078 0.03365384615384615 0.11298076923076923
0 0.8894230769230769 0.21394230769230768 0.03245192307692308 0.10817307692307693
0 0.9206730769230769 0.21754807692307693 0.03485576923076923 0.10096153846153846
0 0.6129807692307693 0.6045673076923077 0.028846153846153848 0.09735576923076923
0 0.6466346153846154 0.609375 0.030048076923076924 0.11298076923076923
0 0.6778846153846154 0.6045673076923077 0.026442307692307692 0.09495192307692307
0 0.7103365384615384 0.6009615384615384 0.030048076923076924 0.11778846153846154
0 0.7439903846153846 0.5997596153846154 0.028846153846153848 0.12259615384615384
0 0.7740384615384616 0.6069711538461539 0.03125 0.10697115384615384
0 0.8052884615384616 0.5997596153846154 0.03125 0.109375
0 0.8365384615384616 0.5973557692307693 0.03245192307692308 0.11057692307692307
0 0.8653846153846154 0.5961538461538461 0.03125 0.10697115384615384
0 0.8990384615384616 0.5973557692307693 0.03245192307692308 0.09735576923076923
0 0.9290865384615384 0.5961538461538461 0.037259615384615384 0.1141826923076923
0 0.953125 0.21995192307692307 0.03245192307692308 0.10697115384615384
0 0.9615384615384616 0.5829326923076923 0.03125 0.1045673076923077
0 0.6514423076923077 0.7259615384615384 0.030048076923076924 0.10336538461538461
0 0.6814903846153846 0.7307692307692307 0.028846153846153848 0.1141826923076923
0 0.7139423076923077 0.7331730769230769 0.03125 0.10697115384615384
0 0.7451923076923077 0.7319711538461539 0.030048076923076924 0.0985576923076923
0 0.7776442307692307 0.7247596153846154 0.030048076923076924 0.1045673076923077
0 0.8100961538461539 0.7199519230769231 0.027644230769230768 0.11298076923076923
0 0.8389423076923077 0.7211538461538461 0.027644230769230768 0.10336538461538461
0 0.8689903846153846 0.7151442307692307 0.030048076923076924 0.10817307692307693
0 0.9002403846153846 0.7223557692307693 0.03245192307692308 0.1045673076923077
0 0.9314903846153846 0.7139423076923077 0.030048076923076924 0.09134615384615384
0 0.9591346153846154 0.7091346153846154 0.03245192307692308 0.10336538461538461
0 0.7139423076923077 0.9627403846153846 0.030048076923076924 0.07091346153846154
0 0.7439903846153846 0.9555288461538461 0.027644230769230768 0.08413461538461539
0 0.7752403846153846 0.953125 0.03245192307692308 0.09134615384615384
0 0.8088942307692307 0.9519230769230769 0.03245192307692308 0.09254807692307693
0 0.8401442307692307 0.9543269230769231 0.028846153846153848 0.08774038461538461
0 0.8713942307692307 0.9555288461538461 0.03125 0.08413461538461539
0 0.9014423076923077 0.953125 0.03365384615384615 0.09134615384615384
0 0.9338942307692307 0.9471153846153846 0.03365384615384615 0.10096153846153846
0 0.9663461538461539 0.9459134615384616 0.03485576923076923 0.1045673076923077
0 0.9891826923076923 0.9459134615384616 0.020432692307692308 0.10576923076923077
0 0.609375 0.21754807692307693 0.030048076923076924 0.11298076923076923
0 0.4254807692307692 0.14423076923076922 0.06370192307692307 0.054086538461538464
0 0.47836538461538464 0.018028846153846152 0.025240384615384616 0.036057692307692304
0 0.984375 0.014423076923076924 0.030048076923076924 0.028846153846153848
0 0.9819711538461539 0.21153846153846154 0.030048076923076924 0.11057692307692307
0 0.9867788461538461 0.3401442307692308 0.02403846153846154 0.10576923076923077
0 0.8269230769230769 0.16346153846153846 0.027644230769230768 0.10336538461538461
0 0.9867788461538461 0.5841346153846154 0.02403846153846154 0.10576923076923077
0 0.9891826923076923 0.7043269230769231 0.020432692307692308 0.1045673076923077
0 0.5168269230769231 0.5709134615384616 0.05048076923076923 0.11658653846153846