0 0.5384615384615384 0.47836538461538464 0.06370192307692307 0.04567307692307692
0 0.5432692307692307 0.421875 0.057692307692307696 0.05048076923076923
0 0.47596153846153844 0.421875 0.06129807692307692 0.051682692307692304
0 0.47475961538461536 0.36778846153846156 0.057692307692307696 0.05048076923076923
0 0.33774038461538464 0.25841346153846156 0.055288461538461536 0.04567307692307692
0 0.33533653846153844 0.20432692307692307 0.04567307692307692 0.04807692307692308
0 0.4699519230769231 0.5913461538461539 0.05889423076923077 0.04807692307692308
0 0.4675480769230769 0.5384615384615384 0.052884615384615384 0.046875
0 0.33774038461538464 0.15144230769230768 0.055288461538461536 0.046875
0 0.3245192307692308 0.31009615384615385 0.057692307692307696 0.05048076923076923
0 0.33533653846153844 0.36778846153846156 0.06370192307692307 0.04567307692307692
0 0.33653846153846156 0.4206730769230769 0.051682692307692304 0.04807692307692308
0 0.328125 0.47836538461538464 0.057692307692307696 0.04567307692307692
0 0.3269230769230769 0.5300480769230769 0.06370192307692307 0.05048076923076923
0 0.3233173076923077 0.5889423076923077 0.06009615384615385 0.04447115384615385
0 0.3245192307692308 0.6442307692307693 0.057692307692307696 0.04807692307692308
0 0.32091346153846156 0.6995192307692307 0.052884615384615384 0.05048076923076923
0 0.3245192307692308 0.7560096153846154 0.06009615384615385 0.046875
0 0.4699519230769231 0.4807692307692308 0.06009615384615385 0.04807692307692308
0 0.5456730769230769 0.7596153846153846 0.05889423076923077 0.046875
0 0.4807692307692308 0.25961538461538464 0.05889423076923077 0.04807692307692308
0 0.4735576923076923 0.20432692307692307 0.05889423076923077 0.051682692307692304
0 0.4651442307692308 0.3112980769230769 0.056490384615384616 0.051682692307692304
0 0.546875 0.8112980769230769 0.05889423076923077 0.04807692307692308
0 0.5444711538461539 0.6454326923076923 0.056490384615384616 0.04447115384615385
0 0.5456730769230769 0.5901442307692307 0.054086538461538464 0.046875
0 0.5420673076923077 0.5324519230769231 0.056490384615384616 0.046875
0 0.4723557692307692 0.8149038461538461 0.06370192307692307 0.04567307692307692
0 0.47836538461538464 0.7620192307692307 0.056490384615384616 0.046875
0 0.4723557692307692 0.7019230769230769 0.054086538461538464 0.04567307692307692
0 0.546875 0.7019230769230769 0.06370192307692307 0.046875
0 0.4723557692307692 0.6466346153846154 0.06129807692307692 0.046875
0 0.19471153846153846 0.07211538461538461 0.05889423076923077 0.055288461538461536
0 0.1935096153846154 0.125 0.055288461538461536 0.04567307692307692
0 0.203125 0.39663461538461536 0.05889423076923077 0.04567307692307692
0 0.12620192307692307 0.9891826923076923 0.027644230769230768 0.018028846153846152
0 0.27403846153846156 0.9639423076923077 0.025240384615384616 0.06971153846153846
0 0.3245192307692308 0.9723557692307693 0.06129807692307692 0.04807692307692308
0 0.27163461538461536 0.8629807692307693 0.027644230769230768 0.11057692307692307
0 0.3245192307692308 0.9230769230769231 0.06129807692307692 0.046875
0 0.3269230769230769 0.8677884615384616 0.052884615384615384 0.05048076923076923
0 0.3293269230769231 0.8112980769230769 0.055288461538461536 0.05048076923076923
0 0.1935096153846154 0.02283653846153846 0.06490384615384616 0.04567307692307692
0 0.47596153846153844 0.009615384615384616 0.05889423076923077 0.018028846153846152
0 0.47475961538461536 0.046875 0.056490384615384616 0.046875
0 0.5456730769230769 0.0985576923076923 0.06009615384615385 0.05048076923076923
0 0.47596153846153844 0.10096153846153846 0.055288461538461536 0.046875
0 0.47475961538461536 0.14903846153846154 0.05889423076923077 0.04447115384615385
0 0.5456730769230769 0.15144230769230768 0.057692307692307696 0.051682692307692304
0 0.5444711538461539 0.20552884615384615 0.05889423076923077 0.046875
0 0.546875 0.25841346153846156 0.056490384615384616 0.052884615384615384
0 0.546875 0.3112980769230769 0.056490384615384616 0.046875
0 0.5432692307692307 0.36538461538461536 0.06490384615384616 0.04807692307692308
0 0.6826923076923077 0.018028846153846152 0.057692307692307696 0.036057692307692304
0 0.7572115384615384 0.021634615384615384 0.055288461538461536 0.04326923076923077
0 0.6814903846153846 0.06490384615384616 0.055288461538461536 0.046875
0 0.7451923076923077 0.06971153846153846 0.056490384615384616 0.051682692307692304
0 0.7487980769230769 0.11899038461538461 0.04807692307692308 0.04807692307692308
0 0.6850961538461539 0.11658653846153846 0.056490384615384616 0.051682692307692304
0 0.6838942307692307 0.16947115384615385 0.052884615384615384 0.05048076923076923
0 0.7487980769230769 0.16826923076923078 0.056490384615384616 0.04807692307692308
0 0.7487980769230769 0.22355769230769232 0.055288461538461536 0.046875
0 0.6887019230769231 0.22355769230769232 0.0625 0.046875
0 0.7536057692307693 0.2776442307692308 0.06129807692307692 0.046875
0 0.6814903846153846 0.27403846153846156 0.06129807692307692 0.04567307692307692
0 0.7487980769230769 0.3293269230769231 0.06129807692307692 0.04807692307692308
0 0.6838942307692307 0.3293269230769231 0.0625 0.046875
0 0.6838942307692307 0.38341346153846156 0.055288461538461536 0.05048076923076923
0 0.7451923076923077 0.38221153846153844 0.055288461538461536 0.04447115384615385
0 0.7512019230769231 0.4387019230769231 0.06009615384615385 0.046875
0 0.6838942307692307 0.4411057692307692 0.04807692307692308 0.04567307692307692
0 0.7524038461538461 0.49158653846153844 0.06370192307692307 0.046875
0 0.7512019230769231 0.546875 0.04807692307692308 0.04567307692307692
0 0.7584134615384616 0.7151442307692307 0.06009615384615385 0.046875
0 0.5456730769230769 0.8665865384615384 0.05889423076923077 0.04567307692307692
0 0.47596153846153844 0.8689903846153846 0.052884615384615384 0.046875
0 0.47115384615384615 0.9266826923076923 0.05889423076923077 0.05048076923076923
0 0.47475961538461536 0.9759615384615384 0.0625 0.04326923076923077
0 0.5444711538461539 0.921875 0.06129807692307692 0.05048076923076923
0 0.5408653846153846 0.9759615384615384 0.0625 0.04326923076923077
0 0.5480769230769231 0.04567307692307692 0.06129807692307692 0.04567307692307692
0 0.5504807692307693 0.010817307692307692 0.054086538461538464 0.021634615384615384
0 0.6947115384615384 0.9819711538461539 0.056490384615384616 0.03245192307692308
0 0.7560096153846154 0.9807692307692307 0.052884615384615384 0.036057692307692304
0 0.7620192307692307 0.9278846153846154 0.06009615384615385 0.04807692307692308
0 0.7644230769230769 0.875 0.06009615384615385 0.051682692307692304
0 0.7644230769230769 0.8221153846153846 0.05889423076923077 0.051682692307692304
0 0.7608173076923077 0.7668269230769231 0.06370192307692307 0.05048076923076923
0 0.6947115384615384 0.7644230769230769 0.056490384615384616 0.04326923076923077
0 0.6947115384615384 0.8245192307692307 0.05889423076923077 0.046875
0 0.6887019230769231 0.8810096153846154 0.052884615384615384 0.04567307692307692
0 0.6911057692307693 0.9350961538461539 0.06129807692307692 0.04807692307692308
0 0.6947115384615384 0.7151442307692307 0.056490384615384616 0.051682692307692304
0 0.6935096153846154 0.6586538461538461 0.06129807692307692 0.04807692307692308
0 0.6838942307692307 0.6057692307692307 0.057692307692307696 0.051682692307692304
0 0.7572115384615384 0.6045673076923077 0.06009615384615385 0.051682692307692304
0 0.7596153846153846 0.6598557692307693 0.06009615384615385 0.051682692307692304
0 0.6875 0.546875 0.057692307692307696 0.046875
0 0.6838942307692307 0.49399038461538464 0.055288461538461536 0.04807692307692308
0 0.8954326923076923 0.06971153846153846 0.05889423076923077 0.052884615384615384
0 0.8918269230769231 0.12139423076923077 0.04567307692307692 0.046875
0 0.8954326923076923 0.171875 0.05889423076923077 0.04807692307692308
0 0.8966346153846154 0.23076923076923078 0.06129807692307692 0.051682692307692304
0 0.8882211538461539 0.2824519230769231 0.06370192307692307 0.046875
0 0.8870192307692307 0.3317307692307692 0.055288461538461536 0.046875
0 0.8894230769230769 0.3786057692307692 0.05889423076923077 0.04447115384615385
0 0.8942307692307693 0.4375 0.05048076923076923 0.04807692307692308
0 0.8966346153846154 0.49158653846153844 0.06129807692307692 0.04567307692307692
0 0.9026442307692307 0.5456730769230769 0.05889423076923077 0.046875
0 0.9038461538461539 0.5973557692307693 0.055288461538461536 0.04447115384615385
0 0.9002403846153846 0.6466346153846154 0.06129807692307692 0.04567307692307692
0 0.9026442307692307 0.7019230769230769 0.06610576923076923 0.051682692307692304
0 0.9014423076923077 0.7560096153846154 0.06009615384615385 0.051682692307692304
0 0.9026442307692307 0.8112980769230769 0.06370192307692307 0.05048076923076923
0 0.8990384615384616 0.8641826923076923 0.056490384615384616 0.05048076923076923
0 0.8978365384615384 0.9182692307692307 0.06129807692307692 0.052884615384615384
0 0.8990384615384616 0.9711538461538461 0.06610576923076923 0.054086538461538464