0 0.23317307692307693 0.5733173076923077 0.08173076923076923 0.056490384615384616
0 0.6141826923076923 0.5697115384615384 0.07932692307692307 0.0625
0 0.7067307692307693 0.5721153846153846 0.08173076923076923 0.05889423076923077
0 0.9182692307692307 0.5600961538461539 0.07932692307692307 0.0625
0 0.9927884615384616 0.8894230769230769 0.013221153846153846 0.14182692307692307
0 0.9675480769230769 0.8834134615384616 0.040865384615384616 0.12740384615384615
0 0.9278846153846154 0.8918269230769231 0.039663461538461536 0.109375
0 0.8858173076923077 0.8870192307692307 0.037259615384615384 0.13701923076923078
0 0.8461538461538461 0.8834134615384616 0.038461538461538464 0.14423076923076922
0 0.8064903846153846 0.8942307692307693 0.03485576923076923 0.13221153846153846
0 0.765625 0.8870192307692307 0.03485576923076923 0.1346153846153846
0 0.7271634615384616 0.8930288461538461 0.03245192307692308 0.09014423076923077
0 0.6850961538461539 0.8942307692307693 0.03485576923076923 0.14543269230769232
0 0.6454326923076923 0.8942307692307693 0.03245192307692308 0.13221153846153846
0 0.6057692307692307 0.9254807692307693 0.036057692307692304 0.14543269230769232
0 0.5564903846153846 0.9086538461538461 0.037259615384615384 0.15745192307692307
0 0.5180288461538461 0.9110576923076923 0.03245192307692308 0.12860576923076922
0 0.47716346153846156 0.9182692307692307 0.03365384615384615 0.1466346153846154
0 0.4338942307692308 0.9230769230769231 0.038461538461538464 0.1502403846153846
0 0.390625 0.9170673076923077 0.037259615384615384 0.14182692307692307
0 0.35096153846153844 0.9110576923076923 0.03485576923076923 0.13942307692307693
0 0.30649038461538464 0.9098557692307693 0.038461538461538464 0.14423076923076922
0 0.265625 0.9290865384615384 0.03485576923076923 0.13942307692307693
0 0.2247596153846154 0.9050480769230769 0.037259615384615384 0.1502403846153846
0 0.1875 0.9122596153846154 0.037259615384615384 0.140625
0 0.14423076923076922 0.9122596153846154 0.037259615384615384 0.15504807692307693
0 0.10216346153846154 0.921875 0.04326923076923077 0.1466346153846154
0 0.06009615384615385 0.9110576923076923 0.04447115384615385 0.15504807692307693
0 0.019230769230769232 0.921875 0.038461538461538464 0.15144230769230768
0 0.021634615384615384 0.5697115384615384 0.04326923076923077 0.0625
0 0.09014423076923077 0.5709134615384616 0.08052884615384616 0.05889423076923077