0 0.6394230769230769 0.45552884615384615 0.025240384615384616 0.10576923076923077
0 0.18028846153846154 0.018028846153846152 0.06610576923076923 0.036057692307692304
0 0.671875 0.4567307692307692 0.026442307692307692 0.10576923076923077
0 0.7019230769230769 0.453125 0.028846153846153848 0.109375
0 0.7331730769230769 0.4567307692307692 0.027644230769230768 0.11057692307692307
0 0.7908653846153846 0.4495192307692308 0.025240384615384616 0.0985576923076923
0 0.7620192307692307 0.4483173076923077 0.028846153846153848 0.11298076923076923
0 0.8197115384615384 0.4699519230769231 0.028846153846153848 0.1045673076923077
0 0.8497596153846154 0.47115384615384615 0.028846153846153848 0.10697115384615384
0 0.8786057692307693 0.46274038461538464 0.028846153846153848 0.10576923076923077
0 0.9074519230769231 0.46634615384615385 0.028846153846153848 0.10576923076923077
0 0.9387019230769231 0.46274038461538464 0.030048076923076924 0.10336538461538461
0 0.9663461538461539 0.46634615384615385 0.03245192307692308 0.09975961538461539
0 0.9891826923076923 0.4639423076923077 0.016826923076923076 0.11057692307692307
0 0.9867788461538461 0.7115384615384616 0.021634615384615384 0.11538461538461539
0 0.9651442307692307 0.7211538461538461 0.028846153846153848 0.09495192307692307
0 0.9387019230769231 0.6983173076923077 0.03245192307692308 0.1045673076923077
0 0.9050480769230769 0.7163461538461539 0.03125 0.10697115384615384
0 0.8737980769230769 0.7259615384615384 0.027644230769230768 0.109375
0 0.8461538461538461 0.7223557692307693 0.03125 0.11298076923076923
0 0.8161057692307693 0.7379807692307693 0.028846153846153848 0.10697115384615384
0 0.7884615384615384 0.7283653846153846 0.027644230769230768 0.10336538461538461
0 0.7608173076923077 0.7163461538461539 0.026442307692307692 0.10576923076923077
0 0.7271634615384616 0.7259615384615384 0.030048076923076924 0.1045673076923077
0 0.6971153846153846 0.7355769230769231 0.027644230769230768 0.109375
0 0.6658653846153846 0.7223557692307693 0.027644230769230768 0.10817307692307693
0 0.6334134615384616 0.7199519230769231 0.030048076923076924 0.1141826923076923
0 0.6418269230769231 0.8245192307692307 0.06129807692307692 0.05048076923076923
0 0.6442307692307693 0.8774038461538461 0.06370192307692307 0.05048076923076923
0 0.6442307692307693 0.9350961538461539 0.06490384615384616 0.052884615384615384
0 0.6418269230769231 0.9807692307692307 0.0625 0.036057692307692304
0 0.5697115384615384 0.9543269230769231 0.027644230769230768 0.0889423076923077
0 0.9807692307692307 0.23197115384615385 0.030048076923076924 0.10817307692307693
0 0.9963942307692307 0.23197115384615385 0.006009615384615385 0.10336538461538461
0 0.9495192307692307 0.22956730769230768 0.030048076923076924 0.09495192307692307
0 0.9158653846153846 0.21634615384615385 0.028846153846153848 0.09254807692307693
0 0.8882211538461539 0.2091346153846154 0.027644230769230768 0.09735576923076923
0 0.859375 0.20793269230769232 0.027644230769230768 0.1045673076923077
0 0.8305288461538461 0.20552884615384615 0.030048076923076924 0.11658653846153846
0 0.8016826923076923 0.21153846153846154 0.027644230769230768 0.10096153846153846
0 0.7716346153846154 0.21394230769230768 0.030048076923076924 0.09735576923076923
0 0.7415865384615384 0.203125 0.027644230769230768 0.10576923076923077
0 0.6850961538461539 0.20793269230769232 0.026442307692307692 0.10576923076923077
0 0.6550480769230769 0.203125 0.026442307692307692 0.1045673076923077
0 0.6213942307692307 0.1935096153846154 0.026442307692307692 0.09134615384615384
0 0.5901442307692307 0.1875 0.025240384615384616 0.11899038461538461
0 0.5564903846153846 0.1935096153846154 0.025240384615384616 0.1141826923076923
0 0.5300480769230769 0.19110576923076922 0.026442307692307692 0.10817307692307693
0 0.4987980769230769 0.18870192307692307 0.027644230769230768 0.10576923076923077
0 0.4338942307692308 0.19951923076923078 0.027644230769230768 0.10576923076923077
0 0.4675480769230769 0.1971153846153846 0.027644230769230768 0.10576923076923077
0 0.40384615384615385 0.18028846153846154 0.026442307692307692 0.10576923076923077
0 0.3713942307692308 0.18870192307692307 0.027644230769230768 0.10576923076923077
0 0.34375 0.18389423076923078 0.030048076923076924 0.10817307692307693
0 0.3088942307692308 0.1778846153846154 0.027644230769230768 0.1045673076923077
0 0.2800480769230769 0.17908653846153846 0.026442307692307692 0.09975961538461539
0 0.24879807692307693 0.18990384615384615 0.025240384615384616 0.09615384615384616
0 0.22235576923076922 0.18990384615384615 0.026442307692307692 0.09975961538461539
0 0.19230769230769232 0.2127403846153846 0.026442307692307692 0.09134615384615384
0 0.1622596153846154 0.19471153846153846 0.030048076923076924 0.10697115384615384
0 0.13221153846153846 0.2091346153846154 0.026442307692307692 0.09735576923076923
0 0.10336538461538461 0.18870192307692307 0.03245192307692308 0.10697115384615384
0 0.07091346153846154 0.1935096153846154 0.030048076923076924 0.11658653846153846
0 0.038461538461538464 0.18870192307692307 0.03365384615384615 0.11057692307692307
0 0.01201923076923077 0.19951923076923078 0.02403846153846154 0.10096153846153846
0 0.5096153846153846 0.47115384615384615 0.027644230769230768 0.109375
0 0.4807692307692308 0.4675480769230769 0.030048076923076924 0.109375
0 0.44711538461538464 0.4723557692307692 0.027644230769230768 0.10096153846153846
0 0.41466346153846156 0.4735576923076923 0.026442307692307692 0.10336538461538461
0 0.3858173076923077 0.46153846153846156 0.027644230769230768 0.10697115384615384
0 0.3557692307692308 0.45552884615384615 0.027644230769230768 0.109375
0 0.32211538461538464 0.46153846153846156 0.027644230769230768 0.10336538461538461
0 0.29086538461538464 0.47475961538461536 0.027644230769230768 0.1045673076923077
0 0.25961538461538464 0.4699519230769231 0.028846153846153848 0.1045673076923077
0 0.23076923076923078 0.4699519230769231 0.027644230769230768 0.1045673076923077
0 0.19951923076923078 0.47475961538461536 0.027644230769230768 0.10576923076923077
0 0.16826923076923078 0.4675480769230769 0.03125 0.10697115384615384
0 0.13942307692307693 0.47115384615384615 0.030048076923076924 0.10096153846153846
0 0.11177884615384616 0.4735576923076923 0.026442307692307692 0.10697115384615384
0 0.0829326923076923 0.47115384615384615 0.03125 0.11057692307692307
0 0.052884615384615384 0.4675480769230769 0.03245192307692308 0.109375
0 0.02403846153846154 0.47115384615384615 0.027644230769230768 0.0985576923076923
0 0.004807692307692308 0.46274038461538464 0.009615384615384616 0.09014423076923077
0 0.5072115384615384 0.7247596153846154 0.027644230769230768 0.10697115384615384
0 0.5072115384615384 0.8581730769230769 0.026442307692307692 0.109375
0 0.47596153846153844 0.7355769230769231 0.027644230769230768 0.1045673076923077
0 0.4735576923076923 0.8545673076923077 0.026442307692307692 0.1045673076923077
0 0.44471153846153844 0.7331730769230769 0.027644230769230768 0.109375
0 0.44350961538461536 0.8557692307692307 0.026442307692307692 0.10697115384615384
0 0.4110576923076923 0.7199519230769231 0.027644230769230768 0.109375
0 0.41225961538461536 0.8485576923076923 0.027644230769230768 0.0985576923076923
0 0.38100961538461536 0.7307692307692307 0.027644230769230768 0.10817307692307693
0 0.38100961538461536 0.8497596153846154 0.027644230769230768 0.109375
0 0.34975961538461536 0.7259615384615384 0.027644230769230768 0.10576923076923077
0 0.3473557692307692 0.8509615384615384 0.026442307692307692 0.10096153846153846
0 0.3173076923076923 0.8401442307692307 0.027644230769230768 0.11298076923076923
0 0.31971153846153844 0.7235576923076923 0.027644230769230768 0.10697115384615384
0 0.28725961538461536 0.7247596153846154 0.027644230769230768 0.09975961538461539
0 0.28725961538461536 0.8317307692307693 0.027644230769230768 0.10576923076923077
0 0.25721153846153844 0.7163461538461539 0.028846153846153848 0.1045673076923077
0 0.25721153846153844 0.8389423076923077 0.030048076923076924 0.10697115384615384
0 0.2283653846153846 0.7163461538461539 0.030048076923076924 0.09975961538461539
0 0.22596153846153846 0.8425480769230769 0.030048076923076924 0.10096153846153846
0 0.19591346153846154 0.7163461538461539 0.030048076923076924 0.10697115384615384
0 0.19591346153846154 0.8413461538461539 0.027644230769230768 0.1045673076923077
0 0.1658653846153846 0.8401442307692307 0.03125 0.11057692307692307
0 0.1658653846153846 0.7223557692307693 0.03125 0.11057692307692307
0 0.13701923076923078 0.7211538461538461 0.027644230769230768 0.1045673076923077
0 0.10576923076923077 0.7223557692307693 0.03245192307692308 0.10817307692307693
0 0.07932692307692307 0.7151442307692307 0.028846153846153848 0.09975961538461539
0 0.046875 0.7211538461538461 0.036057692307692304 0.109375
0 0.016826923076923076 0.7283653846153846 0.03245192307692308 0.10336538461538461
0 0.13581730769230768 0.8401442307692307 0.030048076923076924 0.10697115384615384
0 0.10336538461538461 0.8377403846153846 0.03485576923076923 0.109375
0 0.07211538461538461 0.8365384615384616 0.03245192307692308 0.10817307692307693
0 0.04326923076923077 0.8449519230769231 0.03245192307692308 0.11057692307692307
0 0.014423076923076924 0.8473557692307693 0.027644230769230768 0.10576923076923077