0 0.6346153846153846 0.025240384615384616 0.06009615384615385 0.04807692307692308
0 0.6310096153846154 0.078125 0.057692307692307696 0.05048076923076923
0 0.5192307692307693 0.05048076923076923 0.025240384615384616 0.09735576923076923
0 0.5264423076923077 0.16346153846153846 0.027644230769230768 0.1141826923076923
0 0.4675480769230769 0.07932692307692307 0.06009615384615385 0.04567307692307692
0 0.4723557692307692 0.13701923076923078 0.05889423076923077 0.052884615384615384
0 0.47716346153846156 0.19471153846153846 0.06009615384615385 0.052884615384615384
0 0.47475961538461536 0.2536057692307692 0.057692307692307696 0.05048076923076923
0 0.47475961538461536 0.31009615384615385 0.056490384615384616 0.04807692307692308
0 0.47596153846153844 0.421875 0.06490384615384616 0.052884615384615384
0 0.28125 0.030048076923076924 0.06370192307692307 0.04807692307692308
0 0.28725961538461536 0.08774038461538461 0.055288461538461536 0.04807692307692308
0 0.27884615384615385 0.15144230769230768 0.055288461538461536 0.04447115384615385
0 0.28365384615384615 0.20552884615384615 0.06370192307692307 0.04807692307692308
0 0.2824519230769231 0.265625 0.054086538461538464 0.054086538461538464
0 0.2956730769230769 0.31971153846153844 0.0625 0.052884615384615384
0 0.296875 0.3762019230769231 0.06009615384615385 0.055288461538461536
0 0.29447115384615385 0.43509615384615385 0.06009615384615385 0.04807692307692308
0 0.2920673076923077 0.49399038461538464 0.05889423076923077 0.05048076923076923
0 0.5348557692307693 0.6262019230769231 0.025240384615384616 0.109375
0 0.5300480769230769 0.2860576923076923 0.025240384615384616 0.11538461538461539
0 0.5300480769230769 0.4098557692307692 0.025240384615384616 0.11298076923076923
0 0.5324519230769231 0.5204326923076923 0.02403846153846154 0.0889423076923077
0 0.4831730769230769 0.4831730769230769 0.0625 0.046875
0 0.47596153846153844 0.36899038461538464 0.06129807692307692 0.04567307692307692
0 0.6442307692307693 0.5288461538461539 0.05889423076923077 0.04567307692307692
0 0.6454326923076923 0.6430288461538461 0.06009615384615385 0.052884615384615384
0 0.6478365384615384 0.6983173076923077 0.06009615384615385 0.046875
0 0.2956730769230769 0.6153846153846154 0.06129807692307692 0.051682692307692304
0 0.296875 0.671875 0.06490384615384616 0.04807692307692308
0 0.30288461538461536 0.7307692307692307 0.06490384615384616 0.055288461538461536
0 0.30288461538461536 0.7884615384615384 0.06129807692307692 0.051682692307692304
0 0.3112980769230769 0.8413461538461539 0.051682692307692304 0.05048076923076923
0 0.5384615384615384 0.7403846153846154 0.026442307692307692 0.109375
0 0.47836538461538464 0.5985576923076923 0.0625 0.055288461538461536
0 0.47836538461538464 0.5432692307692307 0.06370192307692307 0.052884615384615384
0 0.4807692307692308 0.6598557692307693 0.05889423076923077 0.05889423076923077
0 0.4831730769230769 0.7139423076923077 0.06490384615384616 0.056490384615384616
0 0.4831730769230769 0.7692307692307693 0.06490384615384616 0.054086538461538464
0 0.4807692307692308 0.8269230769230769 0.06490384615384616 0.054086538461538464
0 0.6526442307692307 0.8641826923076923 0.0625 0.05048076923076923
0 0.6574519230769231 0.7512019230769231 0.057692307692307696 0.05048076923076923
0 0.6526442307692307 0.8088942307692307 0.05889423076923077 0.054086538461538464
0 0.6466346153846154 0.30649038461538464 0.06490384615384616 0.05048076923076923
0 0.6454326923076923 0.3641826923076923 0.05889423076923077 0.05048076923076923
0 0.6418269230769231 0.4206730769230769 0.052884615384615384 0.04567307692307692
0 0.6394230769230769 0.47475961538461536 0.055288461538461536 0.04326923076923077
0 0.6442307692307693 0.5865384615384616 0.055288461538461536 0.046875
0 0.6286057692307693 0.1310096153846154 0.057692307692307696 0.05048076923076923
0 0.30408653846153844 0.9026442307692307 0.06850961538461539 0.06490384615384616
0 0.4795673076923077 0.8918269230769231 0.05889423076923077 0.04807692307692308
0 0.4675480769230769 0.02283653846153846 0.05889423076923077 0.04567307692307692
0 0.6526442307692307 0.18990384615384615 0.0625 0.04807692307692308
0 0.6286057692307693 0.24639423076923078 0.055288461538461536 0.051682692307692304
0 0.5420673076923077 0.859375 0.028846153846153848 0.11298076923076923
0 0.5456730769230769 0.9627403846153846 0.028846153846153848 0.07211538461538461
0 0.4831730769230769 0.9483173076923077 0.06009615384615385 0.051682692307692304
0 0.30288461538461536 0.9627403846153846 0.06971153846153846 0.055288461538461536
0 0.4891826923076923 0.9855769230769231 0.0625 0.025240384615384616
0 0.6538461538461539 0.9783653846153846 0.06370192307692307 0.040865384615384616
0 0.65625 0.9254807692307693 0.06490384615384616 0.054086538461538464
0 0.2932692307692308 0.5528846153846154 0.06370192307692307 0.04807692307692308