0 0.8473557692307693 0.6033653846153846 0.05889423076923077 0.055288461538461536
0 0.6730769230769231 0.6586538461538461 0.027644230769230768 0.11658653846153846
0 0.6802884615384616 0.5 0.030048076923076924 0.11658653846153846
0 0.6802884615384616 0.3605769230769231 0.030048076923076924 0.12139423076923077
0 0.6826923076923077 0.20673076923076922 0.03245192307692308 0.11899038461538461
0 0.6778846153846154 0.0625 0.03245192307692308 0.1141826923076923
0 0.5360576923076923 0.09134615384615384 0.055288461538461536 0.054086538461538464
0 0.5348557692307693 0.2608173076923077 0.05889423076923077 0.056490384615384616
0 0.5324519230769231 0.43028846153846156 0.057692307692307696 0.051682692307692304
0 0.5336538461538461 0.4879807692307692 0.056490384615384616 0.04567307692307692
0 0.5348557692307693 0.5444711538461539 0.06129807692307692 0.054086538461538464
0 0.5360576923076923 0.5997596153846154 0.056490384615384616 0.04807692307692308
0 0.5324519230769231 0.6586538461538461 0.057692307692307696 0.051682692307692304
0 0.53125 0.7139423076923077 0.06009615384615385 0.05048076923076923
0 0.5276442307692307 0.7716346153846154 0.06370192307692307 0.04807692307692308
0 0.5288461538461539 0.8305288461538461 0.0625 0.052884615384615384
0 0.5276442307692307 0.8858173076923077 0.06129807692307692 0.052884615384615384
0 0.5252403846153846 0.9411057692307693 0.05889423076923077 0.04807692307692308
0 0.5252403846153846 0.9831730769230769 0.06009615384615385 0.028846153846153848
0 0.39663461538461536 0.05048076923076923 0.06009615384615385 0.07211538461538461
0 0.39663461538461536 0.1622596153846154 0.06490384615384616 0.07692307692307693
0 0.39302884615384615 0.5685096153846154 0.06129807692307692 0.06971153846153846
0 0.3894230769230769 0.8629807692307693 0.054086538461538464 0.06850961538461539
0 0.390625 0.9206730769230769 0.0625 0.06971153846153846
0 0.38822115384615385 0.9735576923076923 0.06129807692307692 0.05048076923076923
0 0.2644230769230769 0.9615384615384616 0.06129807692307692 0.0733173076923077
0 0.2644230769230769 0.9002403846153846 0.04807692307692308 0.06971153846153846
0 0.2692307692307692 0.8341346153846154 0.05048076923076923 0.06490384615384616
0 0.265625 0.7692307692307693 0.054086538461538464 0.07451923076923077
0 0.25961538461538464 0.703125 0.055288461538461536 0.06370192307692307
0 0.2644230769230769 0.640625 0.05889423076923077 0.07451923076923077
0 0.27163461538461536 0.5745192307692307 0.04807692307692308 0.07211538461538461
0 0.27163461538461536 0.5060096153846154 0.06370192307692307 0.08052884615384616
0 0.26322115384615385 0.43509615384615385 0.06490384615384616 0.08653846153846154
0 0.26802884615384615 0.37259615384615385 0.06129807692307692 0.08413461538461539
0 0.27163461538461536 0.3137019230769231 0.06009615384615385 0.0829326923076923
0 0.27163461538461536 0.24278846153846154 0.06370192307692307 0.07932692307692307
0 0.27163461538461536 0.17908653846153846 0.06370192307692307 0.07091346153846154
0 0.2776442307692308 0.109375 0.052884615384615384 0.07451923076923077
0 0.27283653846153844 0.042067307692307696 0.06009615384615385 0.07091346153846154