0 0.8810096153846154 0.3557692307692308 0.056490384615384616 0.054086538461538464
0 0.7091346153846154 0.4050480769230769 0.027644230769230768 0.11778846153846154
0 0.7127403846153846 0.24639423076923078 0.03125 0.12139423076923077
0 0.7175480769230769 0.109375 0.03365384615384615 0.12139423076923077
0 0.5745192307692307 0.015625 0.05889423076923077 0.030048076923076924
0 0.5697115384615384 0.16826923076923078 0.056490384615384616 0.05048076923076923
0 0.5709134615384616 0.2247596153846154 0.056490384615384616 0.051682692307692304
0 0.5721153846153846 0.2800480769230769 0.06009615384615385 0.05889423076923077
0 0.5709134615384616 0.3389423076923077 0.05889423076923077 0.051682692307692304
0 0.5697115384615384 0.3954326923076923 0.06129807692307692 0.055288461538461536
0 0.5697115384615384 0.4543269230769231 0.0625 0.052884615384615384
0 0.5625 0.5096153846153846 0.06129807692307692 0.046875
0 0.5625 0.5661057692307693 0.0625 0.05048076923076923
0 0.5612980769230769 0.625 0.0625 0.04807692307692308
0 0.5588942307692307 0.6814903846153846 0.06129807692307692 0.04807692307692308
0 0.5588942307692307 0.7355769230769231 0.06610576923076923 0.054086538461538464
0 0.5540865384615384 0.7944711538461539 0.0625 0.052884615384615384
0 0.43028846153846156 0.3004807692307692 0.06009615384615385 0.07692307692307693
0 0.42427884615384615 0.5925480769230769 0.056490384615384616 0.06850961538461539
0 0.4230769230769231 0.6550480769230769 0.06009615384615385 0.06971153846153846
0 0.421875 0.7151442307692307 0.056490384615384616 0.07211538461538461
0 0.2956730769230769 0.9591346153846154 0.06850961538461539 0.0733173076923077
0 0.2920673076923077 0.8810096153846154 0.052884615384615384 0.07692307692307693
0 0.3004807692307692 0.8245192307692307 0.04927884615384615 0.06971153846153846
0 0.2932692307692308 0.7524038461538461 0.06129807692307692 0.07451923076923077
0 0.29447115384615385 0.6887019230769231 0.06009615384615385 0.078125
0 0.2980769230769231 0.6262019230769231 0.05048076923076923 0.07091346153846154
0 0.30288461538461536 0.5625 0.052884615384615384 0.06610576923076923
0 0.30649038461538464 0.5012019230769231 0.046875 0.06610576923076923
0 0.296875 0.42788461538461536 0.052884615384615384 0.06370192307692307
0 0.30528846153846156 0.36658653846153844 0.05048076923076923 0.07091346153846154
0 0.30649038461538464 0.2980769230769231 0.054086538461538464 0.06971153846153846
0 0.3112980769230769 0.23197115384615385 0.057692307692307696 0.08413461538461539
0 0.3088942307692308 0.1622596153846154 0.055288461538461536 0.078125
0 0.31009615384615385 0.0985576923076923 0.05889423076923077 0.08173076923076923
0 0.3161057692307692 0.042067307692307696 0.056490384615384616 0.0829326923076923