0 0.3401442307692308 0.36538461538461536 0.055288461538461536 0.09495192307692307
0 0.3245192307692308 0.5793269230769231 0.06009615384615385 0.10096153846153846
0 0.30288461538461536 0.6177884615384616 0.055288461538461536 0.09735576923076923
0 0.2932692307692308 0.44591346153846156 0.04807692307692308 0.08774038461538461
0 0.25240384615384615 0.22596153846153846 0.055288461538461536 0.0985576923076923
0 0.6514423076923077 0.3317307692307692 0.04927884615384615 0.08413461538461539
0 0.30288461538461536 0.1346153846153846 0.051682692307692304 0.09254807692307693
0 0.35096153846153844 0.04927884615384615 0.056490384615384616 0.0985576923076923
0 0.10216346153846154 0.44591346153846156 0.05889423076923077 0.09014423076923077
0 0.25240384615384615 0.5324519230769231 0.056490384615384616 0.0985576923076923
0 0.2800480769230769 0.6550480769230769 0.056490384615384616 0.09615384615384616
0 0.2283653846153846 0.5733173076923077 0.055288461538461536 0.09615384615384616
0 0.2704326923076923 0.4879807692307692 0.055288461538461536 0.09975961538461539
0 0.36778846153846156 0.3269230769230769 0.055288461538461536 0.09134615384615384
0 0.3918269230769231 0.006009615384615385 0.027644230769230768 0.01201923076923077
0 0.3473557692307692 0.5288461538461539 0.056490384615384616 0.0985576923076923
0 0.390625 0.28846153846153844 0.055288461538461536 0.09495192307692307
0 0.37259615384615385 0.49399038461538464 0.056490384615384616 0.10096153846153846
0 0.3954326923076923 0.4495192307692308 0.054086538461538464 0.09975961538461539
0 0.31850961538461536 0.4050480769230769 0.054086538461538464 0.09254807692307693
0 0.6754807692307693 0.8389423076923077 0.056490384615384616 0.10096153846153846
0 0.6947115384615384 0.7944711538461539 0.051682692307692304 0.09014423076923077
0 0.7139423076923077 0.7524038461538461 0.054086538461538464 0.0985576923076923
0 0.6754807692307693 0.296875 0.054086538461538464 0.09254807692307693
0 0.7259615384615384 0.38341346153846156 0.056490384615384616 0.09735576923076923
0 0.6862980769230769 0.4651442307692308 0.056490384615384616 0.09735576923076923
0 0.6634615384615384 0.5036057692307693 0.052884615384615384 0.09615384615384616
0 0.53125 0.7572115384615384 0.052884615384615384 0.09495192307692307
0 0.5096153846153846 0.7980769230769231 0.051682692307692304 0.08653846153846154
0 0.48677884615384615 0.8389423076923077 0.056490384615384616 0.10096153846153846
0 0.45913461538461536 0.8762019230769231 0.055288461538461536 0.09134615384615384
0 0.3894230769230769 0.8413461538461539 0.054086538461538464 0.0985576923076923
0 0.4110576923076923 0.796875 0.055288461538461536 0.09495192307692307
0 0.4338942307692308 0.7536057692307693 0.055288461538461536 0.10096153846153846
0 0.4567307692307692 0.7151442307692307 0.056490384615384616 0.0985576923076923
0 0.6346153846153846 0.3762019230769231 0.055288461538461536 0.09615384615384616
0 0.7091346153846154 0.42788461538461536 0.05048076923076923 0.09254807692307693
0 0.7475961538461539 0.34615384615384615 0.046875 0.09014423076923077
0 0.6959134615384616 0.25961538461538464 0.054086538461538464 0.09014423076923077
0 0.7199519230769231 0.22596153846153846 0.051682692307692304 0.0889423076923077
0 0.7391826923076923 0.18509615384615385 0.04567307692307692 0.08413461538461539
0 0.7536057692307693 0.1466346153846154 0.052884615384615384 0.08653846153846154
0 0.7740384615384616 0.11057692307692307 0.04567307692307692 0.0829326923076923
0 0.18990384615384615 0.265625 0.05889423076923077 0.09735576923076923
0 0.16826923076923078 0.3112980769230769 0.06009615384615385 0.10336538461538461
0 0.1466346153846154 0.35697115384615385 0.05889423076923077 0.09615384615384616
0 0.12379807692307693 0.39903846153846156 0.057692307692307696 0.09615384615384616
0 0.08533653846153846 0.49278846153846156 0.055288461538461536 0.0889423076923077
0 0.051682692307692304 0.5216346153846154 0.06129807692307692 0.09615384615384616
0 0.03125 0.5685096153846154 0.05889423076923077 0.08653846153846154
0 0.018028846153846152 0.6081730769230769 0.03485576923076923 0.07932692307692307
0 0.009615384615384616 0.6778846153846154 0.019230769230769232 0.05048076923076923
0 0.20793269230769232 0.6165865384615384 0.054086538461538464 0.09615384615384616
0 0.25600961538461536 0.6899038461538461 0.05889423076923077 0.10096153846153846
0 0.32091346153846156 0.7475961538461539 0.055288461538461536 0.1045673076923077
0 0.5949519230769231 0.25 0.04807692307692308 0.09975961538461539
0 0.23677884615384615 0.7512019230769231 0.055288461538461536 0.09975961538461539
0 0.1814903846153846 0.6610576923076923 0.055288461538461536 0.0985576923076923
0 0.16105769230769232 0.7043269230769231 0.051682692307692304 0.09134615384615384
0 0.14182692307692307 0.75 0.05889423076923077 0.10576923076923077
0 0.21634615384615385 0.7932692307692307 0.057692307692307696 0.09735576923076923
0 0.1935096153846154 0.828125 0.055288461538461536 0.10576923076923077
0 0.12139423076923077 0.7908653846153846 0.05889423076923077 0.1045673076923077
0 0.17307692307692307 0.8713942307692307 0.056490384615384616 0.0985576923076923
0 0.14543269230769232 0.9050480769230769 0.05889423076923077 0.0985576923076923
0 0.09375 0.8293269230769231 0.052884615384615384 0.09495192307692307
0 0.07692307692307693 0.8713942307692307 0.051682692307692304 0.09014423076923077
0 0.125 0.953125 0.056490384615384616 0.09134615384615384
0 0.09615384615384616 0.9735576923076923 0.05048076923076923 0.04807692307692308
0 0.052884615384615384 0.9122596153846154 0.06129807692307692 0.10336538461538461
0 0.030048076923076924 0.9543269230769231 0.06009615384615385 0.08653846153846154
0 0.4182692307692308 0.4098557692307692 0.054086538461538464 0.09735576923076923
0 0.4423076923076923 0.36899038461538464 0.054086538461538464 0.09495192307692307
0 0.46274038461538464 0.3233173076923077 0.04927884615384615 0.08653846153846154
0 0.41346153846153844 0.2439903846153846 0.056490384615384616 0.10336538461538461
0 0.4362980769230769 0.203125 0.052884615384615384 0.09014423076923077
0 0.45913461538461536 0.16346153846153846 0.05889423076923077 0.0985576923076923
0 0.4807692307692308 0.12139423076923077 0.056490384615384616 0.09014423076923077
0 0.5012019230769231 0.08653846153846154 0.055288461538461536 0.09014423076923077
0 0.5192307692307693 0.042067307692307696 0.052884615384615384 0.0829326923076923
0 0.546875 0.026442307692307692 0.05048076923076923 0.052884615384615384
0 0.5793269230769231 0.009615384615384616 0.03245192307692308 0.019230769230769232
0 0.6394230769230769 0.027644230769230768 0.051682692307692304 0.054086538461538464
0 0.6646634615384616 0.009615384615384616 0.038461538461538464 0.019230769230769232
0 0.6177884615384616 0.052884615384615384 0.054086538461538464 0.08774038461538461
0 0.5925480769230769 0.0829326923076923 0.056490384615384616 0.10096153846153846
0 0.5661057692307693 0.11778846153846154 0.054086538461538464 0.08774038461538461
0 0.5528846153846154 0.16346153846153846 0.056490384615384616 0.09254807692307693
0 0.5300480769230769 0.20192307692307693 0.052884615384615384 0.0889423076923077
0 0.5060096153846154 0.24278846153846154 0.056490384615384616 0.09615384615384616
0 0.4831730769230769 0.29086538461538464 0.054086538461538464 0.09134615384615384
0 0.36538461538461536 0.8822115384615384 0.052884615384615384 0.09495192307692307
0 0.3401442307692308 0.921875 0.055288461538461536 0.09254807692307693
0 0.32091346153846156 0.9579326923076923 0.056490384615384616 0.08052884615384616
0 0.2980769230769231 0.9759615384615384 0.05048076923076923 0.04326923076923077
0 0.38822115384615385 0.9795673076923077 0.040865384615384616 0.037259615384615384
0 0.41586538461538464 0.9567307692307693 0.057692307692307696 0.08173076923076923
0 0.4411057692307692 0.9254807692307693 0.05889423076923077 0.09975961538461539
0 0.48197115384615385 0.6730769230769231 0.057692307692307696 0.10096153846153846
0 0.5012019230769231 0.6334134615384616 0.051682692307692304 0.09615384615384616
0 0.5060096153846154 0.5637019230769231 0.052884615384615384 0.08774038461538461
0 0.5456730769230769 0.5420673076923077 0.055288461538461536 0.0985576923076923
0 0.5649038461538461 0.5 0.055288461538461536 0.09014423076923077
0 0.5516826923076923 0.7115384615384616 0.052884615384615384 0.09735576923076923
0 0.5721153846153846 0.6694711538461539 0.052884615384615384 0.09615384615384616
0 0.5949519230769231 0.6310096153846154 0.05048076923076923 0.09014423076923077
0 0.6237980769230769 0.5889423076923077 0.051682692307692304 0.09254807692307693
0 0.6442307692307693 0.5504807692307693 0.05048076923076923 0.09495192307692307
0 0.5853365384615384 0.45552884615384615 0.056490384615384616 0.09495192307692307
0 0.6105769230769231 0.4170673076923077 0.052884615384615384 0.09254807692307693
0 0.7956730769230769 0.07692307692307693 0.055288461538461536 0.09254807692307693
0 0.8161057692307693 0.042067307692307696 0.05048076923076923 0.08413461538461539
0 0.8365384615384616 0.02283653846153846 0.04567307692307692 0.04567307692307692
0 0.7692307692307693 0.3112980769230769 0.04567307692307692 0.08413461538461539
0 0.7896634615384616 0.2704326923076923 0.052884615384615384 0.09495192307692307
0 0.8040865384615384 0.2283653846153846 0.04807692307692308 0.09014423076923077
0 0.8233173076923077 0.18629807692307693 0.04807692307692308 0.08653846153846154
0 0.8377403846153846 0.1502403846153846 0.04807692307692308 0.09495192307692307
0 0.8605769230769231 0.11298076923076923 0.05048076923076923 0.09134615384615384
0 0.8774038461538461 0.07211538461538461 0.051682692307692304 0.09134615384615384
0 0.8978365384615384 0.040865384615384616 0.04447115384615385 0.08173076923076923
0 0.9206730769230769 0.027644230769230768 0.040865384615384616 0.054086538461538464
0 0.9483173076923077 0.013221153846153846 0.026442307692307692 0.026442307692307692
0 0.9915865384615384 0.15625 0.01201923076923077 0.0625
0 0.9783653846153846 0.20552884615384615 0.040865384615384616 0.09134615384615384
0 0.9711538461538461 0.2439903846153846 0.052884615384615384 0.0889423076923077
0 0.9507211538461539 0.2776442307692308 0.05048076923076923 0.08052884615384616
0 0.9338942307692307 0.32211538461538464 0.04807692307692308 0.07932692307692307
0 0.9158653846153846 0.35697115384615385 0.04447115384615385 0.07932692307692307
0 0.8966346153846154 0.3942307692307692 0.054086538461538464 0.09615384615384616
0 0.8810096153846154 0.4338942307692308 0.05889423076923077 0.09615384615384616
0 0.8581730769230769 0.47836538461538464 0.054086538461538464 0.09735576923076923
0 0.8389423076923077 0.5108173076923077 0.052884615384615384 0.0985576923076923
0 0.8197115384615384 0.5600961538461539 0.051682692307692304 0.0889423076923077
0 0.8004807692307693 0.5913461538461539 0.052884615384615384 0.0889423076923077
0 0.7764423076923077 0.6286057692307693 0.051682692307692304 0.0985576923076923
0 0.7560096153846154 0.671875 0.052884615384615384 0.09615384615384616
0 0.7391826923076923 0.7151442307692307 0.052884615384615384 0.09495192307692307
0 0.6514423076923077 0.8810096153846154 0.054086538461538464 0.09254807692307693
0 0.6298076923076923 0.9230769230769231 0.052884615384615384 0.0985576923076923
0 0.6081730769230769 0.9579326923076923 0.056490384615384616 0.07932692307692307
0 0.5793269230769231 0.9759615384615384 0.04326923076923077 0.04447115384615385