0 0.4699519230769231 0.22596153846153846 0.042067307692307696 0.16826923076923078
0 0.41947115384615385 0.2403846153846154 0.04807692307692308 0.16947115384615385
0 0.3701923076923077 0.21995192307692307 0.046875 0.16105769230769232
0 0.35697115384615385 0.6850961538461539 0.04927884615384615 0.1778846153846154
0 0.3088942307692308 0.6911057692307693 0.04326923076923077 0.15504807692307693
0 0.7536057692307693 0.7283653846153846 0.04567307692307692 0.18509615384615385
0 0.7055288461538461 0.7307692307692307 0.04326923076923077 0.17307692307692307
0 0.3245192307692308 0.1971153846153846 0.04447115384615385 0.15865384615384615
0 0.27524038461538464 0.1814903846153846 0.04807692307692308 0.16826923076923078
0 0.26322115384615385 0.6838942307692307 0.04807692307692308 0.17668269230769232
0 0.21153846153846154 0.6971153846153846 0.04807692307692308 0.16826923076923078
0 0.16346153846153846 0.6935096153846154 0.04807692307692308 0.171875
0 0.11899038461538461 0.6778846153846154 0.055288461538461536 0.16826923076923078
0 0.6598557692307693 0.7307692307692307 0.039663461538461536 0.171875
0 0.6129807692307693 0.7235576923076923 0.040865384615384616 0.16105769230769232
0 0.8004807692307693 0.7259615384615384 0.04326923076923077 0.15264423076923078
0 0.8509615384615384 0.7403846153846154 0.04447115384615385 0.16706730769230768
0 0.8990384615384616 0.7211538461538461 0.04447115384615385 0.14302884615384615
0 0.9435096153846154 0.7295673076923077 0.04807692307692308 0.17908653846153846
0 0.9831730769230769 0.7247596153846154 0.03245192307692308 0.15745192307692307
0 0.5685096153846154 0.234375 0.04326923076923077 0.1814903846153846
0 0.6189903846153846 0.22355769230769232 0.040865384615384616 0.1502403846153846
0 0.7127403846153846 0.23557692307692307 0.04807692307692308 0.14543269230769232
0 0.8016826923076923 0.24278846153846154 0.04567307692307692 0.16706730769230768
0 0.8497596153846154 0.25721153846153844 0.04807692307692308 0.15985576923076922
0 0.2283653846153846 0.19831730769230768 0.04326923076923077 0.16706730769230768
0 0.1778846153846154 0.2091346153846154 0.05048076923076923 0.18028846153846154
0 0.9002403846153846 0.25961538461538464 0.04567307692307692 0.16105769230769232
0 0.9459134615384616 0.25841346153846156 0.04807692307692308 0.14423076923076922
0 0.5564903846153846 0.7127403846153846 0.040865384615384616 0.15865384615384615
0 0.5096153846153846 0.7067307692307693 0.039663461538461536 0.16105769230769232
0 0.46033653846153844 0.6971153846153846 0.040865384615384616 0.16346153846153846
0 0.4110576923076923 0.6911057692307693 0.042067307692307696 0.16826923076923078
0 0.06610576923076923 0.6875 0.055288461538461536 0.16346153846153846