0 0.7223557692307693 0.9711538461538461 0.057692307692307696 0.051682692307692304
0 0.6550480769230769 0.9795673076923077 0.06129807692307692 0.036057692307692304
0 0.8737980769230769 0.984375 0.06009615384615385 0.02403846153846154
0 0.8713942307692307 0.9375 0.06370192307692307 0.055288461538461536
0 0.8689903846153846 0.8834134615384616 0.06490384615384616 0.051682692307692304
0 0.7259615384615384 0.9170673076923077 0.055288461538461536 0.052884615384615384
0 0.6622596153846154 0.9254807692307693 0.057692307692307696 0.051682692307692304
0 0.65625 0.8653846153846154 0.06370192307692307 0.054086538461538464
0 0.7283653846153846 0.8569711538461539 0.06129807692307692 0.046875
0 0.7295673076923077 0.8004807692307693 0.06009615384615385 0.054086538461538464
0 0.6526442307692307 0.8112980769230769 0.056490384615384616 0.04326923076923077
0 0.7283653846153846 0.7475961538461539 0.06009615384615385 0.051682692307692304
0 0.7247596153846154 0.6899038461538461 0.06370192307692307 0.051682692307692304
0 0.7223557692307693 0.6334134615384616 0.06129807692307692 0.051682692307692304
0 0.7223557692307693 0.5793269230769231 0.06129807692307692 0.05048076923076923
0 0.6526442307692307 0.5841346153846154 0.06370192307692307 0.054086538461538464
0 0.6550480769230769 0.6442307692307693 0.05889423076923077 0.05048076923076923
0 0.6574519230769231 0.6947115384615384 0.05889423076923077 0.046875
0 0.6574519230769231 0.7524038461538461 0.06129807692307692 0.046875
0 0.6394230769230769 0.5300480769230769 0.05889423076923077 0.055288461538461536
0 0.6418269230769231 0.47115384615384615 0.05889423076923077 0.054086538461538464
0 0.7091346153846154 0.4675480769230769 0.05048076923076923 0.05048076923076923
0 0.7175480769230769 0.5240384615384616 0.0625 0.055288461538461536
0 0.7103365384615384 0.40865384615384615 0.06850961538461539 0.054086538461538464
0 0.7067307692307693 0.3557692307692308 0.06129807692307692 0.052884615384615384
0 0.6995192307692307 0.2980769230769231 0.05889423076923077 0.04807692307692308
0 0.7007211538461539 0.24278846153846154 0.06490384615384616 0.052884615384615384
0 0.7043269230769231 0.18870192307692307 0.06370192307692307 0.05048076923076923
0 0.6983173076923077 0.13581730769230768 0.056490384615384616 0.051682692307692304
0 0.6971153846153846 0.08173076923076923 0.056490384615384616 0.05048076923076923
0 0.6298076923076923 0.08774038461538461 0.05048076923076923 0.046875
0 0.6346153846153846 0.140625 0.06370192307692307 0.055288461538461536
0 0.6298076923076923 0.1935096153846154 0.0625 0.051682692307692304
0 0.6346153846153846 0.25 0.06610576923076923 0.04807692307692308
0 0.6286057692307693 0.03365384615384615 0.06009615384615385 0.054086538461538464
0 0.6959134615384616 0.030048076923076924 0.04807692307692308 0.04807692307692308
0 0.6346153846153846 0.30528846153846156 0.055288461538461536 0.046875
0 0.6370192307692307 0.3641826923076923 0.05048076923076923 0.054086538461538464
0 0.6370192307692307 0.4182692307692308 0.056490384615384616 0.046875
0 0.84375 0.02403846153846154 0.04567307692307692 0.04807692307692308
0 0.8473557692307693 0.078125 0.0625 0.051682692307692304
0 0.8473557692307693 0.1346153846153846 0.06129807692307692 0.056490384615384616
0 0.8425480769230769 0.18870192307692307 0.06971153846153846 0.051682692307692304
0 0.8425480769230769 0.2403846153846154 0.056490384615384616 0.052884615384615384
0 0.8461538461538461 0.28846153846153844 0.06129807692307692 0.05048076923076923
0 0.8533653846153846 0.3473557692307692 0.05048076923076923 0.046875
0 0.8581730769230769 0.40024038461538464 0.05889423076923077 0.04447115384615385
0 0.8641826923076923 0.4543269230769231 0.06370192307692307 0.051682692307692304
0 0.8677884615384616 0.5072115384615384 0.056490384615384616 0.04567307692307692
0 0.8641826923076923 0.5588942307692307 0.06490384615384616 0.051682692307692304
0 0.8677884615384616 0.6141826923076923 0.06610576923076923 0.04807692307692308
0 0.8677884615384616 0.6694711538461539 0.06129807692307692 0.051682692307692304
0 0.4855769230769231 0.027644230769230768 0.06370192307692307 0.055288461538461536
0 0.48677884615384615 0.0829326923076923 0.06129807692307692 0.052884615384615384
0 0.4855769230769231 0.13701923076923078 0.0625 0.046875
0 0.49038461538461536 0.1875 0.057692307692307696 0.046875
0 0.49158653846153844 0.24278846153846154 0.057692307692307696 0.046875
0 0.4879807692307692 0.3016826923076923 0.06610576923076923 0.056490384615384616
0 0.4891826923076923 0.359375 0.06129807692307692 0.052884615384615384
0 0.4879807692307692 0.41586538461538464 0.06850961538461539 0.056490384615384616
0 0.49038461538461536 0.4723557692307692 0.06009615384615385 0.055288461538461536
0 0.4987980769230769 0.5288461538461539 0.056490384615384616 0.052884615384615384
0 0.4987980769230769 0.5865384615384616 0.057692307692307696 0.05048076923076923
0 0.5024038461538461 0.6430288461538461 0.0673076923076923 0.052884615384615384
0 0.5036057692307693 0.6995192307692307 0.06129807692307692 0.04807692307692308
0 0.5060096153846154 0.7572115384615384 0.06129807692307692 0.054086538461538464
0 0.5060096153846154 0.8125 0.06129807692307692 0.04567307692307692
0 0.5048076923076923 0.8665865384615384 0.06490384615384616 0.055288461538461536
0 0.5024038461538461 0.9302884615384616 0.06370192307692307 0.052884615384615384
0 0.5072115384615384 0.9795673076923077 0.052884615384615384 0.038461538461538464
0 0.4387019230769231 0.9807692307692307 0.0673076923076923 0.036057692307692304
0 0.4338942307692308 0.9290865384615384 0.0625 0.05889423076923077
0 0.42908653846153844 0.8762019230769231 0.06129807692307692 0.04807692307692308
0 0.43509615384615385 0.8197115384615384 0.055288461538461536 0.05048076923076923
0 0.42908653846153844 0.765625 0.06610576923076923 0.052884615384615384
0 0.4338942307692308 0.7091346153846154 0.05889423076923077 0.04567307692307692
0 0.4254807692307692 0.6514423076923077 0.057692307692307696 0.046875
0 0.421875 0.5949519230769231 0.06610576923076923 0.052884615384615384
0 0.4182692307692308 0.5348557692307693 0.06490384615384616 0.055288461538461536
0 0.4170673076923077 0.4807692307692308 0.057692307692307696 0.05048076923076923
0 0.4170673076923077 0.4254807692307692 0.06490384615384616 0.051682692307692304
0 0.4206730769230769 0.36658653846153844 0.06370192307692307 0.054086538461538464
0 0.4170673076923077 0.3112980769230769 0.06129807692307692 0.05048076923076923
0 0.4098557692307692 0.25 0.05889423076923077 0.054086538461538464
0 0.421875 0.1935096153846154 0.05889423076923077 0.054086538461538464
0 0.41225961538461536 0.13701923076923078 0.06129807692307692 0.04807692307692308
0 0.41225961538461536 0.08774038461538461 0.06129807692307692 0.05048076923076923
0 0.41225961538461536 0.036057692307692304 0.055288461538461536 0.052884615384615384
0 0.27163461538461536 0.04326923076923077 0.0673076923076923 0.052884615384615384
0 0.11778846153846154 0.027644230769230768 0.05889423076923077 0.05048076923076923
0 0.13341346153846154 0.31009615384615385 0.056490384615384616 0.052884615384615384
0 0.13701923076923078 0.3641826923076923 0.06370192307692307 0.052884615384615384
0 0.27163461538461536 0.09975961538461539 0.05889423076923077 0.052884615384615384
0 0.26802884615384615 0.15745192307692307 0.04807692307692308 0.054086538461538464
0 0.27403846153846156 0.2091346153846154 0.057692307692307696 0.04807692307692308
0 0.26322115384615385 0.2608173076923077 0.057692307692307696 0.051682692307692304
0 0.27403846153846156 0.32211538461538464 0.06370192307692307 0.056490384615384616
0 0.27524038461538464 0.375 0.054086538461538464 0.046875
0 0.2704326923076923 0.43149038461538464 0.05889423076923077 0.04807692307692308
0 0.27163461538461536 0.4879807692307692 0.06610576923076923 0.05048076923076923
0 0.2692307692307692 0.546875 0.06370192307692307 0.046875
0 0.27163461538461536 0.6057692307692307 0.05889423076923077 0.04807692307692308
0 0.2692307692307692 0.6622596153846154 0.055288461538461536 0.046875
0 0.2764423076923077 0.7151442307692307 0.0625 0.051682692307692304
0 0.2800480769230769 0.7740384615384616 0.06009615384615385 0.04807692307692308
0 0.2824519230769231 0.8329326923076923 0.055288461538461536 0.05048076923076923
0 0.2800480769230769 0.8846153846153846 0.06370192307692307 0.04567307692307692
0 0.28125 0.9399038461538461 0.06370192307692307 0.04807692307692308
0 0.2920673076923077 0.984375 0.06129807692307692 0.027644230769230768
0 0.2247596153846154 0.8317307692307693 0.030048076923076924 0.11298076923076923
0 0.23076923076923078 0.9483173076923077 0.027644230769230768 0.0985576923076923
0 0.8689903846153846 0.7247596153846154 0.06129807692307692 0.055288461538461536
0 0.8677884615384616 0.7776442307692307 0.056490384615384616 0.052884615384615384
0 0.8677884615384616 0.8305288461538461 0.06009615384615385 0.051682692307692304