0 0.5348557692307693 0.02403846153846154 0.027644230769230768 0.04807692307692308
0 0.4855769230769231 0.02403846153846154 0.06009615384615385 0.04807692307692308
0 0.4831730769230769 0.08173076923076923 0.057692307692307696 0.05048076923076923
0 0.4831730769230769 0.13701923076923078 0.056490384615384616 0.04807692307692308
0 0.2920673076923077 0.03365384615384615 0.06370192307692307 0.04807692307692308
0 0.29086538461538464 0.09254807692307693 0.054086538461538464 0.054086538461538464
0 0.30408653846153844 0.1466346153846154 0.0625 0.052884615384615384
0 0.30528846153846156 0.20432692307692307 0.06009615384615385 0.055288461538461536
0 0.30288461538461536 0.2620192307692308 0.06009615384615385 0.04807692307692308
0 0.3004807692307692 0.32211538461538464 0.05889423076923077 0.05048076923076923
0 0.5432692307692307 0.4543269230769231 0.025240384615384616 0.109375
0 0.5384615384615384 0.1141826923076923 0.025240384615384616 0.11538461538461539
0 0.5384615384615384 0.23798076923076922 0.025240384615384616 0.11298076923076923
0 0.5408653846153846 0.3485576923076923 0.02403846153846154 0.0889423076923077
0 0.49278846153846156 0.3112980769230769 0.0625 0.046875
0 0.484375 0.1971153846153846 0.06129807692307692 0.04567307692307692
0 0.6526442307692307 0.35697115384615385 0.05889423076923077 0.04567307692307692
0 0.30408653846153844 0.44350961538461536 0.06129807692307692 0.051682692307692304
0 0.30528846153846156 0.5 0.06490384615384616 0.04807692307692308
0 0.3112980769230769 0.5588942307692307 0.06490384615384616 0.055288461538461536
0 0.3112980769230769 0.6165865384615384 0.06129807692307692 0.051682692307692304
0 0.31971153846153844 0.6694711538461539 0.051682692307692304 0.05048076923076923
0 0.546875 0.5685096153846154 0.026442307692307692 0.109375
0 0.48677884615384615 0.4266826923076923 0.0625 0.055288461538461536
0 0.4879807692307692 0.3713942307692308 0.06370192307692307 0.052884615384615384
0 0.6550480769230769 0.1346153846153846 0.06490384615384616 0.05048076923076923
0 0.6538461538461539 0.19110576923076922 0.05889423076923077 0.05048076923076923
0 0.6502403846153846 0.24879807692307693 0.052884615384615384 0.04567307692307692
0 0.6478365384615384 0.30288461538461536 0.055288461538461536 0.04326923076923077
0 0.6526442307692307 0.41346153846153844 0.055288461538461536 0.046875
0 0.6370192307692307 0.0733173076923077 0.055288461538461536 0.051682692307692304
0 0.3016826923076923 0.38100961538461536 0.06370192307692307 0.04807692307692308
0 0.4879807692307692 0.25240384615384615 0.06009615384615385 0.052884615384615384
0 0.6610576923076923 0.5300480769230769 0.06370192307692307 0.046875
0 0.6682692307692307 0.5841346153846154 0.06009615384615385 0.04567307692307692
0 0.6634615384615384 0.6430288461538461 0.06129807692307692 0.05048076923076923
0 0.6634615384615384 0.6959134615384616 0.06129807692307692 0.04807692307692308
0 0.6682692307692307 0.7560096153846154 0.06610576923076923 0.054086538461538464
0 0.3112980769230769 0.7872596153846154 0.06610576923076923 0.054086538461538464
0 0.6598557692307693 0.021634615384615384 0.05889423076923077 0.04326923076923077
0 0.32091346153846156 0.9098557692307693 0.0625 0.052884615384615384
0 0.3125 0.8485576923076923 0.05889423076923077 0.051682692307692304
0 0.31490384615384615 0.7319711538461539 0.06850961538461539 0.0625
0 0.49278846153846156 0.7824519230769231 0.06129807692307692 0.054086538461538464
0 0.4987980769230769 0.8341346153846154 0.06129807692307692 0.054086538461538464
0 0.5060096153846154 0.890625 0.057692307692307696 0.052884615384615384
0 0.5084134615384616 0.9471153846153846 0.06129807692307692 0.052884615384615384
0 0.5060096153846154 0.984375 0.06009615384615385 0.027644230769230768
0 0.31971153846153844 0.9675480769230769 0.06129807692307692 0.06009615384615385
0 0.5588942307692307 0.9290865384615384 0.025240384615384616 0.10697115384615384
0 0.6706730769230769 0.9747596153846154 0.06129807692307692 0.04567307692307692
0 0.6682692307692307 0.9230769230769231 0.0625 0.05048076923076923
0 0.6658653846153846 0.8137019230769231 0.06370192307692307 0.051682692307692304
0 0.6658653846153846 0.8677884615384616 0.06129807692307692 0.054086538461538464
0 0.4891826923076923 0.7223557692307693 0.057692307692307696 0.05048076923076923
0 0.49278846153846156 0.6598557692307693 0.0625 0.05048076923076923
0 0.49399038461538464 0.5997596153846154 0.06610576923076923 0.04447115384615385
0 0.49399038461538464 0.5444711538461539 0.06370192307692307 0.054086538461538464
0 0.49278846153846156 0.484375 0.06129807692307692 0.051682692307692304
0 0.5564903846153846 0.8185096153846154 0.030048076923076924 0.11538461538461539
0 0.5540865384615384 0.6899038461538461 0.026442307692307692 0.10817307692307693
0 0.6586538461538461 0.47475961538461536 0.06370192307692307 0.046875