0 0.8966346153846154 0.234375 0.055288461538461536 0.054086538461538464
0 0.7307692307692307 0.027644230769230768 0.030048076923076924 0.055288461538461536
0 0.7307692307692307 0.1346153846153846 0.030048076923076924 0.11778846153846154
0 0.7247596153846154 0.29086538461538464 0.03245192307692308 0.11899038461538461
0 0.5853365384615384 0.056490384615384616 0.055288461538461536 0.054086538461538464
0 0.5901442307692307 0.11538461538461539 0.056490384615384616 0.04567307692307692
0 0.5901442307692307 0.171875 0.056490384615384616 0.052884615384615384
0 0.5913461538461539 0.22596153846153846 0.055288461538461536 0.04807692307692308
0 0.5877403846153846 0.2824519230769231 0.055288461538461536 0.052884615384615384
0 0.5877403846153846 0.33774038461538464 0.06370192307692307 0.04567307692307692
0 0.5841346153846154 0.3954326923076923 0.0625 0.05048076923076923
0 0.5841346153846154 0.453125 0.06370192307692307 0.04447115384615385
0 0.5853365384615384 0.5096153846153846 0.05889423076923077 0.051682692307692304
0 0.5829326923076923 0.5685096153846154 0.057692307692307696 0.04447115384615385
0 0.5853365384615384 0.6213942307692307 0.06610576923076923 0.04567307692307692
0 0.578125 0.6802884615384616 0.06009615384615385 0.04447115384615385
0 0.45072115384615385 0.19110576923076922 0.056490384615384616 0.07932692307692307
0 0.4495192307692308 0.48197115384615385 0.052884615384615384 0.06850961538461539
0 0.4495192307692308 0.5432692307692307 0.057692307692307696 0.06971153846153846
0 0.44591346153846156 0.6057692307692307 0.056490384615384616 0.07692307692307693
0 0.32572115384615385 0.8533653846153846 0.06370192307692307 0.07091346153846154
0 0.31850961538461536 0.7800480769230769 0.054086538461538464 0.06129807692307692
0 0.328125 0.7199519230769231 0.051682692307692304 0.06370192307692307
0 0.32091346153846156 0.6466346153846154 0.056490384615384616 0.06850961538461539
0 0.31971153846153844 0.5841346153846154 0.05889423076923077 0.07211538461538461
0 0.31971153846153844 0.5192307692307693 0.052884615384615384 0.06610576923076923
0 0.32572115384615385 0.4579326923076923 0.055288461538461536 0.07091346153846154
0 0.3269230769230769 0.3918269230769231 0.05048076923076923 0.06850961538461539
0 0.32091346153846156 0.3245192307692308 0.04927884615384615 0.056490384615384616
0 0.3233173076923077 0.2668269230769231 0.052884615384615384 0.0625
0 0.33052884615384615 0.1971153846153846 0.04807692307692308 0.06370192307692307
0 0.33052884615384615 0.12620192307692307 0.05889423076923077 0.08173076923076923
0 0.3269230769230769 0.06129807692307692 0.05048076923076923 0.07692307692307693
0 0.3293269230769231 0.02403846153846154 0.055288461538461536 0.046875