0 0.609375 0.6141826923076923 0.04447115384615385 0.11778846153846154
0 0.7463942307692307 0.8762019230769231 0.08653846153846154 0.06850961538461539
0 0.7836538461538461 0.4807692307692308 0.04326923076923077 0.14903846153846154
0 0.7391826923076923 0.49278846153846156 0.04326923076923077 0.1466346153846154
0 0.6418269230769231 0.8713942307692307 0.09254807692307693 0.07211538461538461
0 0.8233173076923077 0.46634615384615385 0.04326923076923077 0.15384615384615385
0 0.8942307692307693 0.4519230769230769 0.04807692307692308 0.15144230769230768
0 0.5637019230769231 0.6262019230769231 0.040865384615384616 0.16346153846153846
0 0.140625 0.5949519230769231 0.07692307692307693 0.06971153846153846
0 0.07692307692307693 0.21514423076923078 0.08653846153846154 0.0733173076923077
0 0.9326923076923077 0.8112980769230769 0.08173076923076923 0.06370192307692307
0 0.9423076923076923 0.8870192307692307 0.09495192307692307 0.06490384615384616
0 0.9435096153846154 0.9639423076923077 0.09254807692307693 0.06971153846153846
0 0.9891826923076923 0.9639423076923077 0.016826923076923076 0.0625
0 0.9915865384615384 0.8894230769230769 0.015625 0.06971153846153846
0 0.9891826923076923 0.8100961538461539 0.020432692307692308 0.06850961538461539
0 0.9338942307692307 0.4338942307692308 0.05048076923076923 0.1502403846153846
0 0.9699519230769231 0.421875 0.05048076923076923 0.13581730769230768
0 0.9891826923076923 0.3942307692307692 0.016826923076923076 0.10576923076923077
0 0.6514423076923077 0.12860576923076922 0.04567307692307692 0.15865384615384615
0 0.6129807692307693 0.12620192307692307 0.038461538461538464 0.13221153846153846
0 0.5721153846153846 0.13701923076923078 0.040865384615384616 0.12620192307692307
0 0.5324519230769231 0.15144230769230768 0.042067307692307696 0.14903846153846154
0 0.45072115384615385 0.16105769230769232 0.04326923076923077 0.15504807692307693
0 0.40865384615384615 0.1814903846153846 0.046875 0.14182692307692307
0 0.36899038461538464 0.19471153846153846 0.038461538461538464 0.13581730769230768
0 0.3293269230769231 0.20793269230769232 0.039663461538461536 0.14302884615384615
0 0.2860576923076923 0.23317307692307693 0.042067307692307696 0.13701923076923078
0 0.4411057692307692 0.9591346153846154 0.08413461538461539 0.06610576923076923
0 0.3401442307692308 0.9495192307692307 0.08774038461538461 0.07692307692307693
0 0.6466346153846154 0.5901442307692307 0.05048076923076923 0.15745192307692307
0 0.33413461538461536 0.6875 0.046875 0.16105769230769232
0 0.38461538461538464 0.6670673076923077 0.042067307692307696 0.15384615384615385
0 0.43028846153846156 0.6526442307692307 0.039663461538461536 0.14903846153846154
0 0.4735576923076923 0.6454326923076923 0.04447115384615385 0.16346153846153846
0 0.7487980769230769 0.9567307692307693 0.08413461538461539 0.07451923076923077