0 0.9915865384615384 0.31971153846153844 0.015625 0.0985576923076923
0 0.9699519230769231 0.3245192307692308 0.037259615384615384 0.10697115384615384
0 0.9939903846153846 0.44471153846153844 0.008413461538461538 0.10817307692307693
0 0.9783653846153846 0.43509615384615385 0.03485576923076923 0.1045673076923077
0 0.9375 0.32091346153846156 0.03485576923076923 0.1045673076923077
0 0.9495192307692307 0.4495192307692308 0.037259615384615384 0.10697115384615384
0 0.9182692307692307 0.4579326923076923 0.03485576923076923 0.10697115384615384
0 0.9098557692307693 0.3317307692307692 0.03245192307692308 0.10697115384615384
0 0.8774038461538461 0.3329326923076923 0.03365384615384615 0.10336538461538461
0 0.8473557692307693 0.3329326923076923 0.03245192307692308 0.10576923076923077
0 0.8173076923076923 0.33653846153846156 0.036057692307692304 0.1141826923076923
0 0.9915865384615384 0.06971153846153846 0.014423076923076924 0.109375
0 0.9663461538461539 0.07932692307692307 0.03245192307692308 0.1045673076923077
0 0.9326923076923077 0.07932692307692307 0.030048076923076924 0.11538461538461539
0 0.9038461538461539 0.07692307692307693 0.026442307692307692 0.10817307692307693
0 0.8737980769230769 0.07451923076923077 0.030048076923076924 0.11057692307692307
0 0.8413461538461539 0.09134615384615384 0.03365384615384615 0.11658653846153846
0 0.8028846153846154 0.09495192307692307 0.03245192307692308 0.1141826923076923
0 0.7548076923076923 0.10336538461538461 0.030048076923076924 0.109375
0 0.6646634615384616 0.09615384615384616 0.030048076923076924 0.10096153846153846
0 0.6201923076923077 0.10697115384615384 0.030048076923076924 0.10697115384615384
0 0.5709134615384616 0.11298076923076923 0.028846153846153848 0.11658653846153846
0 0.5240384615384616 0.10697115384615384 0.030048076923076924 0.1141826923076923
0 0.47596153846153844 0.12379807692307693 0.030048076923076924 0.11899038461538461
0 0.42908653846153844 0.1346153846153846 0.03245192307692308 0.11658653846153846
0 0.36899038461538464 0.140625 0.04567307692307692 0.109375
0 0.7560096153846154 0.34975961538461536 0.03245192307692308 0.10817307692307693
0 0.8846153846153846 0.4519230769230769 0.03245192307692308 0.10817307692307693
0 0.8557692307692307 0.4567307692307692 0.03125 0.11298076923076923
0 0.8245192307692307 0.46274038461538464 0.030048076923076924 0.10096153846153846
0 0.7956730769230769 0.4639423076923077 0.03125 0.11298076923076923
0 0.7632211538461539 0.47115384615384615 0.030048076923076924 0.10697115384615384
0 0.7331730769230769 0.47475961538461536 0.028846153846153848 0.11298076923076923
0 0.7019230769230769 0.484375 0.027644230769230768 0.109375
0 0.7259615384615384 0.3473557692307692 0.03245192307692308 0.1045673076923077
0 0.6923076923076923 0.3449519230769231 0.030048076923076924 0.10697115384615384
0 0.6622596153846154 0.34975961538461536 0.028846153846153848 0.11298076923076923
0 0.6310096153846154 0.36658653846153844 0.028846153846153848 0.11057692307692307
0 0.5973557692307693 0.36538461538461536 0.028846153846153848 0.11899038461538461
0 0.5637019230769231 0.36658653846153844 0.030048076923076924 0.1141826923076923
0 0.5300480769230769 0.38221153846153844 0.030048076923076924 0.109375
0 0.6682692307692307 0.4807692307692308 0.028846153846153848 0.11538461538461539
0 0.6370192307692307 0.49399038461538464 0.027644230769230768 0.1141826923076923
0 0.6033653846153846 0.4879807692307692 0.030048076923076924 0.11899038461538461
0 0.5709134615384616 0.49158653846153844 0.030048076923076924 0.11538461538461539
0 0.5348557692307693 0.5 0.027644230769230768 0.11057692307692307
0 0.9879807692307693 0.6899038461538461 0.02283653846153846 0.11057692307692307
0 0.9603365384615384 0.6947115384615384 0.03485576923076923 0.10697115384615384
0 0.9290865384615384 0.6995192307692307 0.03485576923076923 0.10336538461538461
0 0.8990384615384616 0.7091346153846154 0.037259615384615384 0.11538461538461539
0 0.8677884615384616 0.7175480769230769 0.03245192307692308 0.10336538461538461
0 0.8341346153846154 0.7211538461538461 0.030048076923076924 0.109375
0 0.8052884615384616 0.7223557692307693 0.03245192307692308 0.11057692307692307
0 0.7740384615384616 0.7295673076923077 0.030048076923076924 0.11057692307692307
0 0.7427884615384616 0.7379807692307693 0.030048076923076924 0.10817307692307693
0 0.7115384615384616 0.734375 0.028846153846153848 0.11899038461538461
0 0.6778846153846154 0.7415865384615384 0.030048076923076924 0.1141826923076923
0 0.6442307692307693 0.7439903846153846 0.025240384615384616 0.09254807692307693
0 0.6129807692307693 0.7536057692307693 0.03125 0.10817307692307693
0 0.5793269230769231 0.7487980769230769 0.030048076923076924 0.09495192307692307
0 0.5432692307692307 0.7608173076923077 0.030048076923076924 0.11057692307692307
0 0.9903846153846154 0.8221153846153846 0.016826923076923076 0.1141826923076923
0 0.9675480769230769 0.8185096153846154 0.037259615384615384 0.10576923076923077
0 0.9338942307692307 0.8233173076923077 0.03365384615384615 0.10576923076923077
0 0.9026442307692307 0.8317307692307693 0.03125 0.09495192307692307
0 0.8737980769230769 0.8425480769230769 0.027644230769230768 0.10336538461538461
0 0.8413461538461539 0.8389423076923077 0.03125 0.109375
0 0.8822115384615384 0.9723557692307693 0.06610576923076923 0.051682692307692304
0 0.8112980769230769 0.8461538461538461 0.028846153846153848 0.10576923076923077
0 0.7800480769230769 0.8473557692307693 0.030048076923076924 0.11538461538461539
0 0.7475961538461539 0.8557692307692307 0.03125 0.10576923076923077
0 0.7151442307692307 0.8653846153846154 0.030048076923076924 0.10096153846153846
0 0.6850961538461539 0.8713942307692307 0.03125 0.10817307692307693
0 0.6514423076923077 0.8713942307692307 0.030048076923076924 0.1141826923076923
0 0.6213942307692307 0.8665865384615384 0.027644230769230768 0.10096153846153846
0 0.4206730769230769 0.9699519230769231 0.06129807692307692 0.052884615384615384
0 0.40024038461538464 0.8846153846153846 0.06610576923076923 0.054086538461538464
0 0.40384615384615385 0.8004807692307693 0.06850961538461539 0.052884615384615384
0 0.39903846153846156 0.7211538461538461 0.0673076923076923 0.056490384615384616
0 0.3894230769230769 0.5540865384615384 0.06370192307692307 0.055288461538461536
0 0.3786057692307692 0.3942307692307692 0.06370192307692307 0.051682692307692304
0 0.3798076923076923 0.31009615384615385 0.06370192307692307 0.056490384615384616