0 0.9338942307692307 0.08052884615384616 0.07091346153846154 0.1346153846153846
0 0.9747596153846154 0.18990384615384615 0.04927884615384615 0.12379807692307693
0 0.9050480769230769 0.039663461538461536 0.07451923076923077 0.07932692307692307
0 0.828125 0.4807692307692308 0.06850961538461539 0.054086538461538464
0 0.8317307692307693 0.5564903846153846 0.08413461538461539 0.06610576923076923
0 0.8365384615384616 0.8713942307692307 0.07692307692307693 0.06971153846153846
0 0.8425480769230769 0.9471153846153846 0.07932692307692307 0.07091346153846154
0 0.7560096153846154 0.8990384615384616 0.09014423076923077 0.08173076923076923
0 0.7560096153846154 0.9735576923076923 0.08173076923076923 0.05048076923076923
0 0.7427884615384616 0.7620192307692307 0.08653846153846154 0.06971153846153846
0 0.7367788461538461 0.6899038461538461 0.09254807692307693 0.06971153846153846
0 0.734375 0.6189903846153846 0.08413461538461539 0.06850961538461539
0 0.7331730769230769 0.546875 0.08653846153846154 0.06370192307692307
0 0.7379807692307693 0.47836538461538464 0.07932692307692307 0.06009615384615385
0 0.7379807692307693 0.4026442307692308 0.08413461538461539 0.05889423076923077
0 0.5492788461538461 0.4651442307692308 0.08052884615384616 0.0733173076923077
0 0.5528846153846154 0.6069711538461539 0.0829326923076923 0.07091346153846154
0 0.5576923076923077 0.6766826923076923 0.07932692307692307 0.06490384615384616
0 0.5709134615384616 0.7487980769230769 0.06850961538461539 0.07091346153846154
0 0.5637019230769231 0.8305288461538461 0.08653846153846154 0.06971153846153846
0 0.5685096153846154 0.9122596153846154 0.0673076923076923 0.078125
0 0.5709134615384616 0.9795673076923077 0.0829326923076923 0.038461538461538464
0 0.4831730769230769 0.9795673076923077 0.0889423076923077 0.038461538461538464
0 0.4831730769230769 0.921875 0.078125 0.07091346153846154
0 0.47596153846153844 0.8569711538461539 0.08533653846153846 0.06971153846153846
0 0.46875 0.7139423076923077 0.08533653846153846 0.0625
0 0.4699519230769231 0.6430288461538461 0.08653846153846154 0.06370192307692307
0 0.4567307692307692 0.4254807692307692 0.08533653846153846 0.078125
0 0.5384615384615384 0.24879807692307693 0.08653846153846154 0.06610576923076923
0 0.5300480769230769 0.13942307692307693 0.07572115384615384 0.07692307692307693
0 0.5252403846153846 0.06610576923076923 0.08413461538461539 0.06971153846153846
0 0.4375 0.019230769230769232 0.08413461538461539 0.038461538461538464
0 0.4362980769230769 0.140625 0.08052884615384616 0.078125
0 0.25961538461538464 0.03125 0.0829326923076923 0.0625
0 0.26802884615384615 0.16947115384615385 0.08774038461538461 0.078125
0 0.2776442307692308 0.23798076923076922 0.07932692307692307 0.07451923076923077
0 0.27884615384615385 0.38100961538461536 0.08413461538461539 0.07091346153846154
0 0.2824519230769231 0.4543269230769231 0.08052884615384616 0.06971153846153846
0 0.29086538461538464 0.5913461538461539 0.08774038461538461 0.06971153846153846
0 0.29086538461538464 0.671875 0.0829326923076923 0.06971153846153846
0 0.30288461538461536 0.8004807692307693 0.08413461538461539 0.0733173076923077
0 0.3004807692307692 0.8762019230769231 0.08653846153846154 0.07091346153846154
0 0.3076923076923077 0.9519230769230769 0.08774038461538461 0.07091346153846154
0 0.21153846153846154 0.7439903846153846 0.08533653846153846 0.07692307692307693
0 0.21995192307692307 0.8221153846153846 0.07451923076923077 0.06971153846153846
0 0.037259615384615384 0.9711538461538461 0.07451923076923077 0.055288461538461536
0 0.021634615384615384 0.6033653846153846 0.04326923076923077 0.06490384615384616
0 0.016826923076923076 0.375 0.03365384615384615 0.07091346153846154
0 0.016826923076923076 0.14302884615384615 0.03365384615384615 0.07932692307692307