0 0.4891826923076923 0.4206730769230769 0.06129807692307692 0.054086538461538464
0 0.4795673076923077 0.3088942307692308 0.057692307692307696 0.05048076923076923
0 0.4831730769230769 0.24639423076923078 0.0625 0.05048076923076923
0 0.484375 0.18629807692307693 0.06610576923076923 0.04447115384615385
0 0.4855769230769231 0.1310096153846154 0.06370192307692307 0.054086538461538464
0 0.4831730769230769 0.07091346153846154 0.06129807692307692 0.051682692307692304
0 0.49278846153846156 0.6430288461538461 0.06370192307692307 0.056490384615384616
0 0.30528846153846156 0.43149038461538464 0.05889423076923077 0.04567307692307692
0 0.5396634615384616 0.15985576923076922 0.026442307692307692 0.1045673076923077
0 0.5420673076923077 0.2764423076923077 0.026442307692307692 0.10817307692307693
0 0.4951923076923077 0.5889423076923077 0.06009615384615385 0.05048076923076923
0 0.30649038461538464 0.19591346153846154 0.06129807692307692 0.046875
0 0.30528846153846156 0.13581730769230768 0.06490384615384616 0.051682692307692304
0 0.3137019230769231 0.4879807692307692 0.06370192307692307 0.05048076923076923
0 0.484375 0.36538461538461536 0.06370192307692307 0.04326923076923077
0 0.30408653846153844 0.36899038461538464 0.0673076923076923 0.046875
0 0.6538461538461539 0.29447115384615385 0.06370192307692307 0.04567307692307692
0 0.6550480769230769 0.24278846153846154 0.0625 0.046875
0 0.6586538461538461 0.18389423076923078 0.057692307692307696 0.04807692307692308
0 0.6502403846153846 0.125 0.06129807692307692 0.04567307692307692
0 0.6478365384615384 0.07091346153846154 0.06370192307692307 0.05048076923076923
0 0.6538461538461539 0.4639423076923077 0.06370192307692307 0.04807692307692308
0 0.32091346153846156 0.8365384615384616 0.06009615384615385 0.05048076923076923
0 0.30528846153846156 0.3112980769230769 0.06850961538461539 0.052884615384615384
0 0.6586538461538461 0.35336538461538464 0.06610576923076923 0.054086538461538464
0 0.6550480769230769 0.41225961538461536 0.06370192307692307 0.05048076923076923
0 0.6586538461538461 0.6346153846153846 0.057692307692307696 0.051682692307692304
0 0.6574519230769231 0.5793269230769231 0.06370192307692307 0.046875
0 0.6574519230769231 0.5216346153846154 0.0625 0.04807692307692308
0 0.3233173076923077 0.8942307692307693 0.052884615384615384 0.051682692307692304
0 0.49158653846153844 0.7091346153846154 0.06009615384615385 0.052884615384615384
0 0.49278846153846156 0.7608173076923077 0.057692307692307696 0.051682692307692304
0 0.5024038461538461 0.8161057692307693 0.056490384615384616 0.06129807692307692
0 0.4987980769230769 0.8822115384615384 0.056490384615384616 0.05889423076923077
0 0.3112980769230769 0.2512019230769231 0.052884615384615384 0.04567307692307692
0 0.6730769230769231 0.8581730769230769 0.0625 0.055288461538461536
0 0.6706730769230769 0.8040865384615384 0.052884615384615384 0.04807692307692308
0 0.6754807692307693 0.75 0.06370192307692307 0.054086538461538464
0 0.6658653846153846 0.6899038461538461 0.06370192307692307 0.052884615384615384
0 0.5528846153846154 0.8737980769230769 0.02403846153846154 0.10576923076923077
0 0.5516826923076923 0.7584134615384616 0.027644230769230768 0.11298076923076923
0 0.5480769230769231 0.6394230769230769 0.025240384615384616 0.11057692307692307
0 0.5480769230769231 0.4014423076923077 0.028846153846153848 0.109375
0 0.5492788461538461 0.5180288461538461 0.027644230769230768 0.10697115384615384
0 0.49759615384615385 0.5336538461538461 0.06129807692307692 0.04567307692307692
0 0.30288461538461536 0.6682692307692307 0.06370192307692307 0.051682692307692304
0 0.30288461538461536 0.7235576923076923 0.06490384615384616 0.05889423076923077
0 0.3137019230769231 0.7788461538461539 0.07451923076923077 0.06490384615384616
0 0.3088942307692308 0.5480769230769231 0.06129807692307692 0.05048076923076923
0 0.30649038461538464 0.6057692307692307 0.06129807692307692 0.04807692307692308
0 0.4963942307692308 0.4795673076923077 0.06009615384615385 0.04807692307692308
0 0.6598557692307693 0.9206730769230769 0.06370192307692307 0.055288461538461536
0 0.6430288461538461 0.018028846153846152 0.06009615384615385 0.036057692307692304
0 0.4807692307692308 0.020432692307692308 0.06129807692307692 0.040865384615384616
0 0.5360576923076923 0.04927884615384615 0.025240384615384616 0.0985576923076923
0 0.2956730769230769 0.02283653846153846 0.06129807692307692 0.04567307692307692
0 0.3004807692307692 0.078125 0.06370192307692307 0.054086538461538464
0 0.6658653846153846 0.9747596153846154 0.06370192307692307 0.046875
0 0.5552884615384616 0.9699519230769231 0.025240384615384616 0.056490384615384616
0 0.5012019230769231 0.9387019230769231 0.04927884615384615 0.051682692307692304
0 0.4987980769230769 0.984375 0.04567307692307692 0.027644230769230768
0 0.31850961538461536 0.9543269230769231 0.0673076923076923 0.06129807692307692