0 0.2620192307692308 0.8545673076923077 0.054086538461538464 0.05048076923076923
0 0.2644230769230769 0.8016826923076923 0.055288461538461536 0.04567307692307692
0 0.4050480769230769 0.7355769230769231 0.05889423076923077 0.052884615384615384
0 0.4807692307692308 0.7331730769230769 0.055288461538461536 0.05048076923076923
0 0.47836538461538464 0.7860576923076923 0.054086538461538464 0.04447115384615385
0 0.4074519230769231 0.7932692307692307 0.05889423076923077 0.055288461538461536
0 0.4098557692307692 0.8461538461538461 0.054086538461538464 0.046875
0 0.48197115384615385 0.8389423076923077 0.06370192307692307 0.051682692307692304
0 0.6310096153846154 0.8485576923076923 0.057692307692307696 0.05048076923076923
0 0.6971153846153846 0.7908653846153846 0.05889423076923077 0.04807692307692308
0 0.6971153846153846 0.8485576923076923 0.06129807692307692 0.05048076923076923
0 0.4026442307692308 0.6838942307692307 0.052884615384615384 0.04807692307692308
0 0.6887019230769231 0.6189903846153846 0.06129807692307692 0.05048076923076923
0 0.6153846153846154 0.625 0.052884615384615384 0.04567307692307692
0 0.47475961538461536 0.6730769230769231 0.05889423076923077 0.052884615384615384
0 0.47115384615384615 0.6189903846153846 0.06370192307692307 0.046875
0 0.40384615384615385 0.6262019230769231 0.06129807692307692 0.046875
0 0.4074519230769231 0.5685096153846154 0.05889423076923077 0.04567307692307692
0 0.47475961538461536 0.5612980769230769 0.06129807692307692 0.04807692307692308
0 0.265625 0.6334134615384616 0.05889423076923077 0.04567307692307692
0 0.27163461538461536 0.5745192307692307 0.05048076923076923 0.05048076923076923
0 0.2668269230769231 0.6862980769230769 0.06610576923076923 0.04567307692307692
0 0.2620192307692308 0.7415865384615384 0.05889423076923077 0.04807692307692308
0 0.6310096153846154 0.7944711538461539 0.0625 0.046875
0 0.6947115384615384 0.7331730769230769 0.057692307692307696 0.054086538461538464
0 0.6875 0.6778846153846154 0.04807692307692308 0.05048076923076923
0 0.8425480769230769 0.7199519230769231 0.055288461538461536 0.05048076923076923
0 0.8413461538461539 0.7704326923076923 0.06129807692307692 0.046875
0 0.84375 0.8269230769230769 0.06370192307692307 0.052884615384615384
0 0.6213942307692307 0.6814903846153846 0.056490384615384616 0.052884615384615384
0 0.6862980769230769 0.5649038461538461 0.06129807692307692 0.05048076923076923
0 0.6802884615384616 0.5084134615384616 0.055288461538461536 0.05048076923076923
0 0.6177884615384616 0.5709134615384616 0.04927884615384615 0.051682692307692304
0 0.6165865384615384 0.5120192307692307 0.056490384615384616 0.04567307692307692
0 0.6826923076923077 0.453125 0.0625 0.05048076923076923
0 0.6165865384615384 0.45913461538461536 0.06370192307692307 0.05048076923076923
0 0.6850961538461539 0.40024038461538464 0.06129807692307692 0.05048076923076923
0 0.6129807692307693 0.4026442307692308 0.0625 0.04807692307692308
0 0.6814903846153846 0.3473557692307692 0.056490384615384616 0.046875
0 0.6177884615384616 0.35096153846153844 0.06129807692307692 0.054086538461538464
0 0.4735576923076923 0.5072115384615384 0.06370192307692307 0.052884615384615384
0 0.40384615384615385 0.515625 0.055288461538461536 0.04567307692307692
0 0.39663461538461536 0.4567307692307692 0.056490384615384616 0.052884615384615384
0 0.47596153846153844 0.4495192307692308 0.056490384615384616 0.04326923076923077
0 0.4098557692307692 0.4014423076923077 0.056490384615384616 0.05048076923076923
0 0.47596153846153844 0.40024038461538464 0.055288461538461536 0.052884615384615384
0 0.47115384615384615 0.3449519230769231 0.06009615384615385 0.05048076923076923
0 0.4014423076923077 0.3473557692307692 0.05889423076923077 0.051682692307692304
0 0.2644230769230769 0.3629807692307692 0.046875 0.04807692307692308
0 0.27163461538461536 0.41586538461538464 0.057692307692307696 0.04567307692307692
0 0.25961538461538464 0.4651442307692308 0.056490384615384616 0.05048076923076923
0 0.2692307692307692 0.5240384615384616 0.06490384615384616 0.04807692307692308
0 0.6189903846153846 0.7391826923076923 0.057692307692307696 0.051682692307692304
0 0.8425480769230769 0.6658653846153846 0.06129807692307692 0.046875
0 0.8365384615384616 0.609375 0.06129807692307692 0.04447115384615385
0 0.2668269230769231 0.3016826923076923 0.056490384615384616 0.051682692307692304
0 0.140625 0.5564903846153846 0.056490384615384616 0.046875
0 0.47475961538461536 0.1310096153846154 0.055288461538461536 0.05048076923076923
0 0.47475961538461536 0.1814903846153846 0.06009615384615385 0.051682692307692304
0 0.39903846153846156 0.18629807692307693 0.056490384615384616 0.04807692307692308
0 0.4723557692307692 0.234375 0.06009615384615385 0.052884615384615384
0 0.4735576923076923 0.29086538461538464 0.06129807692307692 0.05048076923076923
0 0.4014423076923077 0.29086538461538464 0.06009615384615385 0.05048076923076923
0 0.4026442307692308 0.2403846153846154 0.054086538461538464 0.046875
0 0.6141826923076923 0.2932692307692308 0.05048076923076923 0.04807692307692308
0 0.6814903846153846 0.2860576923076923 0.056490384615384616 0.04807692307692308
0 0.6802884615384616 0.23557692307692307 0.04807692307692308 0.04567307692307692
0 0.6153846153846154 0.2403846153846154 0.05889423076923077 0.054086538461538464
0 0.6105769230769231 0.18509615384615385 0.056490384615384616 0.054086538461538464
0 0.12860576923076922 0.28725961538461536 0.06370192307692307 0.04447115384615385
0 0.12620192307692307 0.23317307692307693 0.06129807692307692 0.052884615384615384
0 0.12379807692307693 0.18028846153846154 0.06370192307692307 0.046875
0 0.12139423076923077 0.13221153846153846 0.06610576923076923 0.052884615384615384
0 0.1201923076923077 0.078125 0.06370192307692307 0.051682692307692304
0 0.11057692307692307 0.028846153846153848 0.06129807692307692 0.046875
0 0.25600961538461536 0.009615384615384616 0.051682692307692304 0.018028846153846152
0 0.25841346153846156 0.04567307692307692 0.06009615384615385 0.04807692307692308
0 0.4014423076923077 0.1310096153846154 0.06129807692307692 0.05048076923076923
0 0.4723557692307692 0.07932692307692307 0.06009615384615385 0.05048076923076923
0 0.4639423076923077 0.026442307692307692 0.06129807692307692 0.052884615384615384
0 0.609375 0.03245192307692308 0.06129807692307692 0.051682692307692304
0 0.609375 0.08052884615384616 0.06129807692307692 0.04567307692307692
0 0.6105769230769231 0.13341346153846154 0.06129807692307692 0.04567307692307692
0 0.6850961538461539 0.1346153846153846 0.056490384615384616 0.05048076923076923
0 0.6802884615384616 0.08052884615384616 0.056490384615384616 0.05048076923076923
0 0.6814903846153846 0.027644230769230768 0.054086538461538464 0.04567307692307692
0 0.8149038461538461 0.03245192307692308 0.05048076923076923 0.04567307692307692
0 0.8137019230769231 0.08653846153846154 0.056490384615384616 0.05048076923076923
0 0.8257211538461539 0.1814903846153846 0.057692307692307696 0.052884615384615384
0 0.8245192307692307 0.23197115384615385 0.04567307692307692 0.046875
0 0.8293269230769231 0.2860576923076923 0.06129807692307692 0.05048076923076923
0 0.8305288461538461 0.3425480769230769 0.06129807692307692 0.046875
0 0.8233173076923077 0.3942307692307692 0.06610576923076923 0.051682692307692304
0 0.8233173076923077 0.44591346153846156 0.055288461538461536 0.046875
0 0.8257211538461539 0.49399038461538464 0.06009615384615385 0.04567307692307692
0 0.8317307692307693 0.5540865384615384 0.052884615384615384 0.04326923076923077
0 0.8425480769230769 0.8786057692307693 0.06009615384615385 0.052884615384615384
0 0.84375 0.9314903846153846 0.06009615384615385 0.051682692307692304
0 0.8425480769230769 0.9783653846153846 0.056490384615384616 0.040865384615384616
0 0.7007211538461539 0.8966346153846154 0.0625 0.04807692307692308
0 0.7043269230769231 0.953125 0.05889423076923077 0.05048076923076923
0 0.7055288461538461 0.9891826923076923 0.06370192307692307 0.018028846153846152
0 0.6322115384615384 0.8966346153846154 0.055288461538461536 0.04807692307692308
0 0.6322115384615384 0.9567307692307693 0.05889423076923077 0.05048076923076923
0 0.484375 0.9002403846153846 0.06009615384615385 0.04807692307692308
0 0.4855769230769231 0.953125 0.05889423076923077 0.051682692307692304
0 0.48677884615384615 0.9903846153846154 0.057692307692307696 0.016826923076923076
0 0.4182692307692308 0.9038461538461539 0.056490384615384616 0.04807692307692308
0 0.41225961538461536 0.9579326923076923 0.06370192307692307 0.05048076923076923
0 0.4206730769230769 0.9915865384615384 0.056490384615384616 0.01201923076923077
0 0.26802884615384615 0.9050480769230769 0.06129807692307692 0.051682692307692304
0 0.27283653846153844 0.9591346153846154 0.057692307692307696 0.046875
0 0.21754807692307693 0.9795673076923077 0.030048076923076924 0.038461538461538464
0 0.6286057692307693 0.9915865384615384 0.055288461538461536 0.01201923076923077
0 0.6754807692307693 0.18870192307692307 0.05889423076923077 0.052884615384615384