0 0.8882211538461539 0.6526442307692307 0.07091346153846154 0.11658653846153846
0 0.9831730769230769 0.4795673076923077 0.03245192307692308 0.10817307692307693
0 0.6502403846153846 0.8233173076923077 0.07211538461538461 0.056490384615384616
0 0.6526442307692307 0.9038461538461539 0.08653846153846154 0.06971153846153846
0 0.5588942307692307 0.7463942307692307 0.08413461538461539 0.06610576923076923
0 0.5576923076923077 0.8197115384615384 0.07451923076923077 0.06370192307692307
0 0.5516826923076923 0.8942307692307693 0.08653846153846154 0.06370192307692307
0 0.5528846153846154 0.9663461538461539 0.09014423076923077 0.0625
0 0.3701923076923077 0.9519230769230769 0.08173076923076923 0.078125
0 0.2848557692307692 0.9735576923076923 0.08173076923076923 0.05048076923076923
0 0.36899038461538464 0.8100961538461539 0.08413461538461539 0.08052884615384616
0 0.2824519230769231 0.7704326923076923 0.08173076923076923 0.08413461538461539
0 0.09975961538461539 0.8004807692307693 0.08653846153846154 0.07932692307692307
0 0.11057692307692307 0.9362980769230769 0.09254807692307693 0.07451923076923077
0 0.09615384615384616 0.7211538461538461 0.09495192307692307 0.078125
0 0.09735576923076923 0.5829326923076923 0.08774038461538461 0.07451923076923077
0 0.08774038461538461 0.5060096153846154 0.09735576923076923 0.07211538461538461
0 0.07692307692307693 0.36778846153846156 0.09014423076923077 0.06610576923076923
0 0.07932692307692307 0.28725961538461536 0.08533653846153846 0.0733173076923077
0 0.015625 0.3004807692307692 0.03125 0.06610576923076923
0 0.25721153846153844 0.3401442307692308 0.0829326923076923 0.06370192307692307
0 0.25600961538461536 0.47836538461538464 0.08173076923076923 0.06610576923076923
0 0.3425480769230769 0.40865384615384615 0.08774038461538461 0.07211538461538461
0 0.35216346153846156 0.4795673076923077 0.0829326923076923 0.0733173076923077
0 0.3581730769230769 0.5901442307692307 0.08774038461538461 0.07091346153846154
0 0.8137019230769231 0.5504807692307693 0.06971153846153846 0.12379807692307693
0 0.7872596153846154 0.47596153846153844 0.06971153846153846 0.12139423076923077
0 0.7512019230769231 0.421875 0.06490384615384616 0.109375
0 0.7283653846153846 0.3629807692307692 0.0625 0.11538461538461539
0 0.6887019230769231 0.3016826923076923 0.06971153846153846 0.12139423076923077
0 0.65625 0.25721153846153844 0.0625 0.1141826923076923
0 0.6286057692307693 0.18629807692307693 0.0673076923076923 0.10697115384615384
0 0.9819711538461539 0.35336538461538464 0.03485576923076923 0.10697115384615384
0 0.9615384615384616 0.28846153846153844 0.07451923076923077 0.13942307692307693
0 0.9435096153846154 0.22115384615384615 0.07932692307692307 0.12259615384615384
0 0.9122596153846154 0.15985576923076922 0.08052884615384616 0.13701923076923078
0 0.8798076923076923 0.1141826923076923 0.08774038461538461 0.14423076923076922
0 0.8401442307692307 0.0673076923076923 0.0889423076923077 0.1346153846153846
0 0.8028846153846154 0.030048076923076924 0.057692307692307696 0.06009615384615385
0 0.984375 0.06850961538461539 0.028846153846153848 0.13581730769230768
0 0.10817307692307693 0.9831730769230769 0.09134615384615384 0.028846153846153848