0 0.34975961538461536 0.5889423076923077 0.03125 0.12379807692307693
0 0.4230769230769231 0.5841346153846154 0.03245192307692308 0.125
0 0.4567307692307692 0.5901442307692307 0.03245192307692308 0.125
0 0.4951923076923077 0.5829326923076923 0.03245192307692308 0.12259615384615384
0 0.5336538461538461 0.6153846153846154 0.03125 0.1310096153846154
0 0.49759615384615385 0.2439903846153846 0.03245192307692308 0.13221153846153846
0 0.46033653846153844 0.23557692307692307 0.036057692307692304 0.1310096153846154
0 0.4254807692307692 0.2283653846153846 0.030048076923076924 0.12860576923076922
0 0.5721153846153846 0.6105769230769231 0.03485576923076923 0.13221153846153846
0 0.6454326923076923 0.6069711538461539 0.030048076923076924 0.13221153846153846
0 0.4651442307692308 0.9338942307692307 0.030048076923076924 0.12620192307692307
0 0.3473557692307692 0.9483173076923077 0.03245192307692308 0.09975961538461539
0 0.27884615384615385 0.9350961538461539 0.03485576923076923 0.12740384615384615
0 0.20673076923076922 0.9350961538461539 0.03245192307692308 0.12620192307692307
0 0.17067307692307693 0.9387019230769231 0.03245192307692308 0.11899038461538461
0 0.6117788461538461 0.9230769230769231 0.038461538461538464 0.14903846153846154
0 0.6478365384615384 0.9411057692307693 0.030048076923076924 0.1141826923076923
0 0.6838942307692307 0.9387019230769231 0.03245192307692308 0.11899038461538461
0 0.7211538461538461 0.9338942307692307 0.03125 0.12860576923076922
0 0.1346153846153846 0.9399038461538461 0.03365384615384615 0.11538461538461539
0 0.0985576923076923 0.9266826923076923 0.03485576923076923 0.12259615384615384
0 0.0625 0.9375 0.036057692307692304 0.12259615384615384
0 0.026442307692307692 0.9362980769230769 0.03485576923076923 0.12379807692307693
0 0.09975961538461539 0.6033653846153846 0.03125 0.12379807692307693
0 0.1310096153846154 0.6033653846153846 0.03245192307692308 0.1310096153846154
0 0.16466346153846154 0.5985576923076923 0.03365384615384615 0.13341346153846154
0 0.203125 0.5973557692307693 0.03125 0.11658653846153846
0 0.2403846153846154 0.6057692307692307 0.03245192307692308 0.12620192307692307
0 0.27524038461538464 0.5889423076923077 0.03125 0.109375
0 0.06610576923076923 0.5997596153846154 0.036057692307692304 0.11778846153846154
0 0.5192307692307693 0.8653846153846154 0.056490384615384616 0.11899038461538461
0 0.3112980769230769 0.5949519230769231 0.03245192307692308 0.13701923076923078
0 0.5372596153846154 0.21394230769230768 0.03125 0.13341346153846154
0 0.5745192307692307 0.23197115384615385 0.03125 0.11899038461538461
0 0.6105769230769231 0.23557692307692307 0.03245192307692308 0.12620192307692307
0 0.6454326923076923 0.24278846153846154 0.030048076923076924 0.11658653846153846
0 0.6802884615384616 0.2439903846153846 0.03245192307692308 0.12259615384615384
0 0.7139423076923077 0.24879807692307693 0.030048076923076924 0.12139423076923077
0 0.7524038461538461 0.24158653846153846 0.03365384615384615 0.12379807692307693
0 0.7872596153846154 0.23197115384615385 0.03245192307692308 0.13701923076923078
0 0.8209134615384616 0.24759615384615385 0.03485576923076923 0.12620192307692307
0 0.8581730769230769 0.2439903846153846 0.03245192307692308 0.11298076923076923
0 0.8918269230769231 0.21514423076923078 0.037259615384615384 0.11899038461538461
0 0.2403846153846154 0.2403846153846154 0.03365384615384615 0.12139423076923077
0 0.20673076923076922 0.23557692307692307 0.03365384615384615 0.125
0 0.13942307692307693 0.24158653846153846 0.036057692307692304 0.109375
0 0.06971153846153846 0.24158653846153846 0.037259615384615384 0.109375
0 0.03485576923076923 0.25600961538461536 0.03485576923076923 0.13221153846153846
0 0.006009615384615385 0.5949519230769231 0.01201923076923077 0.12139423076923077
0 0.003605769230769231 0.9387019230769231 0.007211538461538462 0.11899038461538461
0 0.6814903846153846 0.5949519230769231 0.028846153846153848 0.1141826923076923
0 0.7199519230769231 0.5913461538461539 0.03245192307692308 0.125
0 0.7560096153846154 0.5973557692307693 0.03365384615384615 0.12620192307692307
0 0.7932692307692307 0.5877403846153846 0.03245192307692308 0.125
0 0.8317307692307693 0.5901442307692307 0.03485576923076923 0.125
0 0.8677884615384616 0.5949519230769231 0.036057692307692304 0.12259615384615384
0 0.7584134615384616 0.9387019230769231 0.03125 0.11778846153846154
0 0.7956730769230769 0.9170673076923077 0.036057692307692304 0.1346153846153846
0 0.8293269230769231 0.9362980769230769 0.03485576923076923 0.10817307692307693
0 0.8653846153846154 0.9278846153846154 0.037259615384615384 0.125
0 0.9110576923076923 0.9194711538461539 0.037259615384615384 0.12259615384615384
0 0.2800480769230769 0.2403846153846154 0.03125 0.11778846153846154
0 0.3137019230769231 0.23076923076923078 0.03245192307692308 0.11298076923076923
0 0.028846153846153848 0.5949519230769231 0.03485576923076923 0.1141826923076923