0 0.6754807692307693 0.10697115384615384 0.03245192307692308 0.11778846153846154
0 0.6694711538461539 0.25 0.028846153846153848 0.09735576923076923
0 0.6730769230769231 0.36658653846153844 0.03245192307692308 0.109375
0 0.6586538461538461 0.6838942307692307 0.030048076923076924 0.11057692307692307
0 0.6538461538461539 0.828125 0.03245192307692308 0.11538461538461539
0 0.6466346153846154 0.9543269230769231 0.03485576923076923 0.08774038461538461
0 0.4495192307692308 0.028846153846153848 0.06370192307692307 0.054086538461538464
0 0.25240384615384615 0.04567307692307692 0.06971153846153846 0.0889423076923077
0 0.2548076923076923 0.12259615384615384 0.06370192307692307 0.078125
0 0.25600961538461536 0.18629807692307693 0.052884615384615384 0.0733173076923077
0 0.25 0.25240384615384615 0.06370192307692307 0.07932692307692307
0 0.25240384615384615 0.3233173076923077 0.06490384615384616 0.08052884615384616
0 0.24759615384615385 0.3894230769230769 0.06009615384615385 0.07091346153846154
0 0.24759615384615385 0.45913461538461536 0.06370192307692307 0.07692307692307693
0 0.2439903846153846 0.5264423076923077 0.05889423076923077 0.07211538461538461
0 0.23798076923076922 0.5829326923076923 0.06129807692307692 0.07932692307692307
0 0.23798076923076922 0.6658653846153846 0.06850961538461539 0.07211538461538461
0 0.23918269230769232 0.7307692307692307 0.0673076923076923 0.06971153846153846
0 0.23076923076923078 0.7956730769230769 0.06129807692307692 0.078125
0 0.2283653846153846 0.8545673076923077 0.06370192307692307 0.08052884615384616
0 0.23076923076923078 0.9266826923076923 0.06370192307692307 0.06971153846153846
0 0.22596153846153846 0.9747596153846154 0.06850961538461539 0.04567307692307692
0 0.3557692307692308 0.9362980769230769 0.05889423076923077 0.06610576923076923
0 0.375 0.5793269230769231 0.06129807692307692 0.06850961538461539
0 0.37259615384615385 0.5204326923076923 0.056490384615384616 0.06850961538461539
0 0.3762019230769231 0.34615384615384615 0.05889423076923077 0.06850961538461539
0 0.3786057692307692 0.2860576923076923 0.06610576923076923 0.06610576923076923
0 0.38822115384615385 0.22355769230769232 0.056490384615384616 0.0625
0 0.3894230769230769 0.15745192307692307 0.06129807692307692 0.06850961538461539
0 0.5168269230769231 0.11538461538461539 0.06370192307692307 0.055288461538461536
0 0.5252403846153846 0.17668269230769232 0.06129807692307692 0.04807692307692308
0 0.5276442307692307 0.23557692307692307 0.06370192307692307 0.055288461538461536
0 0.5180288461538461 0.2920673076923077 0.05889423076923077 0.055288461538461536
0 0.5108173076923077 0.3425480769230769 0.05889423076923077 0.052884615384615384
0 0.5072115384615384 0.40384615384615385 0.05889423076923077 0.056490384615384616
0 0.5120192307692307 0.4651442307692308 0.054086538461538464 0.054086538461538464
0 0.5216346153846154 0.5252403846153846 0.05048076923076923 0.04567307692307692
0 0.5144230769230769 0.5805288461538461 0.055288461538461536 0.04807692307692308
0 0.5084134615384616 0.6971153846153846 0.05889423076923077 0.05889423076923077
0 0.49759615384615385 0.7560096153846154 0.06009615384615385 0.054086538461538464
0 0.4987980769230769 0.9795673076923077 0.057692307692307696 0.038461538461538464