0 0.7427884615384616 0.042067307692307696 0.037259615384615384 0.08413461538461539
0 0.7151442307692307 0.0625 0.040865384615384616 0.09975961538461539
0 0.6838942307692307 0.07692307692307693 0.042067307692307696 0.109375
0 0.6514423076923077 0.07211538461538461 0.042067307692307696 0.10817307692307693
0 0.6213942307692307 0.0829326923076923 0.037259615384615384 0.10096153846153846
0 0.5949519230769231 0.10697115384615384 0.03245192307692308 0.0889423076923077
0 0.5600961538461539 0.10817307692307693 0.03245192307692308 0.09134615384615384
0 0.5324519230769231 0.12620192307692307 0.037259615384615384 0.10336538461538461
0 0.5012019230769231 0.14182692307692307 0.037259615384615384 0.09254807692307693
0 0.47475961538461536 0.17067307692307693 0.037259615384615384 0.10336538461538461
0 0.44591346153846156 0.1935096153846154 0.037259615384615384 0.10336538461538461
0 0.41346153846153844 0.19591346153846154 0.037259615384615384 0.10817307692307693
0 0.3786057692307692 0.20793269230769232 0.03485576923076923 0.0985576923076923
0 0.3485576923076923 0.2247596153846154 0.038461538461538464 0.11298076923076923
0 0.31490384615384615 0.24158653846153846 0.038461538461538464 0.11057692307692307
0 0.2824519230769231 0.2608173076923077 0.038461538461538464 0.1141826923076923
0 0.2512019230769231 0.2848557692307692 0.040865384615384616 0.11538461538461539
0 0.21754807692307693 0.3016826923076923 0.042067307692307696 0.11298076923076923
0 0.18509615384615385 0.3269230769230769 0.038461538461538464 0.0985576923076923
0 0.1502403846153846 0.328125 0.04567307692307692 0.12379807692307693
0 0.11298076923076923 0.34134615384615385 0.046875 0.11899038461538461
0 0.07932692307692307 0.359375 0.04326923076923077 0.10576923076923077
0 0.04326923076923077 0.3918269230769231 0.04927884615384615 0.11658653846153846
0 0.015625 0.4014423076923077 0.03125 0.11298076923076923
0 0.7427884615384616 0.359375 0.04447115384615385 0.09615384615384616
0 0.7067307692307693 0.36658653846153844 0.038461538461538464 0.1045673076923077
0 0.6790865384615384 0.3858173076923077 0.040865384615384616 0.09735576923076923
0 0.6490384615384616 0.39903846153846156 0.038461538461538464 0.10817307692307693
0 0.6213942307692307 0.41947115384615385 0.042067307692307696 0.09975961538461539
0 0.5925480769230769 0.4483173076923077 0.038461538461538464 0.10817307692307693
0 0.5637019230769231 0.46153846153846156 0.040865384615384616 0.10336538461538461
0 0.5288461538461539 0.4723557692307692 0.038461538461538464 0.1045673076923077
0 0.4963942307692308 0.484375 0.038461538461538464 0.11298076923076923
0 0.46875 0.5096153846153846 0.040865384615384616 0.10576923076923077
0 0.4362980769230769 0.5300480769230769 0.038461538461538464 0.11298076923076923
0 0.4026442307692308 0.5408653846153846 0.038461538461538464 0.109375
0 0.37259615384615385 0.5564903846153846 0.038461538461538464 0.109375
0 0.33774038461538464 0.5793269230769231 0.040865384615384616 0.11057692307692307
0 0.30528846153846156 0.5961538461538461 0.04326923076923077 0.11298076923076923
0 0.27403846153846156 0.6129807692307693 0.04326923076923077 0.12379807692307693
0 0.23918269230769232 0.6274038461538461 0.04447115384615385 0.11899038461538461
0 0.20072115384615385 0.640625 0.039663461538461536 0.10817307692307693
0 0.1658653846153846 0.6658653846153846 0.04567307692307692 0.11778846153846154
0 0.13701923076923078 0.6935096153846154 0.04807692307692308 0.11899038461538461
0 0.10336538461538461 0.7199519230769231 0.040865384615384616 0.11778846153846154
0 0.06850961538461539 0.7439903846153846 0.04567307692307692 0.11899038461538461
0 0.03485576923076923 0.7512019230769231 0.04326923076923077 0.11538461538461539
0 0.009615384615384616 0.7668269230769231 0.019230769230769232 0.11658653846153846
0 0.8377403846153846 0.5661057692307693 0.04447115384615385 0.10697115384615384
0 0.8052884615384616 0.5997596153846154 0.04326923076923077 0.11057692307692307
0 0.7800480769230769 0.6225961538461539 0.039663461538461536 0.10697115384615384
0 0.7536057692307693 0.6394230769230769 0.038461538461538464 0.10336538461538461
0 0.7223557692307693 0.6622596153846154 0.039663461538461536 0.10817307692307693
0 0.6959134615384616 0.6694711538461539 0.037259615384615384 0.0985576923076923
0 0.6682692307692307 0.6802884615384616 0.037259615384615384 0.0985576923076923
0 0.6442307692307693 0.7355769230769231 0.036057692307692304 0.10697115384615384
0 0.6069711538461539 0.7139423076923077 0.038461538461538464 0.10576923076923077
0 0.5793269230769231 0.7620192307692307 0.038461538461538464 0.11778846153846154
0 0.5480769230769231 0.7776442307692307 0.040865384615384616 0.1141826923076923
0 0.5144230769230769 0.7872596153846154 0.03485576923076923 0.09615384615384616
0 0.4855769230769231 0.8028846153846154 0.037259615384615384 0.0985576923076923
0 0.45552884615384615 0.828125 0.040865384615384616 0.10697115384615384
0 0.4254807692307692 0.8401442307692307 0.037259615384615384 0.10096153846153846
0 0.3918269230769231 0.8689903846153846 0.040865384615384616 0.11298076923076923
0 0.3605769230769231 0.8894230769230769 0.042067307692307696 0.11899038461538461
0 0.3317307692307692 0.921875 0.040865384615384616 0.109375
0 0.2956730769230769 0.9314903846153846 0.04326923076923077 0.11658653846153846
0 0.2644230769230769 0.9459134615384616 0.042067307692307696 0.10576923076923077
0 0.2283653846153846 0.9543269230769231 0.046875 0.08774038461538461
0 0.19110576923076922 0.9639423076923077 0.039663461538461536 0.06971153846153846
0 0.15865384615384615 0.9723557692307693 0.038461538461538464 0.051682692307692304
0 0.7355769230769231 0.44711538461538464 0.055288461538461536 0.06009615384615385
0 0.6778846153846154 0.47475961538461536 0.054086538461538464 0.06490384615384616
0 0.6189903846153846 0.5216346153846154 0.06009615384615385 0.06971153846153846
0 0.5552884615384616 0.5588942307692307 0.06490384615384616 0.07091346153846154
0 0.4879807692307692 0.5949519230769231 0.0625 0.06610576923076923
0 0.43028846153846156 0.6286057692307693 0.05048076923076923 0.06490384615384616
0 0.3701923076923077 0.6634615384615384 0.0625 0.06850961538461539
0 0.30528846153846156 0.7043269230769231 0.06490384615384616 0.07211538461538461
0 0.23557692307692307 0.7439903846153846 0.06610576923076923 0.07451923076923077
0 0.1622596153846154 0.7860576923076923 0.07211538461538461 0.07932692307692307
0 0.09254807692307693 0.828125 0.06850961538461539 0.07451923076923077
0 0.027644230769230768 0.8605769230769231 0.055288461538461536 0.07211538461538461