0 0.6490384615384616 0.1875 0.030048076923076924 0.11658653846153846
0 0.6466346153846154 0.33653846153846156 0.03245192307692308 0.11298076923076923
0 0.640625 0.4699519230769231 0.030048076923076924 0.11298076923076923
0 0.6442307692307693 0.6225961538461539 0.03125 0.11538461538461539
0 0.6694711538461539 0.9086538461538461 0.03125 0.11298076923076923
0 0.6370192307692307 0.9182692307692307 0.028846153846153848 0.11298076923076923
0 0.4855769230769231 0.8449519230769231 0.06009615384615385 0.05048076923076923
0 0.49038461538461536 0.9086538461538461 0.055288461538461536 0.05048076923076923
0 0.49038461538461536 0.9675480769230769 0.0625 0.055288461538461536
0 0.49278846153846156 0.6754807692307693 0.06129807692307692 0.056490384615384616
0 0.4963942307692308 0.5012019230769231 0.051682692307692304 0.055288461538461536
0 0.49038461538461536 0.2692307692307692 0.05889423076923077 0.056490384615384616
0 0.359375 0.042067307692307696 0.057692307692307696 0.06850961538461539
0 0.3629807692307692 0.10096153846153846 0.057692307692307696 0.07451923076923077
0 0.35336538461538464 0.4567307692307692 0.06370192307692307 0.06490384615384616
0 0.35336538461538464 0.5769230769230769 0.06610576923076923 0.07932692307692307
0 0.3473557692307692 0.9723557692307693 0.06129807692307692 0.051682692307692304
0 0.22115384615384615 0.9783653846153846 0.051682692307692304 0.040865384615384616
0 0.22235576923076922 0.9170673076923077 0.0625 0.07932692307692307
0 0.21514423076923078 0.8461538461538461 0.06610576923076923 0.08413461538461539
0 0.21995192307692307 0.7884615384615384 0.0673076923076923 0.09495192307692307
0 0.22235576923076922 0.7247596153846154 0.06370192307692307 0.0829326923076923
0 0.22355769230769232 0.6514423076923077 0.06610576923076923 0.0829326923076923
0 0.2247596153846154 0.5889423076923077 0.06370192307692307 0.06610576923076923
0 0.22596153846153846 0.5168269230769231 0.06610576923076923 0.08653846153846154
0 0.2283653846153846 0.44711538461538464 0.06129807692307692 0.07211538461538461
0 0.22235576923076922 0.3737980769230769 0.06610576923076923 0.08052884615384616
0 0.22596153846153846 0.31850961538461536 0.0625 0.07211538461538461
0 0.23076923076923078 0.2536057692307692 0.06610576923076923 0.078125
0 0.23076923076923078 0.18870192307692307 0.06370192307692307 0.06971153846153846
0 0.22716346153846154 0.11057692307692307 0.06370192307692307 0.07451923076923077
0 0.23197115384615385 0.054086538461538464 0.06370192307692307 0.07932692307692307
0 0.5036057692307693 0.09615384615384616 0.055288461538461536 0.052884615384615384
0 0.5084134615384616 0.03485576923076923 0.04807692307692308 0.051682692307692304
0 0.4987980769230769 0.20673076923076922 0.057692307692307696 0.054086538461538464