0 0.7175480769230769 0.140625 0.038461538461538464 0.09254807692307693
0 0.6887019230769231 0.17548076923076922 0.040865384615384616 0.09495192307692307
0 0.6574519230769231 0.18509615384615385 0.038461538461538464 0.11538461538461539
0 0.625 0.1814903846153846 0.038461538461538464 0.10817307692307693
0 0.5949519230769231 0.19591346153846154 0.038461538461538464 0.09975961538461539
0 0.5685096153846154 0.21634615384615385 0.03365384615384615 0.09134615384615384
0 0.5324519230769231 0.21754807692307693 0.030048076923076924 0.09254807692307693
0 0.5060096153846154 0.234375 0.03485576923076923 0.10697115384615384
0 0.47475961538461536 0.2512019230769231 0.036057692307692304 0.09254807692307693
0 0.4483173076923077 0.28365384615384615 0.038461538461538464 0.10817307692307693
0 0.4170673076923077 0.30408653846153844 0.040865384615384616 0.10817307692307693
0 0.38461538461538464 0.3088942307692308 0.036057692307692304 0.11057692307692307
0 0.34975961538461536 0.32091346153846156 0.038461538461538464 0.10096153846153846
0 0.31850961538461536 0.3401442307692308 0.040865384615384616 0.11057692307692307
0 0.2848557692307692 0.3557692307692308 0.038461538461538464 0.11057692307692307
0 0.25240384615384615 0.375 0.040865384615384616 0.12139423076923077
0 0.22115384615384615 0.39903846153846156 0.04326923076923077 0.109375
0 0.18629807692307693 0.4170673076923077 0.04326923076923077 0.11298076923076923
0 0.15504807692307693 0.43990384615384615 0.040865384615384616 0.09495192307692307
0 0.11778846153846154 0.44591346153846156 0.052884615384615384 0.11778846153846154
0 0.0829326923076923 0.4579326923076923 0.046875 0.11778846153846154
0 0.04447115384615385 0.47475961538461536 0.04807692307692308 0.10697115384615384
0 0.018028846153846152 0.5024038461538461 0.03485576923076923 0.11538461538461539
0 0.7139423076923077 0.47115384615384615 0.04567307692307692 0.0985576923076923
0 0.6790865384615384 0.47836538461538464 0.038461538461538464 0.10576923076923077
0 0.6514423076923077 0.4963942307692308 0.038461538461538464 0.09615384615384616
0 0.6189903846153846 0.5084134615384616 0.039663461538461536 0.10697115384615384
0 0.59375 0.5336538461538461 0.040865384615384616 0.10096153846153846
0 0.5625 0.5600961538461539 0.040865384615384616 0.10817307692307693
0 0.5324519230769231 0.5721153846153846 0.038461538461538464 0.10096153846153846
0 0.5012019230769231 0.5829326923076923 0.038461538461538464 0.10096153846153846
0 0.4675480769230769 0.6009615384615384 0.038461538461538464 0.10817307692307693
0 0.4387019230769231 0.6213942307692307 0.040865384615384616 0.11057692307692307
0 0.40625 0.6442307692307693 0.04326923076923077 0.12139423076923077
0 0.37259615384615385 0.6538461538461539 0.040865384615384616 0.11298076923076923
0 0.34134615384615385 0.6706730769230769 0.042067307692307696 0.1141826923076923
0 0.30649038461538464 0.6935096153846154 0.04447115384615385 0.11538461538461539
0 0.27403846153846156 0.7127403846153846 0.046875 0.11778846153846154
0 0.24158653846153846 0.7283653846153846 0.04326923076923077 0.12620192307692307
0 0.20673076923076922 0.7415865384615384 0.04807692307692308 0.12139423076923077
0 0.17067307692307693 0.7536057692307693 0.04326923076923077 0.10336538461538461
0 0.1346153846153846 0.7800480769230769 0.046875 0.11658653846153846
0 0.10096153846153846 0.8064903846153846 0.04567307692307692 0.11778846153846154
0 0.06971153846153846 0.8365384615384616 0.046875 0.11778846153846154
0 0.03365384615384615 0.859375 0.052884615384615384 0.12259615384615384
0 0.010817307692307692 0.8689903846153846 0.021634615384615384 0.11538461538461539
0 0.7079326923076923 0.5540865384615384 0.055288461538461536 0.06009615384615385
0 0.6502403846153846 0.5841346153846154 0.056490384615384616 0.06490384615384616
0 0.5913461538461539 0.6322115384615384 0.06129807692307692 0.06610576923076923
0 0.5276442307692307 0.6706730769230769 0.0625 0.06850961538461539
0 0.45913461538461536 0.7091346153846154 0.06009615384615385 0.06971153846153846
0 0.39903846153846156 0.7427884615384616 0.05048076923076923 0.06129807692307692
0 0.3389423076923077 0.7788461538461539 0.06370192307692307 0.07091346153846154
0 0.27283653846153844 0.8185096153846154 0.06370192307692307 0.07211538461538461
0 0.20432692307692307 0.859375 0.06610576923076923 0.07451923076923077
0 0.12860576923076922 0.9014423076923077 0.0733173076923077 0.0829326923076923
0 0.057692307692307696 0.9435096153846154 0.06971153846153846 0.0733173076923077
0 0.8088942307692307 0.6790865384615384 0.04326923076923077 0.11057692307692307
0 0.7788461538461539 0.7055288461538461 0.038461538461538464 0.1045673076923077
0 0.7524038461538461 0.734375 0.038461538461538464 0.10576923076923077
0 0.7259615384615384 0.75 0.038461538461538464 0.10697115384615384
0 0.6947115384615384 0.7740384615384616 0.039663461538461536 0.11538461538461539
0 0.6670673076923077 0.7848557692307693 0.038461538461538464 0.09975961538461539
0 0.6382211538461539 0.7908653846153846 0.037259615384615384 0.10576923076923077
0 0.6129807692307693 0.8485576923076923 0.038461538461538464 0.10576923076923077
0 0.5745192307692307 0.8233173076923077 0.037259615384615384 0.10697115384615384
0 0.5492788461538461 0.875 0.04326923076923077 0.11538461538461539
0 0.515625 0.890625 0.042067307692307696 0.11057692307692307
0 0.4831730769230769 0.8990384615384616 0.042067307692307696 0.09254807692307693
0 0.4519230769230769 0.9122596153846154 0.038461538461538464 0.09735576923076923
0 0.4230769230769231 0.9399038461538461 0.040865384615384616 0.11538461538461539
0 0.39302884615384615 0.9495192307692307 0.042067307692307696 0.09615384615384616
0 0.3605769230769231 0.9627403846153846 0.037259615384615384 0.07211538461538461
0 0.32572115384615385 0.9723557692307693 0.037259615384615384 0.051682692307692304