0 0.29447115384615385 0.5685096153846154 0.03125 0.12379807692307693
0 0.36778846153846156 0.5637019230769231 0.03245192307692308 0.125
0 0.4026442307692308 0.5697115384615384 0.03245192307692308 0.125
0 0.4411057692307692 0.5625 0.03245192307692308 0.12259615384615384
0 0.47836538461538464 0.5949519230769231 0.03125 0.1310096153846154
0 0.5168269230769231 0.5901442307692307 0.03485576923076923 0.13221153846153846
0 0.25721153846153844 0.5733173076923077 0.03245192307692308 0.13701923076923078
0 0.5204326923076923 0.21153846153846154 0.03125 0.11899038461538461
0 0.5552884615384616 0.21514423076923078 0.03245192307692308 0.12620192307692307
0 0.5901442307692307 0.22235576923076922 0.030048076923076924 0.11658653846153846
0 0.625 0.22355769230769232 0.03245192307692308 0.12259615384615384
0 0.484375 0.19110576923076922 0.030048076923076924 0.13221153846153846
0 0.44471153846153844 0.22235576923076922 0.030048076923076924 0.13221153846153846
0 0.4074519230769231 0.21514423076923078 0.03245192307692308 0.13221153846153846
0 0.3713942307692308 0.2091346153846154 0.030048076923076924 0.13221153846153846
0 0.6622596153846154 0.22956730769230768 0.03125 0.12259615384615384
0 0.7007211538461539 0.21995192307692307 0.03245192307692308 0.12379807692307693
0 0.7355769230769231 0.21153846153846154 0.03245192307692308 0.14182692307692307
0 0.7716346153846154 0.22355769230769232 0.03485576923076923 0.12379807692307693
0 0.8076923076923077 0.22235576923076922 0.03245192307692308 0.11298076923076923
0 0.8401442307692307 0.1935096153846154 0.036057692307692304 0.11538461538461539
0 0.26322115384615385 0.21394230769230768 0.03245192307692308 0.11057692307692307
0 0.2283653846153846 0.22115384615384615 0.030048076923076924 0.11778846153846154
0 0.18870192307692307 0.22355769230769232 0.03365384615384615 0.12139423076923077
0 0.15625 0.21634615384615385 0.03365384615384615 0.12740384615384615
0 0.08774038461538461 0.22355769230769232 0.038461538461538464 0.109375
0 0.019230769230769232 0.22235576923076922 0.038461538461538464 0.11298076923076923
0 0.8161057692307693 0.5721153846153846 0.037259615384615384 0.12620192307692307
0 0.7800480769230769 0.5697115384615384 0.03485576923076923 0.12379807692307693
0 0.7427884615384616 0.5649038461538461 0.030048076923076924 0.12620192307692307
0 0.7043269230769231 0.578125 0.03485576923076923 0.125
0 0.6670673076923077 0.5721153846153846 0.03245192307692308 0.12139423076923077
0 0.6298076923076923 0.5745192307692307 0.027644230769230768 0.10697115384615384
0 0.5925480769230769 0.5877403846153846 0.03125 0.13341346153846154
0 0.22355769230769232 0.5697115384615384 0.03245192307692308 0.10697115384615384
0 0.18870192307692307 0.5889423076923077 0.03365384615384615 0.12740384615384615
0 0.15144230769230768 0.5769230769230769 0.03245192307692308 0.12139423076923077
0 0.11538461538461539 0.5793269230769231 0.036057692307692304 0.1346153846153846
0 0.08052884615384616 0.5817307692307693 0.03125 0.1310096153846154
0 0.04807692307692308 0.5829326923076923 0.03485576923076923 0.12259615384615384
0 0.015625 0.5805288461538461 0.03125 0.12740384615384615
0 0.45913461538461536 0.8317307692307693 0.055288461538461536 0.11899038461538461
0 0.5552884615384616 0.9170673076923077 0.037259615384615384 0.16346153846153846
0 0.5949519230769231 0.9314903846153846 0.03245192307692308 0.13341346153846154
0 0.6322115384615384 0.9302884615384616 0.03245192307692308 0.1310096153846154
0 0.6706730769230769 0.9182692307692307 0.03245192307692308 0.12740384615384615
0 0.7067307692307693 0.9230769230769231 0.03245192307692308 0.125
0 0.7427884615384616 0.9014423076923077 0.03485576923076923 0.1346153846153846
0 0.7788461538461539 0.9170673076923077 0.030048076923076924 0.10697115384615384
0 0.8149038461538461 0.9110576923076923 0.036057692307692304 0.13221153846153846
0 0.8605769230769231 0.9002403846153846 0.037259615384615384 0.12259615384615384
0 0.41225961538461536 0.9134615384615384 0.030048076923076924 0.12620192307692307
0 0.296875 0.9362980769230769 0.03365384615384615 0.12379807692307693
0 0.22596153846153846 0.9194711538461539 0.037259615384615384 0.14182692307692307
0 0.15504807692307693 0.9194711538461539 0.03485576923076923 0.1346153846153846
0 0.11778846153846154 0.9254807692307693 0.03485576923076923 0.12740384615384615
0 0.08173076923076923 0.9266826923076923 0.037259615384615384 0.12740384615384615
0 0.04326923076923077 0.9086538461538461 0.038461538461538464 0.11778846153846154
0 0.015625 0.9266826923076923 0.03125 0.13701923076923078