0 0.4495192307692308 0.2980769230769231 0.055288461538461536 0.046875
0 0.45072115384615385 0.35096153846153844 0.0625 0.051682692307692304
0 0.4387019230769231 0.18870192307692307 0.05889423076923077 0.04807692307692308
0 0.5324519230769231 0.7151442307692307 0.025240384615384616 0.109375
0 0.6875 0.7163461538461539 0.02403846153846154 0.11057692307692307
0 0.7283653846153846 0.9915865384615384 0.052884615384615384 0.01201923076923077
0 0.6682692307692307 0.9927884615384616 0.057692307692307696 0.010817307692307692
0 0.5012019230769231 0.7175480769230769 0.025240384615384616 0.11538461538461539
0 0.5204326923076923 0.9519230769230769 0.05889423076923077 0.046875
0 0.5192307692307693 0.9903846153846154 0.056490384615384616 0.015625
0 0.4543269230769231 0.9891826923076923 0.055288461538461536 0.019230769230769232
0 0.4483173076923077 0.9519230769230769 0.055288461538461536 0.04807692307692308
0 0.3088942307692308 0.08173076923076923 0.05889423076923077 0.05048076923076923
0 0.4567307692307692 0.40384615384615385 0.056490384615384616 0.040865384615384616
0 0.44711538461538464 0.040865384615384616 0.06370192307692307 0.04807692307692308
0 0.44711538461538464 0.08774038461538461 0.06129807692307692 0.04807692307692308
0 0.4495192307692308 0.13942307692307693 0.05048076923076923 0.04567307692307692
0 0.44711538461538464 0.2439903846153846 0.05889423076923077 0.054086538461538464
0 0.44471153846153844 0.7355769230769231 0.0625 0.051682692307692304
0 0.4495192307692308 0.45552884615384615 0.055288461538461536 0.04567307692307692
0 0.44711538461538464 0.5072115384615384 0.06370192307692307 0.04567307692307692
0 0.8822115384615384 0.7884615384615384 0.06129807692307692 0.051682692307692304
0 0.8798076923076923 0.8485576923076923 0.055288461538461536 0.04447115384615385
0 0.8810096153846154 0.9002403846153846 0.05889423076923077 0.051682692307692304
0 0.8713942307692307 0.9591346153846154 0.05889423076923077 0.054086538461538464
0 0.875 0.9927884615384616 0.052884615384615384 0.009615384615384616
0 0.7307692307692307 0.9543269230769231 0.05048076923076923 0.04326923076923077
0 0.6682692307692307 0.9555288461538461 0.06129807692307692 0.046875
0 0.31009615384615385 0.028846153846153848 0.055288461538461536 0.04807692307692308
0 0.45072115384615385 0.5697115384615384 0.06129807692307692 0.05048076923076923
0 0.4543269230769231 0.6262019230769231 0.057692307692307696 0.04447115384615385
0 0.44711538461538464 0.6802884615384616 0.06129807692307692 0.046875
0 0.5661057692307693 0.7163461538461539 0.026442307692307692 0.09975961538461539
0 0.5973557692307693 0.7127403846153846 0.026442307692307692 0.10576923076923077
0 0.6274038461538461 0.7163461538461539 0.025240384615384616 0.10576923076923077
0 0.6586538461538461 0.7139423076923077 0.026442307692307692 0.10336538461538461
0 0.7175480769230769 0.7091346153846154 0.027644230769230768 0.1045673076923077
0 0.7475961538461539 0.7235576923076923 0.026442307692307692 0.10697115384615384
0 0.7764423076923077 0.7235576923076923 0.025240384615384616 0.11057692307692307
0 0.8040865384615384 0.7091346153846154 0.027644230769230768 0.11057692307692307
0 0.8377403846153846 0.703125 0.030048076923076924 0.10576923076923077
0 0.3112980769230769 0.9483173076923077 0.06009615384615385 0.05048076923076923
0 0.3112980769230769 0.9879807692307693 0.06009615384615385 0.020432692307692308
0 0.15745192307692307 0.9663461538461539 0.06129807692307692 0.052884615384615384
0 0.15865384615384615 0.9170673076923077 0.0625 0.046875
0 0.15865384615384615 0.8665865384615384 0.0625 0.046875
0 0.15504807692307693 0.8112980769230769 0.06971153846153846 0.05048076923076923
0 0.15865384615384615 0.7536057692307693 0.055288461538461536 0.04567307692307692
0 0.16466346153846154 0.6935096153846154 0.05889423076923077 0.04567307692307692
0 0.16706730769230768 0.6394230769230769 0.06129807692307692 0.04567307692307692
0 0.3004807692307692 0.7259615384615384 0.05889423076923077 0.04807692307692308
0 0.30288461538461536 0.6706730769230769 0.055288461538461536 0.04567307692307692
0 0.3004807692307692 0.6165865384615384 0.057692307692307696 0.051682692307692304
0 0.3016826923076923 0.5600961538461539 0.06129807692307692 0.04807692307692308
0 0.2956730769230769 0.5036057692307693 0.06009615384615385 0.04807692307692308
0 0.2980769230769231 0.453125 0.054086538461538464 0.04807692307692308
0 0.3088942307692308 0.40024038461538464 0.055288461538461536 0.05048076923076923
0 0.3088942307692308 0.3425480769230769 0.06009615384615385 0.04807692307692308
0 0.30528846153846156 0.28846153846153844 0.057692307692307696 0.04807692307692308
0 0.30649038461538464 0.23798076923076922 0.057692307692307696 0.046875
0 0.30649038461538464 0.18509615384615385 0.055288461538461536 0.04807692307692308
0 0.3076923076923077 0.1346153846153846 0.055288461538461536 0.05048076923076923
0 0.18028846153846154 0.018028846153846152 0.052884615384615384 0.036057692307692304
0 0.1814903846153846 0.0625 0.057692307692307696 0.04567307692307692
0 0.18028846153846154 0.11057692307692307 0.0625 0.04807692307692308
0 0.17908653846153846 0.1622596153846154 0.055288461538461536 0.05048076923076923
0 0.17067307692307693 0.21995192307692307 0.055288461538461536 0.046875
0 0.1658653846153846 0.27163461538461536 0.056490384615384616 0.05048076923076923
0 0.16466346153846154 0.32211538461538464 0.05889423076923077 0.04807692307692308
0 0.1622596153846154 0.37740384615384615 0.06850961538461539 0.051682692307692304
0 0.16466346153846154 0.43028846153846156 0.06009615384615385 0.046875
0 0.16826923076923078 0.4831730769230769 0.055288461538461536 0.046875
0 0.1622596153846154 0.5360576923076923 0.05889423076923077 0.04567307692307692