0 0.5612980769230769 0.484375 0.03485576923076923 0.14543269230769232
0 0.6526442307692307 0.7956730769230769 0.04807692307692308 0.13701923076923078
0 0.7007211538461539 0.8028846153846154 0.046875 0.13581730769230768
0 0.8870192307692307 0.4987980769230769 0.038461538461538464 0.13341346153846154
0 0.8557692307692307 0.5108173076923077 0.055288461538461536 0.15504807692307693
0 0.8052884615384616 0.4987980769230769 0.037259615384615384 0.13701923076923078
0 0.7680288461538461 0.49038461538461536 0.038461538461538464 0.13581730769230768
0 0.7271634615384616 0.484375 0.037259615384615384 0.13942307692307693
0 0.6862980769230769 0.5060096153846154 0.03485576923076923 0.13942307692307693
0 0.6466346153846154 0.4807692307692308 0.037259615384615384 0.14302884615384615
0 0.6069711538461539 0.4879807692307692 0.03365384615384615 0.13701923076923078
0 0.6586538461538461 0.15745192307692307 0.07451923076923077 0.07211538461538461
0 0.515625 0.14182692307692307 0.07211538461538461 0.06850961538461539
0 0.421875 0.13701923076923078 0.07932692307692307 0.07091346153846154
0 0.3137019230769231 0.13942307692307693 0.08413461538461539 0.07091346153846154
0 0.9230769230769231 0.5 0.040865384615384616 0.12740384615384615
0 0.5240384615384616 0.4891826923076923 0.036057692307692304 0.14423076923076922
0 0.4795673076923077 0.4795673076923077 0.03245192307692308 0.1466346153846154
0 0.4362980769230769 0.4879807692307692 0.03485576923076923 0.15144230769230768
0 0.390625 0.47475961538461536 0.037259615384615384 0.14543269230769232
0 0.3449519230769231 0.46274038461538464 0.036057692307692304 0.12860576923076922
0 0.30288461538461536 0.47836538461538464 0.038461538461538464 0.14903846153846154
0 0.25240384615384615 0.4879807692307692 0.038461538461538464 0.13701923076923078
0 0.2512019230769231 0.6430288461538461 0.038461538461538464 0.1502403846153846
0 0.12620192307692307 0.14302884615384615 0.08173076923076923 0.06610576923076923
0 0.04567307692307692 0.13701923076923078 0.08413461538461539 0.06610576923076923
0 0.9891826923076923 0.17908653846153846 0.020432692307692308 0.0625
0 0.9615384615384616 0.5 0.038461538461538464 0.1502403846153846
0 0.9915865384615384 0.5168269230769231 0.015625 0.13701923076923078
0 0.9735576923076923 0.8040865384615384 0.04807692307692308 0.1466346153846154
0 0.31850961538461536 0.7920673076923077 0.040865384615384616 0.11899038461538461
0 0.3605769230769231 0.8088942307692307 0.04567307692307692 0.13701923076923078
0 0.39783653846153844 0.7944711538461539 0.040865384615384616 0.125
0 0.5721153846153846 0.8004807692307693 0.04567307692307692 0.13341346153846154
0 0.6153846153846154 0.8016826923076923 0.042067307692307696 0.140625
0 0.8966346153846154 0.8016826923076923 0.05048076923076923 0.13581730769230768