0 0.19110576923076922 0.18028846153846154 0.051682692307692304 0.04567307692307692
0 0.2403846153846154 0.1814903846153846 0.052884615384615384 0.04447115384615385
0 0.36177884615384615 0.17668269230769232 0.056490384615384616 0.04326923076923077
0 0.42908653846153844 0.17668269230769232 0.054086538461538464 0.04567307692307692
0 0.49038461538461536 0.17908653846153846 0.04807692307692308 0.04447115384615385
0 0.5817307692307693 0.18629807692307693 0.052884615384615384 0.04447115384615385
0 0.8112980769230769 0.20192307692307693 0.04807692307692308 0.04447115384615385
0 0.8653846153846154 0.20673076923076922 0.04807692307692308 0.040865384615384616
0 0.9867788461538461 0.21153846153846154 0.021634615384615384 0.04807692307692308
0 0.32211538461538464 0.39903846153846156 0.025240384615384616 0.09134615384615384
0 0.32211538461538464 0.4963942307692308 0.027644230769230768 0.10096153846153846
0 0.3545673076923077 0.3918269230769231 0.02403846153846154 0.09615384615384616
0 0.38221153846153844 0.38221153846153844 0.02283653846153846 0.07692307692307693
0 0.4098557692307692 0.3894230769230769 0.02403846153846154 0.0889423076923077
0 0.43990384615384615 0.3942307692307692 0.02403846153846154 0.09254807692307693
0 0.4675480769230769 0.390625 0.02403846153846154 0.09495192307692307
0 0.49399038461538464 0.3954326923076923 0.025240384615384616 0.09014423076923077
0 0.5204326923076923 0.3942307692307692 0.020432692307692308 0.09495192307692307
0 0.5480769230769231 0.3942307692307692 0.02283653846153846 0.09254807692307693
0 0.5733173076923077 0.3918269230769231 0.020432692307692308 0.09254807692307693
0 0.5985576923076923 0.4050480769230769 0.02283653846153846 0.0889423076923077
0 0.6262019230769231 0.3942307692307692 0.02403846153846154 0.09014423076923077
0 0.6526442307692307 0.39903846153846156 0.02403846153846154 0.09254807692307693
0 0.6778846153846154 0.4026442307692308 0.02403846153846154 0.09014423076923077
0 0.7079326923076923 0.4110576923076923 0.030048076923076924 0.09735576923076923
0 0.7307692307692307 0.4026442307692308 0.021634615384615384 0.09134615384615384
0 0.7536057692307693 0.4014423076923077 0.02283653846153846 0.07932692307692307
0 0.7776442307692307 0.40384615384615385 0.021634615384615384 0.1045673076923077
0 0.8052884615384616 0.4170673076923077 0.025240384615384616 0.09254807692307693
0 0.828125 0.40384615384615385 0.021634615384615384 0.0829326923076923
0 0.8521634615384616 0.4050480769230769 0.02283653846153846 0.08653846153846154
0 0.8786057692307693 0.40384615384615385 0.02403846153846154 0.051682692307692304
0 0.9014423076923077 0.40384615384615385 0.02403846153846154 0.08653846153846154
0 0.9266826923076923 0.41225961538461536 0.02403846153846154 0.078125
0 0.9495192307692307 0.40865384615384615 0.027644230769230768 0.0889423076923077
0 0.9759615384615384 0.41225961538461536 0.02403846153846154 0.08653846153846154
0 0.9927884615384616 0.4182692307692308 0.01201923076923077 0.06971153846153846
0 0.984375 0.6141826923076923 0.030048076923076924 0.0829326923076923
0 0.9362980769230769 0.6045673076923077 0.03485576923076923 0.0889423076923077
0 0.9122596153846154 0.6081730769230769 0.03125 0.08052884615384616
0 0.8137019230769231 0.6009615384615384 0.030048076923076924 0.08413461538461539
0 0.7872596153846154 0.5973557692307693 0.030048076923076924 0.09014423076923077
0 0.7379807692307693 0.5997596153846154 0.03245192307692308 0.08653846153846154
0 0.609375 0.5985576923076923 0.03125 0.08774038461538461
0 0.578125 0.5925480769230769 0.03245192307692308 0.09014423076923077
0 0.5552884615384616 0.5973557692307693 0.030048076923076924 0.09134615384615384
0 0.5264423076923077 0.5949519230769231 0.030048076923076924 0.0889423076923077
0 0.41586538461538464 0.5925480769230769 0.028846153846153848 0.0829326923076923
0 0.390625 0.6009615384615384 0.03245192307692308 0.09134615384615384
0 0.3641826923076923 0.5901442307692307 0.025240384615384616 0.07932692307692307
0 0.9879807692307693 0.7668269230769231 0.02283653846153846 0.08413461538461539
0 0.9639423076923077 0.7752403846153846 0.040865384615384616 0.09254807692307693
0 0.9375 0.7764423076923077 0.04567307692307692 0.08774038461538461
0 0.8774038461538461 0.7716346153846154 0.036057692307692304 0.07932692307692307
0 0.8557692307692307 0.7680288461538461 0.04447115384615385 0.09495192307692307
0 0.7067307692307693 0.7764423076923077 0.038461538461538464 0.08413461538461539
0 0.6466346153846154 0.7752403846153846 0.038461538461538464 0.09134615384615384
0 0.6177884615384616 0.7764423076923077 0.03485576923076923 0.0829326923076923
0 0.5252403846153846 0.7752403846153846 0.039663461538461536 0.10697115384615384
0 0.49278846153846156 0.7800480769230769 0.030048076923076924 0.0889423076923077
0 0.46274038461538464 0.7788461538461539 0.03245192307692308 0.08774038461538461
0 0.43149038461538464 0.7836538461538461 0.03485576923076923 0.09014423076923077
0 0.3713942307692308 0.7788461538461539 0.03485576923076923 0.08173076923076923
0 0.3425480769230769 0.7704326923076923 0.03125 0.0985576923076923
0 0.3125 0.7764423076923077 0.03245192307692308 0.08413461538461539
0 0.28725961538461536 0.7692307692307693 0.03485576923076923 0.0889423076923077
0 0.2608173076923077 0.7560096153846154 0.03245192307692308 0.08413461538461539