0 0.6598557692307693 0.19471153846153846 0.039663461538461536 0.15264423076923078
0 0.6117788461538461 0.18870192307692307 0.038461538461538464 0.15504807692307693
0 0.5637019230769231 0.18389423076923078 0.04326923076923077 0.15504807692307693
0 0.5132211538461539 0.18389423076923078 0.038461538461538464 0.1622596153846154
0 0.46274038461538464 0.18509615384615385 0.04447115384615385 0.17548076923076922
0 0.7127403846153846 0.19951923076923078 0.04807692307692308 0.15745192307692307
0 0.7584134615384616 0.20432692307692307 0.04447115384615385 0.15985576923076922
0 0.8040865384615384 0.19951923076923078 0.046875 0.17067307692307693
0 0.8485576923076923 0.19591346153846154 0.04807692307692308 0.17668269230769232
0 0.8990384615384616 0.1935096153846154 0.04567307692307692 0.14903846153846154
0 0.9495192307692307 0.203125 0.04927884615384615 0.1658653846153846
0 0.984375 0.1814903846153846 0.030048076923076924 0.13701923076923078
0 0.41346153846153844 0.19831730769230768 0.039663461538461536 0.15384615384615385
0 0.36538461538461536 0.19951923076923078 0.04326923076923077 0.16947115384615385
0 0.3137019230769231 0.22115384615384615 0.046875 0.16947115384615385
0 0.265625 0.22235576923076922 0.04326923076923077 0.16826923076923078
0 0.21995192307692307 0.21394230769230768 0.04567307692307692 0.16706730769230768
0 0.16947115384615385 0.22596153846153846 0.05048076923076923 0.16947115384615385
0 0.9903846153846154 0.6346153846153846 0.018028846153846152 0.17908653846153846
0 0.9134615384615384 0.6442307692307693 0.04567307692307692 0.171875
0 0.8641826923076923 0.6538461538461539 0.046875 0.1622596153846154
0 0.8185096153846154 0.6586538461538461 0.040865384615384616 0.16346153846153846
0 0.7704326923076923 0.6370192307692307 0.040865384615384616 0.1466346153846154
0 0.7223557692307693 0.6610576923076923 0.04326923076923077 0.16947115384615385
0 0.6730769230769231 0.6610576923076923 0.04326923076923077 0.16826923076923078
0 0.6237980769230769 0.6670673076923077 0.04326923076923077 0.1658653846153846
0 0.5733173076923077 0.6634615384615384 0.04567307692307692 0.17668269230769232
0 0.5240384615384616 0.6778846153846154 0.04567307692307692 0.16947115384615385
0 0.46634615384615385 0.6862980769230769 0.04326923076923077 0.17668269230769232
0 0.4182692307692308 0.6790865384615384 0.042067307692307696 0.1622596153846154
0 0.3701923076923077 0.6850961538461539 0.038461538461538464 0.16105769230769232
0 0.31850961538461536 0.6778846153846154 0.042067307692307696 0.17668269230769232
0 0.27163461538461536 0.6971153846153846 0.04447115384615385 0.140625
0 0.22235576923076922 0.6911057692307693 0.04326923076923077 0.16706730769230768
0 0.17307692307692307 0.6634615384615384 0.042067307692307696 0.1658653846153846
0 0.12860576923076922 0.6887019230769231 0.046875 0.16346153846153846
0 0.07692307692307693 0.6862980769230769 0.054086538461538464 0.1622596153846154