0 0.06850961538461539 0.026442307692307692 0.07451923076923077 0.052884615384615384
0 0.25841346153846156 0.234375 0.07692307692307693 0.06490384615384616
0 0.5721153846153846 0.2608173076923077 0.08653846153846154 0.07692307692307693
0 0.7776442307692307 0.22355769230769232 0.0829326923076923 0.07211538461538461
0 0.8870192307692307 0.21394230769230768 0.0889423076923077 0.078125
0 0.8918269230769231 0.2932692307692308 0.08413461538461539 0.06850961538461539
0 0.8762019230769231 0.13581730769230768 0.08653846153846154 0.07211538461538461
0 0.8762019230769231 0.0625 0.09254807692307693 0.08052884615384616
0 0.7668269230769231 0.018028846153846152 0.09134615384615384 0.036057692307692304
0 0.5661057692307693 0.027644230769230768 0.0733173076923077 0.054086538461538464
0 0.5697115384615384 0.09975961538461539 0.08413461538461539 0.07451923076923077
0 0.46153846153846156 0.109375 0.08653846153846154 0.08413461538461539