0 0.5060096153846154 0.4519230769230769 0.09014423076923077 0.078125
0 0.18870192307692307 0.35697115384615385 0.07692307692307693 0.07692307692307693
0 0.7283653846153846 0.8125 0.08413461538461539 0.06610576923076923
0 0.8317307692307693 0.8100961538461539 0.09495192307692307 0.06971153846153846
0 0.40384615384615385 0.625 0.09254807692307693 0.07692307692307693
0 0.3894230769230769 0.7127403846153846 0.08173076923076923 0.06370192307692307
0 0.3858173076923077 0.7920673076923077 0.09014423076923077 0.07211538461538461
0 0.5 0.8100961538461539 0.09254807692307693 0.07091346153846154
0 0.20072115384615385 0.12259615384615384 0.08653846153846154 0.06971153846153846
0 0.19951923076923078 0.038461538461538464 0.08413461538461539 0.07692307692307693
0 0.5204326923076923 0.12860576923076922 0.08653846153846154 0.08173076923076923
0 0.7247596153846154 0.019230769230769232 0.09254807692307693 0.038461538461538464
0 0.9855769230769231 0.06370192307692307 0.026442307692307692 0.06971153846153846
0 0.9855769230769231 0.14182692307692307 0.025240384615384616 0.078125
0 0.9867788461538461 0.2824519230769231 0.02403846153846154 0.06971153846153846
0 0.9879807692307693 0.4254807692307692 0.021634615384615384 0.07211538461538461
0 0.9915865384615384 0.7355769230769231 0.015625 0.06971153846153846
0 0.9819711538461539 0.8197115384615384 0.03485576923076923 0.07451923076923077