0 0.9471153846153846 0.6177884615384616 0.08774038461538461 0.06009615384615385
0 0.9495192307692307 0.7055288461538461 0.08653846153846154 0.06490384615384616
0 0.953125 0.9435096153846154 0.09134615384615384 0.07211538461538461
0 0.7584134615384616 0.9663461538461539 0.08413461538461539 0.0625
0 0.6586538461538461 0.9699519230769231 0.07692307692307693 0.056490384615384616
0 0.6550480769230769 0.8317307692307693 0.09134615384615384 0.06971153846153846
0 0.6478365384615384 0.7463942307692307 0.09014423076923077 0.07211538461538461
0 0.7487980769230769 0.6550480769230769 0.0889423076923077 0.07211538461538461
0 0.6418269230769231 0.6634615384615384 0.09014423076923077 0.06850961538461539
0 0.44591346153846156 0.7692307692307693 0.07451923076923077 0.07451923076923077
0 0.4543269230769231 0.8497596153846154 0.07211538461538461 0.07451923076923077
0 0.4495192307692308 0.9819711538461539 0.08653846153846154 0.03245192307692308
0 0.3401442307692308 0.7091346153846154 0.08173076923076923 0.06129807692307692
0 0.3401442307692308 0.7872596153846154 0.09014423076923077 0.06129807692307692
0 0.1310096153846154 0.8016826923076923 0.09495192307692307 0.07692307692307693
0 0.12379807692307693 0.8942307692307693 0.09735576923076923 0.07211538461538461
0 0.06610576923076923 0.4495192307692308 0.08653846153846154 0.06610576923076923
0 0.7451923076923077 0.2608173076923077 0.09014423076923077 0.07091346153846154
0 0.6478365384615384 0.2608173076923077 0.09014423076923077 0.07932692307692307
0 0.6370192307692307 0.18028846153846154 0.09495192307692307 0.07692307692307693
0 0.7355769230769231 0.17307692307692307 0.08653846153846154 0.06971153846153846
0 0.9314903846153846 0.23557692307692307 0.09014423076923077 0.06971153846153846
0 0.9254807692307693 0.15504807692307693 0.09615384615384616 0.078125
0 0.9206730769230769 0.08052884615384616 0.07932692307692307 0.06971153846153846
0 0.7247596153846154 0.025240384615384616 0.09735576923076923 0.05048076923076923
0 0.6189903846153846 0.03485576923076923 0.0889423076923077 0.06971153846153846
0 0.9867788461538461 0.140625 0.021634615384615384 0.06971153846153846
0 0.9903846153846154 0.21995192307692307 0.016826923076923076 0.06129807692307692
0 0.9807692307692307 0.06370192307692307 0.037259615384615384 0.0733173076923077