0 0.028846153846153848 0.5805288461538461 0.057692307692307696 0.07932692307692307
0 0.18028846153846154 0.5913461538461539 0.10336538461538461 0.0733173076923077
0 0.6442307692307693 0.6129807692307693 0.09495192307692307 0.08413461538461539
0 0.7560096153846154 0.6189903846153846 0.09375 0.07091346153846154
0 0.9831730769230769 0.6153846153846154 0.03125 0.07091346153846154
0 0.9675480769230769 0.9651442307692307 0.05048076923076923 0.06610576923076923
0 0.9170673076923077 0.9579326923076923 0.04927884615384615 0.08052884615384616
0 0.8665865384615384 0.9651442307692307 0.04326923076923077 0.06490384615384616
0 0.8197115384615384 0.9591346153846154 0.039663461538461536 0.07692307692307693
0 0.7716346153846154 0.9747596153846154 0.040865384615384616 0.046875
0 0.7223557692307693 0.9579326923076923 0.04326923076923077 0.07932692307692307
0 0.6766826923076923 0.9591346153846154 0.040865384615384616 0.07692307692307693
0 0.6274038461538461 0.9735576923076923 0.04567307692307692 0.04807692307692308
0 0.5697115384615384 0.9579326923076923 0.04326923076923077 0.08052884615384616
0 0.5192307692307693 0.9675480769230769 0.039663461538461536 0.06129807692307692
0 0.4699519230769231 0.9651442307692307 0.042067307692307696 0.06490384615384616
0 0.4182692307692308 0.9663461538461539 0.040865384615384616 0.06370192307692307
0 0.36538461538461536 0.9639423076923077 0.04326923076923077 0.06971153846153846
0 0.3173076923076923 0.9615384615384616 0.04326923076923077 0.07451923076923077
0 0.2644230769230769 0.9555288461538461 0.04807692307692308 0.08653846153846154
0 0.2127403846153846 0.9663461538461539 0.04447115384615385 0.06370192307692307
0 0.16346153846153846 0.9495192307692307 0.04567307692307692 0.09615384615384616
0 0.1141826923076923 0.953125 0.05048076923076923 0.09014423076923077
0 0.06129807692307692 0.9519230769230769 0.055288461538461536 0.09495192307692307
0 0.020432692307692308 0.9543269230769231 0.040865384615384616 0.08774038461538461