0 0.5564903846153846 0.5769230769230769 0.056490384615384616 0.04807692307692308
0 0.5576923076923077 0.5192307692307693 0.054086538461538464 0.04807692307692308
0 0.5528846153846154 0.4675480769230769 0.06009615384615385 0.051682692307692304
0 0.47836538461538464 0.4723557692307692 0.05889423076923077 0.05048076923076923
0 0.6923076923076923 0.41346153846153844 0.05889423076923077 0.046875
0 0.6923076923076923 0.47115384615384615 0.057692307692307696 0.05048076923076923
0 0.6995192307692307 0.5252403846153846 0.06129807692307692 0.04807692307692308
0 0.7019230769230769 0.5841346153846154 0.06129807692307692 0.051682692307692304
0 0.4831730769230769 0.5276442307692307 0.06370192307692307 0.05048076923076923
0 0.4807692307692308 0.5865384615384616 0.05889423076923077 0.05048076923076923
0 0.4831730769230769 0.640625 0.056490384615384616 0.046875
0 0.5637019230769231 0.6911057692307693 0.055288461538461536 0.04447115384615385
0 0.48197115384615385 0.6947115384615384 0.06129807692307692 0.04807692307692308
0 0.484375 0.7524038461538461 0.06129807692307692 0.04807692307692308
0 0.5576923076923077 0.7512019230769231 0.06129807692307692 0.052884615384615384
0 0.7019230769230769 0.640625 0.06129807692307692 0.04807692307692308
0 0.7043269230769231 0.6959134615384616 0.06129807692307692 0.046875
0 0.7019230769230769 0.75 0.056490384615384616 0.04447115384615385
0 0.7680288461538461 0.7475961538461539 0.06490384615384616 0.046875
0 0.7692307692307693 0.6862980769230769 0.06370192307692307 0.04807692307692308
0 0.7644230769230769 0.6346153846153846 0.056490384615384616 0.046875
0 0.7716346153846154 0.578125 0.06370192307692307 0.046875
0 0.7692307692307693 0.5192307692307693 0.055288461538461536 0.046875
0 0.7644230769230769 0.4651442307692308 0.06009615384615385 0.05048076923076923
0 0.7644230769230769 0.41346153846153844 0.05889423076923077 0.04807692307692308
0 0.7596153846153846 0.3605769230769231 0.054086538461538464 0.04807692307692308
0 0.6911057692307693 0.3629807692307692 0.06129807692307692 0.04807692307692308
0 0.6899038461538461 0.30288461538461536 0.052884615384615384 0.05048076923076923
0 0.7632211538461539 0.30288461538461536 0.05889423076923077 0.04447115384615385
0 0.6862980769230769 0.16346153846153846 0.0625 0.052884615384615384
0 0.75 0.10336538461538461 0.052884615384615384 0.051682692307692304
0 0.6899038461538461 0.10336538461538461 0.055288461538461536 0.052884615384615384
0 0.6850961538461539 0.05048076923076923 0.05889423076923077 0.051682692307692304
0 0.7536057692307693 0.046875 0.06129807692307692 0.054086538461538464
0 0.7512019230769231 0.009615384615384616 0.05889423076923077 0.019230769230769232
0 0.6778846153846154 0.010817307692307692 0.052884615384615384 0.021634615384615384
0 0.9254807692307693 0.9735576923076923 0.06129807692307692 0.04807692307692308
0 0.7740384615384616 0.9747596153846154 0.055288461538461536 0.04567307692307692
0 0.7055288461538461 0.9783653846153846 0.06009615384615385 0.040865384615384616
0 0.5588942307692307 0.984375 0.054086538461538464 0.026442307692307692
0 0.47836538461538464 0.9855769230769231 0.06129807692307692 0.02403846153846154
0 0.3425480769230769 0.9819711538461539 0.06610576923076923 0.03245192307692308
0 0.2704326923076923 0.9831730769230769 0.06490384615384616 0.030048076923076924
0 0.14423076923076922 0.8040865384615384 0.030048076923076924 0.1141826923076923
0 0.13942307692307693 0.6778846153846154 0.03125 0.10697115384615384
0 0.14182692307692307 0.5480769230769231 0.03125 0.11298076923076923
0 0.14182692307692307 0.40865384615384615 0.030048076923076924 0.10336538461538461
0 0.14182692307692307 0.2920673076923077 0.030048076923076924 0.10576923076923077
0 0.13942307692307693 0.17067307692307693 0.028846153846153848 0.0985576923076923
0 0.2824519230769231 0.109375 0.02403846153846154 0.09615384615384616
0 0.9230769230769231 0.8377403846153846 0.05889423076923077 0.04807692307692308
0 0.9158653846153846 0.7824519230769231 0.06370192307692307 0.046875
0 0.9170673076923077 0.7295673076923077 0.06129807692307692 0.046875
0 0.9122596153846154 0.6706730769230769 0.057692307692307696 0.04447115384615385
0 0.9098557692307693 0.6225961538461539 0.05889423076923077 0.046875
0 0.9122596153846154 0.5661057692307693 0.06370192307692307 0.051682692307692304
0 0.9086538461538461 0.5120192307692307 0.05889423076923077 0.04447115384615385
0 0.9038461538461539 0.4579326923076923 0.06490384615384616 0.04807692307692308
0 0.9074519230769231 0.40865384615384615 0.0625 0.04567307692307692
0 0.9014423076923077 0.35096153846153844 0.056490384615384616 0.04807692307692308
0 0.8930288461538461 0.25 0.05048076923076923 0.04447115384615385
0 0.8942307692307693 0.19831730769230768 0.056490384615384616 0.051682692307692304
0 0.890625 0.13942307692307693 0.06370192307692307 0.056490384615384616
0 0.8894230769230769 0.08774038461538461 0.06370192307692307 0.05048076923076923
0 0.8858173076923077 0.037259615384615384 0.06129807692307692 0.04807692307692308
0 0.5420673076923077 0.006009615384615385 0.055288461538461536 0.01201923076923077
0 0.5480769230769231 0.40865384615384615 0.06009615384615385 0.051682692307692304
0 0.5432692307692307 0.34975961538461536 0.05889423076923077 0.054086538461538464
0 0.5456730769230769 0.296875 0.05889423076923077 0.046875
0 0.5420673076923077 0.24639423076923078 0.06129807692307692 0.04807692307692308
0 0.5432692307692307 0.19110576923076922 0.05889423076923077 0.052884615384615384
0 0.5432692307692307 0.14302884615384615 0.05048076923076923 0.046875
0 0.5384615384615384 0.0889423076923077 0.06129807692307692 0.054086538461538464
0 0.5420673076923077 0.036057692307692304 0.06009615384615385 0.05048076923076923
0 0.47836538461538464 0.009615384615384616 0.04807692307692308 0.018028846153846152
0 0.4723557692307692 0.042067307692307696 0.056490384615384616 0.05048076923076923
0 0.47596153846153844 0.08774038461538461 0.06009615384615385 0.054086538461538464
0 0.47716346153846156 0.14423076923076922 0.06370192307692307 0.05889423076923077
0 0.47475961538461536 0.19831730769230768 0.055288461538461536 0.05048076923076923
0 0.47475961538461536 0.2512019230769231 0.06009615384615385 0.04807692307692308
0 0.47836538461538464 0.30288461538461536 0.05889423076923077 0.046875
0 0.47475961538461536 0.35697115384615385 0.056490384615384616 0.046875
0 0.47596153846153844 0.41346153846153844 0.056490384615384616 0.05048076923076923
0 0.33533653846153844 0.01201923076923077 0.04807692307692308 0.02403846153846154
0 0.2824519230769231 0.026442307692307692 0.03125 0.052884615384615384
0 0.3317307692307692 0.04447115384615385 0.05889423076923077 0.046875
0 0.3317307692307692 0.09735576923076923 0.05889423076923077 0.04807692307692308
0 0.3389423076923077 0.15144230769230768 0.05889423076923077 0.04567307692307692
0 0.3317307692307692 0.20432692307692307 0.057692307692307696 0.04567307692307692
0 0.26322115384615385 0.203125 0.056490384615384616 0.04807692307692308
0 0.3317307692307692 0.25721153846153844 0.05889423076923077 0.04567307692307692
0 0.2644230769230769 0.2620192307692308 0.05889423076923077 0.05048076923076923
0 0.3293269230769231 0.3112980769230769 0.056490384615384616 0.05048076923076923
0 0.26322115384615385 0.3161057692307692 0.052884615384615384 0.04807692307692308
0 0.3269230769230769 0.36658653846153844 0.056490384615384616 0.046875
0 0.2620192307692308 0.36658653846153844 0.06129807692307692 0.04807692307692308
0 0.25600961538461536 0.4254807692307692 0.056490384615384616 0.04807692307692308
0 0.3269230769230769 0.41947115384615385 0.056490384615384616 0.04567307692307692
0 0.3317307692307692 0.47836538461538464 0.05889423076923077 0.04326923076923077
0 0.25961538461538464 0.47596153846153844 0.055288461538461536 0.04807692307692308
0 0.25961538461538464 0.5360576923076923 0.05889423076923077 0.046875
0 0.32572115384615385 0.5336538461538461 0.06009615384615385 0.04567307692307692
0 0.3317307692307692 0.5877403846153846 0.06129807692307692 0.05048076923076923
0 0.25961538461538464 0.5889423076923077 0.0625 0.04807692307692308
0 0.25841346153846156 0.6514423076923077 0.06129807692307692 0.046875
0 0.33653846153846156 0.6490384615384616 0.05889423076923077 0.05048076923076923
0 0.3293269230769231 0.703125 0.05889423076923077 0.04447115384615385
0 0.25841346153846156 0.7067307692307693 0.06129807692307692 0.05048076923076923
0 0.265625 0.7644230769230769 0.06129807692307692 0.04447115384615385
0 0.33774038461538464 0.765625 0.06129807692307692 0.05048076923076923