0 0.12860576923076922 0.5769230769230769 0.046875 0.13341346153846154
0 0.47596153846153844 0.2956730769230769 0.03245192307692308 0.12259615384615384
0 0.4387019230769231 0.2956730769230769 0.03125 0.13701923076923078
0 0.5144230769230769 0.2980769230769231 0.036057692307692304 0.14423076923076922
0 0.3545673076923077 0.2920673076923077 0.03245192307692308 0.13341346153846154
0 0.31850961538461536 0.28365384615384615 0.028846153846153848 0.13221153846153846
0 0.5685096153846154 0.6057692307692307 0.040865384615384616 0.13221153846153846
0 0.5276442307692307 0.5961538461538461 0.04447115384615385 0.140625
0 0.44711538461538464 0.5925480769230769 0.04447115384615385 0.12860576923076922
0 0.24639423076923078 0.5829326923076923 0.04807692307692308 0.13341346153846154
0 0.19951923076923078 0.5733173076923077 0.046875 0.1346153846153846
0 0.1658653846153846 0.578125 0.04567307692307692 0.13221153846153846
0 0.03485576923076923 0.8377403846153846 0.046875 0.12259615384615384
0 0.07451923076923077 0.8473557692307693 0.05048076923076923 0.12740384615384615
0 0.12139423076923077 0.8401442307692307 0.06129807692307692 0.1466346153846154
0 0.25721153846153844 0.8497596153846154 0.05048076923076923 0.12620192307692307
0 0.30288461538461536 0.8533653846153846 0.055288461538461536 0.1346153846153846
0 0.3942307692307692 0.8629807692307693 0.05048076923076923 0.12860576923076922
0 0.5588942307692307 0.3161057692307692 0.038461538461538464 0.13942307692307693
0 0.5985576923076923 0.296875 0.03365384615384615 0.12259615384615384
0 0.6370192307692307 0.3016826923076923 0.030048076923076924 0.12860576923076922
0 0.6754807692307693 0.30408653846153844 0.030048076923076924 0.08173076923076923
0 0.7139423076923077 0.30408653846153844 0.03245192307692308 0.12620192307692307
0 0.7512019230769231 0.31850961538461536 0.03485576923076923 0.11778846153846154
0 0.7872596153846154 0.3137019230769231 0.03485576923076923 0.1346153846153846
0 0.8269230769230769 0.32211538461538464 0.036057692307692304 0.12740384615384615
0 0.8629807692307693 0.33413461538461536 0.03365384615384615 0.09975961538461539
0 0.9002403846153846 0.3293269230769231 0.03485576923076923 0.12259615384615384
0 0.9387019230769231 0.3389423076923077 0.037259615384615384 0.12740384615384615
0 0.9783653846153846 0.3329326923076923 0.036057692307692304 0.13942307692307693
0 0.8641826923076923 0.03245192307692308 0.07451923076923077 0.06370192307692307
0 0.6610576923076923 0.020432692307692308 0.078125 0.040865384615384616
0 0.5733173076923077 0.013221153846153846 0.07451923076923077 0.026442307692307692
0 0.3954326923076923 0.30649038461538464 0.040865384615384616 0.15264423076923078
0 0.2776442307692308 0.2800480769230769 0.037259615384615384 0.13581730769230768
0 0.23798076923076922 0.2980769230769231 0.03485576923076923 0.13341346153846154
0 0.20192307692307693 0.2764423076923077 0.037259615384615384 0.13581730769230768
0 0.1658653846153846 0.2800480769230769 0.037259615384615384 0.12740384615384615
0 0.12620192307692307 0.2764423076923077 0.042067307692307696 0.1346153846153846
0 0.08774038461538461 0.28365384615384615 0.040865384615384616 0.1346153846153846
0 0.05048076923076923 0.27163461538461536 0.042067307692307696 0.13942307692307693
0 0.015625 0.2824519230769231 0.030048076923076924 0.140625
0 0.7283653846153846 0.6165865384615384 0.04567307692307692 0.12620192307692307
0 0.7680288461538461 0.6141826923076923 0.046875 0.1346153846153846
0 0.8425480769230769 0.6322115384615384 0.04326923076923077 0.11778846153846154
0 0.8798076923076923 0.6237980769230769 0.04447115384615385 0.125
0 0.9182692307692307 0.6141826923076923 0.04326923076923077 0.12860576923076922
0 0.9519230769230769 0.609375 0.051682692307692304 0.140625
0 0.984375 0.6213942307692307 0.028846153846153848 0.12860576923076922
0 0.9699519230769231 0.8894230769230769 0.057692307692307696 0.1310096153846154
0 0.9338942307692307 0.8822115384615384 0.056490384615384616 0.125
0 0.8846153846153846 0.8834134615384616 0.052884615384615384 0.12860576923076922
0 0.8533653846153846 0.8629807692307693 0.06370192307692307 0.13341346153846154
0 0.8028846153846154 0.8786057692307693 0.057692307692307696 0.13942307692307693
0 0.7620192307692307 0.8762019230769231 0.05889423076923077 0.13221153846153846
0 0.6682692307692307 0.8725961538461539 0.051682692307692304 0.11658653846153846
0 0.6298076923076923 0.8653846153846154 0.06490384615384616 0.15144230769230768
0 0.007211538461538462 0.8293269230769231 0.014423076923076924 0.09495192307692307