0 0.8629807692307693 0.5817307692307693 0.05889423076923077 0.051682692307692304
0 0.6875 0.6370192307692307 0.030048076923076924 0.109375
0 0.6959134615384616 0.046875 0.030048076923076924 0.09254807692307693
0 0.7007211538461539 0.18389423076923078 0.027644230769230768 0.12139423076923077
0 0.6971153846153846 0.3389423076923077 0.028846153846153848 0.12259615384615384
0 0.6947115384615384 0.4807692307692308 0.030048076923076924 0.1141826923076923
0 0.5540865384615384 0.06610576923076923 0.04807692307692308 0.055288461538461536
0 0.5516826923076923 0.23798076923076922 0.0625 0.052884615384615384
0 0.546875 0.40384615384615385 0.056490384615384616 0.05048076923076923
0 0.5504807692307693 0.46274038461538464 0.056490384615384616 0.046875
0 0.5492788461538461 0.5180288461538461 0.06129807692307692 0.04567307692307692
0 0.5504807692307693 0.578125 0.06009615384615385 0.04807692307692308
0 0.5456730769230769 0.6346153846153846 0.06009615384615385 0.04567307692307692
0 0.5456730769230769 0.6911057692307693 0.06490384615384616 0.04807692307692308
0 0.5420673076923077 0.7475961538461539 0.0625 0.04807692307692308
0 0.5408653846153846 0.8088942307692307 0.06129807692307692 0.055288461538461536
0 0.5408653846153846 0.8653846153846154 0.06009615384615385 0.05048076923076923
0 0.5384615384615384 0.9230769230769231 0.06129807692307692 0.046875
0 0.5396634615384616 0.9735576923076923 0.06370192307692307 0.04807692307692308
0 0.4074519230769231 0.5420673076923077 0.05889423076923077 0.07692307692307693
0 0.4110576923076923 0.13581730769230768 0.0625 0.07932692307692307
0 0.41225961538461536 0.027644230769230768 0.0625 0.054086538461538464
0 0.4026442307692308 0.8389423076923077 0.056490384615384616 0.07211538461538461
0 0.4026442307692308 0.9002403846153846 0.06370192307692307 0.06610576923076923
0 0.40024038461538464 0.9579326923076923 0.05889423076923077 0.07211538461538461
0 0.2704326923076923 0.9783653846153846 0.056490384615384616 0.040865384615384616
0 0.27403846153846156 0.9362980769230769 0.05889423076923077 0.0733173076923077
0 0.27403846153846156 0.8713942307692307 0.054086538461538464 0.07211538461538461
0 0.2800480769230769 0.8125 0.052884615384615384 0.06850961538461539
0 0.2800480769230769 0.7439903846153846 0.051682692307692304 0.0733173076923077
0 0.27163461538461536 0.6766826923076923 0.056490384615384616 0.06490384615384616
0 0.2776442307692308 0.6129807692307693 0.055288461538461536 0.06971153846153846
0 0.2824519230769231 0.546875 0.051682692307692304 0.07091346153846154
0 0.2848557692307692 0.47836538461538464 0.06009615384615385 0.08052884615384616
0 0.2776442307692308 0.4050480769230769 0.06850961538461539 0.08653846153846154
0 0.2800480769230769 0.3425480769230769 0.06370192307692307 0.08653846153846154
0 0.2860576923076923 0.2860576923076923 0.06129807692307692 0.078125
0 0.28725961538461536 0.21514423076923078 0.06610576923076923 0.0829326923076923
0 0.2848557692307692 0.15384615384615385 0.06370192307692307 0.07211538461538461
0 0.2932692307692308 0.08052884615384616 0.055288461538461536 0.07692307692307693
0 0.29086538461538464 0.02403846153846154 0.06370192307692307 0.046875