0 0.5300480769230769 0.09134615384615384 0.027644230769230768 0.1141826923076923
0 0.47596153846153844 0.06490384615384616 0.05889423076923077 0.052884615384615384
0 0.4807692307692308 0.12259615384615384 0.06009615384615385 0.052884615384615384
0 0.47836538461538464 0.1814903846153846 0.057692307692307696 0.05048076923076923
0 0.47836538461538464 0.23798076923076922 0.056490384615384616 0.04807692307692308
0 0.2824519230769231 0.07932692307692307 0.055288461538461536 0.04447115384615385
0 0.28725961538461536 0.13341346153846154 0.06370192307692307 0.04807692307692308
0 0.2860576923076923 0.1935096153846154 0.054086538461538464 0.054086538461538464
0 0.29927884615384615 0.24759615384615385 0.0625 0.052884615384615384
0 0.3004807692307692 0.30408653846153844 0.06009615384615385 0.055288461538461536
0 0.2980769230769231 0.3629807692307692 0.06009615384615385 0.04807692307692308
0 0.2956730769230769 0.421875 0.05889423076923077 0.05048076923076923
0 0.5384615384615384 0.5540865384615384 0.025240384615384616 0.109375
0 0.5336538461538461 0.21394230769230768 0.025240384615384616 0.11538461538461539
0 0.5336538461538461 0.33774038461538464 0.025240384615384616 0.11298076923076923
0 0.5372596153846154 0.4483173076923077 0.02403846153846154 0.0889423076923077
0 0.4879807692307692 0.4110576923076923 0.0625 0.046875
0 0.4795673076923077 0.296875 0.06129807692307692 0.04567307692307692
0 0.6478365384615384 0.4567307692307692 0.05889423076923077 0.04567307692307692
0 0.6490384615384616 0.5709134615384616 0.06009615384615385 0.052884615384615384
0 0.29927884615384615 0.5432692307692307 0.06129807692307692 0.051682692307692304
0 0.3004807692307692 0.5997596153846154 0.06490384615384616 0.04807692307692308
0 0.30649038461538464 0.6586538461538461 0.06490384615384616 0.055288461538461536
0 0.30649038461538464 0.7163461538461539 0.06129807692307692 0.051682692307692304
0 0.31490384615384615 0.7692307692307693 0.051682692307692304 0.05048076923076923
0 0.5420673076923077 0.6682692307692307 0.026442307692307692 0.109375
0 0.48197115384615385 0.5264423076923077 0.0625 0.055288461538461536
0 0.4831730769230769 0.47115384615384615 0.06370192307692307 0.052884615384615384
0 0.4855769230769231 0.5877403846153846 0.05889423076923077 0.05889423076923077
0 0.4879807692307692 0.6418269230769231 0.06490384615384616 0.056490384615384616
0 0.48677884615384615 0.6971153846153846 0.06490384615384616 0.054086538461538464
0 0.484375 0.7536057692307693 0.06490384615384616 0.054086538461538464
0 0.6502403846153846 0.234375 0.06490384615384616 0.05048076923076923
0 0.6490384615384616 0.2920673076923077 0.05889423076923077 0.05048076923076923
0 0.6454326923076923 0.3485576923076923 0.052884615384615384 0.04567307692307692
0 0.6430288461538461 0.4026442307692308 0.055288461538461536 0.04326923076923077
0 0.6478365384615384 0.5144230769230769 0.055288461538461536 0.046875
0 0.6322115384615384 0.05889423076923077 0.057692307692307696 0.05048076923076923
0 0.4831730769230769 0.8197115384615384 0.05889423076923077 0.04807692307692308
0 0.65625 0.11778846153846154 0.0625 0.04807692307692308
0 0.6322115384615384 0.17307692307692307 0.055288461538461536 0.051682692307692304
0 0.5456730769230769 0.7872596153846154 0.028846153846153848 0.11298076923076923
0 0.48677884615384615 0.8762019230769231 0.06009615384615385 0.051682692307692304
0 0.6598557692307693 0.8533653846153846 0.06490384615384616 0.054086538461538464
0 0.296875 0.4807692307692308 0.06370192307692307 0.04807692307692308
0 0.6574519230769231 0.9098557692307693 0.06009615384615385 0.05048076923076923
0 0.49278846153846156 0.9314903846153846 0.06129807692307692 0.06009615384615385
0 0.65625 0.9615384615384616 0.06370192307692307 0.056490384615384616
0 0.3076923076923077 0.9447115384615384 0.05889423076923077 0.05048076923076923
0 0.2920673076923077 0.021634615384615384 0.055288461538461536 0.04326923076923077
0 0.4723557692307692 0.016826923076923076 0.06490384615384616 0.03365384615384615
0 0.5240384615384616 0.014423076923076924 0.026442307692307692 0.028846153846153848
0 0.6322115384615384 0.018028846153846152 0.057692307692307696 0.036057692307692304
0 0.4831730769230769 0.35336538461538464 0.06009615384615385 0.052884615384615384
0 0.6598557692307693 0.6850961538461539 0.06009615384615385 0.04447115384615385
0 0.6526442307692307 0.6286057692307693 0.0625 0.05048076923076923
0 0.65625 0.7415865384615384 0.06129807692307692 0.04807692307692308
0 0.65625 0.796875 0.06009615384615385 0.046875
0 0.5480769230769231 0.9122596153846154 0.030048076923076924 0.11538461538461539
0 0.4987980769230769 0.9807692307692307 0.05889423076923077 0.036057692307692304
0 0.3161057692307692 0.9879807692307693 0.06610576923076923 0.021634615384615384
0 0.3076923076923077 0.8269230769230769 0.06850961538461539 0.055288461538461536
0 0.30649038461538464 0.8846153846153846 0.0673076923076923 0.054086538461538464