0 0.49038461538461536 0.5649038461538461 0.09495192307692307 0.06971153846153846
0 0.49038461538461536 0.4855769230769231 0.09495192307692307 0.07211538461538461
0 0.6033653846153846 0.6622596153846154 0.08653846153846154 0.06971153846153846
0 0.6021634615384616 0.7391826923076923 0.07451923076923077 0.06490384615384616
0 0.484375 0.8209134615384616 0.0829326923076923 0.07211538461538461
0 0.2512019230769231 0.9014423076923077 0.09134615384615384 0.078125
0 0.06009615384615385 0.7091346153846154 0.09615384615384616 0.07091346153846154
0 0.8149038461538461 0.49759615384615385 0.08774038461538461 0.07211538461538461
0 0.9230769230769231 0.5036057692307693 0.08653846153846154 0.07211538461538461
0 0.9182692307692307 0.5913461538461539 0.0889423076923077 0.07211538461538461
0 0.921875 0.6778846153846154 0.09014423076923077 0.0733173076923077
0 0.8137019230769231 0.5877403846153846 0.0889423076923077 0.07451923076923077
0 0.8088942307692307 0.8341346153846154 0.08774038461538461 0.06610576923076923
0 0.9158653846153846 0.8413461538461539 0.09254807692307693 0.08052884615384616
0 0.9086538461538461 0.9194711538461539 0.09014423076923077 0.07211538461538461
0 0.8076923076923077 0.9783653846153846 0.08653846153846154 0.042067307692307696
0 0.5973557692307693 0.9759615384615384 0.09975961538461539 0.04447115384615385
0 0.49278846153846156 0.06129807692307692 0.09254807692307693 0.07211538461538461
0 0.6021634615384616 0.08173076923076923 0.09254807692307693 0.07692307692307693
0 0.8197115384615384 0.10096153846153846 0.08173076923076923 0.07451923076923077
0 0.921875 0.10576923076923077 0.09495192307692307 0.08052884615384616
0 0.49399038461538464 0.009615384615384616 0.07692307692307693 0.019230769230769232