0 0.5036057692307693 0.640625 0.06009615384615385 0.052884615384615384
0 0.43028846153846156 0.5925480769230769 0.056490384615384616 0.04807692307692308
0 0.7175480769230769 0.8064903846153846 0.06370192307692307 0.05048076923076923
0 0.7175480769230769 0.9735576923076923 0.06129807692307692 0.05048076923076923
0 0.5072115384615384 0.5336538461538461 0.055288461538461536 0.04807692307692308
0 0.5060096153846154 0.5865384615384616 0.0625 0.046875
0 0.4387019230769231 0.9795673076923077 0.06009615384615385 0.038461538461538464
0 0.5060096153846154 0.9747596153846154 0.06129807692307692 0.046875
0 0.5060096153846154 0.9194711538461539 0.06370192307692307 0.051682692307692304
0 0.5072115384615384 0.859375 0.056490384615384616 0.04567307692307692
0 0.4266826923076923 0.8677884615384616 0.057692307692307696 0.046875
0 0.5072115384615384 0.8088942307692307 0.056490384615384616 0.046875
0 0.6502403846153846 0.9759615384615384 0.05048076923076923 0.04326923076923077
0 0.6478365384615384 0.921875 0.055288461538461536 0.046875
0 0.7127403846153846 0.9158653846153846 0.056490384615384616 0.04807692307692308
0 0.7151442307692307 0.8629807692307693 0.06129807692307692 0.046875
0 0.6478365384615384 0.8677884615384616 0.06370192307692307 0.04807692307692308
0 0.3016826923076923 0.9795673076923077 0.05048076923076923 0.037259615384615384
0 0.2980769230769231 0.9302884615384616 0.0625 0.04807692307692308
0 0.5036057692307693 0.4795673076923077 0.055288461538461536 0.046875
0 0.6442307692307693 0.8125 0.06610576923076923 0.051682692307692304
0 0.6502403846153846 0.7572115384615384 0.06490384615384616 0.051682692307692304
0 0.7151442307692307 0.7524038461538461 0.057692307692307696 0.046875
0 0.7139423076923077 0.6959134615384616 0.056490384615384616 0.051682692307692304
0 0.6466346153846154 0.703125 0.04927884615384615 0.046875
0 0.6478365384615384 0.6454326923076923 0.06009615384615385 0.051682692307692304
0 0.7127403846153846 0.6418269230769231 0.04807692307692308 0.04447115384615385
0 0.7091346153846154 0.5901442307692307 0.06009615384615385 0.052884615384615384
0 0.6454326923076923 0.5913461538461539 0.05889423076923077 0.05048076923076923
0 0.6442307692307693 0.5348557692307693 0.05889423076923077 0.051682692307692304
0 0.7199519230769231 0.5336538461538461 0.057692307692307696 0.051682692307692304
0 0.7127403846153846 0.4795673076923077 0.05889423076923077 0.052884615384615384
0 0.6430288461538461 0.4795673076923077 0.05889423076923077 0.051682692307692304
0 0.7175480769230769 0.4254807692307692 0.055288461538461536 0.046875
0 0.28725961538461536 0.546875 0.06009615384615385 0.04567307692307692
0 0.28725961538461536 0.4891826923076923 0.055288461538461536 0.054086538461538464
0 0.14423076923076922 0.47596153846153844 0.06129807692307692 0.04567307692307692
0 0.1466346153846154 0.5324519230769231 0.06370192307692307 0.051682692307692304
0 0.14903846153846154 0.5829326923076923 0.06370192307692307 0.04447115384615385
0 0.15264423076923078 0.6370192307692307 0.06490384615384616 0.04807692307692308
0 0.15504807692307693 0.6911057692307693 0.06129807692307692 0.04567307692307692
0 0.15985576923076922 0.7487980769230769 0.06129807692307692 0.046875
0 0.28846153846153844 0.875 0.056490384615384616 0.046875
0 0.8641826923076923 0.7403846153846154 0.0625 0.04807692307692308
0 0.8569711538461539 0.796875 0.0673076923076923 0.05048076923076923
0 0.8545673076923077 0.8461538461538461 0.056490384615384616 0.046875
0 0.8569711538461539 0.8954326923076923 0.06129807692307692 0.04567307692307692
0 0.8629807692307693 0.9555288461538461 0.051682692307692304 0.05048076923076923
0 0.8641826923076923 0.9915865384615384 0.06129807692307692 0.014423076923076924
0 0.8605769230769231 0.5769230769230769 0.056490384615384616 0.046875
0 0.859375 0.6262019230769231 0.04447115384615385 0.04807692307692308
0 0.8629807692307693 0.6814903846153846 0.06370192307692307 0.04567307692307692
0 0.8521634615384616 0.41947115384615385 0.055288461538461536 0.04567307692307692
0 0.6442307692307693 0.4266826923076923 0.06009615384615385 0.055288461538461536
0 0.43028846153846156 0.6538461538461539 0.055288461538461536 0.05048076923076923
0 0.43149038461538464 0.7043269230769231 0.05889423076923077 0.04567307692307692
0 0.4326923076923077 0.7560096153846154 0.05889423076923077 0.04326923076923077
0 0.4411057692307692 0.8125 0.05889423076923077 0.05048076923076923
0 0.4362980769230769 0.9254807692307693 0.056490384615384616 0.05048076923076923
0 0.5036057692307693 0.7572115384615384 0.06009615384615385 0.05048076923076923
0 0.5036057692307693 0.6995192307692307 0.06129807692307692 0.05048076923076923
0 0.15745192307692307 0.8605769230769231 0.055288461538461536 0.051682692307692304
0 0.15865384615384615 0.8040865384615384 0.057692307692307696 0.055288461538461536
0 0.28846153846153844 0.6033653846153846 0.06009615384615385 0.04807692307692308
0 0.8473557692307693 0.36778846153846156 0.057692307692307696 0.05048076923076923
0 0.8449519230769231 0.3137019230769231 0.06129807692307692 0.055288461538461536
0 0.8461538461538461 0.2608173076923077 0.06129807692307692 0.05048076923076923
0 0.8401442307692307 0.20793269230769232 0.052884615384615384 0.04326923076923077
0 0.8449519230769231 0.15504807692307693 0.06610576923076923 0.056490384615384616
0 0.84375 0.09975961538461539 0.06009615384615385 0.052884615384615384
0 0.8413461538461539 0.051682692307692304 0.06009615384615385 0.046875
0 0.8377403846153846 0.013221153846153846 0.056490384615384616 0.026442307692307692
0 0.6466346153846154 0.37259615384615385 0.06129807692307692 0.051682692307692304
0 0.7127403846153846 0.36778846153846156 0.055288461538461536 0.04807692307692308
0 0.7091346153846154 0.31490384615384615 0.05889423076923077 0.054086538461538464
0 0.6478365384615384 0.31490384615384615 0.05889423076923077 0.051682692307692304
0 0.7103365384615384 0.25961538461538464 0.052884615384615384 0.046875
0 0.6454326923076923 0.2644230769230769 0.05889423076923077 0.04807692307692308
0 0.6418269230769231 0.2127403846153846 0.055288461538461536 0.051682692307692304
0 0.7043269230769231 0.10576923076923077 0.056490384615384616 0.054086538461538464
0 0.4891826923076923 0.014423076923076924 0.05889423076923077 0.027644230769230768
0 0.4891826923076923 0.056490384615384616 0.05889423076923077 0.04807692307692308
0 0.4891826923076923 0.10817307692307693 0.055288461538461536 0.05048076923076923
0 0.4963942307692308 0.15985576923076922 0.06370192307692307 0.05048076923076923
0 0.4987980769230769 0.21153846153846154 0.056490384615384616 0.046875
0 0.43028846153846156 0.31971153846153844 0.06129807692307692 0.046875
0 0.42427884615384615 0.2668269230769231 0.056490384615384616 0.052884615384615384
0 0.4326923076923077 0.21153846153846154 0.056490384615384616 0.05048076923076923
0 0.42788461538461536 0.15745192307692307 0.05889423076923077 0.052884615384615384
0 0.42427884615384615 0.10697115384615384 0.056490384615384616 0.04807692307692308
0 0.4254807692307692 0.054086538461538464 0.057692307692307696 0.054086538461538464
0 0.4254807692307692 0.013221153846153846 0.06009615384615385 0.026442307692307692
0 0.28846153846153844 0.020432692307692308 0.055288461538461536 0.040865384615384616
0 0.2920673076923077 0.06610576923076923 0.056490384615384616 0.04807692307692308
0 0.29086538461538464 0.11778846153846154 0.06129807692307692 0.05048076923076923
0 0.28846153846153844 0.17067307692307693 0.06129807692307692 0.05048076923076923
0 0.29086538461538464 0.21754807692307693 0.052884615384615384 0.04807692307692308
0 0.28846153846153844 0.27163461538461536 0.052884615384615384 0.046875
0 0.2848557692307692 0.3233173076923077 0.054086538461538464 0.04807692307692308
0 0.27524038461538464 0.37740384615384615 0.052884615384615384 0.052884615384615384
0 0.2824519230769231 0.4362980769230769 0.056490384615384616 0.05048076923076923
0 0.13581730769230768 0.421875 0.05889423076923077 0.051682692307692304
0 0.13701923076923078 0.36899038461538464 0.05889423076923077 0.054086538461538464
0 0.13822115384615385 0.31490384615384615 0.06129807692307692 0.052884615384615384
0 0.14423076923076922 0.2608173076923077 0.057692307692307696 0.046875
0 0.13701923076923078 0.2091346153846154 0.06129807692307692 0.055288461538461536
0 0.13822115384615385 0.15384615384615385 0.06850961538461539 0.04807692307692308
0 0.13701923076923078 0.10336538461538461 0.05889423076923077 0.04807692307692308
0 0.14903846153846154 0.052884615384615384 0.056490384615384616 0.05048076923076923
0 0.13942307692307693 0.013221153846153846 0.06009615384615385 0.026442307692307692
0 0.8497596153846154 0.47836538461538464 0.05889423076923077 0.046875