0 0.6814903846153846 0.4795673076923077 0.036057692307692304 0.13942307692307693
0 0.7175480769230769 0.4879807692307692 0.03485576923076923 0.12860576923076922
0 0.7536057692307693 0.484375 0.03125 0.13942307692307693
0 0.7884615384615384 0.48197115384615385 0.03485576923076923 0.12259615384615384
0 0.8245192307692307 0.4807692307692308 0.03125 0.12860576923076922
0 0.5300480769230769 0.1658653846153846 0.07692307692307693 0.0625
0 0.27884615384615385 0.15865384615384615 0.0733173076923077 0.06129807692307692
0 0.35096153846153844 0.16105769230769232 0.07451923076923077 0.056490384615384616
0 0.6274038461538461 0.16947115384615385 0.06971153846153846 0.0625
0 0.47475961538461536 0.484375 0.03485576923076923 0.12740384615384615
0 0.47596153846153844 0.6274038461538461 0.03485576923076923 0.1346153846153846
0 0.5348557692307693 0.7584134615384616 0.03485576923076923 0.10817307692307693
0 0.5721153846153846 0.7752403846153846 0.039663461538461536 0.125
0 0.6081730769230769 0.7596153846153846 0.040865384615384616 0.11298076923076923
0 0.7572115384615384 0.7608173076923077 0.04326923076923077 0.11658653846153846
0 0.7932692307692307 0.7620192307692307 0.039663461538461536 0.1141826923076923
0 0.8245192307692307 0.7560096153846154 0.042067307692307696 0.11658653846153846
0 0.8665865384615384 0.7644230769230769 0.040865384615384616 0.11057692307692307
0 0.8569711538461539 0.5024038461538461 0.03485576923076923 0.12259615384615384
0 0.6442307692307693 0.4879807692307692 0.030048076923076924 0.13701923076923078
0 0.6021634615384616 0.47836538461538464 0.03365384615384615 0.12860576923076922
0 0.5588942307692307 0.46634615384615385 0.030048076923076924 0.12139423076923077
0 0.5204326923076923 0.4795673076923077 0.03365384615384615 0.14182692307692307
0 0.8918269230769231 0.4831730769230769 0.03485576923076923 0.125
0 0.9278846153846154 0.49158653846153844 0.03245192307692308 0.11899038461538461
0 0.9579326923076923 0.5 0.03485576923076923 0.12259615384615384
0 0.9891826923076923 0.5120192307692307 0.020432692307692308 0.14182692307692307
0 0.8329326923076923 0.1971153846153846 0.06850961538461539 0.06850961538461539
0 0.7103365384615384 0.18028846153846154 0.06370192307692307 0.06490384615384616
0 0.9891826923076923 0.9747596153846154 0.019230769230769232 0.046875
0 0.9182692307692307 0.9711538461538461 0.04326923076923077 0.054086538461538464
0 0.8762019230769231 0.9723557692307693 0.040865384615384616 0.051682692307692304
0 0.7572115384615384 0.9663461538461539 0.04326923076923077 0.0625
0 0.7115384615384616 0.9759615384615384 0.03485576923076923 0.04326923076923077
0 0.6730769230769231 0.9759615384615384 0.03245192307692308 0.04447115384615385
0 0.6286057692307693 0.9759615384615384 0.036057692307692304 0.04447115384615385
0 0.5480769230769231 0.9783653846153846 0.03245192307692308 0.042067307692307696
0 0.5072115384615384 0.9699519230769231 0.03245192307692308 0.056490384615384616
0 0.4651442307692308 0.9795673076923077 0.03245192307692308 0.038461538461538464
0 0.4254807692307692 0.9711538461538461 0.03485576923076923 0.055288461538461536
0 0.3870192307692308 0.9639423076923077 0.037259615384615384 0.06850961538461539