0 0.546875 0.421875 0.027644230769230768 0.10576923076923077
0 0.5144230769230769 0.4230769230769231 0.026442307692307692 0.11658653846153846
0 0.47836538461538464 0.2932692307692308 0.028846153846153848 0.10817307692307693
0 0.48197115384615385 0.4206730769230769 0.030048076923076924 0.11298076923076923
0 0.44471153846153844 0.29447115384615385 0.027644230769230768 0.11298076923076923
0 0.44711538461538464 0.4254807692307692 0.027644230769230768 0.109375
0 0.4098557692307692 0.3004807692307692 0.027644230769230768 0.11899038461538461
0 0.41466346153846156 0.42788461538461536 0.028846153846153848 0.09975961538461539
0 0.38461538461538464 0.43509615384615385 0.027644230769230768 0.11057692307692307
0 0.3786057692307692 0.30528846153846156 0.025240384615384616 0.109375
0 0.34375 0.30288461538461536 0.027644230769230768 0.11298076923076923
0 0.5120192307692307 0.2860576923076923 0.027644230769230768 0.1045673076923077
0 0.5456730769230769 0.2956730769230769 0.027644230769230768 0.09735576923076923
0 0.578125 0.30288461538461536 0.030048076923076924 0.11298076923076923
0 0.609375 0.296875 0.030048076923076924 0.109375
0 0.6418269230769231 0.2980769230769231 0.027644230769230768 0.1141826923076923
0 0.6742788461538461 0.3016826923076923 0.028846153846153848 0.11057692307692307
0 0.7055288461538461 0.3016826923076923 0.03125 0.11298076923076923
0 0.7355769230769231 0.30649038461538464 0.028846153846153848 0.10576923076923077
0 0.7644230769230769 0.30528846153846156 0.028846153846153848 0.109375
0 0.7956730769230769 0.30288461538461536 0.028846153846153848 0.10576923076923077
0 0.8233173076923077 0.3016826923076923 0.026442307692307692 0.09975961538461539
0 0.8533653846153846 0.3016826923076923 0.03245192307692308 0.10336538461538461
0 0.8822115384615384 0.30408653846153844 0.028846153846153848 0.09975961538461539
0 0.9110576923076923 0.30528846153846156 0.030048076923076924 0.10336538461538461
0 0.9411057692307693 0.3016826923076923 0.030048076923076924 0.1045673076923077
0 0.9699519230769231 0.30649038461538464 0.028846153846153848 0.09975961538461539
0 0.9915865384615384 0.31009615384615385 0.015625 0.109375
0 0.9903846153846154 0.4230769230769231 0.016826923076923076 0.10096153846153846
0 0.9723557692307693 0.4230769230769231 0.03125 0.09014423076923077
0 0.9447115384615384 0.4206730769230769 0.03245192307692308 0.10336538461538461
0 0.9134615384615384 0.4170673076923077 0.030048076923076924 0.10336538461538461
0 0.8834134615384616 0.4230769230769231 0.030048076923076924 0.109375
0 0.8557692307692307 0.4230769230769231 0.026442307692307692 0.1141826923076923
0 0.8257211538461539 0.41947115384615385 0.028846153846153848 0.09975961538461539
0 0.796875 0.4170673076923077 0.030048076923076924 0.10096153846153846
0 0.7668269230769231 0.4230769230769231 0.028846153846153848 0.09975961538461539
0 0.7355769230769231 0.41947115384615385 0.025240384615384616 0.10576923076923077
0 0.7079326923076923 0.421875 0.027644230769230768 0.109375
0 0.3473557692307692 0.4266826923076923 0.030048076923076924 0.12259615384615384
0 0.31490384615384615 0.42908653846153844 0.030048076923076924 0.109375
0 0.3125 0.2980769230769231 0.026442307692307692 0.11538461538461539
0 0.27884615384615385 0.3016826923076923 0.028846153846153848 0.10817307692307693
0 0.2824519230769231 0.4254807692307692 0.027644230769230768 0.11658653846153846
0 0.24639423076923078 0.30649038461538464 0.027644230769230768 0.11298076923076923
0 0.2127403846153846 0.3004807692307692 0.030048076923076924 0.12379807692307693
0 0.18028846153846154 0.3016826923076923 0.030048076923076924 0.11778846153846154
0 0.14543269230769232 0.3016826923076923 0.027644230769230768 0.09495192307692307
0 0.11538461538461539 0.30528846153846156 0.03245192307692308 0.10697115384615384
0 0.08173076923076923 0.296875 0.03245192307692308 0.09134615384615384
0 0.04807692307692308 0.30649038461538464 0.03245192307692308 0.10817307692307693
0 0.40024038461538464 0.13701923076923078 0.06129807692307692 0.05048076923076923
0 0.9903846153846154 0.06850961538461539 0.016826923076923076 0.11298076923076923
0 0.9699519230769231 0.05889423076923077 0.030048076923076924 0.10817307692307693
0 0.9399038461538461 0.06009615384615385 0.03485576923076923 0.109375
0 0.9098557692307693 0.05889423076923077 0.025240384615384616 0.1045673076923077
0 0.8822115384615384 0.056490384615384616 0.027644230769230768 0.10817307692307693
0 0.8509615384615384 0.054086538461538464 0.03365384615384615 0.10817307692307693
0 0.8209134615384616 0.05889423076923077 0.028846153846153848 0.10576923076923077
0 0.7932692307692307 0.06129807692307692 0.026442307692307692 0.10576923076923077
0 0.7620192307692307 0.056490384615384616 0.03125 0.11298076923076923
0 0.7307692307692307 0.056490384615384616 0.028846153846153848 0.11298076923076923
0 0.6995192307692307 0.05048076923076923 0.030048076923076924 0.10096153846153846
0 0.6706730769230769 0.05048076923076923 0.026442307692307692 0.09975961538461539
0 0.6382211538461539 0.051682692307692304 0.030048076923076924 0.10336538461538461
0 0.6081730769230769 0.054086538461538464 0.027644230769230768 0.10817307692307693
0 0.5745192307692307 0.052884615384615384 0.025240384615384616 0.09975961538461539
0 0.5408653846153846 0.052884615384615384 0.028846153846153848 0.10576923076923077
0 0.5096153846153846 0.04447115384615385 0.027644230769230768 0.0889423076923077
0 0.47836538461538464 0.05048076923076923 0.028846153846153848 0.10096153846153846
0 0.44350961538461536 0.051682692307692304 0.030048076923076924 0.10336538461538461
0 0.4110576923076923 0.04927884615384615 0.03365384615384615 0.0985576923076923
0 0.3798076923076923 0.05048076923076923 0.030048076923076924 0.09975961538461539
0 0.3449519230769231 0.04927884615384615 0.027644230769230768 0.0985576923076923
0 0.3137019230769231 0.051682692307692304 0.027644230769230768 0.10336538461538461
0 0.2800480769230769 0.05048076923076923 0.027644230769230768 0.09975961538461539
0 0.24759615384615385 0.054086538461538464 0.03365384615384615 0.10817307692307693
0 0.21514423076923078 0.054086538461538464 0.027644230769230768 0.10817307692307693
0 0.1814903846153846 0.052884615384615384 0.03125 0.10576923076923077
0 0.14783653846153846 0.057692307692307696 0.03125 0.11538461538461539
0 0.11298076923076923 0.052884615384615384 0.038461538461538464 0.10576923076923077
0 0.08173076923076923 0.054086538461538464 0.03125 0.10817307692307693
0 0.04447115384615385 0.052884615384615384 0.036057692307692304 0.10576923076923077
0 0.6766826923076923 0.421875 0.028846153846153848 0.109375
0 0.6454326923076923 0.42908653846153844 0.027644230769230768 0.11538461538461539
0 0.6117788461538461 0.421875 0.028846153846153848 0.11538461538461539
0 0.5793269230769231 0.4254807692307692 0.027644230769230768 0.1045673076923077
0 0.24879807692307693 0.43028846153846156 0.030048076923076924 0.109375
0 0.21634615384615385 0.4338942307692308 0.030048076923076924 0.1045673076923077
0 0.18509615384615385 0.4338942307692308 0.03485576923076923 0.11538461538461539
0 0.1502403846153846 0.42788461538461536 0.03125 0.11658653846153846
0 0.11899038461538461 0.421875 0.028846153846153848 0.10336538461538461
0 0.9915865384615384 0.6598557692307693 0.015625 0.109375
0 0.9699519230769231 0.6610576923076923 0.03365384615384615 0.10576923076923077
0 0.8762019230769231 0.5180288461538461 0.052884615384615384 0.042067307692307696
0 0.9411057692307693 0.6538461538461539 0.028846153846153848 0.1045673076923077
0 0.9134615384615384 0.6586538461538461 0.030048076923076924 0.10336538461538461
0 0.8846153846153846 0.6598557692307693 0.03245192307692308 0.11057692307692307
0 0.8569711538461539 0.6598557692307693 0.027644230769230768 0.109375
0 0.8269230769230769 0.6622596153846154 0.030048076923076924 0.10817307692307693
0 0.7980769230769231 0.6694711538461539 0.027644230769230768 0.09134615384615384
0 0.7668269230769231 0.6670673076923077 0.027644230769230768 0.1045673076923077
0 0.7403846153846154 0.6694711538461539 0.03125 0.11298076923076923
0 0.7091346153846154 0.6706730769230769 0.028846153846153848 0.109375
0 0.6766826923076923 0.6754807692307693 0.028846153846153848 0.109375
0 0.6442307692307693 0.6730769230769231 0.027644230769230768 0.10817307692307693
0 0.6153846153846154 0.6658653846153846 0.027644230769230768 0.11298076923076923
0 0.578125 0.6754807692307693 0.027644230769230768 0.11298076923076923
0 0.5480769230769231 0.6790865384615384 0.027644230769230768 0.11057692307692307
0 0.5144230769230769 0.6790865384615384 0.027644230769230768 0.1141826923076923
0 0.4831730769230769 0.6706730769230769 0.027644230769230768 0.11538461538461539
0 0.4495192307692308 0.6778846153846154 0.028846153846153848 0.11658653846153846
0 0.4182692307692308 0.671875 0.026442307692307692 0.11057692307692307
0 0.38221153846153844 0.6814903846153846 0.028846153846153848 0.10697115384615384
0 0.34975961538461536 0.6850961538461539 0.027644230769230768 0.10576923076923077
0 0.3161057692307692 0.6850961538461539 0.030048076923076924 0.11538461538461539
0 0.2824519230769231 0.6754807692307693 0.030048076923076924 0.11057692307692307
0 0.24759615384615385 0.6802884615384616 0.028846153846153848 0.12379807692307693
0 0.21514423076923078 0.6730769230769231 0.027644230769230768 0.1045673076923077
0 0.1814903846153846 0.6899038461538461 0.03485576923076923 0.11538461538461539