0 0.5348557692307693 0.7487980769230769 0.03245192307692308 0.1346153846153846
0 0.4795673076923077 0.4362980769230769 0.07932692307692307 0.06370192307692307
0 0.38822115384615385 0.42908653846153844 0.07932692307692307 0.06850961538461539
0 0.4951923076923077 0.7512019230769231 0.030048076923076924 0.08173076923076923
0 0.4543269230769231 0.7512019230769231 0.03365384615384615 0.13942307692307693
0 0.41586538461538464 0.7439903846153846 0.03245192307692308 0.12860576923076922
0 0.2668269230769231 0.9879807692307693 0.04447115384615385 0.021634615384615384
0 0.3449519230769231 0.9855769230769231 0.03485576923076923 0.025240384615384616
0 0.3918269230769231 0.9891826923076923 0.036057692307692304 0.018028846153846152
0 0.5745192307692307 0.7584134615384616 0.03245192307692308 0.12620192307692307
0 0.6129807692307693 0.7512019230769231 0.03365384615384615 0.140625
0 0.6526442307692307 0.7560096153846154 0.03245192307692308 0.1346153846153846
0 0.6911057692307693 0.7644230769230769 0.03245192307692308 0.10697115384615384
0 0.7283653846153846 0.7560096153846154 0.03485576923076923 0.12259615384615384
0 0.7692307692307693 0.765625 0.037259615384615384 0.13581730769230768
0 0.8064903846153846 0.75 0.03365384615384615 0.140625
0 0.8425480769230769 0.7439903846153846 0.036057692307692304 0.13701923076923078
0 0.8786057692307693 0.7560096153846154 0.036057692307692304 0.12259615384615384
0 0.9158653846153846 0.7668269230769231 0.03485576923076923 0.1310096153846154
0 0.9747596153846154 0.9314903846153846 0.04567307692307692 0.13341346153846154
0 0.9807692307692307 0.5480769230769231 0.036057692307692304 0.06129807692307692
0 0.8713942307692307 0.4387019230769231 0.07572115384615384 0.06971153846153846
0 0.6935096153846154 0.43990384615384615 0.07572115384615384 0.0625
0 0.039663461538461536 0.41947115384615385 0.07932692307692307 0.06971153846153846
0 0.3762019230769231 0.7668269230769231 0.037259615384615384 0.14182692307692307
0 0.8185096153846154 0.9855769230769231 0.03365384615384615 0.025240384615384616
0 0.7800480769230769 0.984375 0.03485576923076923 0.027644230769230768
0 0.7403846153846154 0.9855769230769231 0.03125 0.02403846153846154
0 0.06850961538461539 0.9807692307692307 0.04807692307692308 0.03485576923076923
0 0.020432692307692308 0.9783653846153846 0.040865384615384616 0.040865384615384616
0 0.3329326923076923 0.7487980769230769 0.03485576923076923 0.15384615384615385
0 0.2932692307692308 0.7475961538461539 0.03245192307692308 0.12259615384615384
0 0.25721153846153844 0.7475961538461539 0.036057692307692304 0.13942307692307693
0 0.21153846153846154 0.7644230769230769 0.04567307692307692 0.1658653846153846
0 0.17668269230769232 0.7427884615384616 0.03485576923076923 0.13221153846153846
0 0.140625 0.7355769230769231 0.03365384615384615 0.1346153846153846
0 0.10096153846153846 0.7307692307692307 0.038461538461538464 0.140625
0 0.06009615384615385 0.7487980769230769 0.038461538461538464 0.1346153846153846
0 0.021634615384615384 0.7283653846153846 0.042067307692307696 0.14543269230769232