0 0.41586538461538464 0.20432692307692307 0.042067307692307696 0.16346153846153846
0 0.4651442307692308 0.2091346153846154 0.040865384615384616 0.1622596153846154
0 0.3737980769230769 0.19951923076923078 0.040865384615384616 0.14903846153846154
0 0.5192307692307693 0.19831730769230768 0.04326923076923077 0.16346153846153846
0 0.3245192307692308 0.19110576923076922 0.04326923076923077 0.16826923076923078
0 0.5721153846153846 0.18870192307692307 0.04567307692307692 0.18990384615384615
0 0.6189903846153846 0.20793269230769232 0.039663461538461536 0.17067307692307693
0 0.671875 0.2091346153846154 0.038461538461538464 0.15144230769230768
0 0.71875 0.17307692307692307 0.04447115384615385 0.15865384615384615
0 0.7716346153846154 0.20432692307692307 0.04807692307692308 0.17067307692307693
0 0.27884615384615385 0.1814903846153846 0.04326923076923077 0.15745192307692307
0 0.23197115384615385 0.1622596153846154 0.04807692307692308 0.17548076923076922
0 0.17908653846153846 0.19591346153846154 0.04567307692307692 0.17307692307692307
0 0.1310096153846154 0.1875 0.05048076923076923 0.17548076923076922
0 0.08413461538461539 0.17668269230769232 0.04807692307692308 0.17067307692307693
0 0.671875 0.6959134615384616 0.042067307692307696 0.1778846153846154
0 0.6189903846153846 0.6911057692307693 0.04447115384615385 0.171875
0 0.5673076923076923 0.6802884615384616 0.040865384615384616 0.171875
0 0.5120192307692307 0.6911057692307693 0.042067307692307696 0.17067307692307693
0 0.46153846153846156 0.6838942307692307 0.042067307692307696 0.1658653846153846
0 0.40865384615384615 0.6862980769230769 0.039663461538461536 0.1502403846153846
0 0.3605769230769231 0.6947115384615384 0.04567307692307692 0.1778846153846154
0 0.25961538461538464 0.6959134615384616 0.04807692307692308 0.18028846153846154
0 0.21153846153846154 0.6911057692307693 0.04567307692307692 0.17067307692307693
0 0.16346153846153846 0.6490384615384616 0.04567307692307692 0.16826923076923078
0 0.11538461538461539 0.6550480769230769 0.046875 0.16947115384615385
0 0.06971153846153846 0.6442307692307693 0.05048076923076923 0.16105769230769232
0 0.7259615384615384 0.9555288461538461 0.04447115384615385 0.08413461538461539