0 0.6153846153846154 0.3918269230769231 0.055288461538461536 0.09735576923076923
0 0.34615384615384615 0.328125 0.04567307692307692 0.08413461538461539
0 0.5685096153846154 0.4723557692307692 0.052884615384615384 0.09735576923076923
0 0.6201923076923077 0.5540865384615384 0.055288461538461536 0.09495192307692307
0 0.5456730769230769 0.5120192307692307 0.056490384615384616 0.10096153846153846
0 0.5985576923076923 0.5973557692307693 0.056490384615384616 0.09615384615384616
0 0.5216346153846154 0.5540865384615384 0.056490384615384616 0.09735576923076923
0 0.5024038461538461 0.5997596153846154 0.056490384615384616 0.09975961538461539
0 0.27403846153846156 0.4495192307692308 0.054086538461538464 0.09495192307692307
0 0.25600961538461536 0.49759615384615385 0.055288461538461536 0.10336538461538461
0 0.5745192307692307 0.6358173076923077 0.057692307692307696 0.0985576923076923
0 0.5528846153846154 0.6790865384615384 0.052884615384615384 0.0889423076923077
0 0.3269230769230769 0.5372596153846154 0.056490384615384616 0.0889423076923077
0 0.5276442307692307 0.7211538461538461 0.051682692307692304 0.0889423076923077
0 0.5060096153846154 0.7608173076923077 0.054086538461538464 0.09254807692307693
0 0.39903846153846156 0.4182692307692308 0.046875 0.0889423076923077
0 0.3713942307692308 0.28846153846153844 0.052884615384615384 0.09735576923076923
0 0.4206730769230769 0.3762019230769231 0.055288461538461536 0.0985576923076923
0 0.4411057692307692 0.33052884615384615 0.055288461538461536 0.10096153846153846
0 0.4651442307692308 0.2860576923076923 0.052884615384615384 0.09254807692307693
0 0.4831730769230769 0.24278846153846154 0.055288461538461536 0.0985576923076923
0 0.3942307692307692 0.24278846153846154 0.055288461538461536 0.09735576923076923
0 0.4170673076923077 0.20432692307692307 0.04567307692307692 0.08413461538461539
0 0.4338942307692308 0.1622596153846154 0.052884615384615384 0.09254807692307693
0 0.5360576923076923 0.16706730769230768 0.05889423076923077 0.1045673076923077
0 0.2247596153846154 0.17908653846153846 0.056490384615384616 0.09134615384615384
0 0.203125 0.22235576923076922 0.054086538461538464 0.09014423076923077
0 0.17908653846153846 0.2644230769230769 0.05889423076923077 0.09615384615384616
0 0.15264423076923078 0.3004807692307692 0.05889423076923077 0.09495192307692307
0 0.109375 0.39302884615384615 0.06610576923076923 0.09975961538461539
0 0.11538461538461539 0.7415865384615384 0.051682692307692304 0.09495192307692307
0 0.34615384615384615 0.4891826923076923 0.054086538461538464 0.09495192307692307
0 0.3737980769230769 0.4543269230769231 0.056490384615384616 0.10096153846153846
0 0.6706730769230769 0.7980769230769231 0.054086538461538464 0.0985576923076923
0 0.6598557692307693 0.4723557692307692 0.051682692307692304 0.09495192307692307
0 0.6418269230769231 0.5108173076923077 0.052884615384615384 0.0985576923076923
0 0.59375 0.42908653846153844 0.055288461538461536 0.09975961538461539
0 0.48197115384615385 0.7980769230769231 0.05048076923076923 0.09735576923076923
0 0.42908653846153844 0.7139423076923077 0.054086538461538464 0.09615384615384616
0 0.4495192307692308 0.6682692307692307 0.054086538461538464 0.09615384615384616
0 0.47596153846153844 0.6322115384615384 0.04567307692307692 0.08173076923076923
0 0.25 0.140625 0.06129807692307692 0.1045673076923077
0 0.3112980769230769 0.039663461538461536 0.055288461538461536 0.07932692307692307
0 0.33774038461538464 0.02403846153846154 0.051682692307692304 0.046875
0 0.07932692307692307 0.44350961538461536 0.0625 0.0985576923076923
0 0.12860576923076922 0.33653846153846156 0.056490384615384616 0.10096153846153846
0 0.5120192307692307 0.20793269230769232 0.055288461538461536 0.09735576923076923
0 0.46274038461538464 0.12740384615384615 0.05889423076923077 0.0985576923076923
0 0.4831730769230769 0.08774038461538461 0.05889423076923077 0.09615384615384616
0 0.30649038461538464 0.5829326923076923 0.055288461538461536 0.09615384615384616
0 0.2776442307692308 0.6153846153846154 0.055288461538461536 0.09735576923076923
0 0.25721153846153844 0.6586538461538461 0.05889423076923077 0.1045673076923077
0 0.234375 0.7043269230769231 0.052884615384615384 0.09014423076923077
0 0.21153846153846154 0.7391826923076923 0.055288461538461536 0.09615384615384616
0 0.13822115384615385 0.7043269230769231 0.054086538461538464 0.09615384615384616
0 0.15985576923076922 0.6574519230769231 0.05048076923076923 0.08774038461538461
0 0.1814903846153846 0.6153846153846154 0.057692307692307696 0.09615384615384616
0 0.20552884615384615 0.5721153846153846 0.052884615384615384 0.09615384615384616
0 0.2283653846153846 0.5336538461538461 0.051682692307692304 0.09254807692307693
0 0.2980769230769231 0.41225961538461536 0.056490384615384616 0.0985576923076923
0 0.31971153846153844 0.36778846153846156 0.04927884615384615 0.09615384615384616
0 0.0889423076923077 0.7788461538461539 0.05889423076923077 0.0985576923076923
0 0.19110576923076922 0.7848557692307693 0.055288461538461536 0.09134615384615384
0 0.16706730769230768 0.8245192307692307 0.06009615384615385 0.1045673076923077
0 0.1466346153846154 0.8689903846153846 0.056490384615384616 0.09615384615384616
0 0.12139423076923077 0.9086538461538461 0.0625 0.0985576923076923
0 0.09975961538461539 0.9519230769230769 0.06610576923076923 0.09254807692307693
0 0.06610576923076923 0.9711538461538461 0.06610576923076923 0.054086538461538464
0 0.014423076923076924 0.9555288461538461 0.028846153846153848 0.08653846153846154
0 0.025240384615384616 0.9110576923076923 0.05048076923076923 0.11057692307692307
0 0.014423076923076924 0.7740384615384616 0.028846153846153848 0.08173076923076923
0 0.051682692307692304 0.8713942307692307 0.05889423076923077 0.10336538461538461
0 0.06610576923076923 0.8209134615384616 0.056490384615384616 0.10336538461538461
0 0.4266826923076923 0.5072115384615384 0.057692307692307696 0.10697115384615384
0 0.046875 0.5072115384615384 0.06129807692307692 0.09254807692307693
0 0.5036057692307693 0.051682692307692304 0.04927884615384615 0.08774038461538461
0 0.5240384615384616 0.027644230769230768 0.052884615384615384 0.055288461538461536
0 0.5588942307692307 0.13341346153846154 0.052884615384615384 0.10096153846153846
0 0.5769230769230769 0.09735576923076923 0.055288461538461536 0.09495192307692307
0 0.5949519230769231 0.04927884615384615 0.06009615384615385 0.0985576923076923
0 0.6189903846153846 0.03245192307692308 0.054086538461538464 0.06370192307692307
0 0.6502403846153846 0.016826923076923076 0.036057692307692304 0.03365384615384615
0 0.40625 0.7572115384615384 0.054086538461538464 0.09615384615384616
0 0.45913461538461536 0.8413461538461539 0.052884615384615384 0.09254807692307693
0 0.4387019230769231 0.8846153846153846 0.05048076923076923 0.08413461538461539
0 0.4182692307692308 0.9266826923076923 0.05048076923076923 0.09134615384615384
0 0.38461538461538464 0.8040865384615384 0.056490384615384616 0.1045673076923077
0 0.3641826923076923 0.8449519230769231 0.05048076923076923 0.0889423076923077
0 0.390625 0.9567307692307693 0.056490384615384616 0.08173076923076923
0 0.3629807692307692 0.9795673076923077 0.04326923076923077 0.038461538461538464
0 0.3401442307692308 0.8846153846153846 0.055288461538461536 0.0985576923076923
0 0.3173076923076923 0.921875 0.05889423076923077 0.10336538461538461
0 0.2956730769230769 0.9555288461538461 0.056490384615384616 0.08653846153846154
0 0.265625 0.9807692307692307 0.038461538461538464 0.036057692307692304
0 0.23317307692307693 0.9927884615384616 0.02403846153846154 0.009615384615384616
0 0.5516826923076923 0.9795673076923077 0.040865384615384616 0.037259615384615384
0 0.5793269230769231 0.9591346153846154 0.052884615384615384 0.078125
0 0.6033653846153846 0.9338942307692307 0.054086538461538464 0.09735576923076923
0 0.6286057692307693 0.8942307692307693 0.052884615384615384 0.09495192307692307
0 0.6478365384615384 0.8533653846153846 0.055288461538461536 0.10096153846153846
0 0.6935096153846154 0.7680288461538461 0.05048076923076923 0.09615384615384616
0 0.7175480769230769 0.7307692307692307 0.054086538461538464 0.09975961538461539
0 0.7379807692307693 0.6862980769230769 0.054086538461538464 0.09615384615384616
0 0.7608173076923077 0.6454326923076923 0.056490384615384616 0.09975961538461539
0 0.7776442307692307 0.6045673076923077 0.05048076923076923 0.09134615384615384
0 0.8004807692307693 0.5685096153846154 0.04567307692307692 0.08052884615384616
0 0.8185096153846154 0.5240384615384616 0.055288461538461536 0.09615384615384616
0 0.6370192307692307 0.34975961538461536 0.055288461538461536 0.09495192307692307
0 0.6850961538461539 0.43149038461538464 0.04807692307692308 0.08413461538461539
0 0.65625 0.3088942307692308 0.055288461538461536 0.09495192307692307
0 0.6754807692307693 0.2704326923076923 0.052884615384615384 0.09254807692307693
0 0.7043269230769231 0.3858173076923077 0.05048076923076923 0.09254807692307693
0 0.7247596153846154 0.35096153846153844 0.04807692307692308 0.08413461538461539
0 0.7463942307692307 0.31490384615384615 0.052884615384615384 0.09975961538461539
0 0.6995192307692307 0.22956730769230768 0.052884615384615384 0.09615384615384616
0 0.7199519230769231 0.19471153846153846 0.051682692307692304 0.09134615384615384
0 0.7668269230769231 0.2776442307692308 0.056490384615384616 0.10096153846153846
0 0.7403846153846154 0.15504807692307693 0.051682692307692304 0.09615384615384616
0 0.7848557692307693 0.23317307692307693 0.05048076923076923 0.09014423076923077
0 0.8088942307692307 0.20192307692307693 0.051682692307692304 0.09615384615384616
0 0.828125 0.1658653846153846 0.05048076923076923 0.08173076923076923
0 0.7596153846153846 0.11778846153846154 0.054086538461538464 0.09495192307692307
0 0.78125 0.08653846153846154 0.052884615384615384 0.09254807692307693
0 0.8485576923076923 0.12860576923076922 0.04807692307692308 0.0829326923076923
0 0.8653846153846154 0.08413461538461539 0.04807692307692308 0.09254807692307693
0 0.8834134615384616 0.052884615384615384 0.04807692307692308 0.09014423076923077
0 0.9050480769230769 0.03365384615384615 0.052884615384615384 0.06610576923076923
0 0.9362980769230769 0.018028846153846152 0.039663461538461536 0.036057692307692304
0 0.8209134615384616 0.030048076923076924 0.055288461538461536 0.06009615384615385
0 0.8052884615384616 0.04807692307692308 0.056490384615384616 0.09254807692307693
0 0.8377403846153846 0.48197115384615385 0.052884615384615384 0.09134615384615384
0 0.8581730769230769 0.44350961538461536 0.054086538461538464 0.09254807692307693
0 0.8786057692307693 0.40865384615384615 0.04927884615384615 0.0889423076923077
0 0.8966346153846154 0.36899038461538464 0.051682692307692304 0.09014423076923077
0 0.9182692307692307 0.33774038461538464 0.054086538461538464 0.09254807692307693
0 0.9375 0.2980769230769231 0.056490384615384616 0.0889423076923077
0 0.9591346153846154 0.25721153846153844 0.056490384615384616 0.09014423076923077
0 0.9735576923076923 0.22235576923076922 0.051682692307692304 0.10096153846153846
0 0.9831730769230769 0.17668269230769232 0.03125 0.07211538461538461
0 0.9927884615384616 0.1310096153846154 0.013221153846153846 0.05889423076923077