0 0.47475961538461536 0.027644230769230768 0.06370192307692307 0.051682692307692304
0 0.4723557692307692 0.08173076923076923 0.06009615384615385 0.04807692307692308
0 0.47596153846153844 0.4879807692307692 0.04927884615384615 0.051682692307692304
0 0.5240384615384616 0.03245192307692308 0.026442307692307692 0.06370192307692307
0 0.5240384615384616 0.13341346153846154 0.027644230769230768 0.109375
0 0.5264423076923077 0.25240384615384615 0.027644230769230768 0.10697115384615384
0 0.5324519230769231 0.49038461538461536 0.027644230769230768 0.12139423076923077
0 0.484375 0.5456730769230769 0.06850961538461539 0.06850961538461539
0 0.48677884615384615 0.6057692307692307 0.055288461538461536 0.06009615384615385
0 0.484375 0.6634615384615384 0.0625 0.056490384615384616
0 0.4879807692307692 0.7259615384615384 0.0733173076923077 0.06971153846153846
0 0.4795673076923077 0.43149038461538464 0.04927884615384615 0.04567307692307692
0 0.5384615384615384 0.6165865384615384 0.027644230769230768 0.10817307692307693
0 0.65625 0.8040865384615384 0.06129807692307692 0.054086538461538464
0 0.6370192307692307 0.4182692307692308 0.06009615384615385 0.05048076923076923
0 0.6502403846153846 0.3557692307692308 0.0625 0.05889423076923077
0 0.6466346153846154 0.2980769230769231 0.04927884615384615 0.05048076923076923
0 0.6526442307692307 0.24759615384615385 0.0625 0.05048076923076923
0 0.6430288461538461 0.1875 0.06129807692307692 0.04807692307692308
0 0.6370192307692307 0.13341346153846154 0.056490384615384616 0.052884615384615384
0 0.6358173076923077 0.07451923076923077 0.0625 0.04807692307692308
0 0.6346153846153846 0.02403846153846154 0.06129807692307692 0.046875
0 0.6550480769230769 0.8653846153846154 0.06610576923076923 0.055288461538461536
0 0.65625 0.7536057692307693 0.05889423076923077 0.054086538461538464
0 0.6550480769230769 0.6995192307692307 0.05889423076923077 0.06370192307692307
0 0.6574519230769231 0.6394230769230769 0.06009615384615385 0.054086538461538464
0 0.6466346153846154 0.5877403846153846 0.06129807692307692 0.05889423076923077
0 0.6442307692307693 0.5276442307692307 0.06490384615384616 0.056490384615384616
0 0.6418269230769231 0.47836538461538464 0.06370192307692307 0.05048076923076923
0 0.2860576923076923 0.03485576923076923 0.0625 0.054086538461538464
0 0.2848557692307692 0.09014423076923077 0.06009615384615385 0.051682692307692304
0 0.2800480769230769 0.1502403846153846 0.0625 0.052884615384615384
0 0.29927884615384615 0.5516826923076923 0.052884615384615384 0.04807692307692308
0 0.30528846153846156 0.49399038461538464 0.06610576923076923 0.051682692307692304
0 0.296875 0.4362980769230769 0.06850961538461539 0.052884615384615384
0 0.3016826923076923 0.3786057692307692 0.055288461538461536 0.04807692307692308
0 0.29927884615384615 0.32091346153846156 0.06129807692307692 0.051682692307692304
0 0.28966346153846156 0.25961538461538464 0.0733173076923077 0.06009615384615385
0 0.2800480769230769 0.20432692307692307 0.06610576923076923 0.05048076923076923
0 0.28725961538461536 0.7355769230769231 0.06971153846153846 0.06129807692307692
0 0.28725961538461536 0.6706730769230769 0.05889423076923077 0.04807692307692308
0 0.3004807692307692 0.609375 0.06610576923076923 0.051682692307692304
0 0.5288461538461539 0.36778846153846156 0.02403846153846154 0.10096153846153846
0 0.4675480769230769 0.13942307692307693 0.06610576923076923 0.056490384615384616
0 0.4675480769230769 0.19831730769230768 0.05889423076923077 0.05048076923076923
0 0.4699519230769231 0.25240384615384615 0.06009615384615385 0.051682692307692304
0 0.4807692307692308 0.2980769230769231 0.05889423076923077 0.056490384615384616
0 0.47596153846153844 0.36899038461538464 0.05889423076923077 0.05048076923076923
0 0.2824519230769231 0.9747596153846154 0.06971153846153846 0.04567307692307692