0 0.7620192307692307 0.5600961538461539 0.06370192307692307 0.054086538461538464
0 0.7620192307692307 0.6177884615384616 0.0625 0.052884615384615384
0 0.7644230769230769 0.6754807692307693 0.06610576923076923 0.051682692307692304
0 0.7644230769230769 0.7319711538461539 0.0625 0.054086538461538464
0 0.7620192307692307 0.7920673076923077 0.06610576923076923 0.046875
0 0.7584134615384616 0.8473557692307693 0.057692307692307696 0.052884615384615384
0 0.7620192307692307 0.9026442307692307 0.06850961538461539 0.052884615384615384
0 0.609375 0.3870192307692308 0.06129807692307692 0.055288461538461536
0 0.6057692307692307 0.4987980769230769 0.05889423076923077 0.05048076923076923
0 0.6045673076923077 0.5504807692307693 0.0625 0.052884615384615384
0 0.6033653846153846 0.7247596153846154 0.06129807692307692 0.05048076923076923
0 0.5997596153846154 0.7824519230769231 0.052884615384615384 0.04807692307692308
0 0.6033653846153846 0.8401442307692307 0.06009615384615385 0.054086538461538464
0 0.5997596153846154 0.8990384615384616 0.05889423076923077 0.05048076923076923
0 0.5973557692307693 0.9543269230769231 0.06129807692307692 0.052884615384615384
0 0.5264423076923077 0.9495192307692307 0.06129807692307692 0.04807692307692308
0 0.5252403846153846 0.8942307692307693 0.052884615384615384 0.052884615384615384
0 0.38100961538461536 0.43028846153846156 0.057692307692307696 0.052884615384615384
0 0.3786057692307692 0.5408653846153846 0.06009615384615385 0.051682692307692304
0 0.3786057692307692 0.5985576923076923 0.06370192307692307 0.051682692307692304
0 0.37259615384615385 0.6598557692307693 0.05889423076923077 0.055288461538461536
0 0.3762019230769231 0.7127403846153846 0.06370192307692307 0.04807692307692308
0 0.3762019230769231 0.7740384615384616 0.05048076923076923 0.04567307692307692
0 0.38100961538461536 0.8341346153846154 0.06370192307692307 0.055288461538461536
0 0.3786057692307692 0.890625 0.05889423076923077 0.04807692307692308
0 0.30288461538461536 0.3713942307692308 0.05889423076923077 0.05048076923076923
0 0.31009615384615385 0.5408653846153846 0.06129807692307692 0.052884615384615384
0 0.30649038461538464 0.5961538461538461 0.052884615384615384 0.051682692307692304
0 0.3004807692307692 0.6526442307692307 0.0625 0.05889423076923077
0 0.31009615384615385 0.7151442307692307 0.06009615384615385 0.05048076923076923
0 0.30528846153846156 0.7692307692307693 0.06009615384615385 0.05889423076923077
0 0.3004807692307692 0.828125 0.06129807692307692 0.04807692307692308
0 0.3004807692307692 0.8918269230769231 0.05048076923076923 0.05048076923076923
0 0.29927884615384615 0.9459134615384616 0.057692307692307696 0.052884615384615384
0 0.2980769230769231 0.9855769230769231 0.05889423076923077 0.02403846153846154
0 0.24759615384615385 0.4675480769230769 0.028846153846153848 0.10697115384615384
0 0.16826923076923078 0.47836538461538464 0.06850961538461539 0.04807692307692308
0 0.15985576923076922 0.5877403846153846 0.057692307692307696 0.052884615384615384
0 0.15384615384615385 0.6442307692307693 0.05889423076923077 0.056490384615384616
0 0.1502403846153846 0.703125 0.055288461538461536 0.04567307692307692
0 0.1466346153846154 0.7584134615384616 0.056490384615384616 0.051682692307692304
0 0.15144230769230768 0.8161057692307693 0.06009615384615385 0.04567307692307692
0 0.1502403846153846 0.8725961538461539 0.06009615384615385 0.051682692307692304
0 0.1502403846153846 0.9266826923076923 0.056490384615384616 0.05048076923076923
0 0.15504807692307693 0.9795673076923077 0.06009615384615385 0.038461538461538464
0 0.09014423076923077 0.4735576923076923 0.06009615384615385 0.05048076923076923
0 0.09254807692307693 0.5288461538461539 0.06370192307692307 0.05048076923076923
0 0.08774038461538461 0.5889423076923077 0.05889423076923077 0.054086538461538464
0 0.08653846153846154 0.6466346153846154 0.057692307692307696 0.051682692307692304
0 0.08052884615384616 0.6983173076923077 0.055288461538461536 0.042067307692307696
0 0.08052884615384616 0.7572115384615384 0.06370192307692307 0.051682692307692304
0 0.07451923076923077 0.8112980769230769 0.054086538461538464 0.05048076923076923
0 0.08173076923076923 0.8689903846153846 0.06370192307692307 0.04807692307692308
0 0.08052884615384616 0.9278846153846154 0.056490384615384616 0.04807692307692308
0 0.08413461538461539 0.9759615384615384 0.06610576923076923 0.04326923076923077
0 0.3762019230769231 0.9471153846153846 0.051682692307692304 0.051682692307692304
0 0.37740384615384615 0.9855769230769231 0.06129807692307692 0.02403846153846154
0 0.5288461538461539 0.9891826923076923 0.05889423076923077 0.018028846153846152
0 0.5985576923076923 0.9903846153846154 0.056490384615384616 0.016826923076923076
0 0.7572115384615384 0.9903846153846154 0.0625 0.015625
0 0.7584134615384616 0.9555288461538461 0.056490384615384616 0.054086538461538464
0 0.6045673076923077 0.6706730769230769 0.05889423076923077 0.046875
0 0.5360576923076923 0.6730769230769231 0.054086538461538464 0.051682692307692304
0 0.5324519230769231 0.7283653846153846 0.06129807692307692 0.046875
0 0.5324519230769231 0.7824519230769231 0.06370192307692307 0.052884615384615384
0 0.5276442307692307 0.8413461538461539 0.06009615384615385 0.05048076923076923
0 0.5300480769230769 0.6153846153846154 0.05889423076923077 0.05048076923076923
0 0.5324519230769231 0.5528846153846154 0.06370192307692307 0.04807692307692308
0 0.5276442307692307 0.49038461538461536 0.06129807692307692 0.05048076923076923
0 0.5360576923076923 0.4387019230769231 0.057692307692307696 0.046875
0 0.5384615384615384 0.37740384615384615 0.06370192307692307 0.054086538461538464
0 0.6069711538461539 0.2668269230769231 0.056490384615384616 0.052884615384615384
0 0.6057692307692307 0.3245192307692308 0.05889423076923077 0.052884615384615384
0 0.5372596153846154 0.265625 0.05889423076923077 0.055288461538461536
0 0.5372596153846154 0.3233173076923077 0.06370192307692307 0.051682692307692304
0 0.5997596153846154 0.44471153846153844 0.06009615384615385 0.054086538461538464
0 0.38461538461538464 0.2608173076923077 0.052884615384615384 0.055288461538461536
0 0.30408653846153844 0.3137019230769231 0.06370192307692307 0.054086538461538464
0 0.30528846153846156 0.25841346153846156 0.06129807692307692 0.052884615384615384
0 0.3762019230769231 0.375 0.052884615384615384 0.051682692307692304
0 0.3786057692307692 0.31490384615384615 0.06009615384615385 0.051682692307692304
0 0.3004807692307692 0.42788461538461536 0.055288461538461536 0.051682692307692304
0 0.3088942307692308 0.4855769230769231 0.05889423076923077 0.054086538461538464
0 0.38221153846153844 0.4855769230769231 0.06370192307692307 0.04807692307692308
0 0.16826923076923078 0.25 0.06610576923076923 0.056490384615384616
0 0.09735576923076923 0.24639423076923078 0.06490384615384616 0.05048076923076923
0 0.09134615384615384 0.3004807692307692 0.06129807692307692 0.052884615384615384
0 0.17067307692307693 0.30528846153846156 0.06490384615384616 0.04807692307692308
0 0.16826923076923078 0.359375 0.06129807692307692 0.051682692307692304
0 0.1658653846153846 0.4182692307692308 0.06370192307692307 0.04807692307692308
0 0.08774038461538461 0.4170673076923077 0.06129807692307692 0.05048076923076923
0 0.0889423076923077 0.3581730769230769 0.05889423076923077 0.05048076923076923
0 0.1622596153846154 0.5300480769230769 0.06129807692307692 0.051682692307692304
0 0.11899038461538461 0.10817307692307693 0.06490384615384616 0.07091346153846154
0 0.17548076923076922 0.02403846153846154 0.06490384615384616 0.04807692307692308
0 0.10096153846153846 0.02283653846153846 0.0625 0.04567307692307692
0 0.31971153846153844 0.02283653846153846 0.06129807692307692 0.04567307692307692
0 0.3918269230769231 0.02283653846153846 0.0625 0.04567307692307692
0 0.5372596153846154 0.03485576923076923 0.055288461538461536 0.051682692307692304
0 0.6033653846153846 0.040865384615384616 0.0625 0.06009615384615385
0 0.7512019230769231 0.007211538461538462 0.052884615384615384 0.014423076923076924
0 0.6069711538461539 0.006009615384615385 0.06129807692307692 0.010817307692307692
0 0.7572115384615384 0.042067307692307696 0.056490384615384616 0.05048076923076923
0 0.7560096153846154 0.09495192307692307 0.06009615384615385 0.054086538461538464
0 0.7632211538461539 0.15144230769230768 0.056490384615384616 0.052884615384615384
0 0.7620192307692307 0.4495192307692308 0.05889423076923077 0.046875
0 0.765625 0.5012019230769231 0.05889423076923077 0.04567307692307692
0 0.7644230769230769 0.39903846153846156 0.05889423076923077 0.052884615384615384
0 0.7608173076923077 0.3401442307692308 0.056490384615384616 0.054086538461538464
0 0.7620192307692307 0.2848557692307692 0.051682692307692304 0.04807692307692308