0 0.8677884615384616 0.5108173076923077 0.05889423076923077 0.054086538461538464
0 0.6983173076923077 0.40384615384615385 0.03245192307692308 0.1141826923076923
0 0.6923076923076923 0.5649038461538461 0.026442307692307692 0.11538461538461539
0 0.7055288461538461 0.26802884615384615 0.030048076923076924 0.12139423076923077
0 0.7091346153846154 0.1141826923076923 0.030048076923076924 0.12379807692307693
0 0.5612980769230769 0.016826923076923076 0.055288461538461536 0.03365384615384615
0 0.5576923076923077 0.1622596153846154 0.05889423076923077 0.06009615384615385
0 0.5552884615384616 0.3317307692307692 0.06009615384615385 0.05048076923076923
0 0.5564903846153846 0.3870192307692308 0.056490384615384616 0.05048076923076923
0 0.5564903846153846 0.44471153846153844 0.06129807692307692 0.054086538461538464
0 0.5564903846153846 0.5012019230769231 0.05889423076923077 0.051682692307692304
0 0.5528846153846154 0.5600961538461539 0.06129807692307692 0.051682692307692304
0 0.5528846153846154 0.6129807692307693 0.0625 0.04567307692307692
0 0.5492788461538461 0.6706730769230769 0.06610576923076923 0.046875
0 0.546875 0.7319711538461539 0.06129807692307692 0.052884615384615384
0 0.5456730769230769 0.7860576923076923 0.05889423076923077 0.04807692307692308
0 0.5432692307692307 0.8425480769230769 0.06009615384615385 0.054086538461538464
0 0.5432692307692307 0.8966346153846154 0.06370192307692307 0.054086538461538464
0 0.5372596153846154 0.9567307692307693 0.06129807692307692 0.04807692307692308
0 0.41346153846153844 0.46274038461538464 0.055288461538461536 0.07692307692307693
0 0.421875 0.056490384615384616 0.06370192307692307 0.07932692307692307
0 0.40865384615384615 0.7608173076923077 0.055288461538461536 0.06610576923076923
0 0.4098557692307692 0.8185096153846154 0.05889423076923077 0.0733173076923077
0 0.4074519230769231 0.8786057692307693 0.06129807692307692 0.0733173076923077
0 0.28365384615384615 0.9783653846153846 0.054086538461538464 0.042067307692307696
0 0.2764423076923077 0.9134615384615384 0.06129807692307692 0.07451923076923077
0 0.27884615384615385 0.8545673076923077 0.056490384615384616 0.078125
0 0.2824519230769231 0.7932692307692307 0.04807692307692308 0.06971153846153846
0 0.28846153846153844 0.7295673076923077 0.04567307692307692 0.05889423076923077
0 0.28846153846153844 0.6658653846153846 0.04567307692307692 0.06610576923076923
0 0.27884615384615385 0.5949519230769231 0.055288461538461536 0.06610576923076923
0 0.28846153846153844 0.5324519230769231 0.04447115384615385 0.06490384615384616
0 0.2932692307692308 0.4651442307692308 0.04807692307692308 0.06850961538461539
0 0.2920673076923077 0.39663461538461536 0.06129807692307692 0.0733173076923077
0 0.28725961538461536 0.328125 0.06370192307692307 0.08173076923076923
0 0.29086538461538464 0.2668269230769231 0.0625 0.08413461538461539
0 0.29447115384615385 0.203125 0.0625 0.07932692307692307
0 0.29447115384615385 0.13341346153846154 0.06850961538461539 0.08653846153846154
0 0.29447115384615385 0.06971153846153846 0.06370192307692307 0.06850961538461539
0 0.30528846153846156 0.019230769230769232 0.055288461538461536 0.038461538461538464