0 0.8064903846153846 0.13942307692307693 0.027644230769230768 0.0889423076923077
0 0.8353365384615384 0.11538461538461539 0.028846153846153848 0.0985576923076923
0 0.8665865384615384 0.18509615384615385 0.03125 0.09735576923076923
0 0.7487980769230769 0.13341346153846154 0.027644230769230768 0.0985576923076923
0 0.7776442307692307 0.12139423076923077 0.027644230769230768 0.10096153846153846
0 0.71875 0.11899038461538461 0.028846153846153848 0.0985576923076923
0 0.6911057692307693 0.125 0.026442307692307692 0.1141826923076923
0 0.6598557692307693 0.12259615384615384 0.030048076923076924 0.109375
0 0.40865384615384615 0.7932692307692307 0.025240384615384616 0.109375
0 0.3762019230769231 0.7932692307692307 0.027644230769230768 0.1045673076923077
0 0.5504807692307693 0.6574519230769231 0.026442307692307692 0.10336538461538461
0 0.5925480769230769 0.3942307692307692 0.025240384615384616 0.09975961538461539
0 0.49759615384615385 0.40384615384615385 0.027644230769230768 0.1045673076923077
0 0.5276442307692307 0.390625 0.030048076923076924 0.1045673076923077
0 0.5625 0.3762019230769231 0.030048076923076924 0.09615384615384616
0 0.3713942307692308 0.04447115384615385 0.054086538461538464 0.056490384615384616
0 0.6310096153846154 0.13341346153846154 0.025240384615384616 0.09735576923076923
0 0.8918269230769231 0.1045673076923077 0.027644230769230768 0.09975961538461539
0 0.9230769230769231 0.10336538461538461 0.027644230769230768 0.1045673076923077
0 0.9567307692307693 0.10576923076923077 0.03245192307692308 0.10697115384615384
0 0.9855769230769231 0.10576923076923077 0.027644230769230768 0.10697115384615384
0 0.5673076923076923 0.125 0.026442307692307692 0.10336538461538461
0 0.5985576923076923 0.12620192307692307 0.026442307692307692 0.10336538461538461
0 0.5348557692307693 0.125 0.030048076923076924 0.10336538461538461
0 0.47475961538461536 0.14543269230769232 0.027644230769230768 0.109375
0 0.5072115384615384 0.14182692307692307 0.026442307692307692 0.10697115384615384
0 0.44471153846153844 0.15264423076923078 0.026442307692307692 0.1045673076923077
0 0.41346153846153844 0.15985576923076922 0.027644230769230768 0.109375
0 0.38461538461538464 0.16706730769230768 0.026442307692307692 0.1045673076923077
0 0.3545673076923077 0.17548076923076922 0.026442307692307692 0.10336538461538461
0 0.3233173076923077 0.171875 0.027644230769230768 0.10336538461538461
0 0.2932692307692308 0.17908653846153846 0.028846153846153848 0.10697115384615384
0 0.26322115384615385 0.18389423076923078 0.027644230769230768 0.09615384615384616
0 0.23317307692307693 0.1935096153846154 0.030048076923076924 0.09014423076923077
0 0.6237980769230769 0.39903846153846156 0.027644230769230768 0.09134615384615384
0 0.6550480769230769 0.4050480769230769 0.028846153846153848 0.09975961538461539
0 0.6838942307692307 0.39663461538461536 0.027644230769230768 0.11057692307692307
0 0.7127403846153846 0.40024038461538464 0.028846153846153848 0.109375
0 0.7439903846153846 0.39903846153846156 0.027644230769230768 0.10336538461538461
0 0.7728365384615384 0.3942307692307692 0.027644230769230768 0.09975961538461539
0 0.8028846153846154 0.3918269230769231 0.027644230769230768 0.11057692307692307
0 0.8329326923076923 0.39302884615384615 0.030048076923076924 0.1045673076923077
0 0.8605769230769231 0.3894230769230769 0.027644230769230768 0.10336538461538461
0 0.8894230769230769 0.38461538461538464 0.03245192307692308 0.10096153846153846
0 0.9206730769230769 0.3870192307692308 0.030048076923076924 0.09975961538461539
0 0.9483173076923077 0.3713942307692308 0.03245192307692308 0.09615384615384616
0 0.9807692307692307 0.3641826923076923 0.03485576923076923 0.10096153846153846
0 0.46274038461538464 0.4026442307692308 0.02403846153846154 0.10697115384615384
0 0.4338942307692308 0.4110576923076923 0.027644230769230768 0.10817307692307693
0 0.40384615384615385 0.4170673076923077 0.025240384615384616 0.10576923076923077
0 0.3713942307692308 0.4170673076923077 0.027644230769230768 0.0985576923076923
0 0.22235576923076922 0.4230769230769231 0.025240384615384616 0.10817307692307693
0 0.1935096153846154 0.4254807692307692 0.027644230769230768 0.09975961538461539
0 0.16466346153846154 0.4254807692307692 0.026442307692307692 0.10817307692307693
0 0.1346153846153846 0.41947115384615385 0.028846153846153848 0.1045673076923077
0 0.10576923076923077 0.4230769230769231 0.027644230769230768 0.10336538461538461
0 0.07692307692307693 0.4206730769230769 0.030048076923076924 0.09254807692307693
0 0.046875 0.43028846153846156 0.026442307692307692 0.09615384615384616
0 0.019230769230769232 0.4362980769230769 0.025240384615384616 0.09615384615384616
0 0.003605769230769231 0.4362980769230769 0.006009615384615385 0.09014423076923077
0 0.01201923076923077 0.3449519230769231 0.02403846153846154 0.046875
0 0.34615384615384615 0.6670673076923077 0.025240384615384616 0.10336538461538461
0 0.31490384615384615 0.6790865384615384 0.030048076923076924 0.1045673076923077
0 0.3449519230769231 0.7908653846153846 0.027644230769230768 0.10697115384615384
0 0.3161057692307692 0.8004807692307693 0.025240384615384616 0.09495192307692307
0 0.2824519230769231 0.6586538461538461 0.027644230769230768 0.109375
0 0.28725961538461536 0.7980769230769231 0.026442307692307692 0.09975961538461539
0 0.2512019230769231 0.6706730769230769 0.027644230769230768 0.10336538461538461
0 0.25600961538461536 0.7932692307692307 0.030048076923076924 0.1141826923076923
0 0.22235576923076922 0.6766826923076923 0.027644230769230768 0.10576923076923077
0 0.2247596153846154 0.7944711538461539 0.03125 0.09975961538461539
0 0.1935096153846154 0.6694711538461539 0.027644230769230768 0.1045673076923077
0 0.19471153846153846 0.7848557692307693 0.025240384615384616 0.109375
0 0.16826923076923078 0.7920673076923077 0.03125 0.0985576923076923
0 0.16346153846153846 0.6658653846153846 0.025240384615384616 0.09615384615384616
0 0.1346153846153846 0.6706730769230769 0.03125 0.10336538461538461
0 0.10336538461538461 0.6730769230769231 0.028846153846153848 0.10576923076923077
0 0.07692307692307693 0.6778846153846154 0.027644230769230768 0.09735576923076923
0 0.04567307692307692 0.6911057692307693 0.03245192307692308 0.09975961538461539
0 0.019230769230769232 0.6814903846153846 0.03125 0.10817307692307693
0 0.13701923076923078 0.8004807692307693 0.027644230769230768 0.09615384615384616
0 0.10817307692307693 0.8004807692307693 0.030048076923076924 0.09495192307692307
0 0.04807692307692308 0.8088942307692307 0.03125 0.10336538461538461
0 0.016826923076923076 0.8064903846153846 0.03245192307692308 0.10697115384615384
0 0.3125 0.9915865384615384 0.02403846153846154 0.01201923076923077
0 0.2824519230769231 0.9927884615384616 0.026442307692307692 0.010817307692307692
0 0.1935096153846154 0.9915865384615384 0.025240384615384616 0.01201923076923077
0 0.1310096153846154 0.9927884615384616 0.025240384615384616 0.009615384615384616
0 0.25600961538461536 0.9927884615384616 0.021634615384615384 0.010817307692307692
0 0.5012019230769231 0.9915865384615384 0.02403846153846154 0.014423076923076924
0 0.5276442307692307 0.9927884615384616 0.025240384615384616 0.010817307692307692
0 0.7463942307692307 0.9855769230769231 0.027644230769230768 0.02403846153846154
0 0.7800480769230769 0.9807692307692307 0.027644230769230768 0.03485576923076923
0 0.8088942307692307 0.9795673076923077 0.028846153846153848 0.037259615384615384
0 0.8377403846153846 0.9735576923076923 0.026442307692307692 0.05048076923076923
0 0.8701923076923077 0.9783653846153846 0.030048076923076924 0.042067307692307696
0 0.9014423076923077 0.9819711538461539 0.026442307692307692 0.03245192307692308
0 0.9314903846153846 0.9795673076923077 0.027644230769230768 0.037259615384615384
0 0.9627403846153846 0.984375 0.03125 0.027644230769230768
0 0.9891826923076923 0.9711538461538461 0.016826923076923076 0.052884615384615384
0 0.5925480769230769 0.6598557692307693 0.027644230769230768 0.10336538461538461
0 0.5925480769230769 0.7860576923076923 0.027644230769230768 0.09615384615384616
0 0.43990384615384615 0.8004807692307693 0.027644230769230768 0.10096153846153846
0 0.6237980769230769 0.6514423076923077 0.027644230769230768 0.10336538461538461
0 0.6574519230769231 0.6634615384615384 0.025240384615384616 0.10336538461538461
0 0.6875 0.6526442307692307 0.028846153846153848 0.109375
0 0.71875 0.6454326923076923 0.028846153846153848 0.10697115384615384
0 0.7487980769230769 0.6466346153846154 0.027644230769230768 0.10576923076923077
0 0.7788461538461539 0.6442307692307693 0.028846153846153848 0.1045673076923077
0 0.8088942307692307 0.6394230769230769 0.030048076923076924 0.11298076923076923
0 0.8389423076923077 0.6334134615384616 0.03125 0.10096153846153846
0 0.8689903846153846 0.6286057692307693 0.027644230769230768 0.09735576923076923
0 0.8978365384615384 0.6237980769230769 0.03245192307692308 0.09975961538461539
0 0.9278846153846154 0.6286057692307693 0.03245192307692308 0.09495192307692307
0 0.9567307692307693 0.625 0.03245192307692308 0.10336538461538461
0 0.984375 0.625 0.030048076923076924 0.09735576923076923
0 0.6286057692307693 0.7800480769230769 0.026442307692307692 0.10096153846153846
0 0.6574519230769231 0.7836538461538461 0.025240384615384616 0.10096153846153846
0 0.6862980769230769 0.7776442307692307 0.027644230769230768 0.11057692307692307
0 0.7175480769230769 0.7668269230769231 0.027644230769230768 0.10697115384615384
0 0.7475961538461539 0.7644230769230769 0.026442307692307692 0.1045673076923077
0 0.7800480769230769 0.7608173076923077 0.030048076923076924 0.10697115384615384
0 0.8100961538461539 0.7584134615384616 0.030048076923076924 0.10697115384615384
0 0.8377403846153846 0.7536057692307693 0.028846153846153848 0.0985576923076923
0 0.8689903846153846 0.7536057692307693 0.030048076923076924 0.09975961538461539
0 0.8990384615384616 0.7439903846153846 0.03245192307692308 0.09975961538461539
0 0.9254807692307693 0.7331730769230769 0.028846153846153848 0.10096153846153846
0 0.9567307692307693 0.7403846153846154 0.03365384615384615 0.10817307692307693
0 0.9855769230769231 0.7439903846153846 0.026442307692307692 0.10096153846153846