0 0.5612980769230769 0.37740384615384615 0.026442307692307692 0.11298076923076923
0 0.5300480769230769 0.38100961538461536 0.027644230769230768 0.1141826923076923
0 0.5192307692307693 0.6370192307692307 0.027644230769230768 0.10817307692307693
0 0.4879807692307692 0.6466346153846154 0.026442307692307692 0.109375
0 0.4567307692307692 0.6334134615384616 0.025240384615384616 0.10697115384615384
0 0.5793269230769231 0.8737980769230769 0.027644230769230768 0.1045673076923077
0 0.5504807692307693 0.6430288461538461 0.030048076923076924 0.1045673076923077
0 0.5901442307692307 0.38341346153846156 0.030048076923076924 0.09975961538461539
0 0.6213942307692307 0.37740384615384615 0.027644230769230768 0.10336538461538461
0 0.6514423076923077 0.3762019230769231 0.027644230769230768 0.1045673076923077
0 0.6814903846153846 0.38221153846153844 0.030048076923076924 0.1045673076923077
0 0.7127403846153846 0.38221153846153844 0.027644230769230768 0.10697115384615384
0 0.7391826923076923 0.38461538461538464 0.025240384615384616 0.09615384615384616
0 0.7752403846153846 0.38461538461538464 0.027644230769230768 0.10697115384615384
0 0.46274038461538464 0.3918269230769231 0.026442307692307692 0.09014423076923077
0 0.4326923076923077 0.3954326923076923 0.02403846153846154 0.1045673076923077
0 0.40384615384615385 0.40024038461538464 0.028846153846153848 0.10817307692307693
0 0.3737980769230769 0.39663461538461536 0.02403846153846154 0.09975961538461539
0 0.34134615384615385 0.3858173076923077 0.025240384615384616 0.09495192307692307
0 0.3088942307692308 0.38100961538461536 0.026442307692307692 0.10336538461538461
0 0.2800480769230769 0.38341346153846156 0.026442307692307692 0.10576923076923077
0 0.24759615384615385 0.38461538461538464 0.03125 0.1141826923076923
0 0.21875 0.39302884615384615 0.025240384615384616 0.1045673076923077
0 0.18870192307692307 0.39903846153846156 0.026442307692307692 0.09735576923076923
0 0.15985576923076922 0.390625 0.030048076923076924 0.10576923076923077
0 0.10336538461538461 0.40384615384615385 0.03125 0.09975961538461539
0 0.07211538461538461 0.4014423076923077 0.030048076923076924 0.09975961538461539
0 0.037259615384615384 0.3942307692307692 0.03245192307692308 0.09134615384615384
0 0.010817307692307692 0.3942307692307692 0.021634615384615384 0.12139423076923077
0 0.5793269230769231 0.6262019230769231 0.025240384615384616 0.09975961538461539
0 0.6105769230769231 0.6189903846153846 0.028846153846153848 0.09735576923076923
0 0.6394230769230769 0.6358173076923077 0.027644230769230768 0.10576923076923077
0 0.6706730769230769 0.6370192307692307 0.027644230769230768 0.10336538461538461
0 0.7019230769230769 0.6237980769230769 0.027644230769230768 0.10697115384615384
0 0.4230769230769231 0.6358173076923077 0.025240384615384616 0.11057692307692307
0 0.39302884615384615 0.6418269230769231 0.02403846153846154 0.10336538461538461
0 0.3605769230769231 0.640625 0.025240384615384616 0.10096153846153846
0 0.3317307692307692 0.6442307692307693 0.026442307692307692 0.10817307692307693
0 0.3016826923076923 0.6430288461538461 0.025240384615384616 0.10817307692307693
0 0.27283653846153844 0.6526442307692307 0.026442307692307692 0.10817307692307693
0 0.2403846153846154 0.6574519230769231 0.026442307692307692 0.10817307692307693
0 0.21033653846153846 0.6370192307692307 0.026442307692307692 0.0985576923076923
0 0.1814903846153846 0.640625 0.028846153846153848 0.11658653846153846
0 0.11899038461538461 0.6490384615384616 0.03245192307692308 0.10697115384615384
0 0.1502403846153846 0.6490384615384616 0.030048076923076924 0.11057692307692307
0 0.0889423076923077 0.6526442307692307 0.027644230769230768 0.10096153846153846
0 0.055288461538461536 0.6550480769230769 0.03365384615384615 0.10817307692307693
0 0.640625 0.8689903846153846 0.025240384615384616 0.109375
0 0.609375 0.8713942307692307 0.026442307692307692 0.10576923076923077
0 0.5516826923076923 0.875 0.025240384615384616 0.0985576923076923
0 0.5180288461538461 0.8822115384615384 0.025240384615384616 0.0985576923076923
0 0.49038461538461536 0.8846153846153846 0.027644230769230768 0.10096153846153846
0 0.4543269230769231 0.8834134615384616 0.025240384615384616 0.10336538461538461
0 0.42427884615384615 0.8846153846153846 0.02403846153846154 0.10697115384615384
0 0.3942307692307692 0.9026442307692307 0.025240384615384616 0.09975961538461539
0 0.3629807692307692 0.8834134615384616 0.025240384615384616 0.11298076923076923
0 0.3329326923076923 0.8954326923076923 0.03245192307692308 0.10576923076923077
0 0.3016826923076923 0.9038461538461539 0.02403846153846154 0.10336538461538461
0 0.2704326923076923 0.8990384615384616 0.025240384615384616 0.10336538461538461
0 0.24278846153846154 0.9206730769230769 0.02403846153846154 0.10817307692307693
0 0.21153846153846154 0.9110576923076923 0.025240384615384616 0.10576923076923077
0 0.18389423076923078 0.9002403846153846 0.025240384615384616 0.10336538461538461
0 0.1502403846153846 0.9158653846153846 0.03125 0.11298076923076923
0 0.11899038461538461 0.921875 0.03125 0.10817307692307693
0 0.08774038461538461 0.9110576923076923 0.03125 0.11298076923076923
0 0.055288461538461536 0.9110576923076923 0.03485576923076923 0.11658653846153846