0 0.38461538461538464 0.49158653846153844 0.039663461538461536 0.14302884615384615
0 0.3894230769230769 0.6502403846153846 0.037259615384615384 0.15144230769230768
0 0.48197115384615385 0.4639423076923077 0.03245192307692308 0.13341346153846154
0 0.5396634615384616 0.7932692307692307 0.04567307692307692 0.12620192307692307
0 0.4987980769230769 0.8112980769230769 0.04567307692307692 0.13701923076923078
0 0.45552884615384615 0.7956730769230769 0.038461538461538464 0.12259615384615384
0 0.5300480769230769 0.47596153846153844 0.03485576923076923 0.14543269230769232
0 0.5769230769230769 0.484375 0.03485576923076923 0.1502403846153846
0 0.6177884615384616 0.4735576923076923 0.036057692307692304 0.1502403846153846
0 0.6610576923076923 0.4831730769230769 0.040865384615384616 0.140625
0 0.6995192307692307 0.47836538461538464 0.03485576923076923 0.14543269230769232
0 0.7415865384615384 0.4795673076923077 0.03485576923076923 0.1346153846153846
0 0.7776442307692307 0.4723557692307692 0.036057692307692304 0.14182692307692307
0 0.44591346153846156 0.12860576923076922 0.08413461538461539 0.06971153846153846
0 0.5540865384615384 0.12860576923076922 0.07932692307692307 0.06370192307692307
0 0.6490384615384616 0.13341346153846154 0.07211538461538461 0.06490384615384616
0 0.7908653846153846 0.1466346153846154 0.07692307692307693 0.06490384615384616
0 0.2512019230769231 0.140625 0.08173076923076923 0.06490384615384616
0 0.17067307692307693 0.13581730769230768 0.08052884615384616 0.06370192307692307
0 0.4387019230769231 0.4795673076923077 0.037259615384615384 0.15144230769230768
0 0.7115384615384616 0.7944711538461539 0.04807692307692308 0.13942307692307693
0 0.7512019230769231 0.7944711538461539 0.04567307692307692 0.13581730769230768
0 0.7872596153846154 0.7860576923076923 0.04807692307692308 0.13341346153846154
0 0.8353365384615384 0.7932692307692307 0.04807692307692308 0.13341346153846154
0 0.8197115384615384 0.49759615384615385 0.03485576923076923 0.14182692307692307
0 0.8605769230769231 0.47475961538461536 0.038461538461538464 0.13701923076923078
0 0.9014423076923077 0.4807692307692308 0.037259615384615384 0.13341346153846154
0 0.9387019230769231 0.4855769230769231 0.038461538461538464 0.1310096153846154
0 0.9795673076923077 0.5012019230769231 0.038461538461538464 0.15865384615384615