0 0.18870192307692307 0.17067307692307693 0.05048076923076923 0.04567307692307692
0 0.23798076923076922 0.17548076923076922 0.052884615384615384 0.042067307692307696
0 0.3605769230769231 0.16947115384615385 0.056490384615384616 0.04326923076923077
0 0.42908653846153844 0.16947115384615385 0.052884615384615384 0.04447115384615385
0 0.49038461538461536 0.17067307692307693 0.04927884615384615 0.04567307692307692
0 0.5817307692307693 0.17908653846153846 0.051682692307692304 0.04807692307692308
0 0.8112980769230769 0.1971153846153846 0.046875 0.04567307692307692
0 0.8665865384615384 0.20432692307692307 0.04927884615384615 0.04447115384615385
0 0.9879807692307693 0.20673076923076922 0.02283653846153846 0.04567307692307692
0 0.9939903846153846 0.41586538461538464 0.008413461538461538 0.06610576923076923
0 0.9783653846153846 0.40865384615384615 0.025240384615384616 0.08653846153846154
0 0.953125 0.40384615384615385 0.026442307692307692 0.09134615384615384
0 0.9290865384615384 0.4110576923076923 0.026442307692307692 0.07932692307692307
0 0.9050480769230769 0.40024038461538464 0.025240384615384616 0.08413461538461539
0 0.8786057692307693 0.4026442307692308 0.02283653846153846 0.052884615384615384
0 0.8557692307692307 0.39903846153846156 0.02403846153846154 0.08774038461538461
0 0.8317307692307693 0.39903846153846156 0.021634615384615384 0.08774038461538461
0 0.8064903846153846 0.4110576923076923 0.027644230769230768 0.09495192307692307
0 0.7776442307692307 0.4014423076923077 0.02403846153846154 0.10336538461538461
0 0.7536057692307693 0.40024038461538464 0.02403846153846154 0.0829326923076923
0 0.7319711538461539 0.4014423076923077 0.02403846153846154 0.0889423076923077
0 0.7091346153846154 0.40865384615384615 0.030048076923076924 0.1045673076923077
0 0.6778846153846154 0.39903846153846156 0.02403846153846154 0.0889423076923077
0 0.6538461538461539 0.3942307692307692 0.02283653846153846 0.09134615384615384
0 0.6262019230769231 0.3894230769230769 0.02403846153846154 0.09495192307692307
0 0.5985576923076923 0.4026442307692308 0.02403846153846154 0.09254807692307693
0 0.5721153846153846 0.3858173076923077 0.02283653846153846 0.09735576923076923
0 0.5480769230769231 0.390625 0.02403846153846154 0.09134615384615384
0 0.5192307692307693 0.3894230769230769 0.02403846153846154 0.09735576923076923
0 0.49278846153846156 0.39302884615384615 0.02403846153846154 0.09735576923076923
0 0.4651442307692308 0.3858173076923077 0.021634615384615384 0.09735576923076923
0 0.4387019230769231 0.39302884615384615 0.02283653846153846 0.09735576923076923
0 0.4098557692307692 0.38461538461538464 0.021634615384615384 0.09615384615384616
0 0.3786057692307692 0.37740384615384615 0.021634615384615384 0.08413461538461539
0 0.35096153846153844 0.3858173076923077 0.02283653846153846 0.10096153846153846
0 0.32091346153846156 0.3942307692307692 0.025240384615384616 0.0889423076923077
0 0.32091346153846156 0.49158653846153844 0.025240384615384616 0.09975961538461539
0 0.36177884615384615 0.5889423076923077 0.027644230769230768 0.07932692307692307
0 0.38822115384615385 0.5997596153846154 0.030048076923076924 0.09134615384615384
0 0.41346153846153844 0.5889423076923077 0.028846153846153848 0.0829326923076923
0 0.5264423076923077 0.5925480769230769 0.03245192307692308 0.09134615384615384
0 0.5552884615384616 0.5949519230769231 0.030048076923076924 0.09254807692307693
0 0.5769230769230769 0.5913461538461539 0.03245192307692308 0.09014423076923077
0 0.609375 0.5961538461538461 0.03125 0.0889423076923077
0 0.7391826923076923 0.5973557692307693 0.03365384615384615 0.0889423076923077
0 0.7884615384615384 0.5949519230769231 0.03365384615384615 0.09254807692307693
0 0.8161057692307693 0.6009615384615384 0.028846153846153848 0.08413461538461539
0 0.9146634615384616 0.6045673076923077 0.03365384615384615 0.08173076923076923
0 0.9411057692307693 0.6045673076923077 0.03485576923076923 0.0889423076923077
0 0.9855769230769231 0.6129807692307693 0.025240384615384616 0.0829326923076923
0 0.25841346153846156 0.7572115384615384 0.03245192307692308 0.09134615384615384
0 0.2848557692307692 0.7668269230769231 0.03245192307692308 0.0889423076923077
0 0.3112980769230769 0.7764423076923077 0.03125 0.08653846153846154
0 0.3425480769230769 0.7704326923076923 0.030048076923076924 0.10096153846153846
0 0.36899038461538464 0.7836538461538461 0.03485576923076923 0.09134615384615384
0 0.43028846153846156 0.7824519230769231 0.03365384615384615 0.09014423076923077
0 0.46274038461538464 0.7764423076923077 0.03125 0.08774038461538461
0 0.49158653846153844 0.7848557692307693 0.030048076923076924 0.09735576923076923
0 0.5264423076923077 0.7752403846153846 0.037259615384615384 0.10096153846153846
0 0.6177884615384616 0.7740384615384616 0.036057692307692304 0.08774038461538461
0 0.6466346153846154 0.7716346153846154 0.037259615384615384 0.09134615384615384
0 0.7091346153846154 0.7752403846153846 0.037259615384615384 0.08653846153846154
0 0.8557692307692307 0.7668269230769231 0.04447115384615385 0.0985576923076923
0 0.8810096153846154 0.7740384615384616 0.03485576923076923 0.07932692307692307
0 0.9399038461538461 0.7704326923076923 0.04326923076923077 0.08653846153846154
0 0.9651442307692307 0.7752403846153846 0.04326923076923077 0.09134615384615384
0 0.9903846153846154 0.7680288461538461 0.016826923076923076 0.08173076923076923