0 0.6129807692307693 0.2403846153846154 0.028846153846153848 0.11658653846153846
0 0.6129807692307693 0.36899038461538464 0.026442307692307692 0.109375
0 0.6057692307692307 0.5540865384615384 0.026442307692307692 0.10817307692307693
0 0.6009615384615384 0.6899038461538461 0.02403846153846154 0.09254807692307693
0 0.6045673076923077 0.7956730769230769 0.026442307692307692 0.10697115384615384
0 0.4543269230769231 0.5600961538461539 0.06370192307692307 0.052884615384615384
0 0.46274038461538464 0.6225961538461539 0.057692307692307696 0.04807692307692308
0 0.4651442307692308 0.6778846153846154 0.05889423076923077 0.04567307692307692
0 0.4567307692307692 0.734375 0.057692307692307696 0.04807692307692308
0 0.4519230769230769 0.7872596153846154 0.055288461538461536 0.051682692307692304
0 0.4483173076923077 0.8449519230769231 0.057692307692307696 0.04807692307692308
0 0.4519230769230769 0.8990384615384616 0.052884615384615384 0.046875
0 0.46153846153846156 0.9555288461538461 0.04447115384615385 0.04447115384615385
0 0.3894230769230769 0.484375 0.057692307692307696 0.055288461538461536
0 0.33413461538461536 0.6141826923076923 0.05889423076923077 0.06971153846153846
0 0.3317307692307692 0.6778846153846154 0.052884615384615384 0.05889423076923077
0 0.3161057692307692 0.7355769230769231 0.06370192307692307 0.06610576923076923
0 0.3233173076923077 0.7956730769230769 0.05889423076923077 0.06129807692307692
0 0.31850961538461536 0.9519230769230769 0.056490384615384616 0.06850961538461539
0 0.20192307692307693 0.8990384615384616 0.06129807692307692 0.07211538461538461
0 0.1971153846153846 0.9615384615384616 0.06129807692307692 0.0733173076923077
0 0.19591346153846154 0.8317307692307693 0.06610576923076923 0.078125
0 0.203125 0.7704326923076923 0.06370192307692307 0.07091346153846154
0 0.20192307692307693 0.7067307692307693 0.056490384615384616 0.06850961538461539
0 0.20072115384615385 0.640625 0.06129807692307692 0.0733173076923077
0 0.20432692307692307 0.5817307692307693 0.06129807692307692 0.08052884615384616
0 0.20192307692307693 0.5144230769230769 0.06490384615384616 0.07932692307692307
0 0.21153846153846154 0.45552884615384615 0.05889423076923077 0.07091346153846154
0 0.21514423076923078 0.3918269230769231 0.0673076923076923 0.07451923076923077
0 0.21514423076923078 0.3317307692307692 0.05889423076923077 0.06490384615384616
0 0.3004807692307692 0.2848557692307692 0.06610576923076923 0.052884615384615384