0 0.8533653846153846 0.31490384615384615 0.028846153846153848 0.13221153846153846
0 0.8221153846153846 0.3245192307692308 0.04447115384615385 0.1466346153846154
0 0.7776442307692307 0.3112980769230769 0.03485576923076923 0.12620192307692307
0 0.7439903846153846 0.30528846153846156 0.03245192307692308 0.12740384615384615
0 0.7043269230769231 0.2956730769230769 0.036057692307692304 0.13221153846153846
0 0.6658653846153846 0.3161057692307692 0.027644230769230768 0.13341346153846154
0 0.6274038461538461 0.2956730769230769 0.030048076923076924 0.13581730769230768
0 0.5901442307692307 0.3004807692307692 0.027644230769230768 0.12740384615384615
0 0.5504807692307693 0.296875 0.03245192307692308 0.13942307692307693
0 0.5120192307692307 0.3004807692307692 0.037259615384615384 0.13341346153846154
0 0.4723557692307692 0.2920673076923077 0.03365384615384615 0.1346153846153846
0 0.5997596153846154 0.5949519230769231 0.04326923076923077 0.13581730769230768
0 0.5612980769230769 0.5949519230769231 0.04326923076923077 0.13341346153846154
0 0.39663461538461536 0.5877403846153846 0.039663461538461536 0.11658653846153846
0 0.3605769230769231 0.6009615384615384 0.04326923076923077 0.1310096153846154
0 0.31971153846153844 0.5877403846153846 0.036057692307692304 0.11658653846153846
0 0.7331730769230769 0.8533653846153846 0.052884615384615384 0.13221153846153846
0 0.6899038461538461 0.8545673076923077 0.04927884615384615 0.12259615384615384
0 0.5576923076923077 0.8569711538461539 0.056490384615384616 0.14543269230769232
0 0.6814903846153846 0.5949519230769231 0.04447115384615385 0.12379807692307693
0 0.6346153846153846 0.5865384615384616 0.046875 0.12740384615384615
0 0.9362980769230769 0.5925480769230769 0.046875 0.12620192307692307
0 0.8653846153846154 0.5973557692307693 0.04567307692307692 0.12139423076923077
0 0.8221153846153846 0.8545673076923077 0.054086538461538464 0.12620192307692307
0 0.9771634615384616 0.6045673076923077 0.04326923076923077 0.12259615384615384
0 0.9675480769230769 0.027644230769230768 0.06370192307692307 0.054086538461538464
0 0.9891826923076923 0.3137019230769231 0.016826923076923076 0.12259615384615384
0 0.9639423076923077 0.3317307692307692 0.040865384615384616 0.125
0 0.9206730769230769 0.31490384615384615 0.036057692307692304 0.13942307692307693
0 0.8870192307692307 0.31490384615384615 0.03485576923076923 0.11538461538461539
0 0.43149038461538464 0.296875 0.03245192307692308 0.13701923076923078
0 0.3870192307692308 0.28846153846153844 0.028846153846153848 0.1346153846153846
0 0.34615384615384615 0.2776442307692308 0.03245192307692308 0.11899038461538461
0 0.30528846153846156 0.2932692307692308 0.03365384615384615 0.140625
0 0.25841346153846156 0.30288461538461536 0.037259615384615384 0.12740384615384615
0 0.25600961538461536 0.44471153846153844 0.040865384615384616 0.14302884615384615
0 0.5072115384615384 0.8725961538461539 0.046875 0.12860576923076922
0 0.46634615384615385 0.8641826923076923 0.046875 0.12620192307692307
0 0.4182692307692308 0.8713942307692307 0.05048076923076923 0.12620192307692307
0 0.3317307692307692 0.8641826923076923 0.04927884615384615 0.11658653846153846
0 0.28846153846153844 0.8497596153846154 0.04326923076923077 0.13341346153846154
0 0.2439903846153846 0.8605769230769231 0.04326923076923077 0.12620192307692307
0 0.20432692307692307 0.8461538461538461 0.046875 0.12259615384615384
0 0.16826923076923078 0.8293269230769231 0.04567307692307692 0.12379807692307693