0 0.3786057692307692 0.04326923076923077 0.09134615384615384 0.07932692307692307
0 0.17548076923076922 0.12620192307692307 0.08653846153846154 0.06971153846153846
0 0.078125 0.11658653846153846 0.0889423076923077 0.07211538461538461
0 0.06009615384615385 0.3641826923076923 0.08533653846153846 0.06490384615384616
0 0.15504807692307693 0.6069711538461539 0.09134615384615384 0.06850961538461539
0 0.14182692307692307 0.9290865384615384 0.09254807692307693 0.07932692307692307
0 0.36778846153846156 0.46274038461538464 0.0889423076923077 0.06850961538461539
0 0.484375 0.36658653846153844 0.08533653846153846 0.06850961538461539
0 0.5901442307692307 0.3713942307692308 0.08173076923076923 0.1346153846153846
0 0.37740384615384615 0.2860576923076923 0.07932692307692307 0.06490384615384616
0 0.4855769230769231 0.21394230769230768 0.09014423076923077 0.07451923076923077
0 0.4831730769230769 0.13341346153846154 0.09254807692307693 0.078125
0 0.4855769230769231 0.052884615384615384 0.0889423076923077 0.07932692307692307
0 0.6826923076923077 0.026442307692307692 0.08173076923076923 0.052884615384615384
0 0.7680288461538461 0.025240384615384616 0.08413461538461539 0.05048076923076923
0 0.7716346153846154 0.09254807692307693 0.0829326923076923 0.07451923076923077
0 0.6862980769230769 0.0829326923076923 0.08413461538461539 0.0625
0 0.6862980769230769 0.15384615384615385 0.08533653846153846 0.06850961538461539
0 0.7728365384615384 0.16706730769230768 0.08533653846153846 0.06850961538461539
0 0.7740384615384616 0.23557692307692307 0.08052884615384616 0.07091346153846154
0 0.6887019230769231 0.22355769230769232 0.0733173076923077 0.06370192307692307
0 0.6838942307692307 0.3641826923076923 0.07451923076923077 0.06610576923076923
0 0.7716346153846154 0.36899038461538464 0.08774038461538461 0.06490384615384616
0 0.7740384615384616 0.4483173076923077 0.07692307692307693 0.06971153846153846
0 0.6838942307692307 0.43990384615384615 0.09254807692307693 0.06971153846153846
0 0.6826923076923077 0.5144230769230769 0.08653846153846154 0.06370192307692307
0 0.6802884615384616 0.5913461538461539 0.08774038461538461 0.06490384615384616
0 0.7692307692307693 0.5961538461538461 0.08774038461538461 0.06490384615384616
0 0.7728365384615384 0.671875 0.07932692307692307 0.06610576923076923
0 0.7716346153846154 0.7415865384615384 0.0829326923076923 0.06490384615384616
0 0.6802884615384616 0.7415865384615384 0.08413461538461539 0.0625
0 0.765625 0.8161057692307693 0.08533653846153846 0.06850961538461539
0 0.6778846153846154 0.890625 0.08774038461538461 0.07451923076923077
0 0.7560096153846154 0.9639423076923077 0.08774038461538461 0.06971153846153846
0 0.9314903846153846 0.109375 0.08653846153846154 0.06610576923076923
0 0.9411057692307693 0.17908653846153846 0.08653846153846154 0.06850961538461539
0 0.9915865384615384 0.1778846153846154 0.014423076923076924 0.05889423076923077
0 0.9903846153846154 0.25721153846153844 0.018028846153846152 0.06009615384615385
0 0.9411057692307693 0.25 0.07572115384615384 0.06610576923076923
0 0.9399038461538461 0.31971153846153844 0.07932692307692307 0.06610576923076923
0 0.9387019230769231 0.39302884615384615 0.08774038461538461 0.07091346153846154
0 0.9903846153846154 0.3762019230769231 0.016826923076923076 0.05889423076923077
0 0.9915865384615384 0.44711538461538464 0.014423076923076924 0.06370192307692307
0 0.9915865384615384 0.5192307692307693 0.015625 0.06370192307692307
0 0.9903846153846154 0.5925480769230769 0.016826923076923076 0.06370192307692307
0 0.9903846153846154 0.6622596153846154 0.016826923076923076 0.06490384615384616
0 0.9411057692307693 0.5276442307692307 0.08173076923076923 0.06490384615384616
0 0.9915865384615384 0.8125 0.014423076923076924 0.06370192307692307
0 0.9939903846153846 0.7379807692307693 0.009615384615384616 0.06370192307692307
0 0.9855769230769231 0.8858173076923077 0.025240384615384616 0.07451923076923077
0 0.9903846153846154 0.9591346153846154 0.016826923076923076 0.0625
0 0.9399038461538461 0.6766826923076923 0.08653846153846154 0.06610576923076923
0 0.9423076923076923 0.7512019230769231 0.08774038461538461 0.06610576923076923