0 0.9182692307692307 0.29447115384615385 0.07211538461538461 0.052884615384615384
0 0.9206730769230769 0.3762019230769231 0.08653846153846154 0.06490384615384616
0 0.9254807692307693 0.6875 0.07692307692307693 0.06971153846153846
0 0.9290865384615384 0.7680288461538461 0.078125 0.06971153846153846
0 0.9302884615384616 0.8533653846153846 0.08533653846153846 0.07692307692307693
0 0.9375 0.9375 0.08173076923076923 0.0733173076923077
0 0.8401442307692307 0.9483173076923077 0.09254807692307693 0.07451923076923077
0 0.8425480769230769 0.875 0.08173076923076923 0.06610576923076923
0 0.8413461538461539 0.8004807692307693 0.078125 0.07091346153846154
0 0.84375 0.7199519230769231 0.08774038461538461 0.06971153846153846
0 0.8317307692307693 0.5793269230769231 0.09014423076923077 0.07692307692307693
0 0.8257211538461539 0.5036057692307693 0.09254807692307693 0.06610576923076923
0 0.8233173076923077 0.43509615384615385 0.08653846153846154 0.06610576923076923
0 0.8257211538461539 0.3641826923076923 0.09014423076923077 0.06370192307692307
0 0.8269230769230769 0.29086538461538464 0.08173076923076923 0.06490384615384616
0 0.8317307692307693 0.21995192307692307 0.08653846153846154 0.0625
0 0.6286057692307693 0.06009615384615385 0.08413461538461539 0.07692307692307693
0 0.5480769230769231 0.23557692307692307 0.09014423076923077 0.078125
0 0.6394230769230769 0.27163461538461536 0.08653846153846154 0.07091346153846154
0 0.6382211538461539 0.4170673076923077 0.08653846153846154 0.0733173076923077
0 0.6478365384615384 0.4855769230769231 0.08413461538461539 0.06490384615384616
0 0.6598557692307693 0.5612980769230769 0.07211538461538461 0.06009615384615385
0 0.6514423076923077 0.6418269230769231 0.09014423076923077 0.07211538461538461
0 0.6538461538461539 0.7235576923076923 0.07091346153846154 0.07211538461538461
0 0.6586538461538461 0.8112980769230769 0.08533653846153846 0.07451923076923077
0 0.6622596153846154 0.8846153846153846 0.08774038461538461 0.07091346153846154
0 0.6658653846153846 0.9591346153846154 0.08653846153846154 0.06971153846153846
0 0.5745192307692307 0.8918269230769231 0.08173076923076923 0.07692307692307693
0 0.5661057692307693 0.8125 0.08533653846153846 0.0733173076923077
0 0.5697115384615384 0.7379807692307693 0.07932692307692307 0.06129807692307692
0 0.5649038461538461 0.6682692307692307 0.08413461538461539 0.06370192307692307
0 0.5552884615384616 0.5252403846153846 0.08173076923076923 0.0625
0 0.5552884615384616 0.4495192307692308 0.08173076923076923 0.06850961538461539
0 0.36778846153846156 0.04807692307692308 0.07572115384615384 0.07932692307692307
0 0.36778846153846156 0.1875 0.08173076923076923 0.07932692307692307
0 0.3701923076923077 0.25961538461538464 0.07932692307692307 0.0733173076923077
0 0.38100961538461536 0.3942307692307692 0.08653846153846154 0.07692307692307693
0 0.3786057692307692 0.4735576923076923 0.08653846153846154 0.06971153846153846
0 0.38822115384615385 0.6081730769230769 0.08413461538461539 0.07211538461538461
0 0.38461538461538464 0.6838942307692307 0.08774038461538461 0.06490384615384616
0 0.3918269230769231 0.7620192307692307 0.08413461538461539 0.06610576923076923
0 0.38822115384615385 0.8425480769230769 0.08653846153846154 0.07451923076923077
0 0.39783653846153844 0.9122596153846154 0.08653846153846154 0.06971153846153846
0 0.4014423076923077 0.9759615384615384 0.08173076923076923 0.04447115384615385
0 0.30649038461538464 0.9278846153846154 0.08413461538461539 0.07932692307692307
0 0.30288461538461536 0.8473557692307693 0.0733173076923077 0.06490384615384616
0 0.30408653846153844 0.6262019230769231 0.06850961538461539 0.06971153846153846
0 0.2956730769230769 0.5516826923076923 0.08173076923076923 0.07211538461538461
0 0.3112980769230769 0.9831730769230769 0.0889423076923077 0.028846153846153848
0 0.08173076923076923 0.1778846153846154 0.0829326923076923 0.078125
0 0.08653846153846154 0.40865384615384615 0.08653846153846154 0.08173076923076923
0 0.019230769230769232 0.4206730769230769 0.038461538461538464 0.0733173076923077
0 0.10697115384615384 0.7920673076923077 0.09975961538461539 0.08173076923076923
0 0.026442307692307692 0.8052884615384616 0.052884615384615384 0.07211538461538461
0 0.12259615384615384 0.9483173076923077 0.09254807692307693 0.07451923076923077
0 0.037259615384615384 0.9567307692307693 0.0733173076923077 0.08173076923076923