0 0.8798076923076923 0.35336538461538464 0.056490384615384616 0.054086538461538464
0 0.7055288461538461 0.4026442307692308 0.030048076923076924 0.1141826923076923
0 0.7139423076923077 0.24639423076923078 0.027644230769230768 0.1141826923076923
0 0.7163461538461539 0.109375 0.030048076923076924 0.12379807692307693
0 0.5673076923076923 0.16826923076923078 0.056490384615384616 0.056490384615384616
0 0.5733173076923077 0.013221153846153846 0.06490384615384616 0.026442307692307692
0 0.5697115384615384 0.22596153846153846 0.055288461538461536 0.04567307692307692
0 0.5709134615384616 0.2800480769230769 0.05889423076923077 0.054086538461538464
0 0.5697115384615384 0.3389423076923077 0.05889423076923077 0.046875
0 0.5673076923076923 0.390625 0.06129807692307692 0.051682692307692304
0 0.5661057692307693 0.4495192307692308 0.06129807692307692 0.054086538461538464
0 0.5625 0.5084134615384616 0.06370192307692307 0.051682692307692304
0 0.5612980769230769 0.5649038461538461 0.06009615384615385 0.051682692307692304
0 0.5600961538461539 0.6225961538461539 0.06129807692307692 0.05048076923076923
0 0.5576923076923077 0.6802884615384616 0.05889423076923077 0.046875
0 0.5588942307692307 0.734375 0.06610576923076923 0.05048076923076923
0 0.5504807692307693 0.7932692307692307 0.06129807692307692 0.04807692307692308
0 0.4206730769230769 0.7115384615384616 0.056490384615384616 0.06971153846153846
0 0.4230769230769231 0.6514423076923077 0.057692307692307696 0.07211538461538461
0 0.4230769230769231 0.5901442307692307 0.052884615384615384 0.06490384615384616
0 0.42788461538461536 0.2980769230769231 0.056490384615384616 0.07091346153846154
0 0.2956730769230769 0.9615384615384616 0.06850961538461539 0.07091346153846154
0 0.29086538461538464 0.8786057692307693 0.055288461538461536 0.08052884615384616
0 0.2980769230769231 0.8221153846153846 0.05048076923076923 0.0625
0 0.29086538461538464 0.7487980769230769 0.05889423076923077 0.078125
0 0.29447115384615385 0.6875 0.06129807692307692 0.078125
0 0.29447115384615385 0.625 0.052884615384615384 0.07451923076923077
0 0.3004807692307692 0.5612980769230769 0.05048076923076923 0.06490384615384616
0 0.30528846153846156 0.49759615384615385 0.04567307692307692 0.06850961538461539
0 0.29447115384615385 0.42788461538461536 0.056490384615384616 0.06129807692307692
0 0.30408653846153844 0.36538461538461536 0.05048076923076923 0.07451923076923077
0 0.30528846153846156 0.2932692307692308 0.05048076923076923 0.06009615384615385
0 0.3088942307692308 0.2283653846153846 0.06009615384615385 0.08413461538461539
0 0.3076923076923077 0.1622596153846154 0.055288461538461536 0.07692307692307693
0 0.30649038461538464 0.09495192307692307 0.06129807692307692 0.08774038461538461
0 0.3137019230769231 0.042067307692307696 0.05889423076923077 0.07932692307692307