0 0.4423076923076923 0.17307692307692307 0.05048076923076923 0.09254807692307693
0 0.4206730769230769 0.21153846153846154 0.052884615384615384 0.09495192307692307
0 0.4026442307692308 0.25721153846153844 0.052884615384615384 0.09735576923076923
0 0.38221153846153844 0.3016826923076923 0.052884615384615384 0.09254807692307693
0 0.4411057692307692 0.5528846153846154 0.05048076923076923 0.08653846153846154
0 0.35216346153846156 0.3269230769230769 0.05048076923076923 0.09134615384615384
0 0.3317307692307692 0.36538461538461536 0.056490384615384616 0.09735576923076923
0 0.3137019230769231 0.4110576923076923 0.055288461538461536 0.10336538461538461
0 0.29086538461538464 0.453125 0.052884615384615384 0.09735576923076923
0 0.27283653846153844 0.49399038461538464 0.05048076923076923 0.09014423076923077
0 0.421875 0.6069711538461539 0.055288461538461536 0.09495192307692307
0 0.5889423076923077 0.2704326923076923 0.04567307692307692 0.07211538461538461
0 0.4026442307692308 0.6526442307692307 0.052884615384615384 0.09495192307692307
0 0.46274038461538464 0.13341346153846154 0.05048076923076923 0.09134615384615384
0 0.3545673076923077 0.7223557692307693 0.056490384615384616 0.10096153846153846
0 0.5625 0.30288461538461536 0.052884615384615384 0.09975961538461539
0 0.37740384615384615 0.6838942307692307 0.056490384615384616 0.09735576923076923
0 0.3233173076923077 0.03245192307692308 0.051682692307692304 0.06370192307692307
0 0.2776442307692308 0.09615384615384616 0.06129807692307692 0.10576923076923077
0 0.2620192307692308 0.13942307692307693 0.055288461538461536 0.09254807692307693
0 0.24158653846153846 0.18389423076923078 0.052884615384615384 0.08774038461538461
0 0.21634615384615385 0.21754807692307693 0.056490384615384616 0.09134615384615384
0 0.1814903846153846 0.3016826923076923 0.055288461538461536 0.09495192307692307
0 0.15745192307692307 0.34134615384615385 0.055288461538461536 0.09014423076923077
0 0.25 0.5420673076923077 0.052884615384615384 0.09735576923076923
0 0.171875 0.7163461538461539 0.057692307692307696 0.09254807692307693
0 0.1502403846153846 0.7536057692307693 0.052884615384615384 0.09735576923076923
0 0.30288461538461536 0.06009615384615385 0.052884615384615384 0.09254807692307693
0 0.35096153846153844 0.016826923076923076 0.04326923076923077 0.03365384615384615
0 0.4855769230769231 0.09495192307692307 0.04807692307692308 0.08413461538461539
0 0.5060096153846154 0.055288461538461536 0.055288461538461536 0.09134615384615384
0 0.5264423076923077 0.03365384615384615 0.052884615384615384 0.06610576923076923
0 0.5576923076923077 0.018028846153846152 0.04326923076923077 0.036057692307692304
0 0.7079326923076923 0.03245192307692308 0.04807692307692308 0.06370192307692307
0 0.6862980769230769 0.06971153846153846 0.04807692307692308 0.0733173076923077
0 0.6069711538461539 0.22115384615384615 0.051682692307692304 0.0733173076923077
0 0.6274038461538461 0.18629807692307693 0.04807692307692308 0.07692307692307693
0 0.6502403846153846 0.14182692307692307 0.04807692307692308 0.07692307692307693
0 0.6694711538461539 0.1141826923076923 0.04927884615384615 0.07451923076923077
0 0.5480769230769231 0.3545673076923077 0.056490384615384616 0.09014423076923077
0 0.5288461538461539 0.40024038461538464 0.05048076923076923 0.08413461538461539
0 0.5060096153846154 0.4338942307692308 0.051682692307692304 0.078125
0 0.49278846153846156 0.4831730769230769 0.051682692307692304 0.07932692307692307
0 0.4651442307692308 0.5180288461538461 0.04927884615384615 0.08052884615384616
0 0.13221153846153846 0.7980769230769231 0.052884615384615384 0.0889423076923077
0 0.11057692307692307 0.8413461538461539 0.05048076923076923 0.09134615384615384
0 0.08533653846153846 0.8737980769230769 0.052884615384615384 0.09495192307692307
0 0.06129807692307692 0.9098557692307693 0.056490384615384616 0.09735576923076923
0 0.040865384615384616 0.9543269230769231 0.055288461538461536 0.08774038461538461
0 0.018028846153846152 0.9807692307692307 0.03485576923076923 0.03485576923076923
0 0.27524038461538464 0.8894230769230769 0.052884615384615384 0.09254807692307693
0 0.2608173076923077 0.9362980769230769 0.05048076923076923 0.09134615384615384
0 0.23798076923076922 0.9639423076923077 0.054086538461538464 0.06971153846153846
0 0.20432692307692307 0.9783653846153846 0.038461538461538464 0.040865384615384616
0 0.2980769230769231 0.984375 0.03485576923076923 0.027644230769230768
0 0.3317307692307692 0.9639423076923077 0.052884615384615384 0.06850961538461539
0 0.4014423076923077 0.7872596153846154 0.04927884615384615 0.09495192307692307
0 0.4266826923076923 0.8221153846153846 0.05048076923076923 0.07932692307692307
0 0.4567307692307692 0.8497596153846154 0.056490384615384616 0.09615384615384616
0 0.47716346153846156 0.8930288461538461 0.05048076923076923 0.0733173076923077
0 0.5012019230769231 0.9290865384615384 0.055288461538461536 0.09134615384615384
0 0.5252403846153846 0.9627403846153846 0.052884615384615384 0.07091346153846154
0 0.12980769230769232 0.38100961538461536 0.051682692307692304 0.08413461538461539
0 0.1045673076923077 0.4206730769230769 0.06370192307692307 0.10576923076923077
0 0.08413461538461539 0.4651442307692308 0.056490384615384616 0.09975961538461539
0 0.0673076923076923 0.5012019230769231 0.057692307692307696 0.09014423076923077
0 0.04447115384615385 0.5432692307692307 0.06009615384615385 0.09735576923076923
0 0.027644230769230768 0.5877403846153846 0.055288461538461536 0.09254807692307693
0 0.016826923076923076 0.6346153846153846 0.03245192307692308 0.09014423076923077