0 0.8677884615384616 0.2247596153846154 0.09014423076923077 0.06009615384615385
0 0.8653846153846154 0.15504807692307693 0.08774038461538461 0.06490384615384616
0 0.8617788461538461 0.07932692307692307 0.08173076923076923 0.06850961538461539
0 0.8677884615384616 0.4338942307692308 0.07692307692307693 0.06009615384615385
0 0.8665865384615384 0.5060096153846154 0.09375 0.07091346153846154
0 0.04927884615384615 0.31850961538461536 0.07692307692307693 0.06490384615384616
0 0.04567307692307692 0.40384615384615385 0.08653846153846154 0.06850961538461539
0 0.037259615384615384 0.5745192307692307 0.07451923076923077 0.07211538461538461
0 0.039663461538461536 0.6586538461538461 0.07932692307692307 0.07211538461538461
0 0.030048076923076924 0.9014423076923077 0.06009615384615385 0.07692307692307693
0 0.3473557692307692 0.6754807692307693 0.09014423076923077 0.0733173076923077
0 0.24759615384615385 0.4230769230769231 0.08653846153846154 0.06971153846153846
0 0.265625 0.17307692307692307 0.09014423076923077 0.07692307692307693
0 0.3641826923076923 0.18389423076923078 0.08413461538461539 0.07211538461538461
0 0.5661057692307693 0.10817307692307693 0.09134615384615384 0.07932692307692307
0 0.6742788461538461 0.12259615384615384 0.08653846153846154 0.07932692307692307
0 0.6742788461538461 0.20192307692307693 0.08653846153846154 0.07451923076923077
0 0.6778846153846154 0.2824519230769231 0.0829326923076923 0.07091346153846154
0 0.5697115384615384 0.3545673076923077 0.07932692307692307 0.06610576923076923
0 0.6766826923076923 0.4375 0.08413461538461539 0.06610576923076923
0 0.5637019230769231 0.5288461538461539 0.09014423076923077 0.07091346153846154
0 0.7884615384615384 0.4795673076923077 0.06610576923076923 0.14903846153846154
0 0.9471153846153846 0.0889423076923077 0.08653846153846154 0.06850961538461539
0 0.9483173076923077 0.16346153846153846 0.08413461538461539 0.06490384615384616
0 0.9495192307692307 0.23557692307692307 0.09254807692307693 0.0625
0 0.9495192307692307 0.30408653846153844 0.08173076923076923 0.06850961538461539
0 0.8665865384615384 0.2956730769230769 0.07451923076923077 0.06610576923076923
0 0.9471153846153846 0.4362980769230769 0.09014423076923077 0.0625
0 0.9495192307692307 0.515625 0.07451923076923077 0.06009615384615385
0 0.8629807692307693 0.578125 0.08413461538461539 0.06370192307692307
0 0.8617788461538461 0.6550480769230769 0.08774038461538461 0.06610576923076923
0 0.9447115384615384 0.6574519230769231 0.08774038461538461 0.07091346153846154
0 0.9483173076923077 0.7319711538461539 0.07692307692307693 0.06610576923076923
0 0.9471153846153846 0.8028846153846154 0.08413461538461539 0.06850961538461539
0 0.9447115384615384 0.875 0.08653846153846154 0.06610576923076923
0 0.8605769230769231 0.7980769230769231 0.08413461538461539 0.06850961538461539
0 0.8629807692307693 0.9459134615384616 0.08774038461538461 0.078125
0 0.33653846153846156 0.9795673076923077 0.0889423076923077 0.038461538461538464