0 0.5456730769230769 0.7295673076923077 0.06009615384615385 0.052884615384615384
0 0.6165865384615384 0.7283653846153846 0.06370192307692307 0.054086538461538464
0 0.5492788461538461 0.6730769230769231 0.0625 0.051682692307692304
0 0.33653846153846156 0.5625 0.05889423076923077 0.056490384615384616
0 0.4050480769230769 0.5600961538461539 0.06129807692307692 0.052884615384615384
0 0.4074519230769231 0.5036057692307693 0.0625 0.051682692307692304
0 0.33774038461538464 0.5072115384615384 0.056490384615384616 0.052884615384615384
0 0.3389423076923077 0.453125 0.05889423076923077 0.054086538461538464
0 0.40625 0.44711538461538464 0.05889423076923077 0.056490384615384616
0 0.3389423076923077 0.39302884615384615 0.06370192307692307 0.052884615384615384
0 0.40384615384615385 0.390625 0.051682692307692304 0.05048076923076923
0 0.4050480769230769 0.3401442307692308 0.057692307692307696 0.05048076923076923
0 0.3401442307692308 0.3401442307692308 0.056490384615384616 0.046875
0 0.3317307692307692 0.7379807692307693 0.05889423076923077 0.05048076923076923
0 0.3317307692307692 0.6790865384615384 0.052884615384615384 0.04567307692307692
0 0.3329326923076923 0.6237980769230769 0.057692307692307696 0.051682692307692304
0 0.4074519230769231 0.6177884615384616 0.06370192307692307 0.05048076923076923
0 0.4026442307692308 0.6754807692307693 0.06009615384615385 0.04807692307692308
0 0.4050480769230769 0.734375 0.0625 0.056490384615384616
0 0.4026442307692308 0.7920673076923077 0.05889423076923077 0.05048076923076923
0 0.33653846153846156 0.7908653846153846 0.06370192307692307 0.04567307692307692
0 0.4050480769230769 0.8473557692307693 0.06129807692307692 0.054086538461538464
0 0.33413461538461536 0.8497596153846154 0.06009615384615385 0.051682692307692304
0 0.19110576923076922 0.6790865384615384 0.06490384615384616 0.046875
0 0.5516826923076923 0.6141826923076923 0.06370192307692307 0.051682692307692304
0 0.6189903846153846 0.6165865384615384 0.06129807692307692 0.046875
0 0.5492788461538461 0.7908653846153846 0.06129807692307692 0.052884615384615384
0 0.6153846153846154 0.7872596153846154 0.06129807692307692 0.05048076923076923
0 0.6189903846153846 0.8449519230769231 0.06490384615384616 0.051682692307692304
0 0.5504807692307693 0.8485576923076923 0.06129807692307692 0.046875
0 0.6189903846153846 0.6706730769230769 0.054086538461538464 0.04807692307692308
0 0.3389423076923077 0.22596153846153846 0.06009615384615385 0.052884615384615384
0 0.3425480769230769 0.17307692307692307 0.057692307692307696 0.052884615384615384
0 0.40625 0.16947115384615385 0.06009615384615385 0.055288461538461536
0 0.5432692307692307 0.27524038461538464 0.056490384615384616 0.051682692307692304
0 0.6177884615384616 0.2764423076923077 0.05889423076923077 0.052884615384615384
0 0.6201923076923077 0.3317307692307692 0.06009615384615385 0.046875
0 0.6201923076923077 0.3858173076923077 0.05889423076923077 0.054086538461538464
0 0.6153846153846154 0.44471153846153844 0.056490384615384616 0.051682692307692304
0 0.6153846153846154 0.5024038461538461 0.057692307692307696 0.05048076923076923
0 0.6153846153846154 0.5564903846153846 0.06129807692307692 0.04807692307692308
0 0.5456730769230769 0.44350961538461536 0.06370192307692307 0.051682692307692304
0 0.7487980769230769 0.3942307692307692 0.06370192307692307 0.055288461538461536
0 0.7475961538461539 0.4483173076923077 0.06009615384615385 0.05048076923076923
0 0.7524038461538461 0.5012019230769231 0.06850961538461539 0.051682692307692304
0 0.7512019230769231 0.5588942307692307 0.06370192307692307 0.046875
0 0.7548076923076923 0.6189903846153846 0.06370192307692307 0.055288461538461536
0 0.7536057692307693 0.6778846153846154 0.06129807692307692 0.046875
0 0.7512019230769231 0.7259615384615384 0.0625 0.04807692307692308
0 0.5492788461538461 0.5036057692307693 0.055288461538461536 0.05048076923076923
0 0.5504807692307693 0.5637019230769231 0.06129807692307692 0.05048076923076923
0 0.40384615384615385 0.2247596153846154 0.055288461538461536 0.051682692307692304
0 0.4050480769230769 0.2800480769230769 0.06129807692307692 0.052884615384615384
0 0.3401442307692308 0.2824519230769231 0.06370192307692307 0.052884615384615384
0 0.4723557692307692 0.20432692307692307 0.027644230769230768 0.11538461538461539
0 0.21995192307692307 0.5745192307692307 0.028846153846153848 0.109375
0 0.40024038461538464 0.9026442307692307 0.06610576923076923 0.051682692307692304
0 0.40865384615384615 0.9651442307692307 0.06129807692307692 0.05889423076923077
0 0.33653846153846156 0.9675480769230769 0.06009615384615385 0.054086538461538464
0 0.33774038461538464 0.9050480769230769 0.057692307692307696 0.04807692307692308
0 0.5492788461538461 0.9038461538461539 0.06009615384615385 0.056490384615384616
0 0.6177884615384616 0.9014423076923077 0.06370192307692307 0.05048076923076923
0 0.6189903846153846 0.9567307692307693 0.06009615384615385 0.052884615384615384
0 0.5480769230769231 0.9663461538461539 0.05889423076923077 0.04807692307692308
0 0.6165865384615384 0.9903846153846154 0.056490384615384616 0.016826923076923076
0 0.1935096153846154 0.7379807692307693 0.06370192307692307 0.04807692307692308
0 0.19591346153846154 0.7956730769230769 0.0625 0.052884615384615384
0 0.1971153846153846 0.8497596153846154 0.06129807692307692 0.056490384615384616
0 0.19951923076923078 0.9098557692307693 0.0625 0.052884615384615384
0 0.20673076923076922 0.9651442307692307 0.057692307692307696 0.05048076923076923
0 0.21995192307692307 0.453125 0.027644230769230768 0.10576923076923077
0 0.22115384615384615 0.328125 0.03245192307692308 0.11298076923076923
0 0.2247596153846154 0.2127403846153846 0.030048076923076924 0.09975961538461539
0 0.22596153846153846 0.09495192307692307 0.028846153846153848 0.09134615384615384
0 0.2247596153846154 0.020432692307692308 0.028846153846153848 0.040865384615384616
0 0.33533653846153844 0.11899038461538461 0.056490384615384616 0.052884615384615384
0 0.40024038461538464 0.11658653846153846 0.057692307692307696 0.05048076923076923
0 0.5432692307692307 0.16706730769230768 0.051682692307692304 0.05048076923076923
0 0.5456730769230769 0.21995192307692307 0.0625 0.04807692307692308
0 0.5456730769230769 0.11057692307692307 0.05889423076923077 0.05048076923076923
0 0.6177884615384616 0.22115384615384615 0.06129807692307692 0.05048076923076923
0 0.6189903846153846 0.16826923076923078 0.056490384615384616 0.05048076923076923
0 0.6129807692307693 0.1141826923076923 0.06370192307692307 0.052884615384615384
0 0.6153846153846154 0.06009615384615385 0.056490384615384616 0.052884615384615384
0 0.5444711538461539 0.06009615384615385 0.05889423076923077 0.054086538461538464
0 0.546875 0.015625 0.06129807692307692 0.030048076923076924
0 0.6177884615384616 0.016826923076923076 0.057692307692307696 0.03365384615384615
0 0.7427884615384616 0.02283653846153846 0.0673076923076923 0.04567307692307692
0 0.7427884615384616 0.06850961538461539 0.06129807692307692 0.054086538461538464
0 0.7463942307692307 0.12259615384615384 0.05889423076923077 0.046875
0 0.7463942307692307 0.17307692307692307 0.05889423076923077 0.051682692307692304
0 0.7451923076923077 0.22956730769230768 0.06129807692307692 0.052884615384615384
0 0.7463942307692307 0.2824519230769231 0.05889423076923077 0.04807692307692308
0 0.7512019230769231 0.33413461538461536 0.06129807692307692 0.051682692307692304
0 0.5408653846153846 0.3329326923076923 0.06129807692307692 0.055288461538461536
0 0.5456730769230769 0.3918269230769231 0.05889423076923077 0.046875
0 0.7536057692307693 0.7848557692307693 0.05889423076923077 0.054086538461538464
0 0.4074519230769231 0.0625 0.0625 0.05048076923076923
0 0.3425480769230769 0.06370192307692307 0.052884615384615384 0.056490384615384616
0 0.3425480769230769 0.020432692307692308 0.05889423076923077 0.040865384615384616
0 0.4074519230769231 0.018028846153846152 0.056490384615384616 0.036057692307692304
0 0.7524038461538461 0.8341346153846154 0.06490384615384616 0.046875
0 0.7524038461538461 0.8930288461538461 0.06490384615384616 0.05048076923076923
0 0.7536057692307693 0.9483173076923077 0.0625 0.05048076923076923
0 0.7560096153846154 0.9879807692307693 0.05048076923076923 0.020432692307692308