0 0.9723557692307693 0.30649038461538464 0.051682692307692304 0.14302884615384615
0 0.9230769230769231 0.30649038461538464 0.04807692307692308 0.15144230769230768
0 0.8737980769230769 0.34134615384615385 0.04567307692307692 0.1622596153846154
0 0.8269230769230769 0.34134615384615385 0.04927884615384615 0.17307692307692307
0 0.78125 0.35336538461538464 0.04807692307692308 0.15264423076923078
0 0.36658653846153844 0.3894230769230769 0.037259615384615384 0.15384615384615385
0 0.2704326923076923 0.4170673076923077 0.03365384615384615 0.1622596153846154
0 0.2247596153846154 0.43149038461538464 0.039663461538461536 0.16105769230769232
0 0.09735576923076923 0.4411057692307692 0.042067307692307696 0.1622596153846154
0 0.21875 0.2127403846153846 0.07692307692307693 0.06850961538461539
0 0.8810096153846154 0.8413461538461539 0.06850961538461539 0.16346153846153846
0 0.9194711538461539 0.8894230769230769 0.07451923076923077 0.13942307692307693
0 0.9603365384615384 0.9206730769230769 0.07451923076923077 0.15384615384615385
0 0.9783653846153846 0.7560096153846154 0.042067307692307696 0.13581730769230768
0 0.5877403846153846 0.8966346153846154 0.06971153846153846 0.16346153846153846
0 0.6262019230769231 0.9435096153846154 0.06971153846153846 0.11057692307692307
0 0.6983173076923077 0.9723557692307693 0.051682692307692304 0.051682692307692304
0 0.5012019230769231 0.9699519230769231 0.052884615384615384 0.056490384615384616
0 0.015625 0.08413461538461539 0.03125 0.14903846153846154
0 0.04927884615384615 0.08173076923076923 0.05048076923076923 0.1622596153846154
0 0.09014423076923077 0.10336538461538461 0.040865384615384616 0.12379807692307693
0 0.13341346153846154 0.07211538461538461 0.04927884615384615 0.14423076923076922
0 0.18028846153846154 0.06610576923076923 0.04326923076923077 0.13221153846153846
0 0.21995192307692307 0.054086538461538464 0.040865384615384616 0.10817307692307693
0 0.2644230769230769 0.05889423076923077 0.04326923076923077 0.11658653846153846
0 0.30528846153846156 0.056490384615384616 0.038461538461538464 0.11298076923076923
0 0.35096153846153844 0.057692307692307696 0.04326923076923077 0.11538461538461539
0 0.53125 0.036057692307692304 0.03245192307692308 0.07211538461538461
0 0.5805288461538461 0.04326923076923077 0.037259615384615384 0.08653846153846154
0 0.6262019230769231 0.03125 0.039663461538461536 0.0625
0 0.6754807692307693 0.02403846153846154 0.038461538461538464 0.046875
0 0.71875 0.02403846153846154 0.038461538461538464 0.046875
0 0.7644230769230769 0.025240384615384616 0.04326923076923077 0.05048076923076923
0 0.8137019230769231 0.027644230769230768 0.042067307692307696 0.055288461538461536
0 0.8617788461538461 0.02403846153846154 0.040865384615384616 0.04807692307692308
0 0.9038461538461539 0.021634615384615384 0.04326923076923077 0.04326923076923077
0 0.9519230769230769 0.03245192307692308 0.05048076923076923 0.06370192307692307
0 0.5504807692307693 0.9819711538461539 0.040865384615384616 0.03365384615384615