0 0.6658653846153846 0.036057692307692304 0.05889423076923077 0.054086538461538464
0 0.6670673076923077 0.09014423076923077 0.056490384615384616 0.051682692307692304
0 0.6694711538461539 0.1466346153846154 0.06370192307692307 0.04807692307692308
0 0.6670673076923077 0.19831730769230768 0.055288461538461536 0.052884615384615384
0 0.6646634615384616 0.24879807692307693 0.056490384615384616 0.052884615384615384
0 0.6887019230769231 0.30408653846153844 0.0625 0.04807692307692308
0 0.6658653846153846 0.359375 0.055288461538461536 0.046875
0 0.6850961538461539 0.421875 0.06610576923076923 0.05048076923076923
0 0.6826923076923077 0.4807692307692308 0.0625 0.046875
0 0.6790865384615384 0.5336538461538461 0.052884615384615384 0.042067307692307696
0 0.6778846153846154 0.5877403846153846 0.055288461538461536 0.04807692307692308
0 0.6838942307692307 0.6430288461538461 0.0625 0.04567307692307692
0 0.6826923076923077 0.6983173076923077 0.055288461538461536 0.051682692307692304
0 0.6875 0.7584134615384616 0.06370192307692307 0.054086538461538464
0 0.6911057692307693 0.8149038461538461 0.06370192307692307 0.05048076923076923
0 0.7007211538461539 0.8689903846153846 0.05889423076923077 0.046875
0 0.6947115384615384 0.9278846153846154 0.06490384615384616 0.054086538461538464
0 0.6947115384615384 0.9759615384615384 0.06370192307692307 0.04326923076923077
0 0.5564903846153846 0.06370192307692307 0.025240384615384616 0.10336538461538461
0 0.5564903846153846 0.17067307692307693 0.027644230769230768 0.1045673076923077
0 0.5661057692307693 0.2848557692307692 0.03125 0.10817307692307693
0 0.5685096153846154 0.40384615384615385 0.028846153846153848 0.11538461538461539
0 0.5697115384615384 0.5264423076923077 0.027644230769230768 0.1141826923076923
0 0.5733173076923077 0.6334134615384616 0.026442307692307692 0.0889423076923077
0 0.5769230769230769 0.7475961538461539 0.027644230769230768 0.11298076923076923
0 0.5805288461538461 0.859375 0.026442307692307692 0.10697115384615384
0 0.5841346153846154 0.9591346153846154 0.027644230769230768 0.07692307692307693
0 0.5096153846153846 0.030048076923076924 0.056490384615384616 0.06009615384615385
0 0.5060096153846154 0.09254807692307693 0.0625 0.05048076923076923
0 0.5072115384615384 0.14543269230769232 0.05889423076923077 0.052884615384615384
0 0.5072115384615384 0.203125 0.06009615384615385 0.05048076923076923
0 0.5120192307692307 0.25961538461538464 0.055288461538461536 0.055288461538461536
0 0.5192307692307693 0.31490384615384615 0.05889423076923077 0.051682692307692304
0 0.5168269230769231 0.36899038461538464 0.055288461538461536 0.04807692307692308
0 0.5144230769230769 0.42788461538461536 0.056490384615384616 0.04567307692307692
0 0.5168269230769231 0.484375 0.06129807692307692 0.051682692307692304
0 0.5204326923076923 0.5420673076923077 0.06370192307692307 0.052884615384615384
0 0.5228365384615384 0.5961538461538461 0.06370192307692307 0.04567307692307692
0 0.5192307692307693 0.6586538461538461 0.06129807692307692 0.046875
0 0.5204326923076923 0.7139423076923077 0.06490384615384616 0.054086538461538464
0 0.5216346153846154 0.7752403846153846 0.0625 0.052884615384615384
0 0.5252403846153846 0.8329326923076923 0.06850961538461539 0.056490384615384616
0 0.5252403846153846 0.8870192307692307 0.06850961538461539 0.055288461538461536
0 0.5240384615384616 0.9459134615384616 0.0673076923076923 0.052884615384615384
0 0.3389423076923077 0.051682692307692304 0.06610576923076923 0.051682692307692304
0 0.3293269230769231 0.10336538461538461 0.06129807692307692 0.054086538461538464
0 0.3293269230769231 0.1622596153846154 0.05889423076923077 0.05048076923076923
0 0.33413461538461536 0.21514423076923078 0.052884615384615384 0.05048076923076923
0 0.32572115384615385 0.27524038461538464 0.051682692307692304 0.04567307692307692
0 0.33052884615384615 0.328125 0.06129807692307692 0.04807692307692308
0 0.33052884615384615 0.3870192307692308 0.052884615384615384 0.051682692307692304
0 0.3401442307692308 0.43990384615384615 0.06009615384615385 0.052884615384615384
0 0.3449519230769231 0.4963942307692308 0.06129807692307692 0.046875
0 0.3389423076923077 0.5504807692307693 0.056490384615384616 0.054086538461538464
0 0.33653846153846156 0.6141826923076923 0.05889423076923077 0.05048076923076923
0 0.33653846153846156 0.6682692307692307 0.06009615384615385 0.04807692307692308
0 0.33774038461538464 0.7283653846153846 0.06370192307692307 0.04807692307692308
0 0.34134615384615385 0.7860576923076923 0.06610576923076923 0.04807692307692308
0 0.3449519230769231 0.8401442307692307 0.06370192307692307 0.051682692307692304
0 0.3473557692307692 0.9002403846153846 0.06129807692307692 0.054086538461538464
0 0.35216346153846156 0.9567307692307693 0.052884615384615384 0.051682692307692304
0 0.3389423076923077 0.01201923076923077 0.06129807692307692 0.02403846153846154
0 0.5204326923076923 0.9891826923076923 0.06009615384615385 0.018028846153846152