0 0.5685096153846154 0.6177884615384616 0.08774038461538461 0.08413461538461539
0 0.030048076923076924 0.9639423076923077 0.06009615384615385 0.06370192307692307
0 0.41586538461538464 0.8918269230769231 0.08533653846153846 0.07932692307692307
0 0.3137019230769231 0.9050480769230769 0.09014423076923077 0.0733173076923077
0 0.31971153846153844 0.9735576923076923 0.09254807692307693 0.05048076923076923
0 0.9663461538461539 0.8004807692307693 0.06610576923076923 0.078125
0 0.8810096153846154 0.8125 0.09254807692307693 0.06971153846153846
0 0.9651442307692307 0.8810096153846154 0.06850961538461539 0.0625
0 0.9723557692307693 0.9567307692307693 0.052884615384615384 0.0733173076923077
0 0.8834134615384616 0.8954326923076923 0.08413461538461539 0.078125
0 0.8966346153846154 0.9627403846153846 0.08774038461538461 0.07091346153846154
0 0.7043269230769231 0.8401442307692307 0.09014423076923077 0.078125
0 0.7115384615384616 0.9182692307692307 0.08413461538461539 0.078125
0 0.7127403846153846 0.9795673076923077 0.09014423076923077 0.038461538461538464
0 0.6153846153846154 0.9399038461538461 0.08533653846153846 0.078125
0 0.6105769230769231 0.8485576923076923 0.078125 0.07211538461538461
0 0.9495192307692307 0.4050480769230769 0.09014423076923077 0.05889423076923077
0 0.9447115384615384 0.3293269230769231 0.08413461538461539 0.06490384615384616
0 0.8557692307692307 0.3425480769230769 0.08173076923076923 0.06370192307692307
0 0.9387019230769231 0.2536057692307692 0.08413461538461539 0.06490384615384616
0 0.9314903846153846 0.16706730769230768 0.07451923076923077 0.07692307692307693
0 0.9278846153846154 0.08653846153846154 0.08774038461538461 0.08173076923076923
0 0.9338942307692307 0.021634615384615384 0.07932692307692307 0.04326923076923077
0 0.8401442307692307 0.11057692307692307 0.08774038461538461 0.08052884615384616
0 0.8473557692307693 0.17908653846153846 0.078125 0.06971153846153846
0 0.8449519230769231 0.25961538461538464 0.08653846153846154 0.07091346153846154
0 0.6586538461538461 0.06610576923076923 0.08653846153846154 0.07932692307692307
0 0.6574519230769231 0.140625 0.0889423076923077 0.07451923076923077
0 0.6658653846153846 0.22115384615384615 0.0829326923076923 0.07451923076923077
0 0.6658653846153846 0.2980769230769231 0.0889423076923077 0.07211538461538461
0 0.671875 0.36778846153846156 0.08173076923076923 0.0733173076923077
0 0.6802884615384616 0.44350961538461536 0.08173076923076923 0.06370192307692307
0 0.5745192307692307 0.09014423076923077 0.07091346153846154 0.0733173076923077
0 0.5649038461538461 0.03125 0.09134615384615384 0.0625
0 0.5769230769230769 0.3161057692307692 0.07692307692307693 0.06370192307692307
0 0.5817307692307693 0.3918269230769231 0.08533653846153846 0.078125
0 0.5877403846153846 0.4723557692307692 0.08653846153846154 0.07451923076923077
0 0.38221153846153844 0.265625 0.09375 0.08413461538461539
0 0.2776442307692308 0.2848557692307692 0.08173076923076923 0.07932692307692307
0 0.3942307692307692 0.41947115384615385 0.08533653846153846 0.06971153846153846
0 0.4074519230769231 0.5072115384615384 0.09014423076923077 0.06850961538461539
0 0.29927884615384615 0.4338942307692308 0.09375 0.07451923076923077
0 0.31009615384615385 0.5144230769230769 0.08653846153846154 0.07091346153846154