0 0.5180288461538461 0.20432692307692307 0.039663461538461536 0.15384615384615385
0 0.4699519230769231 0.20552884615384615 0.04326923076923077 0.16947115384615385
0 0.6286057692307693 0.6838942307692307 0.04567307692307692 0.16947115384615385
0 0.4230769230769231 0.6838942307692307 0.042067307692307696 0.17668269230769232
0 0.3762019230769231 0.703125 0.04447115384615385 0.140625
0 0.47596153846153844 0.6887019230769231 0.039663461538461536 0.15985576923076922
0 0.5252403846153846 0.6838942307692307 0.042067307692307696 0.15745192307692307
0 0.5697115384615384 0.19110576923076922 0.04326923076923077 0.17668269230769232
0 0.6201923076923077 0.19471153846153846 0.042067307692307696 0.16346153846153846
0 0.6670673076923077 0.19471153846153846 0.04807692307692308 0.15504807692307693
0 0.7151442307692307 0.1971153846153846 0.04326923076923077 0.15144230769230768
0 0.7620192307692307 0.20432692307692307 0.04567307692307692 0.15384615384615385
0 0.8137019230769231 0.21394230769230768 0.04807692307692308 0.15865384615384615
0 0.8581730769230769 0.21514423076923078 0.04807692307692308 0.15745192307692307
0 0.9026442307692307 0.2127403846153846 0.05048076923076923 0.16826923076923078
0 0.9507211538461539 0.20793269230769232 0.052884615384615384 0.17668269230769232
0 0.3245192307692308 0.6947115384615384 0.040865384615384616 0.16826923076923078
0 0.27524038461538464 0.6694711538461539 0.040865384615384616 0.16826923076923078
0 0.2283653846153846 0.6911057692307693 0.04807692307692308 0.16706730769230768
0 0.1778846153846154 0.6899038461538461 0.051682692307692304 0.16105769230769232
0 0.41586538461538464 0.21995192307692307 0.04567307692307692 0.16947115384615385
0 0.36899038461538464 0.2247596153846154 0.039663461538461536 0.1658653846153846
0 0.32211538461538464 0.21153846153846154 0.042067307692307696 0.17067307692307693
0 0.27163461538461536 0.22596153846153846 0.04567307692307692 0.171875
0 0.6790865384615384 0.6706730769230769 0.040865384615384616 0.17548076923076922
0 0.5733173076923077 0.6899038461538461 0.040865384615384616 0.1778846153846154
0 0.7283653846153846 0.6730769230769231 0.04326923076923077 0.16346153846153846
0 0.7740384615384616 0.6694711538461539 0.04326923076923077 0.16947115384615385
0 0.8221153846153846 0.6706730769230769 0.04927884615384615 0.16947115384615385
0 0.8677884615384616 0.6466346153846154 0.04447115384615385 0.1466346153846154
0 0.9170673076923077 0.6682692307692307 0.04807692307692308 0.16706730769230768
0 0.9639423076923077 0.6658653846153846 0.04807692307692308 0.16346153846153846
0 0.9939903846153846 0.6574519230769231 0.010817307692307692 0.1658653846153846
0 0.9855769230769231 0.20793269230769232 0.025240384615384616 0.15144230769230768