0 0.4026442307692308 0.9651442307692307 0.06129807692307692 0.046875
0 0.40024038461538464 0.9110576923076923 0.06009615384615385 0.046875
0 0.39903846153846156 0.8557692307692307 0.05889423076923077 0.04807692307692308
0 0.2620192307692308 0.7319711538461539 0.0673076923076923 0.051682692307692304
0 0.2668269230769231 0.7956730769230769 0.05889423076923077 0.052884615384615384
0 0.2668269230769231 0.8533653846153846 0.06370192307692307 0.04807692307692308
0 0.25600961538461536 0.9038461538461539 0.055288461538461536 0.05048076923076923
0 0.25961538461538464 0.9591346153846154 0.056490384615384616 0.04807692307692308
0 0.2704326923076923 0.9915865384615384 0.057692307692307696 0.014423076923076924
0 0.1201923076923077 0.9819711538461539 0.06850961538461539 0.03365384615384615
0 0.12259615384615384 0.9362980769230769 0.05889423076923077 0.05048076923076923
0 0.11899038461538461 0.8786057692307693 0.06610576923076923 0.054086538461538464
0 0.1201923076923077 0.8209134615384616 0.0673076923076923 0.05048076923076923
0 0.12259615384615384 0.7680288461538461 0.06610576923076923 0.052884615384615384
0 0.12379807692307693 0.7091346153846154 0.06490384615384616 0.052884615384615384
0 0.12860576923076922 0.6550480769230769 0.06129807692307692 0.04807692307692308
0 0.12860576923076922 0.5865384615384616 0.06370192307692307 0.04807692307692308