0 0.5228365384615384 0.14903846153846154 0.027644230769230768 0.11057692307692307
0 0.484375 0.1466346153846154 0.026442307692307692 0.09735576923076923
0 0.4362980769230769 0.38341346153846156 0.030048076923076924 0.11298076923076923
0 0.4543269230769231 0.13942307692307693 0.025240384615384616 0.10817307692307693
0 0.4230769230769231 0.13581730769230768 0.030048076923076924 0.10817307692307693
0 0.39302884615384615 0.13221153846153846 0.025240384615384616 0.10817307692307693
0 0.359375 0.13221153846153846 0.025240384615384616 0.10817307692307693
0 0.33052884615384615 0.1346153846153846 0.030048076923076924 0.10336538461538461
0 0.3004807692307692 0.1310096153846154 0.027644230769230768 0.109375
0 0.27163461538461536 0.12860576923076922 0.030048076923076924 0.11057692307692307
0 0.2091346153846154 0.13581730769230768 0.027644230769230768 0.09495192307692307
0 0.1814903846153846 0.13942307692307693 0.027644230769230768 0.10336538461538461
0 0.15384615384615385 0.13942307692307693 0.028846153846153848 0.10697115384615384
0 0.12620192307692307 0.13701923076923078 0.028846153846153848 0.09254807692307693
0 0.09735576923076923 0.12259615384615384 0.028846153846153848 0.09254807692307693
0 0.06610576923076923 0.11658653846153846 0.030048076923076924 0.0985576923076923
0 0.036057692307692304 0.11538461538461539 0.03125 0.10576923076923077
0 0.010817307692307692 0.11538461538461539 0.021634615384615384 0.1201923076923077
0 0.40024038461538464 0.390625 0.027644230769230768 0.10697115384615384
0 0.36778846153846156 0.3870192307692308 0.027644230769230768 0.1141826923076923
0 0.3401442307692308 0.36538461538461536 0.025240384615384616 0.0985576923076923
0 0.3088942307692308 0.3737980769230769 0.027644230769230768 0.10336538461538461
0 0.2800480769230769 0.3858173076923077 0.028846153846153848 0.1045673076923077
0 0.2512019230769231 0.375 0.030048076923076924 0.1045673076923077
0 0.22115384615384615 0.38100961538461536 0.03125 0.10336538461538461
0 0.19110576923076922 0.36899038461538464 0.027644230769230768 0.09975961538461539
0 0.1622596153846154 0.36658653846153844 0.028846153846153848 0.10697115384615384
0 0.13221153846153846 0.36899038461538464 0.030048076923076924 0.09735576923076923
0 0.10096153846153846 0.36658653846153844 0.03245192307692308 0.09615384615384616
0 0.07451923076923077 0.36778846153846156 0.028846153846153848 0.09735576923076923
0 0.04567307692307692 0.36538461538461536 0.030048076923076924 0.10096153846153846
0 0.018028846153846152 0.3737980769230769 0.036057692307692304 0.10336538461538461
0 0.3641826923076923 0.6225961538461539 0.025240384615384616 0.09495192307692307
0 0.3317307692307692 0.6165865384615384 0.028846153846153848 0.09495192307692307
0 0.3016826923076923 0.6189903846153846 0.027644230769230768 0.09735576923076923
0 0.27283653846153844 0.6177884615384616 0.025240384615384616 0.09975961538461539
0 0.24158653846153846 0.6213942307692307 0.025240384615384616 0.09735576923076923
0 0.2127403846153846 0.6189903846153846 0.030048076923076924 0.0985576923076923
0 0.18028846153846154 0.6165865384615384 0.028846153846153848 0.10697115384615384
0 0.15264423076923078 0.6141826923076923 0.027644230769230768 0.10817307692307693
0 0.12379807692307693 0.625 0.027644230769230768 0.09615384615384616
0 0.09134615384615384 0.6057692307692307 0.03485576923076923 0.10817307692307693
0 0.06129807692307692 0.6153846153846154 0.027644230769230768 0.10336538461538461
0 0.03245192307692308 0.6189903846153846 0.03245192307692308 0.09615384615384616
0 0.009615384615384616 0.6153846153846154 0.019230769230769232 0.09975961538461539