0 0.5384615384615384 0.12860576923076922 0.027644230769230768 0.10697115384615384
0 0.49278846153846156 0.3088942307692308 0.04927884615384615 0.04567307692307692
0 0.5408653846153846 0.2439903846153846 0.02403846153846154 0.10096153846153846
0 0.4807692307692308 0.07451923076923077 0.05889423076923077 0.05048076923076923
0 0.48197115384615385 0.12860576923076922 0.06009615384615385 0.051682692307692304
0 0.49278846153846156 0.17548076923076922 0.05889423076923077 0.056490384615384616
0 0.4891826923076923 0.24639423076923078 0.05889423076923077 0.05048076923076923
0 0.49038461538461536 0.3629807692307692 0.046875 0.042067307692307696
0 0.5456730769230769 0.3713942307692308 0.026442307692307692 0.11778846153846154
0 0.4963942307692308 0.4170673076923077 0.06610576923076923 0.054086538461538464
0 0.6646634615384616 0.12620192307692307 0.06129807692307692 0.052884615384615384
0 0.4987980769230769 0.484375 0.056490384615384616 0.05048076923076923
0 0.5504807692307693 0.49759615384615385 0.027644230769230768 0.10817307692307693
0 0.3137019230769231 0.49158653846153844 0.06610576923076923 0.05048076923076923
0 0.3125 0.43149038461538464 0.052884615384615384 0.046875
0 0.3088942307692308 0.3161057692307692 0.06971153846153846 0.051682692307692304
0 0.3173076923076923 0.37740384615384615 0.06370192307692307 0.04807692307692308
0 0.2980769230769231 0.8737980769230769 0.06850961538461539 0.06129807692307692
0 0.6622596153846154 0.23197115384615385 0.06129807692307692 0.054086538461538464
0 0.6610576923076923 0.17548076923076922 0.051682692307692304 0.046875
0 0.6550480769230769 0.3545673076923077 0.06370192307692307 0.04567307692307692
0 0.6574519230769231 0.4050480769230769 0.06490384615384616 0.056490384615384616
0 0.6598557692307693 0.4639423076923077 0.06129807692307692 0.051682692307692304
0 0.6694711538461539 0.5180288461538461 0.06129807692307692 0.054086538461538464
0 0.6682692307692307 0.5769230769230769 0.06129807692307692 0.06009615384615385
0 0.6706730769230769 0.6322115384615384 0.06129807692307692 0.046875
0 0.6694711538461539 0.6862980769230769 0.06009615384615385 0.054086538461538464
0 0.6682692307692307 0.7463942307692307 0.06610576923076923 0.052884615384615384
0 0.3137019230769231 0.25961538461538464 0.052884615384615384 0.04447115384615385
0 0.3112980769230769 0.19951923076923078 0.05889423076923077 0.04807692307692308
0 0.3016826923076923 0.13701923076923078 0.07211538461538461 0.06009615384615385
0 0.2920673076923077 0.08052884615384616 0.06610576923076923 0.051682692307692304
0 0.3016826923076923 0.6153846153846154 0.07091346153846154 0.0625
0 0.3004807692307692 0.5516826923076923 0.05889423076923077 0.046875
0 0.3004807692307692 0.9134615384615384 0.06850961538461539 0.06009615384615385
0 0.4963942307692308 0.5444711538461539 0.06370192307692307 0.052884615384615384
0 0.5024038461538461 0.5997596153846154 0.07451923076923077 0.06370192307692307
0 0.6466346153846154 0.018028846153846152 0.056490384615384616 0.036057692307692304
0 0.5360576923076923 0.03245192307692308 0.030048076923076924 0.06370192307692307
0 0.4795673076923077 0.02283653846153846 0.06971153846153846 0.04567307692307692
0 0.29086538461538464 0.030048076923076924 0.06370192307692307 0.05889423076923077
0 0.29927884615384615 0.9723557692307693 0.06850961538461539 0.05048076923076923
0 0.6826923076923077 0.9399038461538461 0.03125 0.1141826923076923
0 0.6466346153846154 0.9591346153846154 0.027644230769230768 0.07451923076923077
0 0.6153846153846154 0.9639423076923077 0.03245192307692308 0.06610576923076923
0 0.5841346153846154 0.9663461538461539 0.030048076923076924 0.06009615384615385
0 0.5528846153846154 0.9663461538461539 0.030048076923076924 0.06009615384615385
0 0.5180288461538461 0.9735576923076923 0.02403846153846154 0.04567307692307692
0 0.4891826923076923 0.9795673076923077 0.025240384615384616 0.03485576923076923
0 0.45552884615384615 0.9747596153846154 0.026442307692307692 0.04447115384615385
0 0.6490384615384616 0.2932692307692308 0.06129807692307692 0.052884615384615384
0 0.6538461538461539 0.06490384615384616 0.0625 0.055288461538461536