0 0.6754807692307693 0.4675480769230769 0.052884615384615384 0.09254807692307693
0 0.5757211538461539 0.29086538461538464 0.04927884615384615 0.08413461538461539
0 0.5552884615384616 0.3317307692307692 0.055288461538461536 0.09735576923076923
0 0.5324519230769231 0.37259615384615385 0.052884615384615384 0.09495192307692307
0 0.7259615384615384 0.546875 0.04807692307692308 0.07932692307692307
0 0.46274038461538464 0.33413461538461536 0.054086538461538464 0.09495192307692307
0 0.5108173076923077 0.4170673076923077 0.051682692307692304 0.09254807692307693
0 0.4879807692307692 0.4579326923076923 0.052884615384615384 0.09495192307692307
0 0.4411057692307692 0.36899038461538464 0.052884615384615384 0.09014423076923077
0 0.4206730769230769 0.41225961538461536 0.055288461538461536 0.09134615384615384
0 0.4699519230769231 0.5024038461538461 0.056490384615384616 0.09735576923076923
0 0.453125 0.5432692307692307 0.05048076923076923 0.0889423076923077
0 0.4026442307692308 0.45913461538461536 0.05048076923076923 0.09495192307692307
0 0.6574519230769231 0.5072115384615384 0.04807692307692308 0.08173076923076923
0 0.6418269230769231 0.5528846153846154 0.055288461538461536 0.09735576923076923
0 0.5036057692307693 0.2536057692307692 0.055288461538461536 0.09975961538461539
0 0.4855769230769231 0.2932692307692308 0.052884615384615384 0.09134615384615384
0 0.7151442307692307 0.5949519230769231 0.05048076923076923 0.0829326923076923
0 0.6189903846153846 0.5889423076923077 0.04807692307692308 0.07211538461538461
0 0.5925480769230769 0.6286057692307693 0.04807692307692308 0.07692307692307693
0 0.7740384615384616 0.4855769230769231 0.04567307692307692 0.08173076923076923
0 0.6971153846153846 0.4230769230769231 0.04807692307692308 0.07692307692307693
0 0.7199519230769231 0.3894230769230769 0.046875 0.07692307692307693
0 0.7391826923076923 0.3557692307692308 0.05048076923076923 0.0889423076923077
0 0.7620192307692307 0.3245192307692308 0.05048076923076923 0.0829326923076923
0 0.7752403846153846 0.265625 0.052884615384615384 0.08413461538461539
0 0.796875 0.23557692307692307 0.055288461538461536 0.09014423076923077
0 0.8185096153846154 0.20432692307692307 0.057692307692307696 0.09615384615384616
0 0.8377403846153846 0.1658653846153846 0.052884615384615384 0.0889423076923077
0 0.8533653846153846 0.12379807692307693 0.055288461538461536 0.078125
0 0.8677884615384616 0.0889423076923077 0.052884615384615384 0.0829326923076923
0 0.9134615384615384 0.15865384615384615 0.04567307692307692 0.06971153846153846
0 0.8990384615384616 0.19591346153846154 0.04567307692307692 0.07451923076923077
0 0.8798076923076923 0.24278846153846154 0.04567307692307692 0.09014423076923077
0 0.8629807692307693 0.28846153846153844 0.052884615384615384 0.09254807692307693
0 0.8461538461538461 0.3293269230769231 0.046875 0.09254807692307693
0 0.8100961538461539 0.4074519230769231 0.04807692307692308 0.08413461538461539
0 0.7944711538461539 0.4483173076923077 0.05048076923076923 0.0889423076923077
0 0.9915865384615384 0.31850961538461536 0.014423076923076924 0.05889423076923077
0 0.9855769230769231 0.375 0.027644230769230768 0.08173076923076923
0 0.9747596153846154 0.4110576923076923 0.04807692307692308 0.08653846153846154
0 0.9591346153846154 0.4411057692307692 0.055288461538461536 0.07932692307692307
0 0.9387019230769231 0.484375 0.054086538461538464 0.08413461538461539
0 0.9254807692307693 0.5276442307692307 0.052884615384615384 0.09134615384615384
0 0.8028846153846154 0.8149038461538461 0.042067307692307696 0.078125
0 0.7776442307692307 0.8545673076923077 0.052884615384615384 0.08413461538461539
0 0.9122596153846154 0.5649038461538461 0.052884615384615384 0.0733173076923077
0 0.8930288461538461 0.6045673076923077 0.046875 0.07692307692307693
0 0.7608173076923077 0.8966346153846154 0.056490384615384616 0.09495192307692307
0 0.7403846153846154 0.9338942307692307 0.056490384615384616 0.09615384615384616
0 0.7127403846153846 0.9627403846153846 0.04807692307692308 0.07091346153846154
0 0.6862980769230769 0.9819711538461539 0.03485576923076923 0.03245192307692308
0 0.6177884615384616 0.8209134615384616 0.04567307692307692 0.07451923076923077
0 0.5925480769230769 0.8497596153846154 0.04807692307692308 0.07692307692307693
0 0.5697115384615384 0.8894230769230769 0.055288461538461536 0.09014423076923077
0 0.5504807692307693 0.9302884615384616 0.05048076923076923 0.08052884615384616
0 0.5324519230769231 0.9651442307692307 0.051682692307692304 0.06610576923076923
0 0.5 0.9807692307692307 0.037259615384615384 0.03485576923076923
0 0.5036057692307693 0.8581730769230769 0.04927884615384615 0.08173076923076923
0 0.47475961538461536 0.890625 0.055288461538461536 0.0889423076923077
0 0.4543269230769231 0.9254807692307693 0.056490384615384616 0.09134615384615384
0 0.43149038461538464 0.9591346153846154 0.055288461538461536 0.07692307692307693
0 0.4026442307692308 0.9795673076923077 0.038461538461538464 0.037259615384615384
0 0.43149038461538464 0.5817307692307693 0.051682692307692304 0.09014423076923077
0 0.4110576923076923 0.6262019230769231 0.052884615384615384 0.07451923076923077
0 0.38100961538461536 0.6574519230769231 0.04807692307692308 0.0829326923076923
0 0.375 0.4987980769230769 0.054086538461538464 0.09014423076923077
0 0.35697115384615385 0.5432692307692307 0.052884615384615384 0.09134615384615384
0 0.3269230769230769 0.5961538461538461 0.055288461538461536 0.09014423076923077
0 0.3088942307692308 0.8341346153846154 0.04927884615384615 0.0889423076923077
0 0.28966346153846156 0.8737980769230769 0.05048076923076923 0.08173076923076923
0 0.265625 0.9086538461538461 0.056490384615384616 0.09014423076923077
0 0.19110576923076922 0.8641826923076923 0.054086538461538464 0.0889423076923077
0 0.24278846153846154 0.9483173076923077 0.05889423076923077 0.0889423076923077
0 0.22355769230769232 0.9747596153846154 0.051682692307692304 0.046875
0 0.17548076923076922 0.9158653846153846 0.056490384615384616 0.08173076923076923
0 0.14182692307692307 0.9387019230769231 0.05048076923076923 0.09014423076923077
0 0.12379807692307693 0.9723557692307693 0.04567307692307692 0.052884615384615384
0 0.10697115384615384 0.6574519230769231 0.05048076923076923 0.08413461538461539
0 0.12860576923076922 0.6177884615384616 0.05889423076923077 0.09254807692307693
0 0.14423076923076922 0.578125 0.056490384615384616 0.09495192307692307
0 0.1658653846153846 0.5288461538461539 0.052884615384615384 0.09254807692307693
0 0.18870192307692307 0.4891826923076923 0.055288461538461536 0.0889423076923077
0 0.20432692307692307 0.44471153846153844 0.055288461538461536 0.0889423076923077
0 0.22235576923076922 0.3894230769230769 0.052884615384615384 0.0829326923076923
0 0.24879807692307693 0.3629807692307692 0.04927884615384615 0.0889423076923077
0 0.27403846153846156 0.3245192307692308 0.05048076923076923 0.08413461538461539
0 0.2980769230769231 0.28846153846153844 0.05048076923076923 0.09134615384615384
0 0.3161057692307692 0.2439903846153846 0.055288461538461536 0.09735576923076923
0 0.33774038461538464 0.20552884615384615 0.056490384615384616 0.09615384615384616
0 0.3581730769230769 0.1658653846153846 0.054086538461538464 0.09014423076923077
0 0.3786057692307692 0.12620192307692307 0.052884615384615384 0.09495192307692307
0 0.39903846153846156 0.08413461538461539 0.056490384615384616 0.09735576923076923
0 0.4230769230769231 0.046875 0.054086538461538464 0.09254807692307693
0 0.44471153846153844 0.027644230769230768 0.04326923076923077 0.054086538461538464
0 0.5240384615384616 0.20793269230769232 0.052884615384615384 0.09615384615384616
0 0.5432692307692307 0.1658653846153846 0.04807692307692308 0.09014423076923077
0 0.5625 0.12860576923076922 0.052884615384615384 0.0889423076923077
0 0.5865384615384616 0.09254807692307693 0.04807692307692308 0.08413461538461539
0 0.6045673076923077 0.055288461538461536 0.055288461538461536 0.09254807692307693
0 0.6237980769230769 0.030048076923076924 0.05048076923076923 0.06009615384615385
0 0.6502403846153846 0.009615384615384616 0.039663461538461536 0.019230769230769232
0 0.7415865384615384 0.016826923076923076 0.040865384615384616 0.03365384615384615
0 0.7115384615384616 0.03365384615384615 0.04807692307692308 0.06610576923076923
0 0.6935096153846154 0.05889423076923077 0.052884615384615384 0.09134615384615384
0 0.6730769230769231 0.09735576923076923 0.04807692307692308 0.08774038461538461
0 0.6502403846153846 0.13221153846153846 0.052884615384615384 0.08774038461538461
0 0.6286057692307693 0.1658653846153846 0.051682692307692304 0.08653846153846154
0 0.6129807692307693 0.20552884615384615 0.052884615384615384 0.09254807692307693
0 0.5949519230769231 0.25 0.05048076923076923 0.09134615384615384
0 0.26802884615384615 0.007211538461538462 0.03485576923076923 0.014423076923076924
0 0.23677884615384615 0.02283653846153846 0.04567307692307692 0.04567307692307692
0 0.2091346153846154 0.04447115384615385 0.057692307692307696 0.0889423076923077
0 0.18509615384615385 0.08052884615384616 0.056490384615384616 0.09615384615384616
0 0.16947115384615385 0.125 0.054086538461538464 0.08173076923076923
0 0.1466346153846154 0.15865384615384615 0.054086538461538464 0.0889423076923077
0 0.12259615384615384 0.203125 0.055288461538461536 0.09254807692307693
0 0.09975961538461539 0.24278846153846154 0.055288461538461536 0.09254807692307693
0 0.08413461538461539 0.29086538461538464 0.05889423076923077 0.09134615384615384
0 0.0625 0.33653846153846156 0.0625 0.09735576923076923
0 0.04326923076923077 0.3786057692307692 0.06370192307692307 0.09134615384615384
0 0.028846153846153848 0.421875 0.057692307692307696 0.09615384615384616
0 0.019230769230769232 0.47115384615384615 0.037259615384615384 0.0829326923076923
0 0.009615384615384616 0.5300480769230769 0.019230769230769232 0.06009615384615385
0 0.4699519230769231 0.007211538461538462 0.03245192307692308 0.014423076923076924