0 0.9230769230769231 0.7295673076923077 0.08533653846153846 0.0733173076923077
0 0.9170673076923077 0.6502403846153846 0.08774038461538461 0.07451923076923077
0 0.9074519230769231 0.5697115384615384 0.09134615384615384 0.06490384615384616
0 0.9074519230769231 0.49158653846153844 0.09254807692307693 0.07091346153846154
0 0.7980769230769231 0.421875 0.09014423076923077 0.07451923076923077
0 0.8064903846153846 0.6586538461538461 0.08533653846153846 0.06490384615384616
0 0.9014423076923077 0.3317307692307692 0.09134615384615384 0.06610576923076923
0 0.8942307692307693 0.25240384615384615 0.08533653846153846 0.07091346153846154
0 0.7944711538461539 0.25841346153846156 0.078125 0.06971153846153846
0 0.7884615384615384 0.10576923076923077 0.09375 0.07451923076923077
0 0.7800480769230769 0.030048076923076924 0.0985576923076923 0.06009615384615385
0 0.5757211538461539 0.04326923076923077 0.07692307692307693 0.07692307692307693
0 0.5865384615384616 0.12620192307692307 0.07211538461538461 0.07692307692307693
0 0.5829326923076923 0.2800480769230769 0.08413461538461539 0.0733173076923077
0 0.578125 0.36778846153846156 0.08533653846153846 0.07211538461538461
0 0.59375 0.44471153846153844 0.06850961538461539 0.06009615384615385
0 0.5973557692307693 0.5252403846153846 0.09014423076923077 0.06850961538461539
0 0.5973557692307693 0.6911057692307693 0.08774038461538461 0.07451923076923077
0 0.4831730769230769 0.5372596153846154 0.09134615384615384 0.06610576923076923
0 0.47836538461538464 0.38100961538461536 0.09375 0.06971153846153846
0 0.25961538461538464 0.171875 0.09254807692307693 0.06610576923076923
0 0.2644230769230769 0.08173076923076923 0.09254807692307693 0.07932692307692307
0 0.06850961538461539 0.11658653846153846 0.08052884615384616 0.06490384615384616
0 0.07692307692307693 0.18870192307692307 0.08413461538461539 0.06370192307692307
0 0.078125 0.265625 0.08173076923076923 0.06610576923076923
0 0.07932692307692307 0.3485576923076923 0.078125 0.06850961538461539
0 0.08052884615384616 0.421875 0.07932692307692307 0.0625
0 0.2764423076923077 0.6586538461538461 0.07932692307692307 0.0625
0 0.4723557692307692 0.06129807692307692 0.0889423076923077 0.08052884615384616