0 0.5300480769230769 0.6634615384615384 0.06009615384615385 0.052884615384615384
0 0.5300480769230769 0.6081730769230769 0.056490384615384616 0.05048076923076923
0 0.5324519230769231 0.5516826923076923 0.057692307692307696 0.04807692307692308
0 0.4639423076923077 0.5480769230769231 0.05889423076923077 0.052884615384615384
0 0.46274038461538464 0.6610576923076923 0.06009615384615385 0.052884615384615384
0 0.45913461538461536 0.7175480769230769 0.055288461538461536 0.051682692307692304
0 0.31850961538461536 0.828125 0.057692307692307696 0.046875
0 0.3112980769230769 0.7680288461538461 0.055288461538461536 0.05048076923076923
0 0.3088942307692308 0.7091346153846154 0.06129807692307692 0.04807692307692308
0 0.45913461538461536 0.4387019230769231 0.05889423076923077 0.051682692307692304
0 0.4651442307692308 0.49399038461538464 0.057692307692307696 0.046875
0 0.5300480769230769 0.49759615384615385 0.05889423076923077 0.05048076923076923
0 0.5324519230769231 0.43990384615384615 0.05889423076923077 0.051682692307692304
0 0.46033653846153844 0.7764423076923077 0.05889423076923077 0.04326923076923077
0 0.5324519230769231 0.7235576923076923 0.056490384615384616 0.04567307692307692
0 0.45913461538461536 0.8317307692307693 0.056490384615384616 0.046875
0 0.4567307692307692 0.609375 0.06129807692307692 0.046875
0 0.3161057692307692 0.21754807692307693 0.056490384615384616 0.052884615384615384
0 0.7548076923076923 0.6274038461538461 0.05889423076923077 0.051682692307692304
0 0.6850961538461539 0.6213942307692307 0.06370192307692307 0.04807692307692308
0 0.7572115384615384 0.7944711538461539 0.056490384615384616 0.04807692307692308
0 0.7596153846153846 0.8497596153846154 0.06009615384615385 0.051682692307692304
0 0.7560096153846154 0.9026442307692307 0.04927884615384615 0.04807692307692308
0 0.6778846153846154 0.8966346153846154 0.051682692307692304 0.04447115384615385
0 0.6730769230769231 0.9555288461538461 0.054086538461538464 0.051682692307692304
0 0.8858173076923077 0.9591346153846154 0.05889423076923077 0.051682692307692304
0 0.4567307692307692 0.8870192307692307 0.056490384615384616 0.046875
0 0.5300480769230769 0.9447115384615384 0.055288461538461536 0.05048076923076923
0 0.4567307692307692 0.9399038461538461 0.056490384615384616 0.05048076923076923
0 0.5288461538461539 0.9879807692307693 0.055288461538461536 0.020432692307692308
0 0.45913461538461536 0.9879807692307693 0.05889423076923077 0.021634615384615384
0 0.15985576923076922 0.7331730769230769 0.06370192307692307 0.051682692307692304
0 0.15625 0.7944711538461539 0.06129807692307692 0.05048076923076923
0 0.15504807692307693 0.8533653846153846 0.05889423076923077 0.04326923076923077
0 0.3173076923076923 0.8822115384615384 0.05889423076923077 0.04807692307692308
0 0.31850961538461536 0.9375 0.05889423076923077 0.04807692307692308
0 0.31971153846153844 0.984375 0.06129807692307692 0.027644230769230768
0 0.15985576923076922 0.9555288461538461 0.05889423076923077 0.04807692307692308
0 0.6802884615384616 0.8473557692307693 0.06009615384615385 0.046875
0 0.5264423076923077 0.7788461538461539 0.06129807692307692 0.04567307692307692
0 0.5216346153846154 0.8365384615384616 0.057692307692307696 0.04567307692307692
0 0.5252403846153846 0.890625 0.06129807692307692 0.052884615384615384
0 0.31971153846153844 0.5444711538461539 0.056490384615384616 0.04567307692307692
0 0.31850961538461536 0.6009615384615384 0.056490384615384616 0.04807692307692308
0 0.31009615384615385 0.6538461538461539 0.06009615384615385 0.04807692307692308
0 0.7560096153846154 0.6802884615384616 0.055288461538461536 0.04567307692307692
0 0.6814903846153846 0.6754807692307693 0.06370192307692307 0.051682692307692304
0 0.6754807692307693 0.7295673076923077 0.05889423076923077 0.05048076923076923
0 0.6862980769230769 0.7920673076923077 0.055288461538461536 0.05048076923076923
0 0.7427884615384616 0.9903846153846154 0.051682692307692304 0.015625
0 0.6706730769230769 0.9915865384615384 0.05889423076923077 0.01201923076923077
0 0.8870192307692307 0.9927884615384616 0.06610576923076923 0.010817307692307692
0 0.16105769230769232 0.6790865384615384 0.06370192307692307 0.04567307692307692
0 0.17067307692307693 0.9915865384615384 0.055288461538461536 0.014423076923076924
0 0.15625 0.6225961538461539 0.06009615384615385 0.052884615384615384
0 0.16826923076923078 0.5697115384615384 0.06009615384615385 0.051682692307692304
0 0.16826923076923078 0.5096153846153846 0.06129807692307692 0.046875
0 0.16346153846153846 0.4543269230769231 0.0625 0.05048076923076923
0 0.1658653846153846 0.4014423076923077 0.0625 0.05048076923076923
0 0.16706730769230768 0.3485576923076923 0.06490384615384616 0.051682692307692304
0 0.16346153846153846 0.296875 0.07091346153846154 0.052884615384615384
0 0.16826923076923078 0.24158653846153846 0.056490384615384616 0.051682692307692304
0 0.17668269230769232 0.1814903846153846 0.057692307692307696 0.054086538461538464
0 0.18028846153846154 0.12740384615384615 0.06009615384615385 0.054086538461538464
0 0.1778846153846154 0.030048076923076924 0.06129807692307692 0.055288461538461536
0 0.3161057692307692 0.15144230769230768 0.054086538461538464 0.051682692307692304
0 0.3137019230769231 0.10096153846153846 0.056490384615384616 0.05048076923076923
0 0.3161057692307692 0.05048076923076923 0.06009615384615385 0.055288461538461536
0 0.3137019230769231 0.009615384615384616 0.06129807692307692 0.019230769230769232
0 0.45913461538461536 0.014423076923076924 0.06009615384615385 0.027644230769230768
0 0.46274038461538464 0.056490384615384616 0.057692307692307696 0.051682692307692304
0 0.46634615384615385 0.109375 0.057692307692307696 0.04807692307692308
0 0.45913461538461536 0.16105769230769232 0.057692307692307696 0.04807692307692308
0 0.4579326923076923 0.21754807692307693 0.0625 0.054086538461538464
0 0.5144230769230769 0.20432692307692307 0.025240384615384616 0.11778846153846154
0 0.5456730769230769 0.19951923076923078 0.027644230769230768 0.10817307692307693
0 0.5769230769230769 0.203125 0.025240384615384616 0.09615384615384616
0 0.6081730769230769 0.19591346153846154 0.026442307692307692 0.10697115384615384
0 0.6394230769230769 0.203125 0.027644230769230768 0.10697115384615384
0 0.6706730769230769 0.19951923076923078 0.028846153846153848 0.11538461538461539
0 0.7043269230769231 0.20192307692307693 0.026442307692307692 0.10817307692307693
0 0.7307692307692307 0.20432692307692307 0.026442307692307692 0.109375
0 0.7596153846153846 0.22235576923076922 0.025240384615384616 0.1045673076923077
0 0.7884615384615384 0.22235576923076922 0.025240384615384616 0.1045673076923077
0 0.8161057692307693 0.21514423076923078 0.027644230769230768 0.10817307692307693
0 0.8509615384615384 0.20673076923076922 0.03125 0.10576923076923077
0 0.7512019230769231 0.5685096153846154 0.05889423076923077 0.042067307692307696
0 0.6875 0.5625 0.05889423076923077 0.04567307692307692
0 0.7475961538461539 0.5060096153846154 0.054086538461538464 0.046875
0 0.6862980769230769 0.5072115384615384 0.05889423076923077 0.04807692307692308
0 0.6838942307692307 0.4519230769230769 0.06129807692307692 0.04807692307692308
0 0.7463942307692307 0.4519230769230769 0.05048076923076923 0.04567307692307692
0 0.31850961538461536 0.484375 0.06129807692307692 0.052884615384615384
0 0.31971153846153844 0.43028846153846156 0.06129807692307692 0.04807692307692308
0 0.8990384615384616 0.2956730769230769 0.0625 0.054086538461538464
0 0.8954326923076923 0.35697115384615385 0.056490384615384616 0.04567307692307692
0 0.8990384615384616 0.4098557692307692 0.05889423076923077 0.055288461538461536
0 0.8894230769230769 0.4651442307692308 0.05889423076923077 0.04807692307692308
0 0.8954326923076923 0.5216346153846154 0.06129807692307692 0.05048076923076923
0 0.8894230769230769 0.5745192307692307 0.05889423076923077 0.05048076923076923
0 0.8870192307692307 0.6262019230769231 0.05889423076923077 0.051682692307692304
0 0.8882211538461539 0.6850961538461539 0.06009615384615385 0.046875
0 0.8918269230769231 0.7355769230769231 0.06009615384615385 0.04567307692307692
0 0.8978365384615384 0.7884615384615384 0.05889423076923077 0.04807692307692308
0 0.9002403846153846 0.8461538461538461 0.0625 0.051682692307692304
0 0.8990384615384616 0.9002403846153846 0.06370192307692307 0.054086538461538464