0 0.4567307692307692 0.4362980769230769 0.052884615384615384 0.046875
0 0.30528846153846156 0.5384615384615384 0.05889423076923077 0.05048076923076923
0 0.30288461538461536 0.5925480769230769 0.05889423076923077 0.051682692307692304
0 0.4567307692307692 0.27884615384615385 0.055288461538461536 0.046875
0 0.4567307692307692 0.3317307692307692 0.0625 0.051682692307692304
0 0.3125 0.1622596153846154 0.055288461538461536 0.051682692307692304
0 0.4519230769230769 0.4891826923076923 0.05889423076923077 0.046875
0 0.4543269230769231 0.22596153846153846 0.05889423076923077 0.05048076923076923
0 0.44471153846153844 0.16947115384615385 0.05889423076923077 0.04807692307692308
0 0.46033653846153844 0.5504807692307693 0.06971153846153846 0.052884615384615384
0 0.45913461538461536 0.6057692307692307 0.06129807692307692 0.042067307692307696
0 0.4519230769230769 0.6598557692307693 0.06129807692307692 0.04807692307692308
0 0.3161057692307692 0.11298076923076923 0.055288461538461536 0.046875
0 0.5384615384615384 0.6959134615384616 0.025240384615384616 0.109375
0 0.5697115384615384 0.6983173076923077 0.026442307692307692 0.09735576923076923
0 0.7524038461538461 0.7127403846153846 0.025240384615384616 0.10576923076923077
0 0.15985576923076922 0.9459134615384616 0.06009615384615385 0.05048076923076923
0 0.16105769230769232 0.8918269230769231 0.05889423076923077 0.040865384615384616
0 0.16105769230769232 0.8401442307692307 0.06370192307692307 0.04567307692307692
0 0.1622596153846154 0.7295673076923077 0.055288461538461536 0.04567307692307692
0 0.17067307692307693 0.6153846153846154 0.06009615384615385 0.05048076923076923
0 0.16826923076923078 0.6694711538461539 0.057692307692307696 0.04807692307692308
0 0.3161057692307692 0.375 0.055288461538461536 0.04807692307692308
0 0.3161057692307692 0.32091346153846156 0.05889423076923077 0.04807692307692308
0 0.3125 0.26802884615384615 0.056490384615384616 0.04567307692307692
0 0.31490384615384615 0.21995192307692307 0.056490384615384616 0.046875
0 0.30649038461538464 0.6490384615384616 0.054086538461538464 0.046875
0 0.30528846153846156 0.7067307692307693 0.056490384615384616 0.05048076923076923
0 0.16947115384615385 0.3557692307692308 0.06850961538461539 0.052884615384615384
0 0.17067307692307693 0.4050480769230769 0.05889423076923077 0.04567307692307692
0 0.17307692307692307 0.4579326923076923 0.055288461538461536 0.05048076923076923
0 0.16826923076923078 0.5144230769230769 0.057692307692307696 0.046875
0 0.16466346153846154 0.9855769230769231 0.0625 0.02403846153846154
0 0.4543269230769231 0.07211538461538461 0.06129807692307692 0.04567307692307692
0 0.5997596153846154 0.6947115384615384 0.027644230769230768 0.0985576923076923
0 0.6310096153846154 0.6971153846153846 0.026442307692307692 0.11298076923076923
0 0.6622596153846154 0.6911057692307693 0.027644230769230768 0.1141826923076923
0 0.6935096153846154 0.6971153846153846 0.02403846153846154 0.11057692307692307
0 0.7223557692307693 0.6995192307692307 0.025240384615384616 0.10576923076923077
0 0.15865384615384615 0.7860576923076923 0.06971153846153846 0.046875
0 0.1778846153846154 0.1971153846153846 0.052884615384615384 0.04567307692307692
0 0.17307692307692307 0.2512019230769231 0.055288461538461536 0.04447115384615385
0 0.171875 0.3016826923076923 0.057692307692307696 0.04447115384615385
0 0.8425480769230769 0.6875 0.030048076923076924 0.10817307692307693
0 0.6730769230769231 0.9387019230769231 0.05889423076923077 0.04807692307692308
0 0.734375 0.9375 0.04807692307692308 0.04326923076923077
0 0.7355769230769231 0.9819711538461539 0.052884615384615384 0.03245192307692308
0 0.6742788461538461 0.9831730769230769 0.057692307692307696 0.030048076923076924
0 0.8834134615384616 0.9879807692307693 0.06129807692307692 0.021634615384615384
0 0.8762019230769231 0.9447115384615384 0.06129807692307692 0.054086538461538464
0 0.8870192307692307 0.8858173076923077 0.06129807692307692 0.04807692307692308
0 0.8846153846153846 0.8329326923076923 0.056490384615384616 0.046875
0 0.8894230769230769 0.7740384615384616 0.06370192307692307 0.051682692307692304
0 0.7800480769230769 0.7079326923076923 0.025240384615384616 0.10817307692307693
0 0.8064903846153846 0.6947115384615384 0.028846153846153848 0.11057692307692307
0 0.4495192307692308 0.7163461538461539 0.06370192307692307 0.051682692307692304
0 0.5072115384615384 0.6983173076923077 0.025240384615384616 0.11538461538461539
0 0.5264423076923077 0.9314903846153846 0.05889423076923077 0.046875
0 0.5252403846153846 0.9807692307692307 0.056490384615384616 0.03485576923076923
0 0.46033653846153844 0.9795673076923077 0.055288461538461536 0.038461538461538464
0 0.4543269230769231 0.9314903846153846 0.055288461538461536 0.04807692307692308
0 0.3161057692307692 0.9266826923076923 0.05889423076923077 0.051682692307692304
0 0.3161057692307692 0.9759615384615384 0.05889423076923077 0.04447115384615385
0 0.18870192307692307 0.042067307692307696 0.056490384615384616 0.04567307692307692
0 0.18870192307692307 0.09134615384615384 0.06129807692307692 0.046875
0 0.1875 0.14182692307692307 0.052884615384615384 0.046875
0 0.31490384615384615 0.0625 0.05889423076923077 0.05048076923076923
0 0.453125 0.02283653846153846 0.06009615384615385 0.04567307692307692
0 0.46033653846153844 0.12139423076923077 0.05889423076923077 0.046875
0 0.46274038461538464 0.38461538461538464 0.056490384615384616 0.040865384615384616
0 0.30288461538461536 0.484375 0.05889423076923077 0.05048076923076923
0 0.30408653846153844 0.42908653846153844 0.054086538461538464 0.04567307692307692
0 0.3161057692307692 0.018028846153846152 0.054086538461538464 0.036057692307692304
0 0.18990384615384615 0.009615384615384616 0.05048076923076923 0.019230769230769232