0 0.6502403846153846 0.5733173076923077 0.09495192307692307 0.07692307692307693
0 0.18990384615384615 0.6430288461538461 0.0985576923076923 0.08052884615384616
0 0.6550480769230769 0.9555288461538461 0.04447115384615385 0.08413461538461539
0 0.5985576923076923 0.9459134615384616 0.04326923076923077 0.10576923076923077
0 0.5492788461538461 0.9579326923076923 0.038461538461538464 0.07932692307692307
0 0.5012019230769231 0.9615384615384616 0.04326923076923077 0.07451923076923077
0 0.4495192307692308 0.9699519230769231 0.040865384615384616 0.05889423076923077
0 0.39663461538461536 0.9711538461538461 0.040865384615384616 0.055288461538461536
0 0.3485576923076923 0.9699519230769231 0.040865384615384616 0.05889423076923077
0 0.29447115384615385 0.9699519230769231 0.04567307692307692 0.056490384615384616
0 0.24639423076923078 0.9855769230769231 0.040865384615384616 0.025240384615384616
0 0.19471153846153846 0.9747596153846154 0.04567307692307692 0.046875
0 0.14903846153846154 0.9819711538461539 0.04447115384615385 0.03245192307692308
0 0.09975961538461539 0.984375 0.04807692307692308 0.026442307692307692
0 0.03365384615384615 0.6586538461538461 0.0673076923076923 0.08052884615384616
0 0.7620192307692307 0.5612980769230769 0.09615384615384616 0.07692307692307693
0 0.9867788461538461 0.515625 0.02403846153846154 0.06971153846153846
0 0.703125 0.9399038461538461 0.04326923076923077 0.11658653846153846
0 0.7512019230769231 0.9338942307692307 0.04326923076923077 0.12860576923076922
0 0.8016826923076923 0.9471153846153846 0.04326923076923077 0.10336538461538461
0 0.8473557692307693 0.9254807692307693 0.046875 0.1466346153846154
0 0.8978365384615384 0.9278846153846154 0.05048076923076923 0.14182692307692307
0 0.9447115384615384 0.9158653846153846 0.055288461538461536 0.16706730769230768
0 0.9831730769230769 0.9170673076923077 0.03245192307692308 0.1622596153846154