0 0.5408653846153846 0.1045673076923077 0.027644230769230768 0.10697115384615384
0 0.49399038461538464 0.28365384615384615 0.04927884615384615 0.04567307692307692
0 0.5432692307692307 0.21995192307692307 0.02403846153846154 0.10096153846153846
0 0.4831730769230769 0.05048076923076923 0.05889423076923077 0.05048076923076923
0 0.484375 0.1045673076923077 0.06009615384615385 0.051682692307692304
0 0.49158653846153844 0.22115384615384615 0.05889423076923077 0.05048076923076923
0 0.49278846153846156 0.33774038461538464 0.046875 0.042067307692307696
0 0.5480769230769231 0.34615384615384615 0.026442307692307692 0.11778846153846154
0 0.4987980769230769 0.3918269230769231 0.06610576923076923 0.054086538461538464
0 0.5012019230769231 0.45913461538461536 0.056490384615384616 0.05048076923076923
0 0.31490384615384615 0.4074519230769231 0.052884615384615384 0.046875
0 0.3112980769230769 0.2920673076923077 0.06971153846153846 0.051682692307692304
0 0.31971153846153844 0.35336538461538464 0.06370192307692307 0.04807692307692308
0 0.6646634615384616 0.20673076923076922 0.06129807692307692 0.054086538461538464
0 0.6574519230769231 0.3293269230769231 0.06370192307692307 0.04567307692307692
0 0.6598557692307693 0.38100961538461536 0.06490384615384616 0.056490384615384616
0 0.3161057692307692 0.234375 0.052884615384615384 0.04447115384615385
0 0.30408653846153844 0.11298076923076923 0.07211538461538461 0.06009615384615385
0 0.30408653846153844 0.5901442307692307 0.07091346153846154 0.0625
0 0.30288461538461536 0.5264423076923077 0.05889423076923077 0.046875
0 0.30288461538461536 0.8894230769230769 0.06850961538461539 0.06009615384615385
0 0.6850961538461539 0.9158653846153846 0.03125 0.1141826923076923
0 0.6502403846153846 0.26802884615384615 0.06129807692307692 0.052884615384615384
0 0.30288461538461536 0.9495192307692307 0.06850961538461539 0.06009615384615385
0 0.5528846153846154 0.46274038461538464 0.027644230769230768 0.1045673076923077
0 0.6586538461538461 0.4362980769230769 0.06129807692307692 0.051682692307692304
0 0.6598557692307693 0.14903846153846154 0.05048076923076923 0.04807692307692308
0 0.6682692307692307 0.5480769230769231 0.056490384615384616 0.056490384615384616
0 0.6682692307692307 0.49038461538461536 0.06009615384615385 0.055288461538461536
0 0.6550480769230769 0.04447115384615385 0.0625 0.052884615384615384
0 0.6658653846153846 0.10336538461538461 0.0625 0.052884615384615384
0 0.4951923076923077 0.15264423076923078 0.06129807692307692 0.0625
0 0.31490384615384615 0.18028846153846154 0.06129807692307692 0.05048076923076923
0 0.5060096153846154 0.5709134615384616 0.07572115384615384 0.06009615384615385
0 0.5012019230769231 0.5168269230769231 0.0625 0.051682692307692304
0 0.29447115384615385 0.06009615384615385 0.06370192307692307 0.052884615384615384
0 0.3173076923076923 0.4651442307692308 0.06490384615384616 0.046875
0 0.3004807692307692 0.8389423076923077 0.06850961538461539 0.056490384615384616
0 0.5396634615384616 0.019230769230769232 0.025240384615384616 0.038461538461538464
0 0.48197115384615385 0.010817307692307692 0.06490384615384616 0.021634615384615384
0 0.2932692307692308 0.016826923076923076 0.0673076923076923 0.03365384615384615
0 0.671875 0.6045673076923077 0.057692307692307696 0.04447115384615385
0 0.6706730769230769 0.6610576923076923 0.06009615384615385 0.051682692307692304
0 0.6706730769230769 0.7163461538461539 0.06370192307692307 0.051682692307692304
0 0.4254807692307692 0.9699519230769231 0.025240384615384616 0.056490384615384616
0 0.45913461538461536 0.9639423076923077 0.025240384615384616 0.06971153846153846
0 0.49158653846153844 0.9663461538461539 0.02403846153846154 0.0625
0 0.5216346153846154 0.9627403846153846 0.02403846153846154 0.07091346153846154
0 0.5564903846153846 0.9555288461538461 0.028846153846153848 0.08653846153846154
0 0.5877403846153846 0.9567307692307693 0.028846153846153848 0.0829326923076923
0 0.6201923076923077 0.9495192307692307 0.03125 0.09615384615384616
0 0.6502403846153846 0.9459134615384616 0.026442307692307692 0.1045673076923077
0 0.1778846153846154 0.8413461538461539 0.04927884615384615 0.13341346153846154
0 0.3918269230769231 0.9795673076923077 0.02403846153846154 0.038461538461538464