0 0.5973557692307693 0.9350961538461539 0.06009615384615385 0.05048076923076923
0 0.5324519230769231 0.9338942307692307 0.05889423076923077 0.052884615384615384
0 0.32091346153846156 0.8786057692307693 0.06370192307692307 0.051682692307692304
0 0.5997596153846154 0.8725961538461539 0.056490384615384616 0.054086538461538464
0 0.53125 0.8713942307692307 0.06009615384615385 0.051682692307692304
0 0.5300480769230769 0.8149038461538461 0.06129807692307692 0.054086538461538464
0 0.5973557692307693 0.8149038461538461 0.05889423076923077 0.052884615384615384
0 0.3870192307692308 0.8725961538461539 0.06850961538461539 0.054086538461538464
0 0.3161057692307692 0.8233173076923077 0.056490384615384616 0.05048076923076923
0 0.3894230769230769 0.8161057692307693 0.06009615384615385 0.052884615384615384
0 0.38822115384615385 0.765625 0.06129807692307692 0.055288461538461536
0 0.5276442307692307 0.7644230769230769 0.056490384615384616 0.046875
0 0.5973557692307693 0.7608173076923077 0.057692307692307696 0.052884615384615384
0 0.5973557692307693 0.7055288461538461 0.0625 0.054086538461538464
0 0.5288461538461539 0.7067307692307693 0.06129807692307692 0.055288461538461536
0 0.31850961538461536 0.7680288461538461 0.05889423076923077 0.054086538461538464
0 0.7391826923076923 0.9254807692307693 0.06370192307692307 0.052884615384615384
0 0.7355769230769231 0.8689903846153846 0.06129807692307692 0.051682692307692304
0 0.7379807692307693 0.8137019230769231 0.052884615384615384 0.04807692307692308
0 0.734375 0.7560096153846154 0.06129807692307692 0.04807692307692308
0 0.5997596153846154 0.6430288461538461 0.0673076923076923 0.051682692307692304
0 0.5300480769230769 0.6430288461538461 0.06009615384615385 0.051682692307692304
0 0.5961538461538461 0.5841346153846154 0.06129807692307692 0.052884615384615384
0 0.5300480769230769 0.5841346153846154 0.06129807692307692 0.052884615384615384
0 0.5288461538461539 0.5288461538461539 0.06009615384615385 0.052884615384615384
0 0.5997596153846154 0.5276442307692307 0.06370192307692307 0.054086538461538464
0 0.5985576923076923 0.47115384615384615 0.052884615384615384 0.04807692307692308
0 0.5324519230769231 0.4735576923076923 0.0625 0.051682692307692304
0 0.17908653846153846 0.8786057692307693 0.06009615384615385 0.04567307692307692
0 0.17548076923076922 0.8185096153846154 0.06370192307692307 0.052884615384615384
0 0.1875 0.7644230769230769 0.055288461538461536 0.046875
0 0.1814903846153846 0.7079326923076923 0.06129807692307692 0.052884615384615384
0 0.17908653846153846 0.6466346153846154 0.06009615384615385 0.051682692307692304
0 0.18028846153846154 0.5925480769230769 0.0625 0.04807692307692308
0 0.17548076923076922 0.5348557692307693 0.06490384615384616 0.051682692307692304
0 0.3173076923076923 0.703125 0.05889423076923077 0.04567307692307692
0 0.3786057692307692 0.6995192307692307 0.06610576923076923 0.05048076923076923
0 0.3858173076923077 0.5300480769230769 0.06370192307692307 0.051682692307692304
0 0.38461538461538464 0.5877403846153846 0.06009615384615385 0.05048076923076923
0 0.38221153846153844 0.6430288461538461 0.06370192307692307 0.052884615384615384
0 0.3161057692307692 0.6466346153846154 0.05889423076923077 0.051682692307692304
0 0.3173076923076923 0.5889423076923077 0.06129807692307692 0.052884615384615384
0 0.3137019230769231 0.5348557692307693 0.05889423076923077 0.051682692307692304
0 0.3137019230769231 0.47836538461538464 0.051682692307692304 0.054086538461538464
0 0.38461538461538464 0.4723557692307692 0.06129807692307692 0.052884615384615384
0 0.38822115384615385 0.4170673076923077 0.0625 0.054086538461538464
0 0.3161057692307692 0.4206730769230769 0.056490384615384616 0.055288461538461536
0 0.31850961538461536 0.3629807692307692 0.05889423076923077 0.056490384615384616
0 0.38822115384615385 0.359375 0.06129807692307692 0.052884615384615384
0 0.5949519230769231 0.3581730769230769 0.057692307692307696 0.056490384615384616
0 0.5997596153846154 0.41586538461538464 0.06129807692307692 0.054086538461538464
0 0.53125 0.41225961538461536 0.06610576923076923 0.052884615384615384
0 0.53125 0.3605769230769231 0.06009615384615385 0.05048076923076923
0 0.734375 0.4795673076923077 0.05889423076923077 0.04807692307692308
0 0.7331730769230769 0.421875 0.06009615384615385 0.056490384615384616
0 0.7307692307692307 0.5288461538461539 0.05889423076923077 0.04807692307692308
0 0.7331730769230769 0.5841346153846154 0.05889423076923077 0.054086538461538464
0 0.7331730769230769 0.6394230769230769 0.06370192307692307 0.04807692307692308
0 0.7331730769230769 0.6959134615384616 0.0625 0.051682692307692304
0 0.38822115384615385 0.9290865384615384 0.06129807692307692 0.04807692307692308
0 0.32211538461538464 0.9314903846153846 0.06370192307692307 0.04807692307692308
0 0.17548076923076922 0.9362980769230769 0.055288461538461536 0.05048076923076923
0 0.17548076923076922 0.47836538461538464 0.06370192307692307 0.05048076923076923
0 0.1814903846153846 0.9831730769230769 0.06610576923076923 0.030048076923076924
0 0.31971153846153844 0.9831730769230769 0.05889423076923077 0.030048076923076924
0 0.38221153846153844 0.9807692307692307 0.0625 0.036057692307692304
0 0.7331730769230769 0.3016826923076923 0.06610576923076923 0.051682692307692304
0 0.7331730769230769 0.359375 0.05889423076923077 0.054086538461538464
0 0.7367788461538461 0.9759615384615384 0.06129807692307692 0.04447115384615385
0 0.5997596153846154 0.9783653846153846 0.06370192307692307 0.040865384615384616
0 0.5324519230769231 0.9795673076923077 0.06370192307692307 0.037259615384615384
0 0.5961538461538461 0.3016826923076923 0.05889423076923077 0.051682692307692304
0 0.5300480769230769 0.30408653846153844 0.055288461538461536 0.052884615384615384
0 0.390625 0.30408653846153844 0.0625 0.051682692307692304
0 0.32091346153846156 0.30649038461538464 0.056490384615384616 0.052884615384615384
0 0.20552884615384615 0.375 0.03125 0.11057692307692307
0 0.20552884615384615 0.25721153846153844 0.027644230769230768 0.10817307692307693
0 0.3245192307692308 0.2512019230769231 0.06009615384615385 0.054086538461538464
0 0.3894230769230769 0.24759615384615385 0.05889423076923077 0.05889423076923077
0 0.3870192307692308 0.19110576923076922 0.051682692307692304 0.051682692307692304
0 0.3245192307692308 0.1971153846153846 0.06009615384615385 0.055288461538461536
0 0.20552884615384615 0.1346153846153846 0.03245192307692308 0.11658653846153846
0 0.21153846153846154 0.037259615384615384 0.027644230769230768 0.07451923076923077
0 0.3245192307692308 0.140625 0.056490384615384616 0.051682692307692304
0 0.38822115384615385 0.14302884615384615 0.056490384615384616 0.046875
0 0.5276442307692307 0.24639423076923078 0.06490384615384616 0.055288461538461536
0 0.5949519230769231 0.25 0.055288461538461536 0.051682692307692304
0 0.5997596153846154 0.18990384615384615 0.05889423076923077 0.051682692307692304
0 0.5252403846153846 0.1935096153846154 0.057692307692307696 0.051682692307692304
0 0.5216346153846154 0.13581730769230768 0.06009615384615385 0.054086538461538464
0 0.5997596153846154 0.13581730769230768 0.056490384615384616 0.054086538461538464
0 0.7283653846153846 0.24879807692307693 0.05889423076923077 0.051682692307692304
0 0.7271634615384616 0.19831730769230768 0.06009615384615385 0.055288461538461536
0 0.7283653846153846 0.14302884615384615 0.06009615384615385 0.051682692307692304
0 0.7247596153846154 0.09254807692307693 0.0625 0.051682692307692304
0 0.7223557692307693 0.040865384615384616 0.0625 0.052884615384615384
0 0.5973557692307693 0.030048076923076924 0.06370192307692307 0.052884615384615384
0 0.5973557692307693 0.08413461538461539 0.06009615384615385 0.04807692307692308
0 0.5252403846153846 0.08413461538461539 0.056490384615384616 0.055288461538461536
0 0.5276442307692307 0.026442307692307692 0.06129807692307692 0.04567307692307692
0 0.38822115384615385 0.09014423076923077 0.06009615384615385 0.05048076923076923
0 0.3245192307692308 0.09014423076923077 0.06370192307692307 0.05889423076923077
0 0.3245192307692308 0.03485576923076923 0.05889423076923077 0.04807692307692308
0 0.3870192307692308 0.03485576923076923 0.052884615384615384 0.054086538461538464