0 0.4014423076923077 0.33413461538461536 0.04326923076923077 0.16346153846153846
0 0.4495192307692308 0.3401442307692308 0.040865384615384616 0.15865384615384615
0 0.5072115384615384 0.35096153846153844 0.04326923076923077 0.16947115384615385
0 0.5540865384615384 0.3545673076923077 0.04447115384615385 0.16947115384615385
0 0.5528846153846154 0.8028846153846154 0.040865384615384616 0.15384615384615385
0 0.5036057692307693 0.8233173076923077 0.042067307692307696 0.1814903846153846
0 0.4519230769230769 0.8233173076923077 0.039663461538461536 0.16947115384615385
0 0.40024038461538464 0.8269230769230769 0.040865384615384616 0.171875
0 0.35096153846153844 0.8161057692307693 0.04326923076923077 0.17307692307692307
0 0.6069711538461539 0.828125 0.04326923076923077 0.17548076923076922
0 0.6550480769230769 0.8245192307692307 0.040865384615384616 0.17548076923076922
0 0.7067307692307693 0.8149038461538461 0.04326923076923077 0.17548076923076922
0 0.8052884615384616 0.8112980769230769 0.04567307692307692 0.18629807692307693
0 0.9014423076923077 0.8425480769230769 0.052884615384615384 0.18389423076923078
0 0.30288461538461536 0.8293269230769231 0.04567307692307692 0.171875
0 0.24879807692307693 0.8269230769230769 0.04326923076923077 0.1814903846153846
0 0.20192307692307693 0.8161057692307693 0.042067307692307696 0.16105769230769232
0 0.15745192307692307 0.8209134615384616 0.04326923076923077 0.15745192307692307
0 0.1045673076923077 0.8137019230769231 0.052884615384615384 0.17307692307692307
0 0.05889423076923077 0.8293269230769231 0.04927884615384615 0.14182692307692307
0 0.019230769230769232 0.8209134615384616 0.038461538461538464 0.16826923076923078
0 0.8978365384615384 0.33774038461538464 0.04807692307692308 0.15384615384615385
0 0.9807692307692307 0.33774038461538464 0.036057692307692304 0.1622596153846154
0 0.8485576923076923 0.3449519230769231 0.04807692307692308 0.1778846153846154
0 0.8028846153846154 0.33774038461538464 0.04326923076923077 0.140625
0 0.7560096153846154 0.359375 0.04326923076923077 0.17067307692307693
0 0.7043269230769231 0.3449519230769231 0.04326923076923077 0.15745192307692307
0 0.6502403846153846 0.34615384615384615 0.04326923076923077 0.18629807692307693
0 0.6033653846153846 0.3485576923076923 0.040865384615384616 0.17668269230769232
0 0.35336538461538464 0.3317307692307692 0.04447115384615385 0.16105769230769232
0 0.30408653846153844 0.3329326923076923 0.039663461538461536 0.16706730769230768
0 0.2536057692307692 0.33052884615384615 0.05048076923076923 0.1778846153846154
0 0.20673076923076922 0.34615384615384615 0.042067307692307696 0.15264423076923078
0 0.16105769230769232 0.3449519230769231 0.04807692307692308 0.171875
0 0.11057692307692307 0.35697115384615385 0.04927884615384615 0.16826923076923078
0 0.06490384615384616 0.3605769230769231 0.05048076923076923 0.16346153846153846
0 0.02283653846153846 0.3473557692307692 0.04567307692307692 0.1658653846153846