0 0.6057692307692307 0.3125 0.05889423076923077 0.05048076923076923
0 0.4639423076923077 0.6995192307692307 0.06129807692307692 0.052884615384615384
0 0.4675480769230769 0.6442307692307693 0.05048076923076923 0.05048076923076923
0 0.46274038461538464 0.5913461538461539 0.06129807692307692 0.05048076923076923
0 0.45913461538461536 0.5324519230769231 0.06370192307692307 0.04807692307692308
0 0.46153846153846156 0.47475961538461536 0.0625 0.04807692307692308
0 0.45913461538461536 0.421875 0.057692307692307696 0.052884615384615384
0 0.3894230769230769 0.6430288461538461 0.06370192307692307 0.052884615384615384
0 0.5084134615384616 0.9447115384615384 0.051682692307692304 0.051682692307692304
0 0.46634615384615385 0.8942307692307693 0.06370192307692307 0.051682692307692304
0 0.2620192307692308 0.8990384615384616 0.05889423076923077 0.05048076923076923
0 0.45552884615384615 0.36538461538461536 0.06129807692307692 0.054086538461538464
0 0.453125 0.31009615384615385 0.056490384615384616 0.051682692307692304
0 0.5985576923076923 0.2620192307692308 0.06009615384615385 0.05048076923076923
0 0.8185096153846154 0.31971153846153844 0.06129807692307692 0.05048076923076923
0 0.8185096153846154 0.3713942307692308 0.06129807692307692 0.05048076923076923
0 0.8245192307692307 0.6887019230769231 0.057692307692307696 0.04447115384615385
0 0.8233173076923077 0.5841346153846154 0.056490384615384616 0.04807692307692308
0 0.8137019230769231 0.5300480769230769 0.055288461538461536 0.052884615384615384
0 0.8161057692307693 0.47475961538461536 0.056490384615384616 0.051682692307692304
0 0.8149038461538461 0.421875 0.057692307692307696 0.04807692307692308
0 0.6442307692307693 0.9375 0.06129807692307692 0.052884615384615384
0 0.6911057692307693 0.9387019230769231 0.026442307692307692 0.10697115384615384
0 0.7211538461538461 0.9362980769230769 0.028846153846153848 0.09254807692307693
0 0.6658653846153846 0.2644230769230769 0.04927884615384615 0.046875
0 0.6706730769230769 0.31490384615384615 0.057692307692307696 0.04326923076923077
0 0.6670673076923077 0.36538461538461536 0.04807692307692308 0.04807692307692308
0 0.6730769230769231 0.41947115384615385 0.0625 0.05048076923076923
0 0.6754807692307693 0.47596153846153844 0.055288461538461536 0.046875
0 0.6766826923076923 0.5300480769230769 0.06129807692307692 0.046875
0 0.6766826923076923 0.5829326923076923 0.056490384615384616 0.04807692307692308
0 0.6754807692307693 0.6418269230769231 0.05889423076923077 0.04807692307692308
0 0.6778846153846154 0.6995192307692307 0.05889423076923077 0.05048076923076923
0 0.6129807692307693 0.703125 0.05889423076923077 0.04807692307692308
0 0.38100961538461536 0.6971153846153846 0.06129807692307692 0.054086538461538464
0 0.8245192307692307 0.640625 0.06490384615384616 0.046875
0 0.8209134615384616 0.7439903846153846 0.055288461538461536 0.05048076923076923
0 0.8221153846153846 0.796875 0.055288461538461536 0.05048076923076923
0 0.8197115384615384 0.8497596153846154 0.056490384615384616 0.051682692307692304
0 0.7512019230769231 0.9399038461538461 0.026442307692307692 0.09254807692307693
0 0.7788461538461539 0.9459134615384616 0.027644230769230768 0.10096153846153846
0 0.4411057692307692 0.9519230769230769 0.06009615384615385 0.05048076923076923
0 0.22956730769230768 0.9519230769230769 0.057692307692307696 0.051682692307692304
0 0.29447115384615385 0.9495192307692307 0.05889423076923077 0.052884615384615384
0 0.3942307692307692 0.5865384615384616 0.05889423076923077 0.04567307692307692
0 0.38822115384615385 0.5348557692307693 0.06370192307692307 0.051682692307692304
0 0.38822115384615385 0.47836538461538464 0.06129807692307692 0.05048076923076923
0 0.3894230769230769 0.4206730769230769 0.06370192307692307 0.051682692307692304
0 0.3870192307692308 0.36778846153846156 0.052884615384615384 0.04567307692307692
0 0.38100961538461536 0.3112980769230769 0.056490384615384616 0.051682692307692304
0 0.38221153846153844 0.25721153846153844 0.0625 0.051682692307692304
0 0.24278846153846154 0.47475961538461536 0.054086538461538464 0.04807692307692308
0 0.2439903846153846 0.5276442307692307 0.06129807692307692 0.04807692307692308
0 0.16826923076923078 0.5300480769230769 0.06129807692307692 0.051682692307692304
0 0.23557692307692307 0.5841346153846154 0.0625 0.05048076923076923
0 0.17067307692307693 0.5841346153846154 0.06129807692307692 0.04807692307692308
0 0.17668269230769232 0.6430288461538461 0.06129807692307692 0.05048076923076923
0 0.17668269230769232 0.6995192307692307 0.06129807692307692 0.04807692307692308
0 0.4543269230769231 0.25721153846153844 0.05889423076923077 0.052884615384615384
0 0.23918269230769232 0.31009615384615385 0.06009615384615385 0.051682692307692304
0 0.171875 0.31009615384615385 0.056490384615384616 0.046875
0 0.16706730769230768 0.25721153846153844 0.054086538461538464 0.04807692307692308
0 0.24158653846153846 0.2512019230769231 0.06610576923076923 0.055288461538461536
0 0.24158653846153846 0.3641826923076923 0.056490384615384616 0.051682692307692304
0 0.17067307692307693 0.36538461538461536 0.057692307692307696 0.051682692307692304
0 0.171875 0.4206730769230769 0.05889423076923077 0.04567307692307692
0 0.2403846153846154 0.4170673076923077 0.05048076923076923 0.04807692307692308
0 0.1658653846153846 0.47596153846153844 0.055288461538461536 0.04567307692307692
0 0.24519230769230768 0.640625 0.06610576923076923 0.051682692307692304
0 0.23317307692307693 0.19831730769230768 0.054086538461538464 0.04447115384615385
0 0.24278846153846154 0.1466346153846154 0.057692307692307696 0.054086538461538464
0 0.24278846153846154 0.09254807692307693 0.055288461538461536 0.055288461538461536
0 0.24158653846153846 0.040865384615384616 0.056490384615384616 0.051682692307692304
0 0.24278846153846154 0.007211538461538462 0.054086538461538464 0.014423076923076924
0 0.17668269230769232 0.009615384615384616 0.057692307692307696 0.019230769230769232
0 0.1778846153846154 0.04567307692307692 0.057692307692307696 0.051682692307692304
0 0.17307692307692307 0.09975961538461539 0.055288461538461536 0.052884615384615384
0 0.17307692307692307 0.1502403846153846 0.057692307692307696 0.04807692307692308
0 0.171875 0.203125 0.06129807692307692 0.054086538461538464
0 0.04807692307692308 0.018028846153846152 0.03485576923076923 0.036057692307692304
0 0.04326923076923077 0.10697115384615384 0.03485576923076923 0.10817307692307693
0 0.04326923076923077 0.2283653846153846 0.03485576923076923 0.109375
0 0.042067307692307696 0.35697115384615385 0.03485576923076923 0.09735576923076923
0 0.038461538461538464 0.47596153846153844 0.03485576923076923 0.10096153846153846
0 0.38461538461538464 0.20432692307692307 0.056490384615384616 0.04567307692307692
0 0.4579326923076923 0.203125 0.057692307692307696 0.046875
0 0.45913461538461536 0.14903846153846154 0.05889423076923077 0.052884615384615384
0 0.38461538461538464 0.1502403846153846 0.05889423076923077 0.051682692307692304
0 0.38461538461538464 0.09735576923076923 0.056490384615384616 0.054086538461538464
0 0.453125 0.09495192307692307 0.06009615384615385 0.046875
0 0.453125 0.04567307692307692 0.056490384615384616 0.046875
0 0.45552884615384615 0.009615384615384616 0.056490384615384616 0.019230769230769232
0 0.38100961538461536 0.009615384615384616 0.056490384615384616 0.019230769230769232
0 0.38221153846153844 0.04447115384615385 0.055288461538461536 0.051682692307692304
0 0.5961538461538461 0.009615384615384616 0.057692307692307696 0.019230769230769232
0 0.6610576923076923 0.010817307692307692 0.054086538461538464 0.021634615384615384
0 0.8064903846153846 0.015625 0.06129807692307692 0.030048076923076924
0 0.8100961538461539 0.056490384615384616 0.05889423076923077 0.04807692307692308
0 0.8100961538461539 0.11057692307692307 0.06129807692307692 0.055288461538461536
0 0.8137019230769231 0.16706730769230768 0.06009615384615385 0.04807692307692308
0 0.8185096153846154 0.21634615384615385 0.05889423076923077 0.051682692307692304
0 0.8185096153846154 0.2692307692307692 0.05048076923076923 0.04567307692307692
0 0.6634615384615384 0.04807692307692308 0.05889423076923077 0.05048076923076923
0 0.5961538461538461 0.04807692307692308 0.05889423076923077 0.052884615384615384
0 0.5985576923076923 0.09975961538461539 0.055288461538461536 0.04447115384615385
0 0.6622596153846154 0.10096153846153846 0.055288461538461536 0.052884615384615384
0 0.6682692307692307 0.15504807692307693 0.057692307692307696 0.052884615384615384
0 0.5997596153846154 0.203125 0.056490384615384616 0.046875
0 0.6694711538461539 0.20793269230769232 0.052884615384615384 0.051682692307692304
0 0.6069711538461539 0.36658653846153844 0.06370192307692307 0.04807692307692308
0 0.6057692307692307 0.41947115384615385 0.0625 0.04807692307692308
0 0.6057692307692307 0.47596153846153844 0.06129807692307692 0.05048076923076923
0 0.609375 0.5348557692307693 0.05889423076923077 0.04807692307692308
0 0.6045673076923077 0.5889423076923077 0.06129807692307692 0.04567307692307692
0 0.6033653846153846 0.6466346153846154 0.05889423076923077 0.046875
0 0.5985576923076923 0.1466346153846154 0.06009615384615385 0.051682692307692304
0 0.6322115384615384 0.9831730769230769 0.05889423076923077 0.030048076923076924
0 0.5012019230769231 0.9879807692307693 0.0625 0.021634615384615384
0 0.4375 0.9903846153846154 0.052884615384615384 0.016826923076923076
0 0.2980769230769231 0.9879807692307693 0.05889423076923077 0.021634615384615384
0 0.23557692307692307 0.9879807692307693 0.055288461538461536 0.020432692307692308