0 0.6346153846153846 0.4639423076923077 0.03485576923076923 0.125
0 0.5985576923076923 0.4639423076923077 0.03245192307692308 0.12139423076923077
0 0.6430288461538461 0.7956730769230769 0.03125 0.1141826923076923
0 0.6057692307692307 0.8125 0.03245192307692308 0.12740384615384615
0 0.5697115384615384 0.8149038461538461 0.03125 0.125
0 0.53125 0.8185096153846154 0.030048076923076924 0.12259615384615384
0 0.49399038461538464 0.8161057692307693 0.03125 0.12620192307692307
0 0.5889423076923077 0.09495192307692307 0.03245192307692308 0.109375
0 0.5528846153846154 0.109375 0.03245192307692308 0.13341346153846154
0 0.5564903846153846 0.4579326923076923 0.03245192307692308 0.11899038461538461
0 0.5204326923076923 0.46153846153846156 0.03245192307692308 0.12259615384615384
0 0.4831730769230769 0.4567307692307692 0.03485576923076923 0.12139423076923077
0 0.6694711538461539 0.46153846153846156 0.03245192307692308 0.1310096153846154
0 0.7043269230769231 0.45552884615384615 0.03365384615384615 0.13581730769230768
0 0.7415865384615384 0.453125 0.03485576923076923 0.11899038461538461
0 0.7800480769230769 0.45913461538461536 0.03485576923076923 0.12860576923076922
0 0.8125 0.4411057692307692 0.03365384615384615 0.10817307692307693
0 0.8473557692307693 0.44591346153846156 0.03485576923076923 0.1310096153846154
0 0.8822115384615384 0.4362980769230769 0.03485576923076923 0.1141826923076923
0 0.9495192307692307 0.43028846153846156 0.037259615384615384 0.11658653846153846
0 0.9807692307692307 0.4338942307692308 0.036057692307692304 0.11899038461538461
0 0.9338942307692307 0.2536057692307692 0.07211538461538461 0.06009615384615385
0 0.9759615384615384 0.09615384615384616 0.037259615384615384 0.12860576923076922
0 0.9387019230769231 0.09134615384615384 0.037259615384615384 0.12620192307692307
0 0.6574519230769231 0.0985576923076923 0.036057692307692304 0.109375
0 0.7247596153846154 0.09254807692307693 0.036057692307692304 0.11899038461538461
0 0.7620192307692307 0.10096153846153846 0.03485576923076923 0.11899038461538461
0 0.8004807692307693 0.09975961538461539 0.03245192307692308 0.1141826923076923
0 0.8329326923076923 0.09254807692307693 0.03365384615384615 0.10817307692307693
0 0.47836538461538464 0.11538461538461539 0.030048076923076924 0.125
0 0.4411057692307692 0.12740384615384615 0.030048076923076924 0.12740384615384615
0 0.40384615384615385 0.11658653846153846 0.030048076923076924 0.125
0 0.36778846153846156 0.10576923076923077 0.03125 0.12620192307692307
0 0.33052884615384615 0.0985576923076923 0.03245192307692308 0.12860576923076922
0 0.2956730769230769 0.1141826923076923 0.03245192307692308 0.12620192307692307
0 0.25721153846153844 0.12740384615384615 0.03365384615384615 0.13221153846153846
0 0.44711538461538464 0.4579326923076923 0.03125 0.1310096153846154
0 0.40865384615384615 0.45913461538461536 0.03485576923076923 0.1346153846153846
0 0.3713942307692308 0.47115384615384615 0.03125 0.12139423076923077
0 0.33653846153846156 0.4723557692307692 0.03245192307692308 0.1346153846153846
0 0.2980769230769231 0.484375 0.037259615384615384 0.12740384615384615
0 0.2620192307692308 0.4891826923076923 0.03245192307692308 0.12620192307692307
0 0.2283653846153846 0.4795673076923077 0.037259615384615384 0.12860576923076922
0 0.19110576923076922 0.49038461538461536 0.038461538461538464 0.12259615384615384
0 0.6790865384615384 0.8088942307692307 0.030048076923076924 0.12860576923076922
0 0.7127403846153846 0.8052884615384616 0.03245192307692308 0.12620192307692307
0 0.75 0.7956730769230769 0.03245192307692308 0.1310096153846154
0 0.8197115384615384 0.7884615384615384 0.03485576923076923 0.1346153846153846
0 0.9879807692307693 0.765625 0.021634615384615384 0.12620192307692307
0 0.8894230769230769 0.8028846153846154 0.036057692307692304 0.1310096153846154
0 0.4567307692307692 0.8305288461538461 0.03365384615384615 0.125
0 0.41586538461538464 0.8305288461538461 0.03365384615384615 0.12740384615384615
0 0.3798076923076923 0.828125 0.03245192307692308 0.11538461538461539
0 0.3449519230769231 0.8329326923076923 0.030048076923076924 0.11899038461538461
0 0.30649038461538464 0.8305288461538461 0.037259615384615384 0.12740384615384615
0 0.27163461538461536 0.8401442307692307 0.03245192307692308 0.10336538461538461
0 0.23677884615384615 0.8377403846153846 0.03365384615384615 0.12259615384615384
0 0.19831730769230768 0.8197115384615384 0.03485576923076923 0.11899038461538461
0 0.16466346153846154 0.8329326923076923 0.03485576923076923 0.12259615384615384
0 0.12860576923076922 0.8329326923076923 0.037259615384615384 0.12379807692307693