0 0.5120192307692307 0.5324519230769231 0.06129807692307692 0.054086538461538464
0 0.5192307692307693 0.5877403846153846 0.057692307692307696 0.052884615384615384
0 0.5216346153846154 0.6442307692307693 0.06129807692307692 0.052884615384615384
0 0.5024038461538461 0.41947115384615385 0.057692307692307696 0.05048076923076923
0 0.5060096153846154 0.35697115384615385 0.0625 0.05048076923076923
0 0.5072115384615384 0.296875 0.06610576923076923 0.04447115384615385
0 0.5072115384615384 0.24158653846153846 0.06370192307692307 0.054086538461538464
0 0.5060096153846154 0.1814903846153846 0.06129807692307692 0.051682692307692304
0 0.515625 0.7536057692307693 0.06370192307692307 0.056490384615384616
0 0.328125 0.5432692307692307 0.05889423076923077 0.04567307692307692
0 0.5625 0.2704326923076923 0.026442307692307692 0.1045673076923077
0 0.5649038461538461 0.3870192307692308 0.026442307692307692 0.10817307692307693
0 0.5673076923076923 0.5120192307692307 0.027644230769230768 0.10817307692307693
0 0.5697115384615384 0.6274038461538461 0.026442307692307692 0.109375
0 0.5697115384615384 0.7487980769230769 0.027644230769230768 0.10817307692307693
0 0.5132211538461539 0.8149038461538461 0.06009615384615385 0.05048076923076923
0 0.5180288461538461 0.6995192307692307 0.06009615384615385 0.05048076923076923
0 0.6622596153846154 0.12139423076923077 0.055288461538461536 0.051682692307692304
0 0.6634615384615384 0.06610576923076923 0.05889423076923077 0.052884615384615384
0 0.5252403846153846 0.921875 0.06129807692307692 0.0625
0 0.6778846153846154 0.5168269230769231 0.06370192307692307 0.051682692307692304
0 0.3473557692307692 0.9435096153846154 0.06129807692307692 0.054086538461538464
0 0.33653846153846156 0.3641826923076923 0.052884615384615384 0.04567307692307692
0 0.3293269230769231 0.30649038461538464 0.06129807692307692 0.046875
0 0.328125 0.24759615384615385 0.06490384615384616 0.051682692307692304
0 0.31850961538461536 0.07692307692307693 0.06370192307692307 0.05048076923076923
0 0.31971153846153844 0.1346153846153846 0.06129807692307692 0.05048076923076923
0 0.3233173076923077 0.19110576923076922 0.0625 0.051682692307692304
0 0.33653846153846156 0.5985576923076923 0.06370192307692307 0.05048076923076923
0 0.3317307692307692 0.7139423076923077 0.05889423076923077 0.04807692307692308
0 0.33413461538461536 0.6550480769230769 0.06009615384615385 0.052884615384615384
0 0.5036057692307693 0.12259615384615384 0.06129807692307692 0.052884615384615384
0 0.5024038461538461 0.06850961538461539 0.06009615384615385 0.054086538461538464
0 0.5564903846153846 0.046875 0.025240384615384616 0.09014423076923077
0 0.5588942307692307 0.15745192307692307 0.025240384615384616 0.10697115384615384
0 0.5072115384615384 0.47596153846153844 0.06370192307692307 0.04326923076923077
0 0.5721153846153846 0.9627403846153846 0.02403846153846154 0.07091346153846154
0 0.3473557692307692 0.9855769230769231 0.052884615384615384 0.02403846153846154
0 0.6887019230769231 0.9074519230769231 0.04927884615384615 0.05048076923076923
0 0.328125 0.4182692307692308 0.0673076923076923 0.051682692307692304
0 0.3269230769230769 0.4807692307692308 0.0673076923076923 0.046875
0 0.5084134615384616 0.021634615384615384 0.06490384615384616 0.04326923076923077
0 0.6802884615384616 0.46153846153846156 0.06971153846153846 0.05048076923076923
0 0.6766826923076923 0.4050480769230769 0.06370192307692307 0.04567307692307692
0 0.6778846153846154 0.3545673076923077 0.0625 0.046875
0 0.6814903846153846 0.29447115384615385 0.057692307692307696 0.04807692307692308
0 0.6730769230769231 0.23557692307692307 0.06129807692307692 0.04567307692307692
0 0.6706730769230769 0.1814903846153846 0.06370192307692307 0.05048076923076923
0 0.6610576923076923 0.019230769230769232 0.055288461538461536 0.038461538461538464
0 0.31850961538461536 0.02283653846153846 0.06009615384615385 0.04567307692307692
0 0.6911057692307693 0.9627403846153846 0.06009615384615385 0.056490384615384616
0 0.6935096153846154 0.8569711538461539 0.06129807692307692 0.052884615384615384
0 0.6838942307692307 0.796875 0.06370192307692307 0.05048076923076923
0 0.6778846153846154 0.7427884615384616 0.056490384615384616 0.055288461538461536
0 0.6802884615384616 0.6862980769230769 0.05889423076923077 0.04326923076923077
0 0.6802884615384616 0.6310096153846154 0.06129807692307692 0.04807692307692308
0 0.6766826923076923 0.5745192307692307 0.06370192307692307 0.04807692307692308
0 0.5132211538461539 0.8689903846153846 0.05889423076923077 0.051682692307692304
0 0.5192307692307693 0.9795673076923077 0.05889423076923077 0.038461538461538464
0 0.5697115384615384 0.8665865384615384 0.028846153846153848 0.10697115384615384
0 0.3245192307692308 0.7716346153846154 0.06129807692307692 0.054086538461538464
0 0.32572115384615385 0.8305288461538461 0.06370192307692307 0.055288461538461536
0 0.33653846153846156 0.8870192307692307 0.0733173076923077 0.06850961538461539