0 0.22956730769230768 0.5949519230769231 0.08173076923076923 0.056490384615384616
0 0.6105769230769231 0.5901442307692307 0.07932692307692307 0.0625
0 0.703125 0.5925480769230769 0.08173076923076923 0.05889423076923077
0 0.9146634615384616 0.5805288461538461 0.07932692307692307 0.0625
0 0.09014423076923077 0.5877403846153846 0.07692307692307693 0.05889423076923077
0 0.020432692307692308 0.5889423076923077 0.040865384615384616 0.06129807692307692
0 0.019230769230769232 0.9302884615384616 0.037259615384615384 0.13581730769230768
0 0.056490384615384616 0.9230769230769231 0.040865384615384616 0.1502403846153846
0 0.09975961538461539 0.9302884615384616 0.04326923076923077 0.1346153846153846
0 0.13942307692307693 0.9266826923076923 0.040865384615384616 0.14302884615384615
0 0.1814903846153846 0.9278846153846154 0.037259615384615384 0.14182692307692307
0 0.22115384615384615 0.9230769230769231 0.038461538461538464 0.1502403846153846
0 0.2620192307692308 0.9362980769230769 0.03485576923076923 0.12379807692307693
0 0.30288461538461536 0.9254807692307693 0.038461538461538464 0.14543269230769232
0 0.3473557692307692 0.9290865384615384 0.03245192307692308 0.13942307692307693
0 0.38461538461538464 0.9302884615384616 0.037259615384615384 0.1346153846153846
0 0.42788461538461536 0.9314903846153846 0.038461538461538464 0.13221153846153846
0 0.4723557692307692 0.9290865384615384 0.03485576923076923 0.13701923076923078
0 0.5120192307692307 0.9278846153846154 0.03485576923076923 0.13221153846153846
0 0.5528846153846154 0.9230769230769231 0.036057692307692304 0.14903846153846154
0 0.5997596153846154 0.9350961538461539 0.038461538461538464 0.12620192307692307
0 0.640625 0.9158653846153846 0.037259615384615384 0.1310096153846154
0 0.6802884615384616 0.9134615384615384 0.036057692307692304 0.140625
0 0.7199519230769231 0.9098557692307693 0.03245192307692308 0.08653846153846154
0 0.7596153846153846 0.9074519230769231 0.03485576923076923 0.13701923076923078
0 0.8004807692307693 0.9134615384615384 0.037259615384615384 0.1310096153846154
0 0.8401442307692307 0.9038461538461539 0.037259615384615384 0.1466346153846154
0 0.8810096153846154 0.9086538461538461 0.037259615384615384 0.14182692307692307
0 0.9194711538461539 0.9110576923076923 0.038461538461538464 0.1045673076923077
0 0.9615384615384616 0.9038461538461539 0.042067307692307696 0.12379807692307693
0 0.9831730769230769 0.9086538461538461 0.009615384615384616 0.13581730769230768