0 0.6310096153846154 0.014423076923076924 0.05889423076923077 0.028846153846153848
0 0.6322115384615384 0.0625 0.057692307692307696 0.046875
0 0.6346153846153846 0.11899038461538461 0.06009615384615385 0.05048076923076923
0 0.6310096153846154 0.171875 0.057692307692307696 0.05048076923076923
0 0.6490384615384616 0.2800480769230769 0.06009615384615385 0.051682692307692304
0 0.6262019230769231 0.33774038461538464 0.05889423076923077 0.04807692307692308
0 0.5192307692307693 0.042067307692307696 0.026442307692307692 0.08413461538461539
0 0.5192307692307693 0.14302884615384615 0.025240384615384616 0.09975961538461539
0 0.5264423076923077 0.25841346153846156 0.027644230769230768 0.1141826923076923
0 0.4723557692307692 0.013221153846153846 0.06009615384615385 0.026442307692307692
0 0.4675480769230769 0.06129807692307692 0.0625 0.051682692307692304
0 0.46875 0.11778846153846154 0.057692307692307696 0.051682692307692304
0 0.4675480769230769 0.17307692307692307 0.06009615384615385 0.04567307692307692
0 0.4723557692307692 0.23197115384615385 0.05889423076923077 0.052884615384615384
0 0.47716346153846156 0.28846153846153844 0.06009615384615385 0.052884615384615384
0 0.47475961538461536 0.3485576923076923 0.057692307692307696 0.05048076923076923
0 0.47475961538461536 0.40384615384615385 0.056490384615384616 0.04807692307692308
0 0.47596153846153844 0.5168269230769231 0.06490384615384616 0.052884615384615384
0 0.2932692307692308 0.018028846153846152 0.06610576923076923 0.036057692307692304
0 0.2824519230769231 0.06610576923076923 0.06129807692307692 0.051682692307692304
0 0.28125 0.125 0.06370192307692307 0.04807692307692308
0 0.28725961538461536 0.1814903846153846 0.055288461538461536 0.04807692307692308
0 0.27884615384615385 0.24639423076923078 0.055288461538461536 0.04447115384615385
0 0.28365384615384615 0.3004807692307692 0.06370192307692307 0.04807692307692308
0 0.2824519230769231 0.359375 0.054086538461538464 0.054086538461538464
0 0.2956730769230769 0.41346153846153844 0.0625 0.052884615384615384
0 0.296875 0.47115384615384615 0.06009615384615385 0.055288461538461536
0 0.29086538461538464 0.6454326923076923 0.06370192307692307 0.052884615384615384
0 0.29447115384615385 0.5288461538461539 0.06009615384615385 0.04807692307692308
0 0.2920673076923077 0.5889423076923077 0.05889423076923077 0.05048076923076923
0 0.5348557692307693 0.7211538461538461 0.025240384615384616 0.109375
0 0.5300480769230769 0.38100961538461536 0.025240384615384616 0.11538461538461539
0 0.5300480769230769 0.5036057692307693 0.025240384615384616 0.11298076923076923
0 0.5324519230769231 0.6153846153846154 0.02403846153846154 0.0889423076923077
0 0.4831730769230769 0.578125 0.0625 0.046875
0 0.47596153846153844 0.4639423076923077 0.06129807692307692 0.04567307692307692
0 0.6442307692307693 0.6237980769230769 0.05889423076923077 0.04567307692307692
0 0.6454326923076923 0.7379807692307693 0.06009615384615385 0.052884615384615384
0 0.6478365384615384 0.7932692307692307 0.06009615384615385 0.046875
0 0.2956730769230769 0.7091346153846154 0.06129807692307692 0.051682692307692304
0 0.296875 0.7668269230769231 0.06490384615384616 0.04807692307692308
0 0.30288461538461536 0.8245192307692307 0.06490384615384616 0.055288461538461536
0 0.30288461538461536 0.8834134615384616 0.06129807692307692 0.051682692307692304
0 0.3112980769230769 0.9362980769230769 0.051682692307692304 0.05048076923076923
0 0.5384615384615384 0.8341346153846154 0.026442307692307692 0.109375
0 0.47836538461538464 0.6935096153846154 0.0625 0.055288461538461536
0 0.47836538461538464 0.6370192307692307 0.06370192307692307 0.052884615384615384
0 0.4807692307692308 0.7536057692307693 0.05889423076923077 0.05889423076923077
0 0.4831730769230769 0.8088942307692307 0.06490384615384616 0.056490384615384616
0 0.4831730769230769 0.8641826923076923 0.06490384615384616 0.054086538461538464
0 0.4807692307692308 0.9206730769230769 0.06490384615384616 0.054086538461538464
0 0.6526442307692307 0.9579326923076923 0.0625 0.05048076923076923
0 0.47836538461538464 0.9795673076923077 0.055288461538461536 0.037259615384615384
0 0.30528846153846156 0.9819711538461539 0.06850961538461539 0.03245192307692308
0 0.5432692307692307 0.9483173076923077 0.027644230769230768 0.09975961538461539
0 0.6574519230769231 0.8461538461538461 0.057692307692307696 0.05048076923076923
0 0.6526442307692307 0.9026442307692307 0.05889423076923077 0.054086538461538464
0 0.6466346153846154 0.4014423076923077 0.06490384615384616 0.05048076923076923
0 0.6454326923076923 0.4579326923076923 0.05889423076923077 0.05048076923076923
0 0.6418269230769231 0.515625 0.052884615384615384 0.04567307692307692
0 0.6394230769230769 0.5697115384615384 0.055288461538461536 0.04326923076923077
0 0.6442307692307693 0.6802884615384616 0.055288461538461536 0.046875
0 0.6286057692307693 0.2247596153846154 0.057692307692307696 0.05048076923076923