0 0.6634615384615384 0.042067307692307696 0.0625 0.055288461538461536
0 0.6658653846153846 0.09254807692307693 0.057692307692307696 0.054086538461538464
0 0.6694711538461539 0.15144230769230768 0.06129807692307692 0.052884615384615384
0 0.6646634615384616 0.20192307692307693 0.055288461538461536 0.051682692307692304
0 0.6622596153846154 0.25240384615384615 0.056490384615384616 0.052884615384615384
0 0.6850961538461539 0.31009615384615385 0.06009615384615385 0.051682692307692304
0 0.6622596153846154 0.36658653846153844 0.057692307692307696 0.05048076923076923
0 0.6826923076923077 0.4230769230769231 0.06610576923076923 0.052884615384615384
0 0.6790865384615384 0.48197115384615385 0.06490384615384616 0.052884615384615384
0 0.6754807692307693 0.5384615384615384 0.055288461538461536 0.05048076923076923
0 0.6754807692307693 0.5913461538461539 0.055288461538461536 0.05048076923076923
0 0.6814903846153846 0.6502403846153846 0.06129807692307692 0.052884615384615384
0 0.6802884615384616 0.7055288461538461 0.05889423076923077 0.05048076923076923
0 0.6838942307692307 0.7620192307692307 0.06370192307692307 0.05048076923076923
0 0.6875 0.8161057692307693 0.06370192307692307 0.04807692307692308
0 0.6971153846153846 0.875 0.05889423076923077 0.05048076923076923
0 0.6911057692307693 0.9314903846153846 0.06370192307692307 0.046875
0 0.6935096153846154 0.9795673076923077 0.06370192307692307 0.037259615384615384
0 0.5540865384615384 0.06971153846153846 0.026442307692307692 0.10576923076923077
0 0.5528846153846154 0.17668269230769232 0.027644230769230768 0.10336538461538461
0 0.5637019230769231 0.2860576923076923 0.027644230769230768 0.10817307692307693
0 0.5673076923076923 0.40865384615384615 0.027644230769230768 0.11538461538461539
0 0.5673076923076923 0.5276442307692307 0.027644230769230768 0.11057692307692307
0 0.5709134615384616 0.6394230769230769 0.025240384615384616 0.09495192307692307
0 0.5745192307692307 0.7475961538461539 0.027644230769230768 0.1141826923076923
0 0.578125 0.8629807692307693 0.027644230769230768 0.10817307692307693
0 0.5805288461538461 0.9615384615384616 0.027644230769230768 0.07451923076923077
0 0.5072115384615384 0.03125 0.057692307692307696 0.0625
0 0.5036057692307693 0.0985576923076923 0.06129807692307692 0.05048076923076923
0 0.5060096153846154 0.1502403846153846 0.055288461538461536 0.046875
0 0.5060096153846154 0.20432692307692307 0.06129807692307692 0.04567307692307692
0 0.5096153846153846 0.2608173076923077 0.056490384615384616 0.055288461538461536
0 0.515625 0.31850961538461536 0.06129807692307692 0.04807692307692308
0 0.5144230769230769 0.3737980769230769 0.055288461538461536 0.04326923076923077
0 0.5132211538461539 0.43028846153846156 0.054086538461538464 0.04807692307692308
0 0.5120192307692307 0.49158653846153844 0.0625 0.046875
0 0.5168269230769231 0.5432692307692307 0.06009615384615385 0.04807692307692308
0 0.5216346153846154 0.6045673076923077 0.0625 0.05048076923076923
0 0.5168269230769231 0.6622596153846154 0.0625 0.046875
0 0.5168269230769231 0.7175480769230769 0.05889423076923077 0.04807692307692308
0 0.5192307692307693 0.7788461538461539 0.06370192307692307 0.05048076923076923
0 0.5216346153846154 0.8377403846153846 0.06370192307692307 0.05889423076923077
0 0.5216346153846154 0.8930288461538461 0.06610576923076923 0.052884615384615384
0 0.5192307692307693 0.9483173076923077 0.06850961538461539 0.055288461538461536
0 0.33653846153846156 0.01201923076923077 0.05889423076923077 0.02403846153846154
0 0.33653846153846156 0.052884615384615384 0.06610576923076923 0.051682692307692304
0 0.3245192307692308 0.10817307692307693 0.06129807692307692 0.052884615384615384
0 0.3245192307692308 0.16346153846153846 0.06009615384615385 0.051682692307692304
0 0.3293269230769231 0.21754807692307693 0.05048076923076923 0.051682692307692304
0 0.3233173076923077 0.2776442307692308 0.052884615384615384 0.04807692307692308
0 0.3245192307692308 0.33052884615384615 0.06129807692307692 0.05048076923076923
0 0.3269230769230769 0.390625 0.052884615384615384 0.046875
0 0.33774038461538464 0.44350961538461536 0.06370192307692307 0.04567307692307692
0 0.3401442307692308 0.4987980769230769 0.06009615384615385 0.046875
0 0.33653846153846156 0.5588942307692307 0.05889423076923077 0.05048076923076923
0 0.33413461538461536 0.6153846153846154 0.056490384615384616 0.052884615384615384
0 0.3329326923076923 0.671875 0.06129807692307692 0.05048076923076923
0 0.33413461538461536 0.7319711538461539 0.06370192307692307 0.051682692307692304
0 0.33774038461538464 0.7932692307692307 0.06610576923076923 0.046875
0 0.34375 0.8485576923076923 0.06129807692307692 0.052884615384615384
0 0.3425480769230769 0.9050480769230769 0.06009615384615385 0.05048076923076923
0 0.34975961538461536 0.9615384615384616 0.055288461538461536 0.046875