0 0.08533653846153846 0.13221153846153846 0.056490384615384616 0.1466346153846154
0 0.12259615384615384 0.09735576923076923 0.057692307692307696 0.13221153846153846
0 0.15985576923076922 0.06370192307692307 0.056490384615384616 0.12740384615384615
0 0.1935096153846154 0.052884615384615384 0.06009615384615385 0.10576923076923077
0 0.234375 0.03365384615384615 0.052884615384615384 0.06610576923076923
0 0.5540865384615384 0.16105769230769232 0.056490384615384616 0.14903846153846154
0 0.5973557692307693 0.13221153846153846 0.05889423076923077 0.1502403846153846
0 0.6322115384615384 0.10336538461538461 0.06129807692307692 0.14903846153846154
0 0.7019230769230769 0.06610576923076923 0.0625 0.13221153846153846
0 0.7379807692307693 0.052884615384615384 0.0673076923076923 0.10576923076923077
0 0.7752403846153846 0.03485576923076923 0.04927884615384615 0.06971153846153846
0 0.8137019230769231 0.025240384615384616 0.04567307692307692 0.05048076923076923
0 0.7584134615384616 0.2608173076923077 0.08533653846153846 0.11538461538461539
0 0.47115384615384615 0.3016826923076923 0.06490384615384616 0.15745192307692307
0 0.4387019230769231 0.34615384615384615 0.055288461538461536 0.12620192307692307
0 0.39783653846153844 0.37740384615384615 0.057692307692307696 0.15985576923076922
0 0.3137019230769231 0.4362980769230769 0.0625 0.15865384615384615
0 0.27403846153846156 0.45913461538461536 0.056490384615384616 0.14543269230769232
0 0.23317307692307693 0.4963942307692308 0.05889423076923077 0.14903846153846154
0 0.18990384615384615 0.5384615384615384 0.06129807692307692 0.15264423076923078
0 0.23317307692307693 0.7884615384615384 0.08533653846153846 0.09615384615384616
0 0.3269230769230769 0.7512019230769231 0.08413461538461539 0.08653846153846154
0 0.5096153846153846 0.5769230769230769 0.09735576923076923 0.09615384615384616
0 0.6177884615384616 0.5324519230769231 0.08774038461538461 0.09615384615384616
0 0.6286057692307693 0.6141826923076923 0.09134615384615384 0.09735576923076923
0 0.6430288461538461 0.6899038461538461 0.08774038461538461 0.09134615384615384
0 0.5528846153846154 0.8197115384615384 0.07932692307692307 0.08774038461538461
0 0.6646634615384616 0.8401442307692307 0.0829326923076923 0.09254807692307693
0 0.5709134615384616 0.9651442307692307 0.08653846153846154 0.06490384615384616
0 0.8713942307692307 0.34975961538461536 0.0829326923076923 0.08653846153846154
0 0.7908653846153846 0.38221153846153844 0.07932692307692307 0.08173076923076923
0 0.8076923076923077 0.4567307692307692 0.08413461538461539 0.08653846153846154
0 0.8858173076923077 0.41947115384615385 0.08173076923076923 0.0829326923076923
0 0.9002403846153846 0.49158653846153844 0.08653846153846154 0.08413461538461539
0 0.9086538461538461 0.5600961538461539 0.07932692307692307 0.08653846153846154
0 0.9266826923076923 0.6887019230769231 0.09014423076923077 0.09014423076923077
0 0.9387019230769231 0.7644230769230769 0.07692307692307693 0.0889423076923077
0 0.9555288461538461 0.9002403846153846 0.08653846153846154 0.09254807692307693
0 0.9651442307692307 0.9651442307692307 0.06610576923076923 0.06610576923076923
0 0.8762019230769231 0.9447115384615384 0.08774038461538461 0.09014423076923077
0 0.8677884615384616 0.8725961538461539 0.08413461538461539 0.08173076923076923
0 0.8581730769230769 0.8016826923076923 0.08774038461538461 0.09014423076923077
0 0.8473557692307693 0.7355769230769231 0.0733173076923077 0.078125
0 0.8293269230769231 0.5973557692307693 0.07091346153846154 0.07211538461538461
0 0.8185096153846154 0.5324519230769231 0.08413461538461539 0.08173076923076923
0 0.016826923076923076 0.5408653846153846 0.03245192307692308 0.06971153846153846