0 0.4543269230769231 0.6862980769230769 0.09495192307692307 0.06971153846153846
0 0.4543269230769231 0.6069711538461539 0.09495192307692307 0.07211538461538461
0 0.5685096153846154 0.7836538461538461 0.08653846153846154 0.06971153846153846
0 0.5673076923076923 0.859375 0.07451923076923077 0.06490384615384616
0 0.4495192307692308 0.9411057692307693 0.0829326923076923 0.07211538461538461
0 0.7824519230769231 0.6129807692307693 0.09014423076923077 0.0733173076923077
0 0.8918269230769231 0.6165865384615384 0.08774038461538461 0.0733173076923077
0 0.8870192307692307 0.6995192307692307 0.09014423076923077 0.07451923076923077
0 0.890625 0.7932692307692307 0.09254807692307693 0.08052884615384616
0 0.78125 0.7055288461538461 0.09134615384615384 0.06971153846153846
0 0.7752403846153846 0.9519230769230769 0.09134615384615384 0.0733173076923077
0 0.8846153846153846 0.9579326923076923 0.09615384615384616 0.08052884615384616
0 0.038461538461538464 0.8341346153846154 0.07692307692307693 0.07932692307692307
0 0.8894230769230769 0.21153846153846154 0.09134615384615384 0.078125
0 0.7884615384615384 0.20552884615384615 0.08413461538461539 0.07091346153846154
0 0.5685096153846154 0.19471153846153846 0.09495192307692307 0.07451923076923077
0 0.4543269230769231 0.17548076923076922 0.09735576923076923 0.0733173076923077
0 0.4579326923076923 0.09495192307692307 0.08052884615384616 0.06490384615384616
0 0.47115384615384615 0.027644230769230768 0.08533653846153846 0.055288461538461536