0 0.6310096153846154 0.046875 0.06129807692307692 0.05048076923076923
0 0.6370192307692307 0.10096153846153846 0.05889423076923077 0.04567307692307692
0 0.6382211538461539 0.15865384615384615 0.057692307692307696 0.046875
0 0.640625 0.21514423076923078 0.06009615384615385 0.05048076923076923
0 0.6370192307692307 0.26802884615384615 0.057692307692307696 0.05048076923076923
0 0.6310096153846154 0.32091346153846156 0.05889423076923077 0.046875
0 0.6550480769230769 0.3762019230769231 0.06009615384615385 0.051682692307692304
0 0.6322115384615384 0.4338942307692308 0.05889423076923077 0.04807692307692308
0 0.6490384615384616 0.49278846153846156 0.06370192307692307 0.051682692307692304
0 0.6466346153846154 0.5516826923076923 0.0625 0.05048076923076923
0 0.6418269230769231 0.6057692307692307 0.052884615384615384 0.04567307692307692
0 0.6394230769230769 0.6610576923076923 0.051682692307692304 0.04807692307692308
0 0.6454326923076923 0.7151442307692307 0.05889423076923077 0.04567307692307692
0 0.6430288461538461 0.7668269230769231 0.055288461538461536 0.04807692307692308
0 0.6478365384615384 0.8233173076923077 0.0625 0.05048076923076923
0 0.5252403846153846 0.12620192307692307 0.026442307692307692 0.10697115384615384
0 0.5252403846153846 0.23918269230769232 0.025240384615384616 0.09975961538461539
0 0.5324519230769231 0.3545673076923077 0.027644230769230768 0.1141826923076923
0 0.5324519230769231 0.47475961538461536 0.025240384615384616 0.11658653846153846
0 0.5324519230769231 0.6045673076923077 0.028846153846153848 0.11658653846153846
0 0.5360576923076923 0.7079326923076923 0.02403846153846154 0.09254807692307693
0 0.5384615384615384 0.8161057692307693 0.027644230769230768 0.109375
0 0.47836538461538464 0.09014423076923077 0.056490384615384616 0.06009615384615385
0 0.4735576923076923 0.15745192307692307 0.0625 0.051682692307692304
0 0.47475961538461536 0.21394230769230768 0.057692307692307696 0.051682692307692304
0 0.47475961538461536 0.2692307692307692 0.06009615384615385 0.04567307692307692
0 0.47836538461538464 0.328125 0.05889423076923077 0.052884615384615384
0 0.4831730769230769 0.38461538461538464 0.06009615384615385 0.052884615384615384
0 0.4807692307692308 0.44471153846153844 0.057692307692307696 0.05048076923076923
0 0.4807692307692308 0.5 0.056490384615384616 0.04807692307692308
0 0.4795673076923077 0.5588942307692307 0.05889423076923077 0.05048076923076923
0 0.4831730769230769 0.6129807692307693 0.06490384615384616 0.052884615384615384
0 0.48677884615384615 0.671875 0.06129807692307692 0.054086538461538464
0 0.48197115384615385 0.7295673076923077 0.06370192307692307 0.055288461538461536
0 0.4831730769230769 0.7836538461538461 0.0625 0.04807692307692308
0 0.4855769230769231 0.8425480769230769 0.06129807692307692 0.05889423076923077
0 0.30288461538461536 0.04326923076923077 0.06129807692307692 0.052884615384615384
0 0.3004807692307692 0.1045673076923077 0.06610576923076923 0.054086538461538464
0 0.28846153846153844 0.1622596153846154 0.06129807692307692 0.051682692307692304
0 0.28725961538461536 0.22115384615384615 0.06370192307692307 0.04807692307692308
0 0.2932692307692308 0.2776442307692308 0.055288461538461536 0.04807692307692308
0 0.2848557692307692 0.34134615384615385 0.055288461538461536 0.04447115384615385
0 0.28966346153846156 0.3954326923076923 0.06370192307692307 0.04807692307692308
0 0.28846153846153844 0.45552884615384615 0.054086538461538464 0.054086538461538464
0 0.3016826923076923 0.5096153846153846 0.0625 0.052884615384615384
0 0.30288461538461536 0.5661057692307693 0.06009615384615385 0.055288461538461536
0 0.2980769230769231 0.625 0.06370192307692307 0.051682692307692304
0 0.2956730769230769 0.6838942307692307 0.05889423076923077 0.051682692307692304
0 0.2980769230769231 0.7415865384615384 0.06370192307692307 0.052884615384615384
0 0.2980769230769231 0.7980769230769231 0.06610576923076923 0.054086538461538464
0 0.3004807692307692 0.8569711538461539 0.06610576923076923 0.054086538461538464
0 0.6502403846153846 0.8822115384615384 0.06129807692307692 0.052884615384615384
0 0.4855769230769231 0.9026442307692307 0.06370192307692307 0.05889423076923077
0 0.30649038461538464 0.9098557692307693 0.06370192307692307 0.05048076923076923
0 0.6574519230769231 0.9362980769230769 0.06009615384615385 0.04807692307692308
0 0.5408653846153846 0.9266826923076923 0.028846153846153848 0.10697115384615384
0 0.4855769230769231 0.9567307692307693 0.06610576923076923 0.046875
0 0.3088942307692308 0.9663461538461539 0.06370192307692307 0.054086538461538464
0 0.6550480769230769 0.9819711538461539 0.05889423076923077 0.03365384615384615