0 0.9471153846153846 0.13942307692307693 0.055288461538461536 0.15264423076923078
0 0.9002403846153846 0.15384615384615385 0.054086538461538464 0.17067307692307693
0 0.8545673076923077 0.15865384615384615 0.04927884615384615 0.140625
0 0.8112980769230769 0.18509615384615385 0.04807692307692308 0.15865384615384615
0 0.7608173076923077 0.18028846153846154 0.04807692307692308 0.15504807692307693
0 0.7127403846153846 0.1875 0.051682692307692304 0.17668269230769232
0 0.6658653846153846 0.19951923076923078 0.05048076923076923 0.16706730769230768
0 0.6201923076923077 0.2091346153846154 0.046875 0.15865384615384615
0 0.5745192307692307 0.2127403846153846 0.05048076923076923 0.1622596153846154
0 0.5180288461538461 0.2127403846153846 0.04326923076923077 0.15865384615384615
0 0.47115384615384615 0.21634615384615385 0.04326923076923077 0.16105769230769232
0 0.421875 0.21754807692307693 0.04807692307692308 0.15745192307692307
0 0.3737980769230769 0.22596153846153846 0.04326923076923077 0.1622596153846154
0 0.3233173076923077 0.234375 0.04807692307692308 0.17908653846153846
0 0.27524038461538464 0.25841346153846156 0.04326923076923077 0.15264423076923078
0 0.23076923076923078 0.2668269230769231 0.046875 0.16947115384615385
0 0.1814903846153846 0.28846153846153844 0.052884615384615384 0.16346153846153846
0 0.13581730769230768 0.3004807692307692 0.04567307692307692 0.16105769230769232
0 0.09014423076923077 0.2932692307692308 0.05048076923076923 0.1658653846153846
0 0.038461538461538464 0.3137019230769231 0.06129807692307692 0.16346153846153846
0 0.9735576923076923 0.6274038461538461 0.04807692307692308 0.17307692307692307
0 0.8870192307692307 0.6129807692307693 0.051682692307692304 0.18028846153846154
0 0.7908653846153846 0.6310096153846154 0.04567307692307692 0.171875
0 0.7439903846153846 0.6502403846153846 0.046875 0.16346153846153846
0 0.6959134615384616 0.6586538461538461 0.042067307692307696 0.16826923076923078
0 0.6466346153846154 0.6430288461538461 0.042067307692307696 0.14543269230769232
0 0.5985576923076923 0.6730769230769231 0.04807692307692308 0.17067307692307693
0 0.546875 0.6802884615384616 0.042067307692307696 0.1658653846153846
0 0.49759615384615385 0.6899038461538461 0.042067307692307696 0.1658653846153846
0 0.4483173076923077 0.6959134615384616 0.04326923076923077 0.17548076923076922
0 0.39903846153846156 0.7139423076923077 0.04807692307692308 0.16826923076923078
0 0.3449519230769231 0.7259615384615384 0.04567307692307692 0.16826923076923078
0 0.29927884615384615 0.7235576923076923 0.04927884615384615 0.15384615384615385
0 0.2536057692307692 0.7379807692307693 0.040865384615384616 0.16105769230769232
0 0.203125 0.7391826923076923 0.05048076923076923 0.1658653846153846
0 0.15865384615384615 0.7596153846153846 0.046875 0.12740384615384615
0 0.11177884615384616 0.7620192307692307 0.04567307692307692 0.16346153846153846
0 0.06129807692307692 0.7439903846153846 0.052884615384615384 0.15745192307692307
0 0.02283653846153846 0.7740384615384616 0.04447115384615385 0.16346153846153846