0 0.7403846153846154 0.2704326923076923 0.06129807692307692 0.056490384615384616
0 0.7439903846153846 0.328125 0.06129807692307692 0.052884615384615384
0 0.7536057692307693 0.38100961538461536 0.05889423076923077 0.05048076923076923
0 0.75 0.4387019230769231 0.06129807692307692 0.05048076923076923
0 0.7512019230769231 0.49158653846153844 0.06370192307692307 0.046875
0 0.7560096153846154 0.546875 0.06610576923076923 0.05889423076923077
0 0.7560096153846154 0.6057692307692307 0.06370192307692307 0.051682692307692304
0 0.7572115384615384 0.6586538461538461 0.06370192307692307 0.052884615384615384
0 0.7596153846153846 0.7139423076923077 0.06129807692307692 0.04567307692307692
0 0.6310096153846154 0.25600961538461536 0.027644230769230768 0.109375
0 0.6358173076923077 0.36899038461538464 0.027644230769230768 0.10697115384615384
0 0.6418269230769231 0.484375 0.028846153846153848 0.10576923076923077
0 0.6466346153846154 0.6081730769230769 0.03125 0.10817307692307693
0 0.5733173076923077 0.2247596153846154 0.06129807692307692 0.06009615384615385
0 0.5769230769230769 0.28365384615384615 0.06009615384615385 0.055288461538461536
0 0.5793269230769231 0.34134615384615385 0.06370192307692307 0.06009615384615385
0 0.5817307692307693 0.39903846153846156 0.06610576923076923 0.052884615384615384
0 0.5805288461538461 0.45552884615384615 0.06490384615384616 0.056490384615384616
0 0.5793269230769231 0.5180288461538461 0.057692307692307696 0.05048076923076923
0 0.5853365384615384 0.5745192307692307 0.0625 0.054086538461538464
0 0.5901442307692307 0.6310096153846154 0.06129807692307692 0.052884615384615384
0 0.5985576923076923 0.6850961538461539 0.06009615384615385 0.04807692307692308
0 0.5733173076923077 0.16947115384615385 0.06129807692307692 0.056490384615384616
0 0.6262019230769231 0.14903846153846154 0.025240384615384616 0.09014423076923077
0 0.7355769230769231 0.21394230769230768 0.056490384615384616 0.051682692307692304
0 0.7355769230769231 0.16105769230769232 0.06129807692307692 0.056490384615384616
0 0.3894230769230769 0.1310096153846154 0.055288461538461536 0.05048076923076923
0 0.3918269230769231 0.1875 0.06129807692307692 0.05048076923076923
0 0.3942307692307692 0.24639423076923078 0.06009615384615385 0.04807692307692308
0 0.39903846153846156 0.30288461538461536 0.06129807692307692 0.04807692307692308
0 0.4050480769230769 0.359375 0.0625 0.051682692307692304
0 0.5769230769230769 0.1141826923076923 0.06370192307692307 0.054086538461538464
0 0.7295673076923077 0.10576923076923077 0.055288461538461536 0.051682692307692304
0 0.6021634615384616 0.7391826923076923 0.0625 0.052884615384615384
0 0.6009615384615384 0.7920673076923077 0.06129807692307692 0.054086538461538464
0 0.4206730769230769 0.7067307692307693 0.06370192307692307 0.054086538461538464
0 0.41225961538461536 0.6490384615384616 0.056490384615384616 0.04807692307692308
0 0.4098557692307692 0.5901442307692307 0.06490384615384616 0.051682692307692304
0 0.4110576923076923 0.5300480769230769 0.06610576923076923 0.056490384615384616
0 0.41346153846153844 0.47596153846153844 0.04927884615384615 0.046875
0 0.4074519230769231 0.4206730769230769 0.06009615384615385 0.04807692307692308
0 0.41947115384615385 0.7668269230769231 0.06129807692307692 0.055288461538461536
0 0.7572115384615384 0.7680288461538461 0.06370192307692307 0.05048076923076923
0 0.4170673076923077 0.8209134615384616 0.056490384615384616 0.055288461538461536
0 0.3918269230769231 0.07451923076923077 0.05889423076923077 0.055288461538461536
0 0.3954326923076923 0.021634615384615384 0.056490384615384616 0.04326923076923077
0 0.5721153846153846 0.05889423076923077 0.06129807692307692 0.05889423076923077
0 0.5685096153846154 0.015625 0.05889423076923077 0.030048076923076924
0 0.6213942307692307 0.05048076923076923 0.027644230769230768 0.10096153846153846
0 0.7283653846153846 0.054086538461538464 0.054086538461538464 0.054086538461538464
0 0.7307692307692307 0.014423076923076924 0.06129807692307692 0.027644230769230768
0 0.6502403846153846 0.7175480769230769 0.030048076923076924 0.10096153846153846
0 0.6526442307692307 0.8365384615384616 0.027644230769230768 0.10697115384615384
0 0.65625 0.9483173076923077 0.030048076923076924 0.09975961538461539
0 0.7572115384615384 0.8209134615384616 0.05889423076923077 0.054086538461538464
0 0.7668269230769231 0.875 0.0625 0.055288461538461536
0 0.7764423076923077 0.9302884615384616 0.0625 0.051682692307692304
0 0.7716346153846154 0.9783653846153846 0.04807692307692308 0.042067307692307696
0 0.5973557692307693 0.8497596153846154 0.06610576923076923 0.06129807692307692
0 0.5985576923076923 0.9086538461538461 0.06129807692307692 0.051682692307692304
0 0.5997596153846154 0.9615384615384616 0.05889423076923077 0.051682692307692304
0 0.41346153846153844 0.8786057692307693 0.06009615384615385 0.054086538461538464
0 0.41586538461538464 0.9350961538461539 0.06129807692307692 0.0625
0 0.42788461538461536 0.9747596153846154 0.07091346153846154 0.04567307692307692