0 0.5144230769230769 0.3870192307692308 0.06009615384615385 0.04447115384615385
0 0.5120192307692307 0.44711538461538464 0.05889423076923077 0.05048076923076923
0 0.5132211538461539 0.4987980769230769 0.05889423076923077 0.04567307692307692
0 0.5120192307692307 0.5552884615384616 0.056490384615384616 0.04567307692307692
0 0.5120192307692307 0.6129807692307693 0.06009615384615385 0.05048076923076923
0 0.5144230769230769 0.6730769230769231 0.056490384615384616 0.04567307692307692
0 0.5096153846153846 0.7259615384615384 0.06129807692307692 0.04807692307692308
0 0.5048076923076923 0.7824519230769231 0.06009615384615385 0.04567307692307692
0 0.5084134615384616 0.8365384615384616 0.06009615384615385 0.051682692307692304
0 0.5132211538461539 0.8918269230769231 0.057692307692307696 0.05048076923076923
0 0.5120192307692307 0.9447115384615384 0.055288461538461536 0.04567307692307692
0 0.5120192307692307 0.9879807692307693 0.06370192307692307 0.021634615384615384
0 0.6514423076923077 0.9903846153846154 0.055288461538461536 0.016826923076923076
0 0.7307692307692307 0.9879807692307693 0.05889423076923077 0.021634615384615384
0 0.8713942307692307 0.9891826923076923 0.06610576923076923 0.019230769230769232
0 0.8665865384615384 0.9471153846153846 0.0625 0.051682692307692304
0 0.8653846153846154 0.8954326923076923 0.057692307692307696 0.05048076923076923
0 0.8737980769230769 0.8401442307692307 0.06129807692307692 0.051682692307692304
0 0.875 0.7836538461538461 0.06009615384615385 0.046875
0 0.8737980769230769 0.7259615384615384 0.054086538461538464 0.04807692307692308
0 0.8677884615384616 0.6754807692307693 0.05889423076923077 0.04447115384615385
0 0.8629807692307693 0.6225961538461539 0.06009615384615385 0.04567307692307692
0 0.8629807692307693 0.5661057692307693 0.056490384615384616 0.046875
0 0.8641826923076923 0.5144230769230769 0.056490384615384616 0.042067307692307696
0 0.8689903846153846 0.46274038461538464 0.06009615384615385 0.04567307692307692
0 0.8629807692307693 0.4098557692307692 0.05889423076923077 0.05048076923076923
0 0.8701923076923077 0.35096153846153844 0.06129807692307692 0.046875
0 0.8677884615384616 0.2980769230769231 0.054086538461538464 0.04567307692307692
0 0.7235576923076923 0.9495192307692307 0.055288461538461536 0.04807692307692308
0 0.8701923076923077 0.23918269230769232 0.06129807692307692 0.04807692307692308
0 0.8221153846153846 0.15384615384615385 0.03125 0.10336538461538461
0 0.7896634615384616 0.15985576923076922 0.027644230769230768 0.10697115384615384
0 0.7620192307692307 0.17067307692307693 0.026442307692307692 0.09975961538461539
0 0.7331730769230769 0.16947115384615385 0.02403846153846154 0.09975961538461539
0 0.7043269230769231 0.15865384615384615 0.027644230769230768 0.09975961538461539
0 0.6766826923076923 0.15144230769230768 0.027644230769230768 0.1045673076923077
0 0.6490384615384616 0.15264423076923078 0.02403846153846154 0.11298076923076923
0 0.6153846153846154 0.15264423076923078 0.025240384615384616 0.10576923076923077
0 0.5853365384615384 0.1502403846153846 0.026442307692307692 0.1045673076923077
0 0.5552884615384616 0.15264423076923078 0.025240384615384616 0.09615384615384616
0 0.5240384615384616 0.15384615384615385 0.025240384615384616 0.0985576923076923
0 0.49399038461538464 0.15985576923076922 0.026442307692307692 0.11057692307692307
0 0.4362980769230769 0.171875 0.06129807692307692 0.054086538461538464
0 0.4387019230769231 0.11658653846153846 0.057692307692307696 0.04807692307692308
0 0.44591346153846156 0.0625 0.056490384615384616 0.051682692307692304
0 0.4411057692307692 0.018028846153846152 0.056490384615384616 0.036057692307692304
0 0.296875 0.016826923076923076 0.06129807692307692 0.03365384615384615
0 0.2956730769230769 0.06009615384615385 0.056490384615384616 0.051682692307692304
0 0.2956730769230769 0.11057692307692307 0.054086538461538464 0.04807692307692308
0 0.29447115384615385 0.16706730769230768 0.05889423076923077 0.052884615384615384
0 0.16105769230769232 0.009615384615384616 0.052884615384615384 0.018028846153846152
0 0.16105769230769232 0.09014423076923077 0.06009615384615385 0.051682692307692304
0 0.15865384615384615 0.14302884615384615 0.05889423076923077 0.04807692307692308
0 0.15144230769230768 0.20192307692307693 0.055288461538461536 0.046875
0 0.1466346153846154 0.25600961538461536 0.06971153846153846 0.051682692307692304
0 0.1502403846153846 0.31009615384615385 0.0625 0.046875
0 0.1502403846153846 0.3581730769230769 0.06009615384615385 0.04807692307692308
0 0.14783653846153846 0.41346153846153844 0.06129807692307692 0.046875
0 0.15264423076923078 0.4699519230769231 0.06009615384615385 0.04567307692307692
0 0.15264423076923078 0.5288461538461539 0.05889423076923077 0.04567307692307692
0 0.14182692307692307 0.5805288461538461 0.06009615384615385 0.04807692307692308
0 0.1466346153846154 0.6370192307692307 0.06370192307692307 0.046875
0 0.14423076923076922 0.6899038461538461 0.06129807692307692 0.04807692307692308
0 0.140625 0.7512019230769231 0.06129807692307692 0.04447115384615385
0 0.140625 0.8088942307692307 0.06129807692307692 0.04567307692307692
0 0.1466346153846154 0.9122596153846154 0.06129807692307692 0.04807692307692308
0 0.15985576923076922 0.9651442307692307 0.052884615384615384 0.04567307692307692
0 0.7223557692307693 0.3954326923076923 0.04807692307692308 0.040865384615384616
0 0.7259615384615384 0.4495192307692308 0.052884615384615384 0.04807692307692308
0 0.7283653846153846 0.5108173076923077 0.056490384615384616 0.04326923076923077
0 0.734375 0.5697115384615384 0.05889423076923077 0.051682692307692304
0 0.7355769230769231 0.6237980769230769 0.055288461538461536 0.051682692307692304
0 0.7367788461538461 0.734375 0.057692307692307696 0.04567307692307692
0 0.7391826923076923 0.7884615384615384 0.057692307692307696 0.051682692307692304
0 0.7355769230769231 0.8413461538461539 0.05048076923076923 0.05048076923076923
0 0.6538461538461539 0.953125 0.06009615384615385 0.052884615384615384
0 0.6550480769230769 0.8966346153846154 0.055288461538461536 0.05048076923076923
0 0.6598557692307693 0.8401442307692307 0.05048076923076923 0.042067307692307696
0 0.6622596153846154 0.7908653846153846 0.056490384615384616 0.046875
0 0.6670673076923077 0.734375 0.055288461538461536 0.04567307692307692
0 0.6550480769230769 0.6730769230769231 0.056490384615384616 0.052884615384615384
0 0.6622596153846154 0.6189903846153846 0.06370192307692307 0.052884615384615384
0 0.6646634615384616 0.5637019230769231 0.06490384615384616 0.04807692307692308
0 0.6658653846153846 0.5084134615384616 0.05889423076923077 0.05048076923076923
0 0.6634615384615384 0.4519230769230769 0.057692307692307696 0.051682692307692304
0 0.6622596153846154 0.39903846153846156 0.06009615384615385 0.052884615384615384
0 0.4411057692307692 0.3894230769230769 0.05889423076923077 0.05048076923076923
0 0.44711538461538464 0.44471153846153844 0.05889423076923077 0.05048076923076923
0 0.44591346153846156 0.5 0.05889423076923077 0.05048076923076923
0 0.4387019230769231 0.5600961538461539 0.06129807692307692 0.046875
0 0.44471153846153844 0.6141826923076923 0.06129807692307692 0.052884615384615384
0 0.44350961538461536 0.6694711538461539 0.056490384615384616 0.051682692307692304
0 0.44350961538461536 0.7247596153846154 0.057692307692307696 0.046875
0 0.44350961538461536 0.7800480769230769 0.056490384615384616 0.04807692307692308
0 0.43990384615384615 0.8365384615384616 0.055288461538461536 0.05048076923076923
0 0.4411057692307692 0.890625 0.056490384615384616 0.04807692307692308
0 0.44350961538461536 0.9483173076923077 0.057692307692307696 0.05048076923076923
0 0.44711538461538464 0.9855769230769231 0.06370192307692307 0.02403846153846154
0 0.30528846153846156 0.9855769230769231 0.06370192307692307 0.02403846153846154
0 0.30528846153846156 0.9435096153846154 0.06009615384615385 0.05048076923076923
0 0.30288461538461536 0.8894230769230769 0.056490384615384616 0.04326923076923077
0 0.30288461538461536 0.8329326923076923 0.06009615384615385 0.046875
0 0.30408653846153844 0.7764423076923077 0.055288461538461536 0.04807692307692308
0 0.296875 0.7211538461538461 0.055288461538461536 0.046875
0 0.2932692307692308 0.6622596153846154 0.06129807692307692 0.051682692307692304
0 0.2956730769230769 0.6081730769230769 0.05889423076923077 0.05048076923076923
0 0.3016826923076923 0.5528846153846154 0.05889423076923077 0.04567307692307692
0 0.30288461538461536 0.49759615384615385 0.055288461538461536 0.052884615384615384
0 0.30288461538461536 0.4411057692307692 0.06610576923076923 0.055288461538461536
0 0.3016826923076923 0.38461538461538464 0.05889423076923077 0.054086538461538464