0 0.34615384615384615 0.7403846153846154 0.06129807692307692 0.051682692307692304
0 0.42788461538461536 0.7487980769230769 0.055288461538461536 0.052884615384615384
0 0.421875 0.8016826923076923 0.05889423076923077 0.051682692307692304
0 0.41947115384615385 0.8605769230769231 0.051682692307692304 0.04807692307692308
0 0.4230769230769231 0.9182692307692307 0.05889423076923077 0.04567307692307692
0 0.34615384615384615 0.796875 0.06370192307692307 0.054086538461538464
0 0.34375 0.8545673076923077 0.057692307692307696 0.051682692307692304
0 0.34375 0.9122596153846154 0.055288461538461536 0.04807692307692308
0 0.5853365384615384 0.4495192307692308 0.0625 0.054086538461538464
0 0.5817307692307693 0.5084134615384616 0.057692307692307696 0.054086538461538464
0 0.20793269230769232 0.7247596153846154 0.06610576923076923 0.055288461538461536
0 0.4362980769230769 0.31971153846153844 0.056490384615384616 0.04807692307692308
0 0.5841346153846154 0.34134615384615385 0.0625 0.054086538461538464
0 0.6478365384615384 0.39663461538461536 0.057692307692307696 0.054086538461538464
0 0.6514423076923077 0.4519230769230769 0.06129807692307692 0.05048076923076923
0 0.6490384615384616 0.5108173076923077 0.06610576923076923 0.054086538461538464
0 0.65625 0.3425480769230769 0.06129807692307692 0.051682692307692304
0 0.6550480769230769 0.28725961538461536 0.056490384615384616 0.055288461538461536
0 0.3629807692307692 0.32211538461538464 0.05889423076923077 0.052884615384615384
0 0.7980769230769231 0.24158653846153846 0.06610576923076923 0.051682692307692304
0 0.7992788461538461 0.2956730769230769 0.05889423076923077 0.051682692307692304
0 0.7980769230769231 0.4543269230769231 0.05889423076923077 0.052884615384615384
0 0.4326923076923077 0.49158653846153844 0.06129807692307692 0.054086538461538464
0 0.4387019230769231 0.4338942307692308 0.056490384615384616 0.04567307692307692
0 0.359375 0.3737980769230769 0.056490384615384616 0.04807692307692308
0 0.13701923076923078 0.5709134615384616 0.06370192307692307 0.07091346153846154
0 0.018028846153846152 0.5144230769230769 0.036057692307692304 0.11538461538461539
0 0.01201923076923077 0.875 0.02403846153846154 0.12139423076923077
0 0.008413461538461538 0.9735576923076923 0.016826923076923076 0.05048076923076923
0 0.2127403846153846 0.7836538461538461 0.06490384615384616 0.051682692307692304
0 0.21153846153846154 0.8389423076923077 0.06129807692307692 0.051682692307692304
0 0.2932692307692308 0.9459134615384616 0.030048076923076924 0.1045673076923077
0 0.35336538461538464 0.9663461538461539 0.06129807692307692 0.054086538461538464
0 0.4266826923076923 0.9723557692307693 0.06370192307692307 0.05048076923076923
0 0.5673076923076923 0.9747596153846154 0.06009615384615385 0.046875
0 0.13581730769230768 0.4230769230769231 0.05889423076923077 0.04807692307692308
0 0.20793269230769232 0.4254807692307692 0.056490384615384616 0.05048076923076923
0 0.21394230769230768 0.4891826923076923 0.06370192307692307 0.05048076923076923
0 0.14182692307692307 0.4831730769230769 0.06370192307692307 0.05048076923076923
0 0.13942307692307693 0.36778846153846156 0.06129807692307692 0.054086538461538464
0 0.21514423076923078 0.37259615384615385 0.06009615384615385 0.052884615384615384
0 0.3605769230769231 0.4879807692307692 0.06129807692307692 0.04807692307692308
0 0.3581730769230769 0.42908653846153844 0.06009615384615385 0.05048076923076923
0 0.14182692307692307 0.31009615384615385 0.06129807692307692 0.05048076923076923
0 0.21394230769230768 0.31009615384615385 0.05889423076923077 0.054086538461538464
0 0.2091346153846154 0.25721153846153844 0.06129807692307692 0.052884615384615384
0 0.018028846153846152 0.3918269230769231 0.036057692307692304 0.11057692307692307
0 0.020432692307692308 0.25841346153846156 0.03485576923076923 0.11658653846153846
0 0.02403846153846154 0.11778846153846154 0.03485576923076923 0.10697115384615384
0 0.15384615384615385 0.040865384615384616 0.04927884615384615 0.052884615384615384
0 0.15144230769230768 0.09254807692307693 0.06370192307692307 0.05889423076923077
0 0.21995192307692307 0.04326923076923077 0.05889423076923077 0.056490384615384616
0 0.21754807692307693 0.09615384615384616 0.057692307692307696 0.051682692307692304
0 0.21514423076923078 0.14903846153846154 0.055288461538461536 0.054086538461538464
0 0.14543269230769232 0.1466346153846154 0.057692307692307696 0.04807692307692308
0 0.21754807692307693 0.20432692307692307 0.057692307692307696 0.052884615384615384
0 0.14543269230769232 0.19951923076923078 0.055288461538461536 0.052884615384615384
0 0.14423076923076922 0.2536057692307692 0.05889423076923077 0.04567307692307692
0 0.36538461538461536 0.2644230769230769 0.06009615384615385 0.054086538461538464
0 0.4387019230769231 0.2620192307692308 0.05889423076923077 0.051682692307692304
0 0.4375 0.20793269230769232 0.06009615384615385 0.051682692307692304
0 0.3629807692307692 0.20673076923076922 0.057692307692307696 0.04807692307692308
0 0.36538461538461536 0.15264423076923078 0.057692307692307696 0.052884615384615384
0 0.4338942307692308 0.15264423076923078 0.057692307692307696 0.054086538461538464
0 0.43149038461538464 0.09735576923076923 0.057692307692307696 0.055288461538461536
0 0.3629807692307692 0.09615384615384616 0.057692307692307696 0.052884615384615384
0 0.36899038461538464 0.04326923076923077 0.056490384615384616 0.05048076923076923
0 0.4338942307692308 0.04567307692307692 0.05889423076923077 0.052884615384615384
0 0.4338942307692308 0.009615384615384616 0.0625 0.019230769230769232
0 0.36778846153846156 0.009615384615384616 0.05889423076923077 0.019230769230769232
0 0.22355769230769232 0.008413461538461538 0.057692307692307696 0.016826923076923076
0 0.15865384615384615 0.008413461538461538 0.0625 0.016826923076923076
0 0.026442307692307692 0.027644230769230768 0.03125 0.055288461538461536
0 0.5817307692307693 0.0625 0.052884615384615384 0.04807692307692308
0 0.6574519230769231 0.06490384615384616 0.056490384615384616 0.052884615384615384
0 0.7920673076923077 0.03365384615384615 0.04807692307692308 0.04807692307692308
0 0.7980769230769231 0.1346153846153846 0.055288461538461536 0.051682692307692304
0 0.5841346153846154 0.2848557692307692 0.06129807692307692 0.051682692307692304
0 0.6550480769230769 0.23197115384615385 0.05889423076923077 0.051682692307692304
0 0.578125 0.2283653846153846 0.05889423076923077 0.04807692307692308
0 0.6538461538461539 0.1814903846153846 0.0625 0.054086538461538464
0 0.6502403846153846 0.12740384615384615 0.05889423076923077 0.051682692307692304
0 0.5805288461538461 0.12259615384615384 0.0625 0.052884615384615384
0 0.5817307692307693 0.17307692307692307 0.05889423076923077 0.054086538461538464
0 0.8004807692307693 0.18990384615384615 0.06129807692307692 0.052884615384615384
0 0.8004807692307693 0.34975961538461536 0.06009615384615385 0.05048076923076923
0 0.7944711538461539 0.40384615384615385 0.05889423076923077 0.051682692307692304
0 0.8004807692307693 0.5144230769230769 0.05889423076923077 0.04807692307692308
0 0.7992788461538461 0.5721153846153846 0.06129807692307692 0.051682692307692304
0 0.8040865384615384 0.6262019230769231 0.056490384615384616 0.04807692307692308
0 0.6394230769230769 0.9290865384615384 0.05889423076923077 0.052884615384615384
0 0.5757211538461539 0.9254807692307693 0.056490384615384616 0.051682692307692304
0 0.6490384615384616 0.8689903846153846 0.06129807692307692 0.05048076923076923
0 0.6442307692307693 0.8125 0.05889423076923077 0.052884615384615384
0 0.6478365384615384 0.7560096153846154 0.056490384615384616 0.056490384615384616
0 0.5769230769230769 0.75 0.06009615384615385 0.04807692307692308
0 0.5793269230769231 0.8137019230769231 0.06129807692307692 0.046875
0 0.7980769230769231 0.7644230769230769 0.055288461538461536 0.046875
0 0.7980769230769231 0.8209134615384616 0.056490384615384616 0.04807692307692308
0 0.7992788461538461 0.8786057692307693 0.06009615384615385 0.052884615384615384
0 0.7956730769230769 0.9302884615384616 0.06009615384615385 0.04447115384615385
0 0.7980769230769231 0.9759615384615384 0.06009615384615385 0.04326923076923077
0 0.21033653846153846 0.8942307692307693 0.06610576923076923 0.051682692307692304
0 0.21033653846153846 0.9567307692307693 0.0673076923076923 0.055288461538461536
0 0.20552884615384615 0.9915865384615384 0.06370192307692307 0.01201923076923077
0 0.1346153846153846 0.9855769230769231 0.06009615384615385 0.025240384615384616
0 0.13221153846153846 0.9447115384615384 0.057692307692307696 0.05048076923076923
0 0.1310096153846154 0.8894230769230769 0.06129807692307692 0.052884615384615384
0 0.1310096153846154 0.8305288461538461 0.05889423076923077 0.05048076923076923
0 0.13221153846153846 0.7716346153846154 0.06009615384615385 0.054086538461538464
0 0.13701923076923078 0.7175480769230769 0.06490384615384616 0.052884615384615384