0 0.8846153846153846 0.3161057692307692 0.056490384615384616 0.056490384615384616
0 0.71875 0.20793269230769232 0.030048076923076924 0.11658653846153846
0 0.7223557692307693 0.07211538461538461 0.03245192307692308 0.125
0 0.7127403846153846 0.36658653846153844 0.027644230769230768 0.1141826923076923
0 0.5745192307692307 0.1310096153846154 0.056490384615384616 0.04807692307692308
0 0.578125 0.18870192307692307 0.055288461538461536 0.054086538461538464
0 0.5769230769230769 0.24278846153846154 0.056490384615384616 0.051682692307692304
0 0.5769230769230769 0.2980769230769231 0.057692307692307696 0.054086538461538464
0 0.5745192307692307 0.3581730769230769 0.05889423076923077 0.05048076923076923
0 0.5721153846153846 0.4098557692307692 0.06129807692307692 0.051682692307692304
0 0.5685096153846154 0.4723557692307692 0.06129807692307692 0.052884615384615384
0 0.5685096153846154 0.5288461538461539 0.0625 0.04807692307692308
0 0.5673076923076923 0.5841346153846154 0.06129807692307692 0.05048076923076923
0 0.5661057692307693 0.6418269230769231 0.056490384615384616 0.04447115384615385
0 0.5661057692307693 0.6971153846153846 0.06370192307692307 0.046875
0 0.5564903846153846 0.7536057692307693 0.0625 0.05048076923076923
0 0.42908653846153844 0.5528846153846154 0.054086538461538464 0.06370192307692307
0 0.43509615384615385 0.25961538461538464 0.05889423076923077 0.0733173076923077
0 0.43028846153846156 0.6129807692307693 0.05889423076923077 0.07091346153846154
0 0.42788461538461536 0.6730769230769231 0.05889423076923077 0.07451923076923077
0 0.3004807692307692 0.6526442307692307 0.06009615384615385 0.07932692307692307
0 0.2980769230769231 0.7139423076923077 0.0625 0.07451923076923077
0 0.3076923076923077 0.7860576923076923 0.04927884615384615 0.0625
0 0.2980769230769231 0.8473557692307693 0.052884615384615384 0.07091346153846154
0 0.3016826923076923 0.9230769230769231 0.06850961538461539 0.07211538461538461
0 0.30288461538461536 0.5865384615384616 0.051682692307692304 0.07451923076923077
0 0.3088942307692308 0.5240384615384616 0.052884615384615384 0.0625
0 0.3125 0.45913461538461536 0.042067307692307696 0.0733173076923077
0 0.30408653846153844 0.3870192307692308 0.051682692307692304 0.06490384615384616
0 0.3112980769230769 0.328125 0.04927884615384615 0.07091346153846154
0 0.3137019230769231 0.2644230769230769 0.052884615384615384 0.06490384615384616
0 0.31850961538461536 0.1875 0.054086538461538464 0.07932692307692307
0 0.3173076923076923 0.12740384615384615 0.04807692307692308 0.07451923076923077
0 0.3137019230769231 0.06009615384615385 0.06370192307692307 0.08173076923076923
0 0.3245192307692308 0.027644230769230768 0.04927884615384615 0.054086538461538464