0 0.5829326923076923 0.27524038461538464 0.028846153846153848 0.11298076923076923
0 0.5564903846153846 0.6730769230769231 0.027644230769230768 0.09735576923076923
0 0.5528846153846154 0.2800480769230769 0.028846153846153848 0.109375
0 0.5540865384615384 0.4110576923076923 0.030048076923076924 0.11298076923076923
0 0.5588942307692307 0.7944711538461539 0.028846153846153848 0.11778846153846154
0 0.6826923076923077 0.4098557692307692 0.027644230769230768 0.09735576923076923
0 0.6502403846153846 0.4050480769230769 0.028846153846153848 0.10096153846153846
0 0.6201923076923077 0.4014423076923077 0.027644230769230768 0.10336538461538461
0 0.5877403846153846 0.41947115384615385 0.027644230769230768 0.10096153846153846
0 0.6153846153846154 0.27524038461538464 0.026442307692307692 0.10096153846153846
0 0.6466346153846154 0.2764423076923077 0.028846153846153848 0.10697115384615384
0 0.6778846153846154 0.27884615384615385 0.03125 0.10576923076923077
0 0.7067307692307693 0.27163461538461536 0.025240384615384616 0.10697115384615384
0 0.7355769230769231 0.26802884615384615 0.030048076923076924 0.1045673076923077
0 0.7668269230769231 0.2644230769230769 0.030048076923076924 0.10697115384615384
0 0.6394230769230769 0.03365384615384615 0.027644230769230768 0.06610576923076923
0 0.6057692307692307 0.03365384615384615 0.027644230769230768 0.06610576923076923
0 0.5769230769230769 0.03125 0.028846153846153848 0.0625
0 0.5408653846153846 0.042067307692307696 0.030048076923076924 0.08413461538461539
0 0.4098557692307692 0.042067307692307696 0.03125 0.0829326923076923
0 0.41225961538461536 0.4170673076923077 0.025240384615384616 0.10096153846153846
0 0.4098557692307692 0.27403846153846156 0.027644230769230768 0.11057692307692307
0 0.6502403846153846 0.6706730769230769 0.028846153846153848 0.11057692307692307
0 0.6526442307692307 0.7956730769230769 0.028846153846153848 0.109375
0 0.6213942307692307 0.7848557692307693 0.027644230769230768 0.1045673076923077
0 0.5925480769230769 0.7956730769230769 0.030048076923076924 0.11057692307692307
0 0.5889423076923077 0.6778846153846154 0.027644230769230768 0.10817307692307693
0 0.6189903846153846 0.6670673076923077 0.02403846153846154 0.10336538461538461
0 0.6814903846153846 0.6658653846153846 0.027644230769230768 0.10817307692307693
0 0.7115384615384616 0.6502403846153846 0.028846153846153848 0.1045673076923077
0 0.7415865384615384 0.6514423076923077 0.026442307692307692 0.10697115384615384
0 0.7692307692307693 0.6454326923076923 0.027644230769230768 0.11057692307692307
0 0.8016826923076923 0.6418269230769231 0.030048076923076924 0.09014423076923077
0 0.8774038461538461 0.6334134615384616 0.030048076923076924 0.1045673076923077
0 0.8786057692307693 0.7475961538461539 0.027644230769230768 0.1045673076923077
0 0.8052884615384616 0.7752403846153846 0.026442307692307692 0.10336538461538461
0 0.7716346153846154 0.7704326923076923 0.025240384615384616 0.10576923076923077
0 0.7415865384615384 0.7788461538461539 0.030048076923076924 0.10697115384615384
0 0.7151442307692307 0.7836538461538461 0.030048076923076924 0.10697115384615384
0 0.6838942307692307 0.7908653846153846 0.028846153846153848 0.0985576923076923
0 0.9122596153846154 0.6430288461538461 0.027644230769230768 0.0985576923076923
0 0.9387019230769231 0.6334134615384616 0.03245192307692308 0.10336538461538461
0 0.9639423076923077 0.6237980769230769 0.027644230769230768 0.09254807692307693
0 0.9891826923076923 0.6346153846153846 0.019230769230769232 0.09975961538461539
0 0.9735576923076923 0.7560096153846154 0.03125 0.1045673076923077
0 0.9411057692307693 0.7572115384615384 0.028846153846153848 0.10697115384615384
0 0.9122596153846154 0.7524038461538461 0.027644230769230768 0.09014423076923077
0 0.9831730769230769 0.9747596153846154 0.03245192307692308 0.046875
0 0.9507211538461539 0.9723557692307693 0.03125 0.051682692307692304
0 0.9230769230769231 0.9723557692307693 0.030048076923076924 0.051682692307692304
0 0.8966346153846154 0.9747596153846154 0.03125 0.046875
0 0.8617788461538461 0.9795673076923077 0.027644230769230768 0.037259615384615384
0 0.8317307692307693 0.9831730769230769 0.028846153846153848 0.030048076923076924
0 0.8052884615384616 0.9855769230769231 0.026442307692307692 0.025240384615384616
0 0.7788461538461539 0.9891826923076923 0.02403846153846154 0.019230769230769232
0 0.7475961538461539 0.9903846153846154 0.027644230769230768 0.016826923076923076
0 0.7175480769230769 0.9891826923076923 0.027644230769230768 0.019230769230769232
0 0.4206730769230769 0.6875 0.026442307692307692 0.10697115384615384
0 0.4254807692307692 0.8125 0.02403846153846154 0.10336538461538461
0 0.3918269230769231 0.8137019230769231 0.028846153846153848 0.10576923076923077
0 0.3870192307692308 0.6935096153846154 0.027644230769230768 0.11298076923076923
0 0.38100961538461536 0.41225961538461536 0.030048076923076924 0.10817307692307693
0 0.3762019230769231 0.2776442307692308 0.028846153846153848 0.11899038461538461
0 0.3473557692307692 0.4098557692307692 0.025240384615384616 0.08774038461538461
0 0.3449519230769231 0.27403846153846156 0.027644230769230768 0.10576923076923077
0 0.3137019230769231 0.2776442307692308 0.027644230769230768 0.10096153846153846
0 0.3762019230769231 0.04447115384615385 0.03125 0.0889423076923077
0 0.3449519230769231 0.04567307692307692 0.03125 0.09134615384615384
0 0.3137019230769231 0.05048076923076923 0.03125 0.09975961538461539
0 0.2776442307692308 0.054086538461538464 0.03125 0.10817307692307693
0 0.24639423076923078 0.04927884615384615 0.03125 0.0985576923076923
0 0.21634615384615385 0.04447115384615385 0.028846153846153848 0.0889423076923077
0 0.18389423076923078 0.04567307692307692 0.027644230769230768 0.09014423076923077
0 0.15144230769230768 0.04326923076923077 0.03125 0.08653846153846154
0 0.28125 0.2980769230769231 0.030048076923076924 0.10697115384615384
0 0.3161057692307692 0.421875 0.028846153846153848 0.1045673076923077
0 0.25 0.30528846153846156 0.026442307692307692 0.11298076923076923
0 0.2848557692307692 0.43028846153846156 0.030048076923076924 0.11057692307692307
0 0.2536057692307692 0.42908653846153844 0.030048076923076924 0.1045673076923077
0 0.22235576923076922 0.43028846153846156 0.028846153846153848 0.11057692307692307
0 0.21995192307692307 0.30288461538461536 0.027644230769230768 0.09735576923076923
0 0.18870192307692307 0.296875 0.03125 0.11658653846153846
0 0.15264423076923078 0.32091346153846156 0.030048076923076924 0.10817307692307693
0 0.12379807692307693 0.3137019230769231 0.027644230769230768 0.1045673076923077
0 0.09375 0.3161057692307692 0.028846153846153848 0.11298076923076923
0 0.0625 0.4483173076923077 0.03125 0.10096153846153846
0 0.09495192307692307 0.4495192307692308 0.030048076923076924 0.11538461538461539
0 0.12860576923076922 0.4375 0.027644230769230768 0.09014423076923077
0 0.15985576923076922 0.43509615384615385 0.03125 0.10817307692307693
0 0.18990384615384615 0.4254807692307692 0.028846153846153848 0.10336538461538461
0 0.35697115384615385 0.7019230769230769 0.027644230769230768 0.1141826923076923
0 0.359375 0.8245192307692307 0.030048076923076924 0.109375
0 0.7115384615384616 0.4026442307692308 0.027644230769230768 0.109375
0 0.7415865384615384 0.39302884615384615 0.028846153846153848 0.10817307692307693
0 0.7728365384615384 0.3870192307692308 0.028846153846153848 0.10336538461538461
0 0.8004807692307693 0.3870192307692308 0.026442307692307692 0.10817307692307693
0 0.8269230769230769 0.38221153846153844 0.027644230769230768 0.10817307692307693
0 0.8545673076923077 0.38461538461538464 0.028846153846153848 0.10336538461538461
0 0.8822115384615384 0.38341346153846156 0.026442307692307692 0.09014423076923077
0 0.9110576923076923 0.3762019230769231 0.030048076923076924 0.109375
0 0.9411057692307693 0.38221153846153844 0.028846153846153848 0.10817307692307693
0 0.9675480769230769 0.38461538461538464 0.02403846153846154 0.09735576923076923
0 0.9903846153846154 0.38461538461538464 0.018028846153846152 0.10336538461538461
0 0.9867788461538461 0.25961538461538464 0.02403846153846154 0.10697115384615384
0 0.9651442307692307 0.2692307692307692 0.030048076923076924 0.08774038461538461
0 0.9375 0.25841346153846156 0.030048076923076924 0.09975961538461539
0 0.9122596153846154 0.2644230769230769 0.03125 0.10576923076923077
0 0.8798076923076923 0.2692307692307692 0.03365384615384615 0.1141826923076923
0 0.8509615384615384 0.2668269230769231 0.026442307692307692 0.09975961538461539
0 0.8221153846153846 0.265625 0.030048076923076924 0.1045673076923077
0 0.7956730769230769 0.2692307692307692 0.030048076923076924 0.10336538461538461
0 0.6682692307692307 0.027644230769230768 0.02403846153846154 0.055288461538461536
0 0.6959134615384616 0.03485576923076923 0.027644230769230768 0.06971153846153846
0 0.7283653846153846 0.027644230769230768 0.026442307692307692 0.054086538461538464
0 0.7572115384615384 0.03125 0.028846153846153848 0.0625
0 0.7872596153846154 0.03125 0.030048076923076924 0.0625
0 0.8161057692307693 0.03485576923076923 0.027644230769230768 0.06971153846153846
0 0.8449519230769231 0.03485576923076923 0.027644230769230768 0.06971153846153846
0 0.8737980769230769 0.040865384615384616 0.027644230769230768 0.08052884615384616
0 0.9026442307692307 0.03485576923076923 0.027644230769230768 0.06971153846153846
0 0.9338942307692307 0.03125 0.03245192307692308 0.0625
0 0.9651442307692307 0.030048076923076924 0.026442307692307692 0.06009615384615385
0 0.9867788461538461 0.03485576923076923 0.021634615384615384 0.06971153846153846
0 0.32211538461538464 0.6971153846153846 0.026442307692307692 0.10096153846153846
0 0.32572115384615385 0.8100961538461539 0.027644230769230768 0.10576923076923077
0 0.2920673076923077 0.6850961538461539 0.028846153846153848 0.109375
0 0.296875 0.8221153846153846 0.026442307692307692 0.10576923076923077
0 0.2608173076923077 0.6959134615384616 0.030048076923076924 0.1141826923076923
0 0.26802884615384615 0.8221153846153846 0.030048076923076924 0.10817307692307693
0 0.2283653846153846 0.6959134615384616 0.03125 0.10697115384615384
0 0.234375 0.8317307692307693 0.030048076923076924 0.11298076923076923
0 0.20192307692307693 0.828125 0.03245192307692308 0.0985576923076923
0 0.17067307692307693 0.828125 0.03125 0.1045673076923077
0 0.1658653846153846 0.7055288461538461 0.030048076923076924 0.11057692307692307
0 0.19471153846153846 0.7079326923076923 0.027644230769230768 0.09495192307692307
0 0.1346153846153846 0.7091346153846154 0.030048076923076924 0.11057692307692307
0 0.10336538461538461 0.7067307692307693 0.03125 0.10576923076923077
0 0.07211538461538461 0.7043269230769231 0.030048076923076924 0.09134615384615384
0 0.13822115384615385 0.8233173076923077 0.03245192307692308 0.09014423076923077
0 0.10576923076923077 0.8377403846153846 0.03365384615384615 0.109375
0 0.07211538461538461 0.8365384615384616 0.03245192307692308 0.10576923076923077