0 0.7271634615384616 0.3161057692307692 0.09254807692307693 0.07692307692307693
0 0.8365384615384616 0.24278846153846154 0.08774038461538461 0.07211538461538461
0 0.8377403846153846 0.4110576923076923 0.0889423076923077 0.07451923076923077
0 0.8329326923076923 0.5721153846153846 0.09134615384615384 0.07451923076923077
0 0.8269230769230769 0.6514423076923077 0.08774038461538461 0.06610576923076923
0 0.7211538461538461 0.8966346153846154 0.07932692307692307 0.06610576923076923
0 0.7259615384615384 0.5625 0.08774038461538461 0.06129807692307692
0 0.8341346153846154 0.3293269230769231 0.08653846153846154 0.07451923076923077
0 0.5216346153846154 0.3870192307692308 0.08774038461538461 0.06490384615384616
0 0.5204326923076923 0.46274038461538464 0.07692307692307693 0.07091346153846154
0 0.515625 0.7235576923076923 0.0985576923076923 0.08173076923076923
0 0.5096153846153846 0.8088942307692307 0.09495192307692307 0.07211538461538461
0 0.40024038461538464 0.5444711538461539 0.0829326923076923 0.06971153846153846
0 0.4074519230769231 0.296875 0.09495192307692307 0.06971153846153846
0 0.4074519230769231 0.21754807692307693 0.09495192307692307 0.07211538461538461
0 0.7295673076923077 0.23317307692307693 0.0889423076923077 0.07451923076923077
0 0.8293269230769231 0.8918269230769231 0.08413461538461539 0.07091346153846154
0 0.8365384615384616 0.8100961538461539 0.08653846153846154 0.07211538461538461
0 0.7295673076923077 0.7283653846153846 0.08413461538461539 0.06971153846153846
0 0.8269230769230769 0.9651442307692307 0.08533653846153846 0.06490384615384616
0 0.5144230769230769 0.9699519230769231 0.09254807692307693 0.05889423076923077
0 0.018028846153846152 0.4483173076923077 0.036057692307692304 0.06850961538461539
0 0.9819711538461539 0.25600961538461536 0.03365384615384615 0.07211538461538461
0 0.9855769230769231 0.33413461538461536 0.025240384615384616 0.06370192307692307
0 0.9855769230769231 0.41346153846153844 0.027644230769230768 0.06610576923076923
0 0.9807692307692307 0.8473557692307693 0.037259615384615384 0.08052884615384616
0 0.9831730769230769 0.9266826923076923 0.03245192307692308 0.07091346153846154