0 0.6634615384615384 0.22235576923076922 0.040865384615384616 0.15504807692307693
0 0.6177884615384616 0.21634615384615385 0.04326923076923077 0.15865384615384615
0 0.5612980769230769 0.20673076923076922 0.039663461538461536 0.15264423076923078
0 0.5144230769230769 0.20192307692307693 0.038461538461538464 0.15504807692307693
0 0.5685096153846154 0.6790865384615384 0.037259615384615384 0.17067307692307693
0 0.6189903846153846 0.6850961538461539 0.04447115384615385 0.171875
0 0.6682692307692307 0.6610576923076923 0.040865384615384616 0.14423076923076922
0 0.7175480769230769 0.6850961538461539 0.040865384615384616 0.16346153846153846
0 0.7668269230769231 0.6838942307692307 0.042067307692307696 0.16826923076923078
0 0.8161057692307693 0.671875 0.04326923076923077 0.17067307692307693
0 0.9098557692307693 0.671875 0.04927884615384615 0.18028846153846154
0 0.9879807692307693 0.6971153846153846 0.02283653846153846 0.16826923076923078
0 0.5180288461538461 0.6838942307692307 0.038461538461538464 0.17067307692307693
0 0.4651442307692308 0.6778846153846154 0.040865384615384616 0.17548076923076922
0 0.41586538461538464 0.6887019230769231 0.042067307692307696 0.171875
0 0.3605769230769231 0.6911057692307693 0.038461538461538464 0.18028846153846154
0 0.3137019230769231 0.6838942307692307 0.039663461538461536 0.15985576923076922
0 0.2668269230769231 0.6887019230769231 0.039663461538461536 0.15985576923076922
0 0.21514423076923078 0.6838942307692307 0.04567307692307692 0.171875
0 0.16947115384615385 0.6959134615384616 0.040865384615384616 0.1346153846153846
0 0.12139423076923077 0.6887019230769231 0.04567307692307692 0.16346153846153846
0 0.07211538461538461 0.6658653846153846 0.04807692307692308 0.1658653846153846
0 0.025240384615384616 0.6838942307692307 0.05048076923076923 0.1658653846153846
0 0.7115384615384616 0.21995192307692307 0.04326923076923077 0.16826923076923078
0 0.7572115384615384 0.21754807692307693 0.046875 0.1778846153846154
0 0.8064903846153846 0.21634615384615385 0.04326923076923077 0.15144230769230768
0 0.859375 0.2283653846153846 0.04326923076923077 0.16706730769230768
0 0.9050480769230769 0.20673076923076922 0.04447115384615385 0.1346153846153846
0 0.9483173076923077 0.21153846153846154 0.04927884615384615 0.17067307692307693
0 0.9867788461538461 0.203125 0.021634615384615384 0.15625
0 0.4651442307692308 0.19591346153846154 0.04326923076923077 0.15504807692307693
0 0.41586538461538464 0.19591346153846154 0.038461538461538464 0.1622596153846154
0 0.36538461538461536 0.1971153846153846 0.04447115384615385 0.17548076923076922
0 0.3161057692307692 0.2091346153846154 0.040865384615384616 0.15504807692307693
0 0.2692307692307692 0.2091346153846154 0.04447115384615385 0.17307692307692307
0 0.21995192307692307 0.22596153846153846 0.04447115384615385 0.16826923076923078
0 0.171875 0.22956730769230768 0.04567307692307692 0.16706730769230768
0 0.12620192307692307 0.21514423076923078 0.04567307692307692 0.16706730769230768
0 0.07692307692307693 0.22596153846153846 0.054086538461538464 0.16706730769230768