0 0.45072115384615385 0.3557692307692308 0.0889423076923077 0.07692307692307693
0 0.45072115384615385 0.2668269230769231 0.09495192307692307 0.078125
0 0.43509615384615385 0.6538461538461539 0.09134615384615384 0.07451923076923077
0 0.35096153846153844 0.25841346153846156 0.09134615384615384 0.06971153846153846
0 0.3449519230769231 0.33774038461538464 0.10096153846153846 0.07451923076923077
0 0.3473557692307692 0.4254807692307692 0.0889423076923077 0.07091346153846154
0 0.6322115384615384 0.2860576923076923 0.08774038461538461 0.06850961538461539
0 0.6298076923076923 0.36538461538461536 0.08413461538461539 0.07091346153846154
0 0.7644230769230769 0.6526442307692307 0.07692307692307693 0.13221153846153846
0 0.6225961538461539 0.5949519230769231 0.08653846153846154 0.07091346153846154
0 0.44711538461538464 0.5769230769230769 0.09014423076923077 0.07932692307692307
0 0.44350961538461536 0.42788461538461536 0.09254807692307693 0.07211538461538461
0 0.4387019230769231 0.7259615384615384 0.07211538461538461 0.06971153846153846
0 0.6286057692307693 0.6634615384615384 0.07451923076923077 0.0625
0 0.43028846153846156 0.8004807692307693 0.08052884615384616 0.07091346153846154
0 0.7752403846153846 0.2848557692307692 0.07692307692307693 0.1346153846153846
0 0.7824519230769231 0.4026442307692308 0.0673076923076923 0.1141826923076923
0 0.7644230769230769 0.5637019230769231 0.07572115384615384 0.11899038461538461
0 0.6129807692307693 0.5144230769230769 0.08173076923076923 0.07211538461538461
0 0.7824519230769231 0.49158653846153844 0.06370192307692307 0.11057692307692307
0 0.6274038461538461 0.44350961538461536 0.0829326923076923 0.06490384615384616
0 0.44471153846153844 0.4987980769230769 0.07572115384615384 0.06850961538461539
0 0.35096153846153844 0.4987980769230769 0.08413461538461539 0.0733173076923077
0 0.17067307692307693 0.25240384615384615 0.0985576923076923 0.07451923076923077
0 0.0733173076923077 0.24639423076923078 0.0985576923076923 0.07451923076923077
0 0.07211538461538461 0.3233173076923077 0.09254807692307693 0.06850961538461539
0 0.1658653846153846 0.3317307692307692 0.09615384615384616 0.0625
0 0.15745192307692307 0.41346153846153844 0.08653846153846154 0.06370192307692307
0 0.06971153846153846 0.40384615384615385 0.0889423076923077 0.06490384615384616
0 0.1622596153846154 0.4879807692307692 0.09495192307692307 0.07091346153846154
0 0.15985576923076922 0.5625 0.0889423076923077 0.06490384615384616
0 0.15865384615384615 0.6310096153846154 0.08533653846153846 0.06490384615384616
0 0.15384615384615385 0.703125 0.09735576923076923 0.06850961538461539
0 0.14302884615384615 0.7800480769230769 0.09735576923076923 0.07211538461538461
0 0.14783653846153846 0.8581730769230769 0.0985576923076923 0.07091346153846154
0 0.04807692307692308 0.8557692307692307 0.09615384615384616 0.08052884615384616
0 0.04927884615384615 0.9350961538461539 0.0985576923076923 0.07211538461538461
0 0.1466346153846154 0.9338942307692307 0.09014423076923077 0.07451923076923077
0 0.11538461538461539 0.9879807692307693 0.09495192307692307 0.021634615384615384
0 0.3317307692307692 0.8810096153846154 0.09014423076923077 0.07451923076923077
0 0.33533653846153844 0.8016826923076923 0.09254807692307693 0.07932692307692307
0 0.3329326923076923 0.7223557692307693 0.09975961538461539 0.0733173076923077
0 0.43149038461538464 0.8834134615384616 0.09615384615384616 0.08052884615384616
0 0.42788461538461536 0.9615384615384616 0.09134615384615384 0.0733173076923077
0 0.6213942307692307 0.7403846153846154 0.08774038461538461 0.07091346153846154
0 0.6165865384615384 0.8137019230769231 0.09254807692307693 0.07451923076923077
0 0.6201923076923077 0.8870192307692307 0.09495192307692307 0.06971153846153846
0 0.6201923076923077 0.9615384615384616 0.09014423076923077 0.0733173076923077
0 0.7836538461538461 0.9459134615384616 0.07692307692307693 0.10576923076923077
0 0.7896634615384616 0.8665865384615384 0.04807692307692308 0.09014423076923077
0 0.7704326923076923 0.7536057692307693 0.07211538461538461 0.12379807692307693