0 0.5757211538461539 0.2512019230769231 0.040865384615384616 0.15865384615384615
0 0.6658653846153846 0.7391826923076923 0.038461538461538464 0.16706730769230768
0 0.6141826923076923 0.7463942307692307 0.042067307692307696 0.18629807692307693
0 0.5637019230769231 0.7355769230769231 0.04326923076923077 0.14543269230769232
0 0.515625 0.7560096153846154 0.04326923076923077 0.171875
0 0.5168269230769231 0.25 0.04326923076923077 0.16706730769230768
0 0.4699519230769231 0.234375 0.04447115384615385 0.17067307692307693
0 0.46033653846153844 0.7379807692307693 0.039663461538461536 0.1622596153846154
0 0.4074519230769231 0.7391826923076923 0.04447115384615385 0.18629807692307693
0 0.6213942307692307 0.24879807692307693 0.038461538461538464 0.1502403846153846
0 0.7680288461538461 0.2668269230769231 0.04326923076923077 0.171875
0 0.8137019230769231 0.2800480769230769 0.04326923076923077 0.171875
0 0.8605769230769231 0.29447115384615385 0.04567307692307692 0.171875
0 0.9086538461538461 0.2620192307692308 0.04807692307692308 0.171875
0 0.9579326923076923 0.28846153846153844 0.04326923076923077 0.14903846153846154
0 0.9879807692307693 0.30288461538461536 0.02283653846153846 0.1622596153846154
0 0.3713942307692308 0.23557692307692307 0.040865384615384616 0.1502403846153846
0 0.27884615384615385 0.2283653846153846 0.04326923076923077 0.15264423076923078
0 0.22956730769230768 0.24158653846153846 0.046875 0.17548076923076922
0 0.13581730769230768 0.23557692307692307 0.046875 0.1622596153846154
0 0.08413461538461539 0.2512019230769231 0.055288461538461536 0.16947115384615385
0 0.03245192307692308 0.22596153846153846 0.057692307692307696 0.1658653846153846
0 0.9507211538461539 0.7848557692307693 0.055288461538461536 0.171875
0 0.9002403846153846 0.7836538461538461 0.04807692307692308 0.16826923076923078
0 0.8533653846153846 0.7403846153846154 0.04567307692307692 0.1658653846153846
0 0.8028846153846154 0.7463942307692307 0.04447115384615385 0.16826923076923078
0 0.7596153846153846 0.7379807692307693 0.04326923076923077 0.16346153846153846
0 0.3605769230769231 0.7391826923076923 0.040865384615384616 0.1778846153846154
0 0.3137019230769231 0.7379807692307693 0.040865384615384616 0.17307692307692307
0 0.2668269230769231 0.7295673076923077 0.042067307692307696 0.16706730769230768
0 0.21153846153846154 0.7151442307692307 0.04567307692307692 0.15745192307692307
0 0.1658653846153846 0.7079326923076923 0.04447115384615385 0.15985576923076922
0 0.11899038461538461 0.6983173076923077 0.046875 0.15865384615384615
0 0.06971153846153846 0.6935096153846154 0.05048076923076923 0.16706730769230768
0 0.025240384615384616 0.6899038461538461 0.05048076923076923 0.18269230769230768