0 0.8822115384615384 0.484375 0.055288461538461536 0.056490384615384616
0 0.013221153846153846 0.5456730769230769 0.026442307692307692 0.11538461538461539
0 0.7067307692307693 0.5360576923076923 0.03125 0.109375
0 0.7151442307692307 0.38100961538461536 0.03125 0.1141826923076923
0 0.71875 0.23798076923076922 0.030048076923076924 0.11778846153846154
0 0.7223557692307693 0.08774038461538461 0.030048076923076924 0.12259615384615384
0 0.5745192307692307 0.13341346153846154 0.06129807692307692 0.06009615384615385
0 0.5685096153846154 0.30408653846153844 0.05889423076923077 0.055288461538461536
0 0.5721153846153846 0.3629807692307692 0.056490384615384616 0.046875
0 0.5733173076923077 0.4182692307692308 0.05889423076923077 0.051682692307692304
0 0.5721153846153846 0.4735576923076923 0.057692307692307696 0.04807692307692308
0 0.5685096153846154 0.5324519230769231 0.05889423076923077 0.051682692307692304
0 0.5685096153846154 0.5901442307692307 0.0625 0.052884615384615384
0 0.5649038461538461 0.6454326923076923 0.06610576923076923 0.046875
0 0.5637019230769231 0.703125 0.06129807692307692 0.046875
0 0.5612980769230769 0.7584134615384616 0.06129807692307692 0.05048076923076923
0 0.5600961538461539 0.8149038461538461 0.06009615384615385 0.052884615384615384
0 0.5612980769230769 0.8713942307692307 0.06129807692307692 0.054086538461538464
0 0.5540865384615384 0.9302884615384616 0.0625 0.05048076923076923
0 0.4230769230769231 0.8497596153846154 0.05889423076923077 0.07211538461538461
0 0.42427884615384615 0.7908653846153846 0.057692307692307696 0.06971153846153846
0 0.4266826923076923 0.7319711538461539 0.056490384615384616 0.06971153846153846
0 0.43028846153846156 0.4362980769230769 0.056490384615384616 0.07211538461538461
0 0.4362980769230769 0.036057692307692304 0.06370192307692307 0.07211538461538461
0 0.3112980769230769 0.04447115384615385 0.06370192307692307 0.07091346153846154
0 0.3112980769230769 0.11057692307692307 0.0673076923076923 0.07692307692307693
0 0.31009615384615385 0.1778846153846154 0.0625 0.08173076923076923
0 0.30528846153846156 0.24158653846153846 0.06370192307692307 0.08413461538461539
0 0.30408653846153844 0.30288461538461536 0.06129807692307692 0.08653846153846154
0 0.3088942307692308 0.3713942307692308 0.06009615384615385 0.0829326923076923
0 0.30528846153846156 0.4387019230769231 0.056490384615384616 0.07091346153846154
0 0.3004807692307692 0.5072115384615384 0.057692307692307696 0.07211538461538461
0 0.296875 0.5685096153846154 0.055288461538461536 0.06009615384615385
0 0.30288461538461536 0.6394230769230769 0.052884615384615384 0.06971153846153846
0 0.30288461538461536 0.7043269230769231 0.05889423076923077 0.07091346153846154
0 0.2980769230769231 0.765625 0.04927884615384615 0.06971153846153846
0 0.296875 0.8293269230769231 0.0625 0.07451923076923077
0 0.2920673076923077 0.8918269230769231 0.0625 0.07451923076923077
0 0.30288461538461536 0.9627403846153846 0.052884615384615384 0.06009615384615385