0 0.7620192307692307 0.7932692307692307 0.05889423076923077 0.051682692307692304
0 0.6935096153846154 0.7860576923076923 0.06370192307692307 0.04807692307692308
0 0.7644230769230769 0.9591346153846154 0.056490384615384616 0.04807692307692308
0 0.7644230769230769 0.8461538461538461 0.055288461538461536 0.04567307692307692
0 0.6899038461538461 0.8401442307692307 0.06370192307692307 0.051682692307692304
0 0.6838942307692307 0.8942307692307693 0.05889423076923077 0.05048076923076923
0 0.6947115384615384 0.9567307692307693 0.055288461538461536 0.05048076923076923
0 0.7584134615384616 0.7331730769230769 0.05889423076923077 0.042067307692307696
0 0.6947115384615384 0.7283653846153846 0.05889423076923077 0.04567307692307692
0 0.7560096153846154 0.6706730769230769 0.054086538461538464 0.046875
0 0.6947115384615384 0.671875 0.05889423076923077 0.04807692307692308
0 0.6923076923076923 0.6165865384615384 0.06129807692307692 0.04807692307692308
0 0.7536057692307693 0.6165865384615384 0.05048076923076923 0.04567307692307692
0 0.9074519230769231 0.9495192307692307 0.056490384615384616 0.046875
0 0.9014423076923077 0.8966346153846154 0.0625 0.04807692307692308
0 0.8966346153846154 0.8449519230769231 0.0625 0.04447115384615385
0 0.8954326923076923 0.7872596153846154 0.05889423076923077 0.052884615384615384
0 0.5348557692307693 0.9495192307692307 0.06129807692307692 0.052884615384615384
0 0.5396634615384616 0.8942307692307693 0.057692307692307696 0.04567307692307692
0 0.5384615384615384 0.8341346153846154 0.06129807692307692 0.051682692307692304
0 0.4699519230769231 0.8365384615384616 0.06129807692307692 0.051682692307692304
0 0.4675480769230769 0.8918269230769231 0.057692307692307696 0.052884615384615384
0 0.46634615384615385 0.9483173076923077 0.06009615384615385 0.05048076923076923
0 0.8966346153846154 0.7355769230769231 0.05889423076923077 0.046875
0 0.9026442307692307 0.6814903846153846 0.06129807692307692 0.051682692307692304
0 0.8954326923076923 0.6274038461538461 0.06009615384615385 0.05048076923076923
0 0.9038461538461539 0.5661057692307693 0.06009615384615385 0.051682692307692304
0 0.8221153846153846 0.37259615384615385 0.030048076923076924 0.11057692307692307
0 0.7932692307692307 0.38100961538461536 0.027644230769230768 0.1045673076923077
0 0.765625 0.38341346153846156 0.025240384615384616 0.10697115384615384
0 0.734375 0.37259615384615385 0.026442307692307692 0.1045673076923077
0 0.7079326923076923 0.36658653846153844 0.026442307692307692 0.09975961538461539
0 0.6754807692307693 0.3641826923076923 0.028846153846153848 0.11298076923076923
0 0.6454326923076923 0.36778846153846156 0.027644230769230768 0.11057692307692307
0 0.6129807692307693 0.3629807692307692 0.027644230769230768 0.10817307692307693
0 0.5829326923076923 0.36778846153846156 0.025240384615384616 0.09735576923076923
0 0.5504807692307693 0.36778846153846156 0.028846153846153848 0.10817307692307693
0 0.5204326923076923 0.3737980769230769 0.027644230769230768 0.11298076923076923
0 0.46274038461538464 0.328125 0.06009615384615385 0.052884615384615384
0 0.46153846153846156 0.3870192307692308 0.0625 0.055288461538461536
0 0.4699519230769231 0.27524038461538464 0.05889423076923077 0.04807692307692308
0 0.4675480769230769 0.22235576923076922 0.05889423076923077 0.052884615384615384
0 0.46274038461538464 0.16346153846153846 0.06009615384615385 0.05048076923076923
0 0.4699519230769231 0.11538461538461539 0.057692307692307696 0.05048076923076923
0 0.3161057692307692 0.1141826923076923 0.052884615384615384 0.046875
0 0.3137019230769231 0.16346153846153846 0.05889423076923077 0.051682692307692304
0 0.31850961538461536 0.21514423076923078 0.05889423076923077 0.051682692307692304
0 0.3161057692307692 0.2692307692307692 0.05889423076923077 0.051682692307692304
0 0.3173076923076923 0.3233173076923077 0.055288461538461536 0.04447115384615385
0 0.3161057692307692 0.37740384615384615 0.056490384615384616 0.05048076923076923
0 0.17067307692307693 0.5216346153846154 0.0625 0.04807692307692308
0 0.16947115384615385 0.5745192307692307 0.06370192307692307 0.04567307692307692
0 0.16826923076923078 0.6286057692307693 0.06129807692307692 0.046875
0 0.17427884615384615 0.6862980769230769 0.06129807692307692 0.04447115384615385
0 0.17427884615384615 0.7439903846153846 0.057692307692307696 0.054086538461538464
0 0.31971153846153844 0.9411057692307693 0.055288461538461536 0.05048076923076923
0 0.8569711538461539 0.3629807692307692 0.03245192307692308 0.11057692307692307
0 0.9026442307692307 0.5108173076923077 0.055288461538461536 0.04567307692307692
0 0.9050480769230769 0.4495192307692308 0.06370192307692307 0.05048076923076923
0 0.9074519230769231 0.9891826923076923 0.06129807692307692 0.019230769230769232
0 0.765625 0.9915865384615384 0.05889423076923077 0.01201923076923077
0 0.6887019230769231 0.9915865384615384 0.056490384615384616 0.014423076923076924
0 0.5408653846153846 0.6129807692307693 0.06129807692307692 0.046875
0 0.5372596153846154 0.7824519230769231 0.056490384615384616 0.04567307692307692
0 0.5396634615384616 0.7247596153846154 0.05889423076923077 0.04567307692307692
0 0.5384615384615384 0.671875 0.06009615384615385 0.05048076923076923
0 0.4651442307692308 0.6141826923076923 0.06009615384615385 0.046875
0 0.47115384615384615 0.6682692307692307 0.05889423076923077 0.051682692307692304
0 0.4699519230769231 0.7247596153846154 0.06009615384615385 0.05048076923076923
0 0.46274038461538464 0.7836538461538461 0.06129807692307692 0.05048076923076923
0 0.53125 0.9891826923076923 0.05889423076923077 0.018028846153846152
0 0.46634615384615385 0.9855769230769231 0.055288461538461536 0.02403846153846154
0 0.3293269230769231 0.9855769230769231 0.057692307692307696 0.02403846153846154
0 0.31850961538461536 0.8293269230769231 0.05889423076923077 0.04807692307692308
0 0.3161057692307692 0.8834134615384616 0.05889423076923077 0.05048076923076923
0 0.32572115384615385 0.7764423076923077 0.057692307692307696 0.046875
0 0.3245192307692308 0.7199519230769231 0.056490384615384616 0.051682692307692304
0 0.3233173076923077 0.6622596153846154 0.06370192307692307 0.046875
0 0.32211538461538464 0.6081730769230769 0.06129807692307692 0.04807692307692308
0 0.15985576923076922 0.9711538461538461 0.06370192307692307 0.05048076923076923
0 0.1622596153846154 0.8004807692307693 0.06370192307692307 0.051682692307692304
0 0.16826923076923078 0.859375 0.06129807692307692 0.051682692307692304
0 0.16466346153846154 0.9122596153846154 0.06370192307692307 0.046875
0 0.1658653846153846 0.47115384615384615 0.07091346153846154 0.051682692307692304
0 0.16947115384615385 0.41586538461538464 0.055288461538461536 0.046875
0 0.17548076923076922 0.35336538461538464 0.056490384615384616 0.04807692307692308
0 0.17908653846153846 0.2980769230769231 0.06009615384615385 0.051682692307692304
0 0.17548076923076922 0.1971153846153846 0.0625 0.054086538461538464
0 0.1814903846153846 0.14302884615384615 0.057692307692307696 0.04807692307692308
0 0.1778846153846154 0.037259615384615384 0.06850961538461539 0.051682692307692304
0 0.1814903846153846 0.09014423076923077 0.0625 0.051682692307692304
0 0.3245192307692308 0.05889423076923077 0.056490384615384616 0.054086538461538464
0 0.3245192307692308 0.014423076923076924 0.05889423076923077 0.027644230769230768
0 0.4651442307692308 0.021634615384615384 0.06490384615384616 0.04326923076923077
0 0.4735576923076923 0.06370192307692307 0.05889423076923077 0.04567307692307692
0 0.18028846153846154 0.007211538461538462 0.05889423076923077 0.014423076923076924