0 0.6935096153846154 0.22355769230769232 0.036057692307692304 0.09254807692307693
0 0.6634615384615384 0.2536057692307692 0.037259615384615384 0.09615384615384616
0 0.6322115384615384 0.26802884615384615 0.037259615384615384 0.109375
0 0.6009615384615384 0.265625 0.038461538461538464 0.1045673076923077
0 0.5697115384615384 0.2764423076923077 0.039663461538461536 0.1045673076923077
0 0.5432692307692307 0.296875 0.03245192307692308 0.09615384615384616
0 0.5072115384615384 0.3016826923076923 0.03245192307692308 0.0889423076923077
0 0.4807692307692308 0.31850961538461536 0.03365384615384615 0.10096153846153846
0 0.44711538461538464 0.3317307692307692 0.03485576923076923 0.0889423076923077
0 0.4230769230769231 0.36538461538461536 0.037259615384615384 0.10336538461538461
0 0.3942307692307692 0.3858173076923077 0.037259615384615384 0.10697115384615384
0 0.359375 0.39302884615384615 0.037259615384615384 0.09975961538461539
0 0.32572115384615385 0.40384615384615385 0.038461538461538464 0.10336538461538461
0 0.29447115384615385 0.4170673076923077 0.039663461538461536 0.109375
0 0.2608173076923077 0.4338942307692308 0.038461538461538464 0.10576923076923077
0 0.22956730769230768 0.45552884615384615 0.040865384615384616 0.109375
0 0.1971153846153846 0.4795673076923077 0.04326923076923077 0.10817307692307693
0 0.16346153846153846 0.4963942307692308 0.04326923076923077 0.10697115384615384
0 0.13221153846153846 0.5192307692307693 0.040865384615384616 0.09134615384615384
0 0.09495192307692307 0.5264423076923077 0.051682692307692304 0.11658653846153846
0 0.06009615384615385 0.5372596153846154 0.046875 0.11298076923076923
0 0.02403846153846154 0.5540865384615384 0.04567307692307692 0.10336538461538461
0 0.6899038461538461 0.5528846153846154 0.042067307692307696 0.09975961538461539
0 0.6526442307692307 0.5612980769230769 0.039663461538461536 0.10576923076923077
0 0.6262019230769231 0.578125 0.038461538461538464 0.09975961538461539
0 0.5949519230769231 0.5901442307692307 0.037259615384615384 0.1045673076923077
0 0.5661057692307693 0.6129807692307693 0.038461538461538464 0.10096153846153846
0 0.5360576923076923 0.6394230769230769 0.038461538461538464 0.11057692307692307
0 0.5060096153846154 0.6526442307692307 0.038461538461538464 0.0985576923076923
0 0.47475961538461536 0.6634615384615384 0.03365384615384615 0.10697115384615384
0 0.4423076923076923 0.6802884615384616 0.038461538461538464 0.10697115384615384
0 0.41346153846153844 0.6995192307692307 0.040865384615384616 0.109375
0 0.38100961538461536 0.7259615384615384 0.04326923076923077 0.11538461538461539
0 0.3473557692307692 0.7355769230769231 0.040865384615384616 0.109375
0 0.3161057692307692 0.7487980769230769 0.04447115384615385 0.11057692307692307
0 0.2824519230769231 0.7716346153846154 0.04326923076923077 0.1141826923076923
0 0.24879807692307693 0.7908653846153846 0.046875 0.11538461538461539
0 0.21754807692307693 0.8028846153846154 0.04326923076923077 0.12139423076923077
0 0.18389423076923078 0.8161057692307693 0.04567307692307692 0.12139423076923077
0 0.14423076923076922 0.8305288461538461 0.040865384615384616 0.10576923076923077
0 0.11298076923076923 0.8557692307692307 0.046875 0.12139423076923077
0 0.07932692307692307 0.8846153846153846 0.046875 0.11778846153846154
0 0.04447115384615385 0.9134615384615384 0.04567307692307692 0.1141826923076923
0 0.016826923076923076 0.9302884615384616 0.03365384615384615 0.11899038461538461
0 0.6802884615384616 0.6394230769230769 0.051682692307692304 0.06129807692307692
0 0.6225961538461539 0.6634615384615384 0.055288461538461536 0.0625
0 0.5637019230769231 0.7091346153846154 0.05889423076923077 0.07091346153846154
0 0.4987980769230769 0.7487980769230769 0.06370192307692307 0.07091346153846154
0 0.43149038461538464 0.7836538461538461 0.056490384615384616 0.07091346153846154
0 0.3737980769230769 0.8197115384615384 0.05048076923076923 0.06850961538461539
0 0.3125 0.8569711538461539 0.06490384615384616 0.07211538461538461
0 0.24759615384615385 0.8918269230769231 0.0625 0.07211538461538461
0 0.1778846153846154 0.9314903846153846 0.06490384615384616 0.07932692307692307
0 0.10216346153846154 0.9651442307692307 0.07211538461538461 0.06490384615384616
0 0.7824519230769231 0.7596153846153846 0.04326923076923077 0.11057692307692307
0 0.7512019230769231 0.7860576923076923 0.040865384615384616 0.10697115384615384
0 0.7247596153846154 0.8137019230769231 0.037259615384615384 0.10817307692307693
0 0.6959134615384616 0.8329326923076923 0.03485576923076923 0.10576923076923077
0 0.6658653846153846 0.8509615384615384 0.037259615384615384 0.11298076923076923
0 0.6394230769230769 0.8605769230769231 0.036057692307692304 0.10576923076923077
0 0.6105769230769231 0.8713942307692307 0.039663461538461536 0.10096153846153846
0 0.5853365384615384 0.9254807692307693 0.036057692307692304 0.10576923076923077
0 0.5480769230769231 0.9038461538461539 0.037259615384615384 0.10336538461538461
0 0.5204326923076923 0.9459134615384616 0.04326923076923077 0.1045673076923077
0 0.4879807692307692 0.9543269230769231 0.040865384615384616 0.0889423076923077
0 0.4567307692307692 0.9627403846153846 0.03365384615384615 0.07091346153846154
0 0.42427884615384615 0.9675480769230769 0.03485576923076923 0.06129807692307692
0 0.3894230769230769 0.9807692307692307 0.03125 0.036057692307692304