0 0.44711538461538464 0.5072115384615384 0.06370192307692307 0.04567307692307692
0 0.45072115384615385 0.5697115384615384 0.06129807692307692 0.05048076923076923
0 0.44350961538461536 0.24158653846153846 0.05889423076923077 0.052884615384615384
0 0.4495192307692308 0.2956730769230769 0.05889423076923077 0.05048076923076923
0 0.4495192307692308 0.35096153846153844 0.0673076923076923 0.05048076923076923
0 0.4567307692307692 0.40384615384615385 0.05889423076923077 0.04567307692307692
0 0.4495192307692308 0.45552884615384615 0.057692307692307696 0.046875
0 0.29927884615384615 0.7331730769230769 0.056490384615384616 0.05048076923076923
0 0.3004807692307692 0.6730769230769231 0.054086538461538464 0.046875
0 0.2980769230769231 0.6189903846153846 0.06009615384615385 0.05048076923076923
0 0.2980769230769231 0.5625 0.06370192307692307 0.054086538461538464
0 0.2932692307692308 0.5072115384615384 0.0625 0.05048076923076923
0 0.29447115384615385 0.4543269230769231 0.055288461538461536 0.04567307692307692
0 0.30528846153846156 0.40024038461538464 0.056490384615384616 0.051682692307692304
0 0.30528846153846156 0.3425480769230769 0.05889423076923077 0.051682692307692304
0 0.3016826923076923 0.29086538461538464 0.057692307692307696 0.04807692307692308
0 0.30288461538461536 0.23557692307692307 0.056490384615384616 0.051682692307692304
0 0.3004807692307692 0.1814903846153846 0.056490384615384616 0.04807692307692308
0 0.4338942307692308 0.18509615384615385 0.05889423076923077 0.051682692307692304
0 0.4483173076923077 0.1346153846153846 0.056490384615384616 0.05048076923076923
0 0.44350961538461536 0.08173076923076923 0.06370192307692307 0.046875
0 0.3016826923076923 0.07932692307692307 0.06009615384615385 0.04807692307692308
0 0.30288461538461536 0.12860576923076922 0.056490384615384616 0.04807692307692308
0 0.16105769230769232 0.49038461538461536 0.056490384615384616 0.04807692307692308
0 0.15625 0.5432692307692307 0.0625 0.046875
0 0.4519230769230769 0.625 0.054086538461538464 0.04807692307692308
0 0.44711538461538464 0.6802884615384616 0.05889423076923077 0.04807692307692308
0 0.45552884615384615 0.9567307692307693 0.056490384615384616 0.04807692307692308
0 0.5300480769230769 0.9543269230769231 0.06009615384615385 0.046875
0 0.7439903846153846 0.9879807692307693 0.055288461538461536 0.021634615384615384
0 0.7415865384615384 0.9483173076923077 0.051682692307692304 0.04447115384615385
0 0.6802884615384616 0.9543269230769231 0.06370192307692307 0.05048076923076923
0 0.8858173076923077 0.9495192307692307 0.06129807692307692 0.054086538461538464
0 0.8954326923076923 0.890625 0.06009615384615385 0.05048076923076923
0 0.8918269230769231 0.8341346153846154 0.056490384615384616 0.04567307692307692
0 0.5060096153846154 0.7175480769230769 0.027644230769230768 0.11057692307692307
0 0.5372596153846154 0.7139423076923077 0.025240384615384616 0.11658653846153846
0 0.5685096153846154 0.7043269230769231 0.025240384615384616 0.11899038461538461
0 0.6009615384615384 0.703125 0.02403846153846154 0.11658653846153846
0 0.6310096153846154 0.7091346153846154 0.028846153846153848 0.1141826923076923
0 0.6634615384615384 0.7079326923076923 0.027644230769230768 0.10817307692307693
0 0.6971153846153846 0.7055288461538461 0.025240384615384616 0.10576923076923077
0 0.7247596153846154 0.7055288461538461 0.025240384615384616 0.11057692307692307
0 0.3173076923076923 0.9939903846153846 0.06370192307692307 0.008413461538461538
0 0.8942307692307693 0.9891826923076923 0.06129807692307692 0.019230769230769232
0 0.6814903846153846 0.9891826923076923 0.05889423076923077 0.018028846153846152
0 0.5300480769230769 0.9903846153846154 0.057692307692307696 0.015625
0 0.46274038461538464 0.9915865384615384 0.055288461538461536 0.01201923076923077
0 0.3004807692307692 0.026442307692307692 0.055288461538461536 0.051682692307692304
0 0.4423076923076923 0.030048076923076924 0.06370192307692307 0.051682692307692304
0 0.8449519230769231 0.6862980769230769 0.03245192307692308 0.11298076923076923
0 0.8942307692307693 0.7716346153846154 0.06370192307692307 0.05048076923076923
0 0.8112980769230769 0.6947115384615384 0.03125 0.10817307692307693
0 0.7848557692307693 0.7091346153846154 0.026442307692307692 0.10697115384615384
0 0.7536057692307693 0.7115384615384616 0.028846153846153848 0.10817307692307693
0 0.44711538461538464 0.7403846153846154 0.06370192307692307 0.051682692307692304
0 0.16346153846153846 0.6526442307692307 0.06129807692307692 0.046875
0 0.1622596153846154 0.7091346153846154 0.06009615384615385 0.04447115384615385
0 0.15745192307692307 0.7704326923076923 0.056490384615384616 0.042067307692307696
0 0.15504807692307693 0.8245192307692307 0.0733173076923077 0.051682692307692304
0 0.15745192307692307 0.8834134615384616 0.06370192307692307 0.04447115384615385
0 0.15985576923076922 0.9314903846153846 0.06370192307692307 0.04807692307692308
0 0.15985576923076922 0.9807692307692307 0.06610576923076923 0.036057692307692304
0 0.3161057692307692 0.9591346153846154 0.0625 0.054086538461538464
0 0.15504807692307693 0.38461538461538464 0.06850961538461539 0.052884615384615384
0 0.15745192307692307 0.4375 0.06129807692307692 0.04807692307692308
0 0.15745192307692307 0.33052884615384615 0.06129807692307692 0.046875
0 0.15745192307692307 0.27884615384615385 0.06009615384615385 0.051682692307692304
0 0.1622596153846154 0.22355769230769232 0.055288461538461536 0.04447115384615385
0 0.16947115384615385 0.16826923076923078 0.057692307692307696 0.052884615384615384
0 0.17067307692307693 0.11658653846153846 0.06370192307692307 0.052884615384615384
0 0.17067307692307693 0.06610576923076923 0.06009615384615385 0.04807692307692308
0 0.16947115384615385 0.02283653846153846 0.052884615384615384 0.04567307692307692