0 0.9314903846153846 0.8786057692307693 0.09375 0.07211538461538461
0 0.9314903846153846 0.9567307692307693 0.0889423076923077 0.07451923076923077
0 0.6225961538461539 0.9134615384615384 0.08413461538461539 0.07091346153846154
0 0.5084134615384616 0.9254807692307693 0.08653846153846154 0.08052884615384616
0 0.5012019230769231 0.7680288461538461 0.09254807692307693 0.07451923076923077
0 0.6033653846153846 0.7572115384615384 0.08413461538461539 0.07692307692307693
0 0.6201923076923077 0.8365384615384616 0.0733173076923077 0.06370192307692307
0 0.8221153846153846 0.8100961538461539 0.08653846153846154 0.08052884615384616
0 0.9266826923076923 0.7175480769230769 0.09254807692307693 0.0625
0 0.9182692307692307 0.6370192307692307 0.08653846153846154 0.07091346153846154
0 0.8185096153846154 0.6430288461538461 0.07932692307692307 0.06971153846153846
0 0.8137019230769231 0.49278846153846156 0.09375 0.07451923076923077
0 0.8052884615384616 0.4050480769230769 0.09495192307692307 0.06850961538461539
0 0.8004807692307693 0.3233173076923077 0.09134615384615384 0.06850961538461539
0 0.9086538461538461 0.3125 0.09495192307692307 0.06971153846153846
0 0.6033653846153846 0.42788461538461536 0.06971153846153846 0.06971153846153846
0 0.6105769230769231 0.5084134615384616 0.07451923076923077 0.06850961538461539
0 0.6081730769230769 0.6706730769230769 0.08653846153846154 0.06490384615384616
0 0.49399038461538464 0.44471153846153844 0.09134615384615384 0.06850961538461539
0 0.4963942307692308 0.36899038461538464 0.07932692307692307 0.0625
0 0.2848557692307692 0.46274038461538464 0.09014423076923077 0.07211538461538461
0 0.2800480769230769 0.5552884615384616 0.09134615384615384 0.06610576923076923
0 0.30649038461538464 0.796875 0.08052884615384616 0.05889423076923077
0 0.1045673076923077 0.8016826923076923 0.07692307692307693 0.07692307692307693
0 0.10216346153846154 0.7295673076923077 0.07451923076923077 0.07091346153846154
0 0.10096153846153846 0.6490384615384616 0.07692307692307693 0.06971153846153846
0 0.0985576923076923 0.5721153846153846 0.078125 0.06610576923076923
0 0.0889423076923077 0.5012019230769231 0.07932692307692307 0.06490384615384616
0 0.23197115384615385 0.11057692307692307 0.08653846153846154 0.06971153846153846