0 0.6887019230769231 0.546875 0.09254807692307693 0.078125
0 0.7956730769230769 0.5324519230769231 0.09495192307692307 0.08653846153846154
0 0.22596153846153846 0.6105769230769231 0.0985576923076923 0.08052884615384616
0 0.052884615384615384 0.6310096153846154 0.09615384615384616 0.07932692307692307
0 0.9747596153846154 0.8870192307692307 0.04807692307692308 0.18389423076923078
0 0.9338942307692307 0.9014423076923077 0.052884615384615384 0.1466346153846154
0 0.8834134615384616 0.9026442307692307 0.04927884615384615 0.16706730769230768
0 0.8365384615384616 0.9158653846153846 0.04326923076923077 0.10817307692307693
0 0.7872596153846154 0.9194711538461539 0.04567307692307692 0.15865384615384615
0 0.7403846153846154 0.921875 0.040865384615384616 0.15144230769230768
0 0.6935096153846154 0.9411057692307693 0.04567307692307692 0.1141826923076923
0 0.6358173076923077 0.9314903846153846 0.040865384615384616 0.13341346153846154
0 0.5877403846153846 0.9435096153846154 0.040865384615384616 0.109375
0 0.5396634615384616 0.9471153846153846 0.042067307692307696 0.10096153846153846
0 0.4879807692307692 0.9543269230769231 0.04326923076923077 0.0889423076923077
0 0.4326923076923077 0.9567307692307693 0.042067307692307696 0.0829326923076923
0 0.3858173076923077 0.9555288461538461 0.040865384615384616 0.08413461538461539
0 0.3317307692307692 0.9567307692307693 0.04807692307692308 0.0829326923076923
0 0.2824519230769231 0.9735576923076923 0.040865384615384616 0.05048076923076923
0 0.23076923076923078 0.9615384615384616 0.04447115384615385 0.07451923076923077
0 0.18389423076923078 0.9711538461538461 0.04326923076923077 0.055288461538461536
0 0.1346153846153846 0.9723557692307693 0.04807692307692308 0.052884615384615384
0 0.0829326923076923 0.9807692307692307 0.04927884615384615 0.03485576923076923
0 0.030048076923076924 0.9783653846153846 0.05048076923076923 0.042067307692307696