0 0.5588942307692307 0.828125 0.06009615384615385 0.052884615384615384
0 0.6298076923076923 0.8269230769230769 0.06370192307692307 0.054086538461538464
0 0.5625 0.7716346153846154 0.0625 0.051682692307692304
0 0.34975961538461536 0.6610576923076923 0.05889423076923077 0.056490384615384616
0 0.4182692307692308 0.6586538461538461 0.06129807692307692 0.052884615384615384
0 0.4206730769230769 0.6033653846153846 0.0625 0.051682692307692304
0 0.35096153846153844 0.6057692307692307 0.056490384615384616 0.052884615384615384
0 0.35216346153846156 0.5516826923076923 0.05889423076923077 0.054086538461538464
0 0.41947115384615385 0.5456730769230769 0.05889423076923077 0.056490384615384616
0 0.4170673076923077 0.4891826923076923 0.051682692307692304 0.05048076923076923
0 0.4182692307692308 0.4387019230769231 0.057692307692307696 0.05048076923076923
0 0.3449519230769231 0.8365384615384616 0.05889423076923077 0.05048076923076923
0 0.3449519230769231 0.7776442307692307 0.052884615384615384 0.04567307692307692
0 0.34615384615384615 0.7223557692307693 0.057692307692307696 0.051682692307692304
0 0.4206730769230769 0.7163461538461539 0.06370192307692307 0.05048076923076923
0 0.41586538461538464 0.7740384615384616 0.06009615384615385 0.04807692307692308
0 0.4182692307692308 0.8329326923076923 0.0625 0.056490384615384616
0 0.41586538461538464 0.890625 0.05889423076923077 0.05048076923076923
0 0.34975961538461536 0.8894230769230769 0.06370192307692307 0.04567307692307692
0 0.4182692307692308 0.9459134615384616 0.06129807692307692 0.054086538461538464
0 0.3473557692307692 0.9483173076923077 0.06009615384615385 0.051682692307692304
0 0.20432692307692307 0.7776442307692307 0.06490384615384616 0.046875
0 0.5649038461538461 0.7127403846153846 0.06370192307692307 0.051682692307692304
0 0.6322115384615384 0.7151442307692307 0.06129807692307692 0.046875
0 0.5625 0.8894230769230769 0.06129807692307692 0.052884615384615384
0 0.6286057692307693 0.8858173076923077 0.06129807692307692 0.05048076923076923
0 0.6322115384615384 0.9435096153846154 0.06490384615384616 0.051682692307692304
0 0.5637019230769231 0.9471153846153846 0.06129807692307692 0.046875
0 0.6322115384615384 0.7692307692307693 0.054086538461538464 0.04807692307692308
0 0.6334134615384616 0.484375 0.05889423076923077 0.054086538461538464
0 0.6286057692307693 0.5432692307692307 0.056490384615384616 0.051682692307692304
0 0.6286057692307693 0.6009615384615384 0.057692307692307696 0.05048076923076923
0 0.6286057692307693 0.6550480769230769 0.06129807692307692 0.04807692307692308
0 0.5588942307692307 0.5420673076923077 0.06370192307692307 0.051682692307692304
0 0.5625 0.6033653846153846 0.055288461538461536 0.05048076923076923
0 0.5637019230769231 0.6622596153846154 0.06129807692307692 0.05048076923076923
0 0.4182692307692308 0.3786057692307692 0.06129807692307692 0.052884615384615384
0 0.20673076923076922 0.8365384615384616 0.06370192307692307 0.04807692307692308
0 0.2091346153846154 0.8942307692307693 0.0625 0.052884615384615384
0 0.21033653846153846 0.9483173076923077 0.06129807692307692 0.056490384615384616
0 0.7596153846153846 0.38100961538461536 0.05889423076923077 0.04807692307692308
0 0.7644230769230769 0.4338942307692308 0.06129807692307692 0.051682692307692304
0 0.5540865384615384 0.43149038461538464 0.06129807692307692 0.055288461538461536
0 0.5588942307692307 0.49038461538461536 0.05889423076923077 0.046875
0 0.765625 0.9338942307692307 0.06490384615384616 0.046875
0 0.7608173076923077 0.21634615384615385 0.056490384615384616 0.051682692307692304
0 0.7596153846153846 0.2692307692307692 0.05889423076923077 0.05048076923076923
0 0.7596153846153846 0.3233173076923077 0.0625 0.051682692307692304
0 0.7620192307692307 0.4879807692307692 0.06009615384615385 0.051682692307692304
0 0.7620192307692307 0.5420673076923077 0.05889423076923077 0.04807692307692308
0 0.765625 0.5973557692307693 0.06610576923076923 0.051682692307692304
0 0.765625 0.8786057692307693 0.05889423076923077 0.052884615384615384
0 0.7668269230769231 0.7692307692307693 0.06129807692307692 0.04807692307692308
0 0.7644230769230769 0.8197115384615384 0.06129807692307692 0.04807692307692308
0 0.7680288461538461 0.7139423076923077 0.0625 0.052884615384615384
0 0.7668269230769231 0.6526442307692307 0.05889423076923077 0.04807692307692308
0 0.4855769230769231 0.7043269230769231 0.028846153846153848 0.11899038461538461
0 0.5625 0.9855769230769231 0.06129807692307692 0.025240384615384616
0 0.6322115384615384 0.984375 0.06610576923076923 0.027644230769230768
0 0.7644230769230769 0.9795673076923077 0.06129807692307692 0.038461538461538464
0 0.7572115384615384 0.15985576923076922 0.06129807692307692 0.05889423076923077
0 0.7572115384615384 0.10576923076923077 0.0625 0.051682692307692304
0 0.7560096153846154 0.05048076923076923 0.06370192307692307 0.054086538461538464
0 0.7536057692307693 0.013221153846153846 0.0625 0.026442307692307692
0 0.6346153846153846 0.42788461538461536 0.05889423076923077 0.052884615384615384
0 0.41346153846153844 0.9855769230769231 0.06610576923076923 0.02403846153846154
0 0.35096153846153844 0.9879807692307693 0.05889423076923077 0.021634615384615384
0 0.21514423076923078 0.9891826923076923 0.057692307692307696 0.018028846153846152
0 0.23197115384615385 0.6706730769230769 0.030048076923076924 0.11538461538461539
0 0.23317307692307693 0.5504807692307693 0.030048076923076924 0.10697115384615384
0 0.23076923076923078 0.4254807692307692 0.03125 0.11658653846153846
0 0.35336538461538464 0.49038461538461536 0.0625 0.05048076923076923
0 0.35216346153846156 0.43149038461538464 0.056490384615384616 0.051682692307692304
0 0.35096153846153844 0.3762019230769231 0.06610576923076923 0.054086538461538464
0 0.35096153846153844 0.31971153846153844 0.06129807692307692 0.05889423076923077
0 0.41586538461538464 0.31850961538461536 0.055288461538461536 0.055288461538461536
0 0.4182692307692308 0.2608173076923077 0.06370192307692307 0.055288461538461536
0 0.35096153846153844 0.2644230769230769 0.05889423076923077 0.04807692307692308
0 0.23798076923076922 0.30528846153846156 0.027644230769230768 0.1045673076923077
0 0.4110576923076923 0.20793269230769232 0.05889423076923077 0.05048076923076923
0 0.34615384615384615 0.21153846153846154 0.057692307692307696 0.054086538461538464
0 0.23557692307692307 0.18389423076923078 0.028846153846153848 0.09014423076923077
0 0.35336538461538464 0.15745192307692307 0.055288461538461536 0.052884615384615384
0 0.4170673076923077 0.15264423076923078 0.06370192307692307 0.051682692307692304
0 0.5588942307692307 0.3713942307692308 0.056490384615384616 0.054086538461538464
0 0.6310096153846154 0.36899038461538464 0.06009615384615385 0.051682692307692304
0 0.6286057692307693 0.3137019230769231 0.06129807692307692 0.051682692307692304
0 0.5576923076923077 0.31490384615384615 0.06490384615384616 0.04807692307692308
0 0.234375 0.07091346153846154 0.028846153846153848 0.1141826923076923
0 0.35336538461538464 0.10096153846153846 0.05889423076923077 0.04447115384615385
0 0.4206730769230769 0.10336538461538461 0.05889423076923077 0.05048076923076923
0 0.5540865384615384 0.2620192307692308 0.052884615384615384 0.052884615384615384
0 0.5576923076923077 0.20673076923076922 0.06129807692307692 0.052884615384615384
0 0.6262019230769231 0.20673076923076922 0.0625 0.052884615384615384
0 0.6322115384615384 0.2608173076923077 0.05889423076923077 0.046875
0 0.6274038461538461 0.15144230769230768 0.055288461538461536 0.054086538461538464
0 0.5576923076923077 0.1502403846153846 0.056490384615384616 0.05048076923076923
0 0.5588942307692307 0.09735576923076923 0.05889423076923077 0.05048076923076923
0 0.6310096153846154 0.09735576923076923 0.052884615384615384 0.051682692307692304
0 0.6286057692307693 0.04447115384615385 0.06009615384615385 0.05048076923076923
0 0.6237980769230769 0.009615384615384616 0.057692307692307696 0.019230769230769232
0 0.5552884615384616 0.01201923076923077 0.057692307692307696 0.02403846153846154
0 0.5588942307692307 0.046875 0.054086538461538464 0.046875
0 0.4170673076923077 0.04807692307692308 0.05889423076923077 0.052884615384615384
0 0.35216346153846156 0.051682692307692304 0.05889423076923077 0.052884615384615384
0 0.34975961538461536 0.013221153846153846 0.056490384615384616 0.026442307692307692
0 0.41947115384615385 0.009615384615384616 0.06129807692307692 0.019230769230769232