0 0.6225961538461539 0.11538461538461539 0.03125 0.12379807692307693
0 0.6213942307692307 0.25240384615384615 0.030048076923076924 0.12379807692307693
0 0.6129807692307693 0.4411057692307692 0.03365384615384615 0.11298076923076923
0 0.6081730769230769 0.5841346153846154 0.027644230769230768 0.09615384615384616
0 0.6105769230769231 0.6971153846153846 0.030048076923076924 0.11658653846153846
0 0.4567307692307692 0.44591346153846156 0.06610576923076923 0.054086538461538464
0 0.46274038461538464 0.515625 0.06490384615384616 0.051682692307692304
0 0.46634615384615385 0.5745192307692307 0.0625 0.04447115384615385
0 0.4567307692307692 0.6286057692307693 0.06129807692307692 0.051682692307692304
0 0.4519230769230769 0.6875 0.057692307692307696 0.05048076923076923
0 0.44471153846153844 0.7463942307692307 0.06370192307692307 0.051682692307692304
0 0.4495192307692308 0.8040865384615384 0.055288461538461536 0.054086538461538464
0 0.46153846153846156 0.8605769230769231 0.04807692307692308 0.04567307692307692
0 0.45552884615384615 0.9170673076923077 0.057692307692307696 0.04807692307692308
0 0.3858173076923077 0.36538461538461536 0.0625 0.052884615384615384
0 0.2920673076923077 0.15504807692307693 0.06490384615384616 0.06009615384615385
0 0.20192307692307693 0.20432692307692307 0.06129807692307692 0.06490384615384616
0 0.20552884615384615 0.26802884615384615 0.0625 0.078125
0 0.20072115384615385 0.3293269230769231 0.057692307692307696 0.07451923076923077
0 0.19230769230769232 0.3918269230769231 0.06610576923076923 0.08173076923076923
0 0.1935096153846154 0.4651442307692308 0.05889423076923077 0.09134615384615384
0 0.18870192307692307 0.5288461538461539 0.06610576923076923 0.07692307692307693
0 0.19230769230769232 0.5985576923076923 0.055288461538461536 0.056490384615384616
0 0.18870192307692307 0.6610576923076923 0.06850961538461539 0.07932692307692307
0 0.18389423076923078 0.7295673076923077 0.06370192307692307 0.07692307692307693
0 0.18509615384615385 0.8004807692307693 0.06850961538461539 0.07451923076923077
0 0.1814903846153846 0.8629807692307693 0.06610576923076923 0.07211538461538461
0 0.17548076923076922 0.9266826923076923 0.0673076923076923 0.08052884615384616
0 0.3112980769230769 0.8581730769230769 0.057692307692307696 0.0625
0 0.3137019230769231 0.9182692307692307 0.06129807692307692 0.06971153846153846
0 0.3137019230769231 0.6887019230769231 0.056490384615384616 0.06370192307692307
0 0.3161057692307692 0.625 0.06370192307692307 0.06971153846153846
0 0.3245192307692308 0.5649038461538461 0.054086538461538464 0.06490384615384616
0 0.32572115384615385 0.49759615384615385 0.05889423076923077 0.06971153846153846