0 0.6502403846153846 0.33413461538461536 0.03365384615384615 0.13701923076923078
0 0.3701923076923077 0.6274038461538461 0.04326923076923077 0.12259615384615384
0 0.6911057692307693 0.31850961538461536 0.037259615384615384 0.13942307692307693
0 0.7331730769230769 0.3233173076923077 0.03485576923076923 0.13341346153846154
0 0.7692307692307693 0.33052884615384615 0.037259615384615384 0.1310096153846154
0 0.8185096153846154 0.3449519230769231 0.046875 0.15264423076923078
0 0.8509615384615384 0.33413461538461536 0.036057692307692304 0.1346153846153846
0 0.8846153846153846 0.3329326923076923 0.03485576923076923 0.11899038461538461
0 0.9206730769230769 0.33413461538461536 0.036057692307692304 0.14302884615384615
0 0.9639423076923077 0.34975961538461536 0.042067307692307696 0.1346153846153846
0 0.9903846153846154 0.3293269230769231 0.018028846153846152 0.12259615384615384
0 0.9663461538461539 0.03125 0.06490384615384616 0.0625
0 0.6237980769230769 0.016826923076923076 0.07932692307692307 0.03365384615384615
0 0.4831730769230769 0.014423076923076924 0.07091346153846154 0.027644230769230768
0 0.39302884615384615 0.009615384615384616 0.07692307692307693 0.018028846153846152
0 0.28966346153846156 0.014423076923076924 0.08413461538461539 0.027644230769230768
0 0.10336538461538461 0.016826923076923076 0.08533653846153846 0.03365384615384615
0 0.03365384615384615 0.016826923076923076 0.0673076923076923 0.03365384615384615
0 0.3317307692307692 0.6358173076923077 0.04567307692307692 0.13581730769230768
0 0.2920673076923077 0.6213942307692307 0.040865384615384616 0.12139423076923077
0 0.5432692307692307 0.625 0.04807692307692308 0.1346153846153846
0 0.5841346153846154 0.6274038461538461 0.04326923076923077 0.140625
0 0.6189903846153846 0.6237980769230769 0.04807692307692308 0.13581730769230768
0 0.6682692307692307 0.6286057692307693 0.04567307692307692 0.13221153846153846
0 0.8605769230769231 0.6286057692307693 0.046875 0.1310096153846154
0 0.9375 0.6262019230769231 0.046875 0.13341346153846154
0 0.9771634615384616 0.6358173076923077 0.04326923076923077 0.12860576923076922
0 0.6105769230769231 0.3125 0.03365384615384615 0.14302884615384615
0 0.5721153846153846 0.3161057692307692 0.03245192307692308 0.1346153846153846
0 0.5300480769230769 0.31490384615384615 0.03365384615384615 0.14543269230769232
0 0.49038461538461536 0.32211538461538464 0.037259615384615384 0.14182692307692307
0 0.4483173076923077 0.3112980769230769 0.036057692307692304 0.14302884615384615
0 0.4074519230769231 0.32211538461538464 0.03485576923076923 0.14543269230769232
0 0.3629807692307692 0.3125 0.036057692307692304 0.13942307692307693
0 0.31850961538461536 0.3016826923076923 0.03485576923076923 0.125
0 0.27524038461538464 0.31971153846153844 0.03485576923076923 0.1466346153846154
0 0.2283653846153846 0.3269230769230769 0.039663461538461536 0.13341346153846154
0 0.22596153846153846 0.47475961538461536 0.040865384615384616 0.1502403846153846
0 0.8149038461538461 0.9026442307692307 0.056490384615384616 0.13221153846153846
0 0.7223557692307693 0.8990384615384616 0.055288461538461536 0.14182692307692307
0 0.6802884615384616 0.9002403846153846 0.051682692307692304 0.1310096153846154
0 0.5396634615384616 0.9038461538461539 0.06129807692307692 0.15504807692307693
0 0.4879807692307692 0.9170673076923077 0.046875 0.13942307692307693
0 0.44591346153846156 0.9086538461538461 0.04807692307692308 0.12740384615384615
0 0.3954326923076923 0.9134615384615384 0.04807692307692308 0.1346153846153846
0 0.30528846153846156 0.9050480769230769 0.04927884615384615 0.12379807692307693
0 0.2620192307692308 0.8930288461538461 0.04567307692307692 0.14302884615384615
0 0.21514423076923078 0.9026442307692307 0.046875 0.12860576923076922
0 0.17668269230769232 0.890625 0.05048076923076923 0.125
0 0.13701923076923078 0.875 0.04807692307692308 0.12740384615384615