0 0.8605769230769231 0.4375 0.03125 0.1045673076923077
0 0.890625 0.43990384615384615 0.030048076923076924 0.1045673076923077
0 0.921875 0.4338942307692308 0.030048076923076924 0.09975961538461539
0 0.9519230769230769 0.43509615384615385 0.03245192307692308 0.1141826923076923
0 0.9807692307692307 0.4266826923076923 0.03245192307692308 0.10576923076923077
0 0.9831730769230769 0.18990384615384615 0.030048076923076924 0.0985576923076923
0 0.9543269230769231 0.18389423076923078 0.03245192307692308 0.10576923076923077
0 0.8966346153846154 0.19591346153846154 0.03125 0.1045673076923077
0 0.8677884615384616 0.1935096153846154 0.027644230769230768 0.0985576923076923
0 0.8341346153846154 0.18509615384615385 0.028846153846153848 0.08774038461538461
0 0.8064903846153846 0.1814903846153846 0.028846153846153848 0.1141826923076923
0 0.7776442307692307 0.18509615384615385 0.037259615384615384 0.10697115384615384
0 0.7487980769230769 0.18629807692307693 0.026442307692307692 0.10336538461538461
0 0.7175480769230769 0.18509615384615385 0.030048076923076924 0.1045673076923077
0 0.6887019230769231 0.19471153846153846 0.025240384615384616 0.10817307692307693
0 0.6550480769230769 0.19831730769230768 0.026442307692307692 0.10576923076923077
0 0.6262019230769231 0.17668269230769232 0.027644230769230768 0.1045673076923077
0 0.515625 0.009615384615384616 0.05889423076923077 0.019230769230769232
0 0.014423076923076924 0.11057692307692307 0.028846153846153848 0.057692307692307696
0 0.5949519230769231 0.18870192307692307 0.025240384615384616 0.109375
0 0.5649038461538461 0.18629807692307693 0.027644230769230768 0.11057692307692307
0 0.53125 0.18028846153846154 0.025240384615384616 0.1045673076923077
0 0.4987980769230769 0.18028846153846154 0.02403846153846154 0.1045673076923077
0 0.46875 0.21754807692307693 0.02283653846153846 0.0985576923076923
0 0.4411057692307692 0.19471153846153846 0.02403846153846154 0.1045673076923077
0 0.4098557692307692 0.21995192307692307 0.02403846153846154 0.09014423076923077
0 0.37740384615384615 0.203125 0.026442307692307692 0.10697115384615384
0 0.34975961538461536 0.21995192307692307 0.026442307692307692 0.09975961538461539
0 0.31850961538461536 0.203125 0.026442307692307692 0.10096153846153846
0 0.28725961538461536 0.2091346153846154 0.027644230769230768 0.11899038461538461
0 0.25721153846153844 0.20793269230769232 0.027644230769230768 0.10817307692307693
0 0.2283653846153846 0.22235576923076922 0.025240384615384616 0.09735576923076923
0 0.20072115384615385 0.21754807692307693 0.026442307692307692 0.09615384615384616
0 0.17067307692307693 0.21995192307692307 0.030048076923076924 0.0985576923076923
0 0.13942307692307693 0.2127403846153846 0.028846153846153848 0.10576923076923077
0 0.11057692307692307 0.23076923076923078 0.030048076923076924 0.1045673076923077
0 0.08052884615384616 0.23557692307692307 0.028846153846153848 0.10576923076923077
0 0.051682692307692304 0.2403846153846154 0.028846153846153848 0.10576923076923077
0 0.02283653846153846 0.2512019230769231 0.030048076923076924 0.10336538461538461
0 0.004807692307692308 0.25240384615384615 0.009615384615384616 0.1045673076923077
0 0.7403846153846154 0.46274038461538464 0.027644230769230768 0.1045673076923077
0 0.8605769230769231 0.6971153846153846 0.03125 0.109375
0 0.8918269230769231 0.6983173076923077 0.03125 0.10576923076923077
0 0.9242788461538461 0.7115384615384616 0.03365384615384615 0.109375
0 0.953125 0.6995192307692307 0.03365384615384615 0.10697115384615384
0 0.984375 0.6947115384615384 0.030048076923076924 0.11538461538461539
0 0.8737980769230769 0.8040865384615384 0.06370192307692307 0.05048076923076923
0 0.8762019230769231 0.8581730769230769 0.06610576923076923 0.046875
0 0.8762019230769231 0.9110576923076923 0.06009615384615385 0.051682692307692304
0 0.8798076923076923 0.9663461538461539 0.0673076923076923 0.046875
0 0.7403846153846154 0.7151442307692307 0.026442307692307692 0.10576923076923077
0 0.7403846153846154 0.8461538461538461 0.028846153846153848 0.10697115384615384
0 0.7091346153846154 0.8425480769230769 0.028846153846153848 0.10576923076923077
0 0.7103365384615384 0.7259615384615384 0.026442307692307692 0.10697115384615384
0 0.6802884615384616 0.7259615384615384 0.027644230769230768 0.10336538461538461
0 0.6790865384615384 0.8497596153846154 0.026442307692307692 0.10576923076923077
0 0.6490384615384616 0.8449519230769231 0.025240384615384616 0.0985576923076923
0 0.6466346153846154 0.7151442307692307 0.027644230769230768 0.10697115384615384
0 0.6177884615384616 0.7295673076923077 0.027644230769230768 0.10817307692307693
0 0.6165865384615384 0.8485576923076923 0.026442307692307692 0.10697115384615384
0 0.5841346153846154 0.7247596153846154 0.025240384615384616 0.09975961538461539
0 0.5829326923076923 0.8509615384615384 0.025240384615384616 0.0985576923076923
0 0.5516826923076923 0.7283653846153846 0.028846153846153848 0.10817307692307693
0 0.5516826923076923 0.8449519230769231 0.028846153846153848 0.11298076923076923
0 0.5216346153846154 0.7307692307692307 0.027644230769230768 0.09975961538461539
0 0.5204326923076923 0.8401442307692307 0.027644230769230768 0.10697115384615384
0 0.49038461538461536 0.7235576923076923 0.025240384615384616 0.10697115384615384
0 0.49038461538461536 0.8485576923076923 0.026442307692307692 0.109375
0 0.45913461538461536 0.7259615384615384 0.02403846153846154 0.1045673076923077
0 0.45913461538461536 0.8557692307692307 0.025240384615384616 0.09975961538461539
0 0.4254807692307692 0.7319711538461539 0.02403846153846154 0.10817307692307693
0 0.4266826923076923 0.8545673076923077 0.026442307692307692 0.10096153846153846
0 0.3942307692307692 0.7355769230769231 0.025240384615384616 0.11658653846153846
0 0.39663461538461536 0.8569711538461539 0.027644230769230768 0.11057692307692307
0 0.3641826923076923 0.7355769230769231 0.025240384615384616 0.10697115384615384
0 0.3641826923076923 0.8581730769230769 0.026442307692307692 0.10697115384615384
0 0.3329326923076923 0.8569711538461539 0.027644230769230768 0.11057692307692307
0 0.3329326923076923 0.7391826923076923 0.027644230769230768 0.11298076923076923
0 0.30408653846153844 0.734375 0.025240384615384616 0.10697115384615384
0 0.27283653846153844 0.7415865384615384 0.028846153846153848 0.1141826923076923
0 0.2439903846153846 0.7487980769230769 0.027644230769230768 0.1045673076923077
0 0.2091346153846154 0.7331730769230769 0.028846153846153848 0.1045673076923077
0 0.18028846153846154 0.7415865384615384 0.028846153846153848 0.10336538461538461
0 0.2704326923076923 0.8629807692307693 0.027644230769230768 0.10817307692307693
0 0.3016826923076923 0.8545673076923077 0.026442307692307692 0.10697115384615384
0 0.24158653846153846 0.8677884615384616 0.027644230769230768 0.10096153846153846
0 0.2127403846153846 0.8641826923076923 0.027644230769230768 0.10697115384615384
0 0.1814903846153846 0.8677884615384616 0.028846153846153848 0.1045673076923077
0 0.15144230769230768 0.8509615384615384 0.028846153846153848 0.109375
0 0.14182692307692307 0.7391826923076923 0.030048076923076924 0.11057692307692307
0 0.12139423076923077 0.8557692307692307 0.03245192307692308 0.109375
0 0.09254807692307693 0.8653846153846154 0.027644230769230768 0.109375
0 0.06129807692307692 0.8713942307692307 0.03245192307692308 0.10336538461538461
0 0.06850961538461539 0.7379807692307693 0.03485576923076923 0.10817307692307693
0 0.03485576923076923 0.7379807692307693 0.03125 0.10817307692307693
0 0.010817307692307692 0.7439903846153846 0.021634615384615384 0.11298076923076923
0 0.7103365384615384 0.4639423076923077 0.03245192307692308 0.11298076923076923
0 0.6778846153846154 0.46634615384615385 0.030048076923076924 0.1045673076923077
0 0.6466346153846154 0.4699519230769231 0.027644230769230768 0.1045673076923077
0 0.6153846153846154 0.4579326923076923 0.025240384615384616 0.10697115384615384
0 0.5853365384615384 0.45552884615384615 0.030048076923076924 0.11298076923076923
0 0.5528846153846154 0.46153846153846156 0.026442307692307692 0.10096153846153846
0 0.5192307692307693 0.47836538461538464 0.025240384615384616 0.1045673076923077
0 0.4879807692307692 0.47596153846153844 0.025240384615384616 0.10697115384615384
0 0.4567307692307692 0.47836538461538464 0.026442307692307692 0.10697115384615384
0 0.4254807692307692 0.48197115384615385 0.026442307692307692 0.10697115384615384
0 0.3918269230769231 0.4795673076923077 0.027644230769230768 0.11298076923076923
0 0.3629807692307692 0.4879807692307692 0.027644230769230768 0.11057692307692307
0 0.3317307692307692 0.4891826923076923 0.026442307692307692 0.10576923076923077
0 0.30288461538461536 0.4855769230769231 0.026442307692307692 0.1141826923076923
0 0.27283653846153844 0.4855769230769231 0.026442307692307692 0.11658653846153846
0 0.2439903846153846 0.4963942307692308 0.027644230769230768 0.10576923076923077
0 0.21514423076923078 0.4855769230769231 0.026442307692307692 0.09495192307692307
0 0.18389423076923078 0.48197115384615385 0.028846153846153848 0.09735576923076923
0 0.15745192307692307 0.4651442307692308 0.027644230769230768 0.0985576923076923
0 0.12620192307692307 0.47836538461538464 0.030048076923076924 0.10336538461538461
0 0.09735576923076923 0.4891826923076923 0.027644230769230768 0.09975961538461539
0 0.06610576923076923 0.4855769230769231 0.03245192307692308 0.1045673076923077
0 0.03485576923076923 0.49399038461538464 0.030048076923076924 0.10336538461538461
0 0.010817307692307692 0.5024038461538461 0.021634615384615384 0.10817307692307693