0 0.578125 0.3088942307692308 0.04567307692307692 0.0829326923076923
0 0.46153846153846156 0.3425480769230769 0.05048076923076923 0.09014423076923077
0 0.5348557692307693 0.3942307692307692 0.051682692307692304 0.09735576923076923
0 0.5120192307692307 0.43028846153846156 0.054086538461538464 0.0985576923076923
0 0.4170673076923077 0.421875 0.04807692307692308 0.09254807692307693
0 0.44711538461538464 0.546875 0.051682692307692304 0.09495192307692307
0 0.4699519230769231 0.5168269230769231 0.05048076923076923 0.0889423076923077
0 0.27163461538461536 0.3137019230769231 0.055288461538461536 0.09735576923076923
0 0.4266826923076923 0.5913461538461539 0.051682692307692304 0.09254807692307693
0 0.3112980769230769 0.6274038461538461 0.052884615384615384 0.09735576923076923
0 0.2512019230769231 0.35697115384615385 0.05048076923076923 0.09134615384615384
0 0.40384615384615385 0.6334134615384616 0.052884615384615384 0.09735576923076923
0 0.3954326923076923 0.4579326923076923 0.055288461538461536 0.09735576923076923
0 0.4387019230769231 0.38461538461538464 0.05048076923076923 0.09735576923076923
0 0.49399038461538464 0.4795673076923077 0.054086538461538464 0.0985576923076923
0 0.3858173076923077 0.6778846153846154 0.052884615384615384 0.09134615384615384
0 0.27403846153846156 0.7115384615384616 0.052884615384615384 0.09615384615384616
0 0.24879807692307693 0.7403846153846154 0.056490384615384616 0.10096153846153846
0 0.6201923076923077 0.6165865384615384 0.05048076923076923 0.08653846153846154
0 0.6418269230769231 0.5745192307692307 0.055288461538461536 0.09615384615384616
0 0.5769230769230769 0.6947115384615384 0.051682692307692304 0.0889423076923077
0 0.5516826923076923 0.7355769230769231 0.054086538461538464 0.09615384615384616
0 0.21033653846153846 0.4375 0.04807692307692308 0.08653846153846154
0 0.18870192307692307 0.47836538461538464 0.057692307692307696 0.08653846153846154
0 0.15384615384615385 0.3389423076923077 0.05048076923076923 0.09014423076923077
0 0.1778846153846154 0.31009615384615385 0.054086538461538464 0.09495192307692307
0 0.2247596153846154 0.22596153846153846 0.05048076923076923 0.09134615384615384
0 0.24278846153846154 0.18028846153846154 0.046875 0.08774038461538461
0 0.3605769230769231 0.15745192307692307 0.052884615384615384 0.0829326923076923
0 0.16105769230769232 0.5072115384615384 0.057692307692307696 0.09495192307692307
0 0.23076923076923078 0.3954326923076923 0.04326923076923077 0.08653846153846154
0 0.296875 0.27524038461538464 0.057692307692307696 0.109375
0 0.3112980769230769 0.22355769230769232 0.04927884615384615 0.09254807692307693
0 0.19951923076923078 0.2668269230769231 0.052884615384615384 0.09134615384615384
0 0.5576923076923077 0.3473557692307692 0.052884615384615384 0.09254807692307693
0 0.3401442307692308 0.7536057692307693 0.052884615384615384 0.09735576923076923
0 0.36538461538461536 0.7199519230769231 0.052884615384615384 0.0985576923076923
0 0.35336538461538464 0.546875 0.046875 0.08653846153846154
0 0.3317307692307692 0.5865384615384616 0.052884615384615384 0.09615384615384616
0 0.3713942307692308 0.5 0.05048076923076923 0.09134615384615384
0 0.6646634615384616 0.5360576923076923 0.055288461538461536 0.09014423076923077
0 0.6502403846153846 0.7439903846153846 0.051682692307692304 0.09134615384615384
0 0.6682692307692307 0.6971153846153846 0.04807692307692308 0.08774038461538461
0 0.22115384615384615 0.7764423076923077 0.057692307692307696 0.10096153846153846
0 0.31971153846153844 0.8004807692307693 0.054086538461538464 0.09615384615384616
0 0.4050480769230769 0.07932692307692307 0.051682692307692304 0.09134615384615384
0 0.48197115384615385 0.296875 0.04927884615384615 0.08774038461538461
0 0.5036057692307693 0.25600961538461536 0.052884615384615384 0.0889423076923077
0 0.5348557692307693 0.7872596153846154 0.05048076923076923 0.09615384615384616
0 0.5144230769230769 0.8245192307692307 0.056490384615384616 0.10336538461538461
0 0.49278846153846156 0.859375 0.051682692307692304 0.09735576923076923
0 0.5841346153846154 0.8653846153846154 0.05048076923076923 0.09495192307692307
0 0.6021634615384616 0.8221153846153846 0.04447115384615385 0.0829326923076923
0 0.6262019230769231 0.7848557692307693 0.04807692307692308 0.08774038461538461
0 0.5997596153846154 0.6574519230769231 0.055288461538461536 0.09615384615384616
0 0.7115384615384616 0.6177884615384616 0.05048076923076923 0.09495192307692307
0 0.6911057692307693 0.6598557692307693 0.052884615384615384 0.09014423076923077
0 0.3016826923076923 0.8425480769230769 0.04927884615384615 0.08173076923076923
0 0.28725961538461536 0.6706730769230769 0.054086538461538464 0.10096153846153846
0 0.09375 0.4735576923076923 0.054086538461538464 0.09495192307692307
0 0.11298076923076923 0.4254807692307692 0.054086538461538464 0.0985576923076923
0 0.13221153846153846 0.38341346153846156 0.055288461538461536 0.09735576923076923
0 0.16346153846153846 0.027644230769230768 0.056490384615384616 0.054086538461538464
0 0.11057692307692307 0.09735576923076923 0.052884615384615384 0.08774038461538461
0 0.42427884615384615 0.039663461538461536 0.05048076923076923 0.07932692307692307
0 0.33533653846153844 0.040865384615384616 0.052884615384615384 0.08173076923076923
0 0.3088942307692308 0.07091346153846154 0.05048076923076923 0.0829326923076923
0 0.28725961538461536 0.11298076923076923 0.04807692307692308 0.09134615384615384
0 0.265625 0.14543269230769232 0.054086538461538464 0.09254807692307693
0 0.44711538461538464 0.019230769230769232 0.04326923076923077 0.038461538461538464
0 0.38221153846153844 0.11658653846153846 0.052884615384615384 0.0889423076923077
0 0.3389423076923077 0.19471153846153846 0.04807692307692308 0.08653846153846154
0 0.5240384615384616 0.21634615384615385 0.052884615384615384 0.0889423076923077
0 0.546875 0.18389423076923078 0.04326923076923077 0.07451923076923077
0 0.5721153846153846 0.1466346153846154 0.054086538461538464 0.09014423076923077
0 0.5925480769230769 0.11057692307692307 0.05048076923076923 0.09254807692307693
0 0.6165865384615384 0.08052884615384616 0.051682692307692304 0.08774038461538461
0 0.6310096153846154 0.03485576923076923 0.06009615384615385 0.06971153846153846
0 0.6574519230769231 0.018028846153846152 0.040865384615384616 0.036057692307692304
0 0.6899038461538461 0.007211538461538462 0.027644230769230768 0.014423076923076924
0 0.7680288461538461 0.01201923076923077 0.03485576923076923 0.02403846153846154
0 0.7451923076923077 0.03485576923076923 0.052884615384615384 0.06971153846153846
0 0.7223557692307693 0.05048076923076923 0.04807692307692308 0.08653846153846154
0 0.7019230769230769 0.0829326923076923 0.05048076923076923 0.09495192307692307
0 0.6778846153846154 0.11658653846153846 0.04807692307692308 0.08413461538461539
0 0.6622596153846154 0.15504807692307693 0.051682692307692304 0.09495192307692307
0 0.6394230769230769 0.19471153846153846 0.040865384615384616 0.078125
0 0.6237980769230769 0.23798076923076922 0.052884615384615384 0.09495192307692307
0 0.5997596153846154 0.2704326923076923 0.04927884615384615 0.08413461538461539
0 0.2776442307692308 0.8786057692307693 0.056490384615384616 0.09735576923076923
0 0.3449519230769231 0.9290865384615384 0.052884615384615384 0.10576923076923077
0 0.19110576923076922 0.984375 0.036057692307692304 0.026442307692307692
0 0.1502403846153846 0.9891826923076923 0.028846153846153848 0.019230769230769232
0 0.10576923076923077 0.9447115384615384 0.052884615384615384 0.10817307692307693
0 0.06850961538461539 0.6899038461538461 0.05889423076923077 0.0889423076923077
0 0.010817307692307692 0.5841346153846154 0.021634615384615384 0.057692307692307696
0 0.07091346153846154 0.5168269230769231 0.052884615384615384 0.0985576923076923
0 0.14302884615384615 0.5588942307692307 0.055288461538461536 0.09254807692307693
0 0.06129807692307692 0.1814903846153846 0.057692307692307696 0.09014423076923077
0 0.3581730769230769 0.019230769230769232 0.04567307692307692 0.038461538461538464
0 0.052884615384615384 0.7644230769230769 0.057692307692307696 0.08774038461538461
0 0.016826923076923076 0.7644230769230769 0.03365384615384615 0.09014423076923077
0 0.007211538461538462 0.8221153846153846 0.014423076923076924 0.05048076923076923
0 0.054086538461538464 0.8461538461538461 0.057692307692307696 0.09735576923076923
0 0.03245192307692308 0.8918269230769231 0.06129807692307692 0.09495192307692307
0 0.019230769230769232 0.9314903846153846 0.038461538461538464 0.09375
0 0.007211538461538462 0.9819711538461539 0.014423076923076924 0.03365384615384615
0 0.47115384615384615 0.9026442307692307 0.055288461538461536 0.10096153846153846
0 0.4495192307692308 0.9459134615384616 0.05048076923076923 0.09495192307692307
0 0.5432692307692307 0.9459134615384616 0.055288461538461536 0.09495192307692307
0 0.5612980769230769 0.9002403846153846 0.04326923076923077 0.07932692307692307
0 0.5192307692307693 0.9711538461538461 0.04927884615384615 0.054086538461538464
0 0.49038461538461536 0.9891826923076923 0.030048076923076924 0.018028846153846152
0 0.3894230769230769 0.9855769230769231 0.03125 0.025240384615384616
0 0.4254807692307692 0.9651442307692307 0.055288461538461536 0.06610576923076923
0 0.7067307692307693 0.9855769230769231 0.030048076923076924 0.025240384615384616
0 0.7367788461538461 0.9651442307692307 0.052884615384615384 0.06610576923076923
0 0.7548076923076923 0.9314903846153846 0.052884615384615384 0.08774038461538461
0 0.7740384615384616 0.8894230769230769 0.055288461538461536 0.0889423076923077
0 0.7956730769230769 0.8473557692307693 0.04927884615384615 0.08413461538461539
0 0.8161057692307693 0.8064903846153846 0.05048076923076923 0.0889423076923077
0 0.8353365384615384 0.7704326923076923 0.05048076923076923 0.0829326923076923
0 0.8581730769230769 0.734375 0.056490384615384616 0.09735576923076923
0 0.8725961538461539 0.6911057692307693 0.046875 0.0829326923076923
0 0.8918269230769231 0.6538461538461539 0.04807692307692308 0.08173076923076923
0 0.9146634615384616 0.6189903846153846 0.052884615384615384 0.09134615384615384
0 0.9375 0.5817307692307693 0.05889423076923077 0.09495192307692307
0 0.9519230769230769 0.5408653846153846 0.057692307692307696 0.0985576923076923
0 0.9711538461538461 0.5036057692307693 0.055288461538461536 0.0985576923076923
0 0.9831730769230769 0.4675480769230769 0.03245192307692308 0.08653846153846154
0 0.9891826923076923 0.41586538461538464 0.019230769230769232 0.06370192307692307
0 0.7307692307692307 0.5745192307692307 0.05048076923076923 0.09495192307692307
0 0.6838942307692307 0.4891826923076923 0.05048076923076923 0.0889423076923077
0 0.7019230769230769 0.4483173076923077 0.04567307692307692 0.08052884615384616
0 0.7512019230769231 0.5372596153846154 0.04807692307692308 0.0829326923076923
0 0.7728365384615384 0.5024038461538461 0.04927884615384615 0.0889423076923077
0 0.7884615384615384 0.4579326923076923 0.04326923076923077 0.08052884615384616
0 0.7223557692307693 0.41346153846153844 0.05048076923076923 0.08774038461538461
0 0.7463942307692307 0.3786057692307692 0.051682692307692304 0.09254807692307693
0 0.7644230769230769 0.3425480769230769 0.05048076923076923 0.09014423076923077
0 0.8088942307692307 0.4230769230769231 0.04927884615384615 0.09014423076923077
0 0.8293269230769231 0.3894230769230769 0.04807692307692308 0.08413461538461539
0 0.7848557692307693 0.31009615384615385 0.04326923076923077 0.07692307692307693
0 0.8004807692307693 0.2668269230769231 0.04927884615384615 0.08774038461538461
0 0.8197115384615384 0.22956730769230768 0.056490384615384616 0.09134615384615384
0 0.8377403846153846 0.18509615384615385 0.05048076923076923 0.0829326923076923
0 0.8605769230769231 0.16105769230769232 0.04807692307692308 0.08413461538461539
0 0.8822115384615384 0.125 0.051682692307692304 0.09014423076923077
0 0.8990384615384616 0.08653846153846154 0.055288461538461536 0.0829326923076923
0 0.9182692307692307 0.051682692307692304 0.055288461538461536 0.09014423076923077
0 0.9639423076923077 0.12860576923076922 0.04567307692307692 0.08653846153846154
0 0.9447115384615384 0.1622596153846154 0.04807692307692308 0.08774038461538461
0 0.9254807692307693 0.2091346153846154 0.04807692307692308 0.09254807692307693
0 0.9002403846153846 0.23557692307692307 0.04807692307692308 0.08653846153846154
0 0.8870192307692307 0.2764423076923077 0.04567307692307692 0.09014423076923077
0 0.8689903846153846 0.31009615384615385 0.04807692307692308 0.09134615384615384