0 0.5949519230769231 0.3245192307692308 0.05048076923076923 0.09014423076923077
0 0.5276442307692307 0.2848557692307692 0.052884615384615384 0.09134615384615384
0 0.5072115384615384 0.32211538461538464 0.04807692307692308 0.09014423076923077
0 0.578125 0.36899038461538464 0.052884615384615384 0.09615384615384616
0 0.5588942307692307 0.4110576923076923 0.04927884615384615 0.08653846153846154
0 0.48677884615384615 0.36778846153846156 0.052884615384615384 0.09615384615384616
0 0.4651442307692308 0.4110576923076923 0.055288461538461536 0.09975961538461539
0 0.6838942307692307 0.5528846153846154 0.04567307692307692 0.0733173076923077
0 0.6382211538461539 0.6310096153846154 0.052884615384615384 0.09254807692307693
0 0.4483173076923077 0.4495192307692308 0.052884615384615384 0.09134615384615384
0 0.5384615384615384 0.453125 0.04927884615384615 0.08413461538461539
0 0.5168269230769231 0.49399038461538464 0.055288461538461536 0.09735576923076923
0 0.4951923076923077 0.5348557692307693 0.052884615384615384 0.09495192307692307
0 0.7379807692307693 0.6490384615384616 0.04567307692307692 0.08173076923076923
0 0.6887019230769231 0.7091346153846154 0.04807692307692308 0.07932692307692307
0 0.9699519230769231 0.5348557692307693 0.054086538461538464 0.09014423076923077
0 0.9471153846153846 0.5649038461538461 0.05048076923076923 0.08413461538461539
0 0.9302884615384616 0.5997596153846154 0.052884615384615384 0.0829326923076923
0 0.9098557692307693 0.6430288461538461 0.05048076923076923 0.08774038461538461
0 0.8930288461538461 0.6862980769230769 0.052884615384615384 0.09014423076923077
0 0.8774038461538461 0.7295673076923077 0.04927884615384615 0.08653846153846154
0 0.8401442307692307 0.8028846153846154 0.052884615384615384 0.07451923076923077
0 0.8581730769230769 0.7692307692307693 0.04927884615384615 0.08774038461538461
0 0.4254807692307692 0.49759615384615385 0.054086538461538464 0.09495192307692307
0 0.4735576923076923 0.5793269230769231 0.051682692307692304 0.09254807692307693
0 0.45072115384615385 0.6213942307692307 0.052884615384615384 0.09495192307692307
0 0.40384615384615385 0.5324519230769231 0.052884615384615384 0.09014423076923077
0 0.38341346153846156 0.5745192307692307 0.055288461538461536 0.09134615384615384
0 0.4326923076923077 0.6658653846153846 0.056490384615384616 0.09735576923076923
0 0.41586538461538464 0.7055288461538461 0.05048076923076923 0.0889423076923077
0 0.36538461538461536 0.6225961538461539 0.05048076923076923 0.09495192307692307
0 0.33653846153846156 0.6574519230769231 0.052884615384615384 0.09134615384615384
0 0.31971153846153844 0.6983173076923077 0.05048076923076923 0.09254807692307693
0 0.3918269230769231 0.7415865384615384 0.051682692307692304 0.08774038461538461
0 0.375 0.7872596153846154 0.052884615384615384 0.0889423076923077
0 0.3473557692307692 0.8040865384615384 0.052884615384615384 0.07211538461538461
0 0.29086538461538464 0.7512019230769231 0.052884615384615384 0.0889423076923077
0 0.4651442307692308 0.036057692307692304 0.04927884615384615 0.07211538461538461
0 0.4495192307692308 0.078125 0.05048076923076923 0.09134615384615384
0 0.4254807692307692 0.11658653846153846 0.052884615384615384 0.09615384615384616
0 0.4050480769230769 0.15865384615384615 0.054086538461538464 0.09254807692307693
0 0.38461538461538464 0.19951923076923078 0.052884615384615384 0.0889423076923077
0 0.36177884615384615 0.2403846153846154 0.056490384615384616 0.09735576923076923
0 0.3425480769230769 0.2824519230769231 0.051682692307692304 0.0985576923076923
0 0.32211538461538464 0.3233173076923077 0.054086538461538464 0.09615384615384616
0 0.3004807692307692 0.3641826923076923 0.056490384615384616 0.09975961538461539
0 0.2776442307692308 0.40024038461538464 0.055288461538461536 0.09615384615384616
0 0.5504807692307693 0.24879807692307693 0.046875 0.08653846153846154
0 0.9759615384615384 0.4855769230769231 0.04447115384615385 0.0889423076923077
0 0.9903846153846154 0.4519230769230769 0.016826923076923076 0.06971153846153846
0 0.5697115384615384 0.20673076923076922 0.051682692307692304 0.09014423076923077
0 0.6189903846153846 0.28725961538461536 0.05048076923076923 0.09134615384615384
0 0.6778846153846154 0.7572115384615384 0.05048076923076923 0.09134615384615384
0 0.6550480769230769 0.7920673076923077 0.04927884615384615 0.08173076923076923
0 0.6322115384615384 0.8317307692307693 0.04567307692307692 0.08173076923076923
0 0.7608173076923077 0.609375 0.05048076923076923 0.09615384615384616
0 0.7776442307692307 0.5661057692307693 0.05048076923076923 0.0829326923076923
0 0.7043269230769231 0.5168269230769231 0.04927884615384615 0.08653846153846154
0 0.7283653846153846 0.48197115384615385 0.05048076923076923 0.08653846153846154
0 0.7439903846153846 0.421875 0.05048076923076923 0.08413461538461539
0 0.7644230769230769 0.390625 0.056490384615384616 0.09254807692307693
0 0.7860576923076923 0.3581730769230769 0.057692307692307696 0.09615384615384616
0 0.8064903846153846 0.31971153846153844 0.052884615384615384 0.08774038461538461
0 0.8257211538461539 0.2800480769230769 0.052884615384615384 0.0829326923076923
0 0.8401442307692307 0.24278846153846154 0.05048076923076923 0.08774038461538461
0 0.8834134615384616 0.3125 0.04447115384615385 0.07451923076923077
0 0.8677884615384616 0.34975961538461536 0.04567307692307692 0.07932692307692307
0 0.8473557692307693 0.40024038461538464 0.05048076923076923 0.09014423076923077
0 0.8317307692307693 0.44591346153846156 0.05048076923076923 0.09134615384615384
0 0.8137019230769231 0.4831730769230769 0.04567307692307692 0.09014423076923077
0 0.6201923076923077 0.6694711538461539 0.04807692307692308 0.08173076923076923
0 0.6622596153846154 0.5889423076923077 0.04807692307692308 0.0829326923076923
0 0.6033653846153846 0.7151442307692307 0.055288461538461536 0.09735576923076923
0 0.5805288461538461 0.7560096153846154 0.04807692307692308 0.07451923076923077
0 0.5588942307692307 0.7956730769230769 0.054086538461538464 0.09014423076923077
0 0.5396634615384616 0.8389423076923077 0.04807692307692308 0.08173076923076923
0 0.640625 0.25240384615384615 0.04807692307692308 0.08653846153846154
0 0.5925480769230769 0.16947115384615385 0.051682692307692304 0.08774038461538461
0 0.6129807692307693 0.13221153846153846 0.05048076923076923 0.0889423076923077
0 0.6286057692307693 0.0889423076923077 0.05048076923076923 0.09014423076923077
0 0.6526442307692307 0.05889423076923077 0.051682692307692304 0.0889423076923077
0 0.6730769230769231 0.03245192307692308 0.051682692307692304 0.06370192307692307
0 0.6983173076923077 0.013221153846153846 0.03125 0.026442307692307692
0 0.7379807692307693 0.06850961538461539 0.052884615384615384 0.0889423076923077
0 0.7175480769230769 0.0985576923076923 0.04807692307692308 0.08774038461538461
0 0.6995192307692307 0.13942307692307693 0.052884615384615384 0.08653846153846154
0 0.6790865384615384 0.171875 0.04807692307692308 0.08774038461538461
0 0.6622596153846154 0.21153846153846154 0.052884615384615384 0.09014423076923077
0 0.8629807692307693 0.016826923076923076 0.038461538461538464 0.03365384615384615
0 0.8930288461538461 0.036057692307692304 0.055288461538461536 0.07211538461538461
0 0.9158653846153846 0.056490384615384616 0.056490384615384616 0.10096153846153846
0 0.9387019230769231 0.09254807692307693 0.04927884615384615 0.09134615384615384
0 0.9543269230769231 0.1346153846153846 0.04807692307692308 0.0829326923076923
0 0.9723557692307693 0.16947115384615385 0.04807692307692308 0.08653846153846154
0 0.9855769230769231 0.2091346153846154 0.027644230769230768 0.078125
0 0.9939903846153846 0.2536057692307692 0.010817307692307692 0.036057692307692304
0 0.32211538461538464 0.8569711538461539 0.04447115384615385 0.0829326923076923
0 0.4879807692307692 0.018028846153846152 0.04326923076923077 0.036057692307692304
0 0.25961538461538464 0.44350961538461536 0.04807692307692308 0.08774038461538461
0 0.23557692307692307 0.48197115384615385 0.04927884615384615 0.08413461538461539
0 0.2127403846153846 0.5204326923076923 0.05048076923076923 0.0889423076923077
0 0.18509615384615385 0.546875 0.051682692307692304 0.08173076923076923
0 0.16826923076923078 0.5997596153846154 0.052884615384615384 0.08653846153846154
0 0.15264423076923078 0.6454326923076923 0.055288461538461536 0.0889423076923077
0 0.12980769230769232 0.6862980769230769 0.052884615384615384 0.09254807692307693
0 0.10817307692307693 0.7307692307692307 0.05889423076923077 0.09014423076923077
0 0.09254807692307693 0.7752403846153846 0.05889423076923077 0.09134615384615384
0 0.06971153846153846 0.8185096153846154 0.054086538461538464 0.08413461538461539
0 0.04807692307692308 0.8581730769230769 0.054086538461538464 0.08653846153846154
0 0.2848557692307692 0.021634615384615384 0.040865384615384616 0.04326923076923077
0 0.265625 0.04807692307692308 0.046875 0.07932692307692307
0 0.23557692307692307 0.078125 0.055288461538461536 0.09975961538461539
0 0.22115384615384615 0.12379807692307693 0.05048076923076923 0.09014423076923077
0 0.19230769230769232 0.1466346153846154 0.052884615384615384 0.0985576923076923
0 0.17307692307692307 0.19591346153846154 0.06129807692307692 0.0985576923076923
0 0.14903846153846154 0.23557692307692307 0.055288461538461536 0.09735576923076923
0 0.1346153846153846 0.2824519230769231 0.052884615384615384 0.08653846153846154
0 0.10817307692307693 0.3161057692307692 0.055288461538461536 0.0889423076923077
0 0.08653846153846154 0.3629807692307692 0.054086538461538464 0.0889423076923077
0 0.06129807692307692 0.39903846153846156 0.056490384615384616 0.09134615384615384
0 0.046875 0.4483173076923077 0.06129807692307692 0.09615384615384616
0 0.030048076923076924 0.49278846153846156 0.05889423076923077 0.09735576923076923
0 0.019230769230769232 0.5348557692307693 0.038461538461538464 0.09375
0 0.010817307692307692 0.5997596153846154 0.021634615384615384 0.05048076923076923