0 0.5745192307692307 0.4579326923076923 0.030048076923076924 0.11298076923076923
0 0.5432692307692307 0.46274038461538464 0.03245192307692308 0.11538461538461539
0 0.5120192307692307 0.46634615384615385 0.03245192307692308 0.11057692307692307
0 0.5072115384615384 0.3401442307692308 0.028846153846153848 0.11298076923076923
0 0.4723557692307692 0.34134615384615385 0.027644230769230768 0.11778846153846154
0 0.47836538461538464 0.47596153846153844 0.027644230769230768 0.11778846153846154
0 0.4375 0.3449519230769231 0.03245192307692308 0.1141826923076923
0 0.4050480769230769 0.35096153846153844 0.027644230769230768 0.1141826923076923
0 0.5721153846153846 0.3425480769230769 0.030048076923076924 0.10817307692307693
0 0.5408653846153846 0.34134615384615385 0.03125 0.11658653846153846
0 0.3737980769230769 0.3449519230769231 0.025240384615384616 0.09254807692307693
0 0.6045673076923077 0.3401442307692308 0.028846153846153848 0.1141826923076923
0 0.6358173076923077 0.33413461538461536 0.03245192307692308 0.11298076923076923
0 0.6646634615384616 0.3317307692307692 0.028846153846153848 0.10817307692307693
0 0.6983173076923077 0.33052884615384615 0.03245192307692308 0.10697115384615384
0 0.7295673076923077 0.3317307692307692 0.028846153846153848 0.10697115384615384
0 0.7596153846153846 0.33052884615384615 0.028846153846153848 0.109375
0 0.7644230769230769 0.4483173076923077 0.03125 0.10697115384615384
0 0.4110576923076923 0.47475961538461536 0.030048076923076924 0.10697115384615384
0 0.44350961538461536 0.47115384615384615 0.030048076923076924 0.11899038461538461
0 0.3762019230769231 0.4735576923076923 0.030048076923076924 0.10576923076923077
0 0.3449519230769231 0.47836538461538464 0.030048076923076924 0.11538461538461539
0 0.3112980769230769 0.47475961538461536 0.030048076923076924 0.109375
0 0.3076923076923077 0.34975961538461536 0.027644230769230768 0.11298076923076923
0 0.3401442307692308 0.34134615384615385 0.027644230769230768 0.11298076923076923
0 0.609375 0.46153846153846156 0.030048076923076924 0.1045673076923077
0 0.640625 0.4543269230769231 0.030048076923076924 0.11057692307692307
0 0.6706730769230769 0.45552884615384615 0.027644230769230768 0.10336538461538461
0 0.7019230769230769 0.453125 0.028846153846153848 0.1141826923076923
0 0.7331730769230769 0.4543269230769231 0.030048076923076924 0.11057692307692307
0 0.7956730769230769 0.4519230769230769 0.028846153846153848 0.11298076923076923
0 0.8245192307692307 0.4495192307692308 0.028846153846153848 0.09615384615384616
0 0.8533653846153846 0.4483173076923077 0.026442307692307692 0.1045673076923077
0 0.8822115384615384 0.43990384615384615 0.030048076923076924 0.1045673076923077
0 0.9098557692307693 0.4411057692307692 0.026442307692307692 0.09975961538461539
0 0.9387019230769231 0.4387019230769231 0.027644230769230768 0.09254807692307693
0 0.9699519230769231 0.44591346153846156 0.03245192307692308 0.1045673076923077
0 0.9915865384615384 0.4483173076923077 0.01201923076923077 0.10336538461538461
0 0.7259615384615384 0.5540865384615384 0.05889423076923077 0.046875
0 0.9915865384615384 0.6778846153846154 0.014423076923076924 0.09975961538461539
0 0.9699519230769231 0.671875 0.03365384615384615 0.10697115384615384
0 0.9411057692307693 0.6778846153846154 0.028846153846153848 0.10576923076923077
0 0.9134615384615384 0.6838942307692307 0.03365384615384615 0.11057692307692307
0 0.27403846153846156 0.35096153846153844 0.027644230769230768 0.11057692307692307
0 0.27884615384615385 0.4807692307692308 0.03125 0.109375
0 0.24759615384615385 0.4855769230769231 0.030048076923076924 0.09975961538461539
0 0.2403846153846154 0.359375 0.03245192307692308 0.11899038461538461
0 0.2091346153846154 0.36658653846153844 0.027644230769230768 0.11298076923076923
0 0.21754807692307693 0.4963942307692308 0.027644230769230768 0.109375
0 0.1814903846153846 0.4891826923076923 0.03245192307692308 0.11899038461538461
0 0.17548076923076922 0.36658653846153844 0.030048076923076924 0.11298076923076923
0 0.2283653846153846 0.19951923076923078 0.06129807692307692 0.056490384615384616
0 0.14423076923076922 0.36538461538461536 0.03365384615384615 0.11538461538461539
0 0.11057692307692307 0.36658653846153844 0.03245192307692308 0.11298076923076923
0 0.14903846153846154 0.49278846153846156 0.03245192307692308 0.11057692307692307
0 0.11778846153846154 0.49158653846153844 0.030048076923076924 0.11778846153846154
0 0.08413461538461539 0.49759615384615385 0.037259615384615384 0.10817307692307693
0 0.07692307692307693 0.375 0.03125 0.11298076923076923
0 0.04567307692307692 0.3713942307692308 0.03485576923076923 0.125
0 0.014423076923076924 0.3713942307692308 0.028846153846153848 0.11778846153846154
0 0.052884615384615384 0.5024038461538461 0.03485576923076923 0.10336538461538461
0 0.019230769230769232 0.5072115384615384 0.038461538461538464 0.11778846153846154
0 0.019230769230769232 0.7596153846153846 0.038461538461538464 0.109375
0 0.054086538461538464 0.7391826923076923 0.030048076923076924 0.10576923076923077
0 0.08774038461538461 0.7439903846153846 0.03125 0.12139423076923077
0 0.12139423076923077 0.734375 0.03245192307692308 0.1045673076923077
0 0.15504807692307693 0.7439903846153846 0.030048076923076924 0.11538461538461539
0 0.18870192307692307 0.7427884615384616 0.028846153846153848 0.1045673076923077
0 0.22115384615384615 0.7391826923076923 0.03245192307692308 0.10697115384615384
0 0.2548076923076923 0.7283653846153846 0.03245192307692308 0.10697115384615384
0 0.2860576923076923 0.7331730769230769 0.030048076923076924 0.11538461538461539
0 0.31850961538461536 0.7247596153846154 0.030048076923076924 0.11057692307692307
0 0.34975961538461536 0.7319711538461539 0.028846153846153848 0.1141826923076923
0 0.38341346153846156 0.7331730769230769 0.030048076923076924 0.11057692307692307
0 0.41466346153846156 0.7283653846153846 0.030048076923076924 0.1141826923076923
0 0.4519230769230769 0.7163461538461539 0.027644230769230768 0.11538461538461539
0 0.48197115384615385 0.7247596153846154 0.026442307692307692 0.11057692307692307
0 0.515625 0.7247596153846154 0.03125 0.11057692307692307
0 0.5492788461538461 0.7199519230769231 0.030048076923076924 0.11298076923076923
0 0.5829326923076923 0.7175480769230769 0.030048076923076924 0.11538461538461539
0 0.6129807692307693 0.7115384615384616 0.027644230769230768 0.10576923076923077
0 0.6454326923076923 0.7127403846153846 0.027644230769230768 0.09134615384615384
0 0.6754807692307693 0.7043269230769231 0.030048076923076924 0.11298076923076923
0 0.7067307692307693 0.6995192307692307 0.030048076923076924 0.11057692307692307
0 0.7379807692307693 0.6971153846153846 0.030048076923076924 0.1141826923076923
0 0.7668269230769231 0.6935096153846154 0.027644230769230768 0.10336538461538461
0 0.7956730769230769 0.6875 0.030048076923076924 0.10697115384615384
0 0.8245192307692307 0.6911057692307693 0.028846153846153848 0.10336538461538461
0 0.8557692307692307 0.6899038461538461 0.030048076923076924 0.10697115384615384
0 0.8846153846153846 0.6850961538461539 0.030048076923076924 0.10336538461538461
0 0.7884615384615384 0.328125 0.028846153846153848 0.10697115384615384
0 0.8185096153846154 0.3329326923076923 0.030048076923076924 0.11057692307692307
0 0.8497596153846154 0.3317307692307692 0.03245192307692308 0.109375
0 0.8762019230769231 0.33052884615384615 0.027644230769230768 0.10096153846153846
0 0.9026442307692307 0.3293269230769231 0.028846153846153848 0.0985576923076923
0 0.9375 0.32211538461538464 0.036057692307692304 0.11298076923076923
0 0.9639423076923077 0.3161057692307692 0.03125 0.0985576923076923
0 0.9879807692307693 0.31009615384615385 0.02283653846153846 0.10576923076923077
0 0.9855769230769231 0.07932692307692307 0.026442307692307692 0.0985576923076923
0 0.9603365384615384 0.08052884615384616 0.03125 0.09134615384615384
0 0.9314903846153846 0.08653846153846154 0.03365384615384615 0.10576923076923077
0 0.9002403846153846 0.08653846153846154 0.028846153846153848 0.10697115384615384
0 0.8713942307692307 0.08173076923076923 0.030048076923076924 0.11057692307692307
0 0.8413461538461539 0.08774038461538461 0.030048076923076924 0.1141826923076923
0 0.9855769230769231 0.009615384615384616 0.027644230769230768 0.019230769230769232
0 0.9567307692307693 0.010817307692307692 0.02403846153846154 0.021634615384615384
0 0.9278846153846154 0.013221153846153846 0.028846153846153848 0.026442307692307692
0 0.8954326923076923 0.010817307692307692 0.028846153846153848 0.021634615384615384
0 0.8665865384615384 0.008413461538461538 0.026442307692307692 0.016826923076923076
0 0.8389423076923077 0.008413461538461538 0.028846153846153848 0.016826923076923076
0 0.7788461538461539 0.006009615384615385 0.02283653846153846 0.010817307692307692
0 0.7512019230769231 0.009615384615384616 0.025240384615384616 0.019230769230769232
0 0.7175480769230769 0.008413461538461538 0.026442307692307692 0.016826923076923076
0 0.8112980769230769 0.078125 0.028846153846153848 0.10697115384615384
0 0.78125 0.08052884615384616 0.030048076923076924 0.1141826923076923
0 0.7512019230769231 0.08052884615384616 0.027644230769230768 0.10576923076923077
0 0.7223557692307693 0.078125 0.028846153846153848 0.11298076923076923
0 0.6911057692307693 0.06971153846153846 0.030048076923076924 0.11538461538461539
0 0.6887019230769231 0.006009615384615385 0.025240384615384616 0.01201923076923077
0 0.6550480769230769 0.008413461538461538 0.026442307692307692 0.016826923076923076
0 0.6586538461538461 0.0829326923076923 0.030048076923076924 0.10697115384615384
0 0.6298076923076923 0.08774038461538461 0.027644230769230768 0.11057692307692307
0 0.6225961538461539 0.007211538461538462 0.026442307692307692 0.014423076923076924
0 0.5973557692307693 0.08413461538461539 0.027644230769230768 0.11538461538461539
0 0.5925480769230769 0.013221153846153846 0.026442307692307692 0.026442307692307692
0 0.5612980769230769 0.014423076923076924 0.028846153846153848 0.028846153846153848
0 0.5661057692307693 0.08653846153846154 0.028846153846153848 0.11298076923076923
0 0.5276442307692307 0.006009615384615385 0.025240384615384616 0.01201923076923077
0 0.5324519230769231 0.07692307692307693 0.028846153846153848 0.109375
0 0.5024038461538461 0.08413461538461539 0.030048076923076924 0.11057692307692307
0 0.4963942307692308 0.007211538461538462 0.025240384615384616 0.014423076923076924
0 0.4675480769230769 0.014423076923076924 0.025240384615384616 0.028846153846153848
0 0.4675480769230769 0.08413461538461539 0.027644230769230768 0.1045673076923077
0 0.43509615384615385 0.09254807692307693 0.026442307692307692 0.11298076923076923
0 0.4338942307692308 0.014423076923076924 0.027644230769230768 0.028846153846153848
0 0.39903846153846156 0.009615384615384616 0.027644230769230768 0.019230769230769232
0 0.4014423076923077 0.09615384615384616 0.025240384615384616 0.10096153846153846
0 0.36899038461538464 0.09134615384615384 0.030048076923076924 0.11298076923076923
0 0.3641826923076923 0.010817307692307692 0.028846153846153848 0.021634615384615384
0 0.3329326923076923 0.016826923076923076 0.026442307692307692 0.03365384615384615
0 0.33653846153846156 0.08653846153846154 0.027644230769230768 0.10697115384615384
0 0.30528846153846156 0.09615384615384616 0.03125 0.11298076923076923
0 0.27163461538461536 0.10336538461538461 0.028846153846153848 0.10697115384615384
0 0.3004807692307692 0.014423076923076924 0.026442307692307692 0.028846153846153848
0 0.2692307692307692 0.018028846153846152 0.028846153846153848 0.036057692307692304
0 0.234375 0.016826923076923076 0.03125 0.03365384615384615
0 0.23798076923076922 0.09615384615384616 0.03245192307692308 0.11899038461538461
0 0.20192307692307693 0.016826923076923076 0.028846153846153848 0.03365384615384615
0 0.20673076923076922 0.09975961538461539 0.03125 0.12139423076923077
0 0.171875 0.10576923076923077 0.030048076923076924 0.10697115384615384
0 0.16947115384615385 0.018028846153846152 0.03245192307692308 0.036057692307692304
0 0.140625 0.10576923076923077 0.030048076923076924 0.11658653846153846
0 0.10096153846153846 0.021634615384615384 0.038461538461538464 0.04326923076923077
0 0.06610576923076923 0.018028846153846152 0.028846153846153848 0.036057692307692304
0 0.03245192307692308 0.018028846153846152 0.036057692307692304 0.036057692307692304
0 0.008413461538461538 0.021634615384615384 0.016826923076923076 0.04326923076923077
0 0.10697115384615384 0.11057692307692307 0.03245192307692308 0.10576923076923077
0 0.0733173076923077 0.11298076923076923 0.03245192307692308 0.12139423076923077
0 0.039663461538461536 0.11899038461538461 0.03365384615384615 0.1141826923076923
0 0.01201923076923077 0.11538461538461539 0.02403846153846154 0.12259615384615384