0 0.5588942307692307 0.3088942307692308 0.027644230769230768 0.10817307692307693
0 0.5925480769230769 0.5588942307692307 0.025240384615384616 0.1045673076923077
0 0.6550480769230769 0.6838942307692307 0.026442307692307692 0.11298076923076923
0 0.5612980769230769 0.6911057692307693 0.028846153846153848 0.10096153846153846
0 0.5276442307692307 0.3112980769230769 0.026442307692307692 0.11057692307692307
0 0.5925480769230769 0.6850961538461539 0.027644230769230768 0.10697115384615384
0 0.6237980769230769 0.6766826923076923 0.025240384615384616 0.10576923076923077
0 0.5276442307692307 0.5649038461538461 0.026442307692307692 0.10817307692307693
0 0.5276442307692307 0.6911057692307693 0.026442307692307692 0.1045673076923077
0 0.49399038461538464 0.5709134615384616 0.027644230769230768 0.11778846153846154
0 0.4651442307692308 0.5733173076923077 0.028846153846153848 0.1141826923076923
0 0.4963942307692308 0.6911057692307693 0.027644230769230768 0.109375
0 0.4639423076923077 0.6959134615384616 0.026442307692307692 0.10817307692307693
0 0.4026442307692308 0.5697115384615384 0.027644230769230768 0.109375
0 0.49399038461538464 0.3088942307692308 0.027644230769230768 0.1141826923076923
0 0.46153846153846156 0.3137019230769231 0.027644230769230768 0.11298076923076923
0 0.43149038461538464 0.31490384615384615 0.027644230769230768 0.10817307692307693
0 0.40024038461538464 0.3137019230769231 0.030048076923076924 0.11538461538461539
0 0.6237980769230769 0.5625 0.027644230769230768 0.09735576923076923
0 0.6538461538461539 0.5612980769230769 0.028846153846153848 0.10576923076923077
0 0.6850961538461539 0.5612980769230769 0.027644230769230768 0.10096153846153846
0 0.7151442307692307 0.5625 0.028846153846153848 0.10336538461538461
0 0.7439903846153846 0.5504807692307693 0.027644230769230768 0.10697115384615384
0 0.7752403846153846 0.5600961538461539 0.030048076923076924 0.1045673076923077
0 0.8052884615384616 0.5625 0.025240384615384616 0.10096153846153846
0 0.8317307692307693 0.5516826923076923 0.027644230769230768 0.09975961538461539
0 0.5901442307692307 0.30528846153846156 0.027644230769230768 0.10697115384615384
0 0.6213942307692307 0.31009615384615385 0.027644230769230768 0.10096153846153846
0 0.6538461538461539 0.2980769230769231 0.026442307692307692 0.09975961538461539
0 0.6850961538461539 0.2920673076923077 0.027644230769230768 0.109375
0 0.7151442307692307 0.2980769230769231 0.028846153846153848 0.10576923076923077
0 0.7439903846153846 0.31009615384615385 0.027644230769230768 0.10576923076923077
0 0.7740384615384616 0.3088942307692308 0.030048076923076924 0.10096153846153846
0 0.8028846153846154 0.30649038461538464 0.028846153846153848 0.10817307692307693
0 0.8329326923076923 0.30528846153846156 0.030048076923076924 0.10096153846153846
0 0.9471153846153846 0.29086538461538464 0.03125 0.0985576923076923
0 0.9759615384615384 0.29086538461538464 0.027644230769230768 0.09615384615384616
0 0.9939903846153846 0.2860576923076923 0.009615384615384616 0.09615384615384616
0 0.9927884615384616 0.5552884615384616 0.01201923076923077 0.10576923076923077
0 0.9747596153846154 0.5420673076923077 0.03245192307692308 0.10576923076923077
0 0.9447115384615384 0.5408653846153846 0.03245192307692308 0.10697115384615384
0 0.9543269230769231 0.640625 0.06490384615384616 0.04567307692307692
0 0.9555288461538461 0.6911057692307693 0.06370192307692307 0.046875
0 0.9591346153846154 0.7475961538461539 0.05889423076923077 0.052884615384615384
0 0.9603365384615384 0.7980769230769231 0.06490384615384616 0.04326923076923077
0 0.9591346153846154 0.8485576923076923 0.06370192307692307 0.05048076923076923
0 0.9627403846153846 0.9074519230769231 0.07211538461538461 0.05048076923076923
0 0.9651442307692307 0.9591346153846154 0.0673076923076923 0.04807692307692308
0 0.8317307692307693 0.6790865384615384 0.030048076923076924 0.10576923076923077
0 0.8028846153846154 0.6778846153846154 0.027644230769230768 0.09975961538461539
0 0.7740384615384616 0.6814903846153846 0.026442307692307692 0.10096153846153846
0 0.7451923076923077 0.6778846153846154 0.027644230769230768 0.0985576923076923
0 0.7151442307692307 0.6814903846153846 0.025240384615384616 0.10336538461538461
0 0.6838942307692307 0.6850961538461539 0.02403846153846154 0.0985576923076923
0 0.43149038461538464 0.5721153846153846 0.027644230769230768 0.109375
0 0.5637019230769231 0.5625 0.027644230769230768 0.10336538461538461
0 0.43149038461538464 0.6971153846153846 0.025240384615384616 0.11057692307692307
0 0.39903846153846156 0.6959134615384616 0.025240384615384616 0.10817307692307693
0 0.36658653846153844 0.7043269230769231 0.026442307692307692 0.11538461538461539
0 0.33774038461538464 0.7079326923076923 0.026442307692307692 0.10576923076923077
0 0.36778846153846156 0.578125 0.030048076923076924 0.11658653846153846
0 0.33653846153846156 0.5829326923076923 0.026442307692307692 0.10697115384615384
0 0.3004807692307692 0.5697115384615384 0.027644230769230768 0.10697115384615384
0 0.30528846153846156 0.7055288461538461 0.030048076923076924 0.10817307692307693
0 0.2692307692307692 0.578125 0.030048076923076924 0.10697115384615384
0 0.27283653846153844 0.7127403846153846 0.027644230769230768 0.10576923076923077
0 0.22716346153846154 0.5733173076923077 0.028846153846153848 0.109375
0 0.23918269230769232 0.6947115384615384 0.030048076923076924 0.11057692307692307
0 0.20793269230769232 0.6995192307692307 0.03125 0.11658653846153846
0 0.17668269230769232 0.7043269230769231 0.030048076923076924 0.10096153846153846
0 0.14903846153846154 0.5709134615384616 0.03245192307692308 0.11057692307692307
0 0.1141826923076923 0.5709134615384616 0.027644230769230768 0.10697115384615384
0 0.14302884615384615 0.9543269230769231 0.03125 0.0889423076923077
0 0.11057692307692307 0.9543269230769231 0.03245192307692308 0.08774038461538461
0 0.07692307692307693 0.9555288461538461 0.03245192307692308 0.08413461538461539
0 0.04326923076923077 0.9591346153846154 0.03485576923076923 0.078125
0 0.014423076923076924 0.9555288461538461 0.027644230769230768 0.08413461538461539
0 0.33413461538461536 0.9567307692307693 0.027644230769230768 0.0829326923076923
0 0.36538461538461536 0.9579326923076923 0.028846153846153848 0.08052884615384616
0 0.39783653846153844 0.9519230769230769 0.027644230769230768 0.09495192307692307
0 0.4639423076923077 0.9519230769230769 0.027644230769230768 0.09495192307692307
0 0.49399038461538464 0.9495192307692307 0.026442307692307692 0.09735576923076923
0 0.43149038461538464 0.9543269230769231 0.027644230769230768 0.0889423076923077
0 0.5240384615384616 0.9459134615384616 0.027644230769230768 0.10576923076923077
0 0.5588942307692307 0.9471153846153846 0.027644230769230768 0.09615384615384616
0 0.5901442307692307 0.9495192307692307 0.02403846153846154 0.08653846153846154
0 0.6177884615384616 0.9495192307692307 0.025240384615384616 0.09735576923076923
0 0.6490384615384616 0.9555288461538461 0.027644230769230768 0.08413461538461539
0 0.6826923076923077 0.9375 0.030048076923076924 0.10697115384615384
0 0.7127403846153846 0.9435096153846154 0.027644230769230768 0.11057692307692307
0 0.7427884615384616 0.9459134615384616 0.030048076923076924 0.10576923076923077
0 0.7728365384615384 0.9459134615384616 0.027644230769230768 0.10576923076923077
0 0.8016826923076923 0.9447115384615384 0.027644230769230768 0.10576923076923077
0 0.8293269230769231 0.9350961538461539 0.027644230769230768 0.1045673076923077
0 0.984375 0.052884615384615384 0.030048076923076924 0.10576923076923077
0 0.9567307692307693 0.05048076923076923 0.03485576923076923 0.09975961538461539
0 0.9230769230769231 0.042067307692307696 0.028846153846153848 0.08413461538461539
0 0.9002403846153846 0.04567307692307692 0.028846153846153848 0.09014423076923077
0 0.8713942307692307 0.04447115384615385 0.030048076923076924 0.0889423076923077
0 0.8413461538461539 0.04807692307692308 0.028846153846153848 0.09615384615384616
0 0.8112980769230769 0.04567307692307692 0.030048076923076924 0.09014423076923077
0 0.7824519230769231 0.04807692307692308 0.03125 0.09615384615384616
0 0.7512019230769231 0.04807692307692308 0.027644230769230768 0.09615384615384616
0 0.7247596153846154 0.038461538461538464 0.026442307692307692 0.07692307692307693
0 0.6935096153846154 0.042067307692307696 0.027644230769230768 0.0829326923076923
0 0.6622596153846154 0.040865384615384616 0.028846153846153848 0.08173076923076923
0 0.6298076923076923 0.03485576923076923 0.025240384615384616 0.06971153846153846
0 0.5985576923076923 0.03365384615384615 0.025240384615384616 0.06610576923076923
0 0.5673076923076923 0.03245192307692308 0.025240384615384616 0.06370192307692307
0 0.5396634615384616 0.036057692307692304 0.025240384615384616 0.07211538461538461
0 0.5072115384615384 0.046875 0.027644230769230768 0.09254807692307693
0 0.47596153846153844 0.040865384615384616 0.027644230769230768 0.08052884615384616
0 0.44471153846153844 0.04567307692307692 0.025240384615384616 0.09134615384615384
0 0.41346153846153844 0.036057692307692304 0.028846153846153848 0.07211538461538461
0 0.3798076923076923 0.04326923076923077 0.027644230769230768 0.08653846153846154
0 0.3485576923076923 0.039663461538461536 0.03365384615384615 0.07932692307692307
0 0.31850961538461536 0.04326923076923077 0.026442307692307692 0.08653846153846154
0 0.28725961538461536 0.040865384615384616 0.030048076923076924 0.08052884615384616
0 0.25240384615384615 0.039663461538461536 0.030048076923076924 0.07932692307692307
0 0.21995192307692307 0.039663461538461536 0.030048076923076924 0.07932692307692307
0 0.18870192307692307 0.04567307692307692 0.03245192307692308 0.09134615384615384
0 0.15625 0.05048076923076923 0.03365384615384615 0.09975961538461539
0 0.12379807692307693 0.051682692307692304 0.028846153846153848 0.10336538461538461
0 0.09134615384615384 0.056490384615384616 0.03485576923076923 0.11298076923076923
0 0.05889423076923077 0.057692307692307696 0.030048076923076924 0.11538461538461539
0 0.026442307692307692 0.06129807692307692 0.03485576923076923 0.11298076923076923
0 0.004807692307692308 0.06129807692307692 0.009615384615384616 0.10697115384615384
0 0.36658653846153844 0.31009615384615385 0.026442307692307692 0.11538461538461539
0 0.33653846153846156 0.31490384615384615 0.027644230769230768 0.10336538461538461
0 0.30408653846153844 0.3112980769230769 0.027644230769230768 0.09735576923076923
0 0.27163461538461536 0.30408653846153844 0.030048076923076924 0.1045673076923077
0 0.24158653846153846 0.28725961538461536 0.030048076923076924 0.09975961538461539
0 0.20673076923076922 0.3016826923076923 0.030048076923076924 0.10697115384615384
0 0.17668269230769232 0.3137019230769231 0.03245192307692308 0.11057692307692307
0 0.14182692307692307 0.3088942307692308 0.030048076923076924 0.109375
0 0.11057692307692307 0.31490384615384615 0.03365384615384615 0.11298076923076923
0 0.07932692307692307 0.3245192307692308 0.030048076923076924 0.1141826923076923
0 0.04567307692307692 0.32091346153846156 0.03485576923076923 0.10096153846153846
0 0.014423076923076924 0.3137019230769231 0.028846153846153848 0.09254807692307693