0 0.38461538461538464 0.828125 0.03245192307692308 0.13221153846153846
0 0.4326923076923077 0.8221153846153846 0.03365384615384615 0.14423076923076922
0 0.47596153846153844 0.8064903846153846 0.03245192307692308 0.12740384615384615
0 0.5216346153846154 0.8161057692307693 0.036057692307692304 0.1346153846153846
0 0.4411057692307692 0.4807692307692308 0.08052884615384616 0.06610576923076923
0 0.546875 0.47836538461538464 0.07572115384615384 0.05889423076923077
0 0.38822115384615385 0.9555288461538461 0.037259615384615384 0.08653846153846154
0 0.5673076923076923 0.8269230769230769 0.03245192307692308 0.1502403846153846
0 0.6057692307692307 0.8125 0.03485576923076923 0.14543269230769232
0 0.6478365384615384 0.8221153846153846 0.037259615384615384 0.140625
0 0.6850961538461539 0.8137019230769231 0.03245192307692308 0.14423076923076922
0 0.7247596153846154 0.8137019230769231 0.03245192307692308 0.1346153846153846
0 0.7608173076923077 0.8052884615384616 0.03485576923076923 0.13701923076923078
0 0.7980769230769231 0.8245192307692307 0.03485576923076923 0.12860576923076922
0 0.8377403846153846 0.8040865384615384 0.038461538461538464 0.14302884615384615
0 0.8774038461538461 0.8064903846153846 0.03485576923076923 0.13341346153846154
0 0.9098557692307693 0.8125 0.039663461538461536 0.1310096153846154
0 0.9627403846153846 0.8317307692307693 0.056490384615384616 0.16706730769230768
0 0.9855769230769231 0.8137019230769231 0.027644230769230768 0.13701923076923078
0 0.7752403846153846 0.49158653846153844 0.07091346153846154 0.06490384615384616
0 0.640625 0.48197115384615385 0.06850961538461539 0.06490384615384616
0 0.2512019230769231 0.4879807692307692 0.07692307692307693 0.06850961538461539
0 0.17427884615384615 0.48197115384615385 0.07692307692307693 0.056490384615384616