0 0.4230769230769231 0.6057692307692307 0.03245192307692308 0.11899038461538461
0 0.46274038461538464 0.6141826923076923 0.03365384615384615 0.12740384615384615
0 0.4987980769230769 0.5961538461538461 0.030048076923076924 0.109375
0 0.5348557692307693 0.6009615384615384 0.03485576923076923 0.1346153846153846
0 0.42427884615384615 0.9411057692307693 0.03245192307692308 0.1141826923076923
0 0.3858173076923077 0.9459134615384616 0.028846153846153848 0.10576923076923077
0 0.34975961538461536 0.9459134615384616 0.03245192307692308 0.10576923076923077
0 0.4987980769230769 0.9399038461538461 0.03245192307692308 0.11658653846153846
0 0.5709134615384616 0.9519230769230769 0.03245192307692308 0.09495192307692307
0 0.5745192307692307 0.5961538461538461 0.03125 0.12379807692307693
0 0.4579326923076923 0.24278846153846154 0.03245192307692308 0.11899038461538461
0 0.3125 0.9350961538461539 0.030048076923076924 0.11658653846153846
0 0.2764423076923077 0.9411057692307693 0.036057692307692304 0.1141826923076923
0 0.24158653846153846 0.9387019230769231 0.03245192307692308 0.11778846153846154
0 0.20432692307692307 0.9399038461538461 0.036057692307692304 0.11658653846153846
0 0.16826923076923078 0.9362980769230769 0.037259615384615384 0.125
0 0.13221153846153846 0.9399038461538461 0.037259615384615384 0.11658653846153846
0 0.09495192307692307 0.9387019230769231 0.038461538461538464 0.11778846153846154
0 0.06009615384615385 0.9387019230769231 0.037259615384615384 0.11778846153846154
0 0.025240384615384616 0.9411057692307693 0.037259615384615384 0.11298076923076923
0 0.6887019230769231 0.9375 0.030048076923076924 0.12139423076923077
0 0.7235576923076923 0.8245192307692307 0.03485576923076923 0.12860576923076922
0 0.8317307692307693 0.9266826923076923 0.04567307692307692 0.14302884615384615
0 0.8653846153846154 0.9459134615384616 0.03365384615384615 0.10576923076923077
0 0.9026442307692307 0.9411057692307693 0.03485576923076923 0.11298076923076923
0 0.9387019230769231 0.9387019230769231 0.038461538461538464 0.11778846153846154
0 0.9783653846153846 0.9447115384615384 0.040865384615384616 0.10697115384615384
0 0.38221153846153844 0.6045673076923077 0.03245192307692308 0.14182692307692307
0 0.3473557692307692 0.6057692307692307 0.03125 0.13341346153846154
0 0.3137019230769231 0.6069711538461539 0.030048076923076924 0.125
0 0.2764423076923077 0.6033653846153846 0.03245192307692308 0.125
0 0.23798076923076922 0.5961538461538461 0.03365384615384615 0.11658653846153846
0 0.20432692307692307 0.5925480769230769 0.03245192307692308 0.11899038461538461
0 0.17067307692307693 0.5877403846153846 0.03365384615384615 0.12259615384615384
0 0.13701923076923078 0.5865384615384616 0.03485576923076923 0.12860576923076922
0 0.09975961538461539 0.5877403846153846 0.037259615384615384 0.1310096153846154
0 0.06610576923076923 0.5949519230769231 0.03245192307692308 0.11658653846153846
0 0.03245192307692308 0.5913461538461539 0.038461538461538464 0.12620192307692307
0 0.006009615384615385 0.6033653846153846 0.01201923076923077 0.11899038461538461
0 0.026442307692307692 0.47596153846153844 0.052884615384615384 0.0673076923076923
0 0.6490384615384616 0.5913461538461539 0.03245192307692308 0.125
0 0.6826923076923077 0.5973557692307693 0.03245192307692308 0.125
0 0.7211538461538461 0.5901442307692307 0.03245192307692308 0.12259615384615384
0 0.7560096153846154 0.6225961538461539 0.03365384615384615 0.12740384615384615
0 0.7944711538461539 0.6177884615384616 0.037259615384615384 0.12740384615384615
0 0.8641826923076923 0.6165865384615384 0.037259615384615384 0.1310096153846154
0 0.8978365384615384 0.6057692307692307 0.03245192307692308 0.10697115384615384
0 0.9350961538461539 0.6045673076923077 0.038461538461538464 0.11658653846153846
0 0.9699519230769231 0.6081730769230769 0.039663461538461536 0.12139423076923077
0 0.9939903846153846 0.5961538461538461 0.008413461538461538 0.11538461538461539
0 0.9915865384615384 0.24879807692307693 0.01201923076923077 0.1466346153846154
0 0.9663461538461539 0.25721153846153844 0.037259615384615384 0.12740384615384615
0 0.9290865384615384 0.265625 0.03485576923076923 0.12379807692307693
0 0.8942307692307693 0.2608173076923077 0.03245192307692308 0.12139423076923077
0 0.8605769230769231 0.25721153846153844 0.03485576923076923 0.11057692307692307
0 0.8269230769230769 0.25240384615384615 0.036057692307692304 0.12740384615384615
0 0.7932692307692307 0.24278846153846154 0.03245192307692308 0.11778846153846154
0 0.7572115384615384 0.2247596153846154 0.03485576923076923 0.13221153846153846
0 0.7199519230769231 0.25240384615384615 0.03245192307692308 0.1346153846153846
0 0.6838942307692307 0.2439903846153846 0.036057692307692304 0.13341346153846154
0 0.6490384615384616 0.23798076923076922 0.03125 0.13221153846153846
0 0.5360576923076923 0.23317307692307693 0.028846153846153848 0.11538461538461539
0 0.5012019230769231 0.23918269230769232 0.030048076923076924 0.12259615384615384
0 0.4230769230769231 0.23076923076923078 0.03245192307692308 0.13221153846153846
0 0.35336538461538464 0.23557692307692307 0.03245192307692308 0.11057692307692307
0 0.2824519230769231 0.234375 0.03245192307692308 0.1141826923076923
0 0.24879807692307693 0.24879807692307693 0.03485576923076923 0.12860576923076922
0 0.1778846153846154 0.25 0.03365384615384615 0.125
0 0.14182692307692307 0.2620192307692308 0.037259615384615384 0.125
0 0.10576923076923077 0.24879807692307693 0.039663461538461536 0.12139423076923077
0 0.07451923076923077 0.23798076923076922 0.036057692307692304 0.12259615384615384
0 0.038461538461538464 0.22596153846153846 0.037259615384615384 0.12379807692307693
0 0.009615384615384616 0.23918269230769232 0.019230769230769232 0.12139423076923077