0 0.3088942307692308 0.04326923076923077 0.0733173076923077 0.06370192307692307
0 0.29927884615384615 0.18629807692307693 0.07932692307692307 0.07091346153846154
0 0.30288461538461536 0.2608173076923077 0.09615384615384616 0.07692307692307693
0 0.3870192307692308 0.6514423076923077 0.09014423076923077 0.0625
0 0.3918269230769231 0.5721153846153846 0.08653846153846154 0.06370192307692307
0 0.29447115384615385 0.5697115384615384 0.08413461538461539 0.0625
0 0.296875 0.4182692307692308 0.0889423076923077 0.06610576923076923
0 0.39302884615384615 0.1875 0.09254807692307693 0.07211538461538461
0 0.3918269230769231 0.5 0.08052884615384616 0.06610576923076923
0 0.019230769230769232 0.11899038461538461 0.038461538461538464 0.07451923076923077
0 0.015625 0.28846153846153844 0.03125 0.07091346153846154
0 0.09975961538461539 0.19831730769230768 0.09254807692307693 0.06850961538461539
0 0.15504807692307693 0.13581730769230768 0.09735576923076923 0.09134615384615384
0 0.4026442307692308 0.051682692307692304 0.08774038461538461 0.0733173076923077
0 0.39903846153846156 0.2668269230769231 0.07932692307692307 0.06370192307692307
0 0.3918269230769231 0.4182692307692308 0.09375 0.06490384615384616
0 0.3004807692307692 0.33653846153846156 0.08774038461538461 0.0625
0 0.2932692307692308 0.7211538461538461 0.08774038461538461 0.07692307692307693
0 0.37740384615384615 0.8064903846153846 0.0985576923076923 0.078125
0 0.38461538461538464 0.8870192307692307 0.09495192307692307 0.07451923076923077
0 0.5757211538461539 0.8846153846153846 0.09134615384615384 0.07692307692307693
0 0.6742788461538461 0.8834134615384616 0.0889423076923077 0.07692307692307693
0 0.6682692307692307 0.9663461538461539 0.09134615384615384 0.06370192307692307
0 0.671875 0.796875 0.08774038461538461 0.06971153846153846
0 0.6622596153846154 0.7199519230769231 0.09014423076923077 0.06971153846153846
0 0.6730769230769231 0.6430288461538461 0.08653846153846154 0.06850961538461539
0 0.6778846153846154 0.5649038461538461 0.07211538461538461 0.0625
0 0.5853365384615384 0.5817307692307693 0.09735576923076923 0.06850961538461539
0 0.5805288461538461 0.5 0.09014423076923077 0.06850961538461539
0 0.5841346153846154 0.3485576923076923 0.0829326923076923 0.07451923076923077
0 0.6766826923076923 0.3389423076923077 0.08774038461538461 0.06850961538461539
0 0.6754807692307693 0.4170673076923077 0.09134615384615384 0.06971153846153846
0 0.6754807692307693 0.1935096153846154 0.08413461538461539 0.07211538461538461
0 0.6778846153846154 0.2644230769230769 0.08653846153846154 0.07451923076923077
0 0.5817307692307693 0.20673076923076922 0.08653846153846154 0.07692307692307693
0 0.5805288461538461 0.13221153846153846 0.07572115384615384 0.06850961538461539
0 0.5829326923076923 0.0625 0.06971153846153846 0.06971153846153846
0 0.6694711538461539 0.07451923076923077 0.07572115384615384 0.07211538461538461
0 0.6766826923076923 0.018028846153846152 0.08413461538461539 0.036057692307692304
0 0.5853365384615384 0.013221153846153846 0.08413461538461539 0.026442307692307692
0 0.8557692307692307 0.38100961538461536 0.08533653846153846 0.07091346153846154
0 0.8569711538461539 0.4567307692307692 0.08173076923076923 0.07091346153846154
0 0.8629807692307693 0.5348557692307693 0.08413461538461539 0.06610576923076923
0 0.8653846153846154 0.6069711538461539 0.07932692307692307 0.06610576923076923
0 0.8641826923076923 0.6778846153846154 0.08653846153846154 0.06850961538461539
0 0.8557692307692307 0.7560096153846154 0.09014423076923077 0.06610576923076923
0 0.953125 0.49038461538461536 0.07692307692307693 0.06490384615384616
0 0.9543269230769231 0.5661057692307693 0.07572115384615384 0.06850961538461539
0 0.9543269230769231 0.7319711538461539 0.08774038461538461 0.0733173076923077
0 0.9579326923076923 0.8293269230769231 0.0829326923076923 0.0733173076923077
0 0.9555288461538461 0.9086538461538461 0.08774038461538461 0.07692307692307693
0 0.8617788461538461 0.8341346153846154 0.09014423076923077 0.07451923076923077
0 0.8521634615384616 0.9074519230769231 0.09254807692307693 0.06850961538461539
0 0.8533653846153846 0.9699519230769231 0.07932692307692307 0.05889423076923077
0 0.1045673076923077 0.04447115384615385 0.09975961538461539 0.07692307692307693