0 0.9050480769230769 0.23317307692307693 0.05889423076923077 0.04567307692307692
0 0.7427884615384616 0.03125 0.03365384615384615 0.0625
0 0.7415865384615384 0.13581730769230768 0.03245192307692308 0.1141826923076923
0 0.7355769230769231 0.2920673076923077 0.03245192307692308 0.11057692307692307
0 0.5973557692307693 0.06370192307692307 0.05889423076923077 0.05048076923076923
0 0.6009615384615384 0.11899038461538461 0.055288461538461536 0.046875
0 0.6009615384615384 0.17307692307692307 0.06009615384615385 0.055288461538461536
0 0.6009615384615384 0.23076923076923078 0.06129807692307692 0.05048076923076923
0 0.5997596153846154 0.2824519230769231 0.05889423076923077 0.04567307692307692
0 0.6009615384615384 0.3401442307692308 0.06129807692307692 0.05048076923076923
0 0.5973557692307693 0.39663461538461536 0.06129807692307692 0.05048076923076923
0 0.5949519230769231 0.4543269230769231 0.06009615384615385 0.052884615384615384
0 0.5949519230769231 0.5072115384615384 0.05889423076923077 0.04807692307692308
0 0.5949519230769231 0.5661057692307693 0.057692307692307696 0.046875
0 0.5949519230769231 0.6177884615384616 0.06490384615384616 0.04567307692307692
0 0.5889423076923077 0.6766826923076923 0.06009615384615385 0.04567307692307692
0 0.46274038461538464 0.48197115384615385 0.055288461538461536 0.06129807692307692
0 0.46153846153846156 0.5420673076923077 0.05889423076923077 0.06850961538461539
0 0.46033653846153844 0.6033653846153846 0.056490384615384616 0.07692307692307693
0 0.46274038461538464 0.19471153846153846 0.055288461538461536 0.07451923076923077
0 0.34375 0.02403846153846154 0.055288461538461536 0.046875
0 0.3425480769230769 0.06610576923076923 0.056490384615384616 0.07692307692307693
0 0.34375 0.1346153846153846 0.06009615384615385 0.08052884615384616
0 0.3389423076923077 0.1971153846153846 0.055288461538461536 0.07211538461538461
0 0.3401442307692308 0.26802884615384615 0.052884615384615384 0.06971153846153846
0 0.33413461538461536 0.328125 0.054086538461538464 0.06971153846153846
0 0.33774038461538464 0.3954326923076923 0.05889423076923077 0.07211538461538461
0 0.3389423076923077 0.45913461538461536 0.056490384615384616 0.06490384615384616
0 0.33413461538461536 0.5216346153846154 0.057692307692307696 0.07211538461538461
0 0.33413461538461536 0.5841346153846154 0.06129807692307692 0.07692307692307693
0 0.33413461538461536 0.6526442307692307 0.06009615384615385 0.06971153846153846
0 0.3449519230769231 0.7175480769230769 0.05048076923076923 0.06610576923076923
0 0.3329326923076923 0.7752403846153846 0.054086538461538464 0.06610576923076923
0 0.3425480769230769 0.8533653846153846 0.06490384615384616 0.06971153846153846