0 0.9387019230769231 0.3954326923076923 0.07451923076923077 0.14423076923076922
0 0.9747596153846154 0.6466346153846154 0.04807692307692308 0.1502403846153846
0 0.9314903846153846 0.6430288461538461 0.04807692307692308 0.15504807692307693
0 0.8858173076923077 0.640625 0.04807692307692308 0.15504807692307693
0 0.8365384615384616 0.6346153846153846 0.040865384615384616 0.16105769230769232
0 0.7884615384615384 0.6274038461538461 0.040865384615384616 0.15504807692307693
0 0.7403846153846154 0.6310096153846154 0.038461538461538464 0.15384615384615385
0 0.9723557692307693 0.8317307692307693 0.052884615384615384 0.16105769230769232
0 0.9254807692307693 0.8221153846153846 0.04567307692307692 0.16105769230769232
0 0.8834134615384616 0.8137019230769231 0.04447115384615385 0.14903846153846154
0 0.8365384615384616 0.8149038461538461 0.040865384615384616 0.1658653846153846
0 0.7872596153846154 0.8317307692307693 0.04447115384615385 0.17548076923076922
0 0.7391826923076923 0.8197115384615384 0.037259615384615384 0.15865384615384615
0 0.8112980769230769 0.2860576923076923 0.09254807692307693 0.0733173076923077
0 0.7379807692307693 0.22355769230769232 0.046875 0.14903846153846154
0 0.6923076923076923 0.22355769230769232 0.042067307692307696 0.16105769230769232
0 0.6442307692307693 0.20793269230769232 0.040865384615384616 0.1658653846153846
0 0.5564903846153846 0.5865384615384616 0.036057692307692304 0.16826923076923078
0 0.5516826923076923 0.8197115384615384 0.038461538461538464 0.16706730769230768
0 0.5588942307692307 0.19951923076923078 0.038461538461538464 0.13341346153846154
0 0.5060096153846154 0.6177884615384616 0.037259615384615384 0.16346153846153846
0 0.5048076923076923 0.8064903846153846 0.040865384615384616 0.17668269230769232
0 0.4543269230769231 0.6045673076923077 0.037259615384615384 0.1658653846153846
0 0.4519230769230769 0.8004807692307693 0.039663461538461536 0.171875
0 0.4050480769230769 0.7884615384615384 0.038461538461538464 0.15144230769230768
0 0.40865384615384615 0.6165865384615384 0.040865384615384616 0.15745192307692307
0 0.3557692307692308 0.6009615384615384 0.038461538461538464 0.171875
0 0.359375 0.796875 0.040865384615384616 0.13221153846153846
0 0.31009615384615385 0.5997596153846154 0.040865384615384616 0.16826923076923078
0 0.3076923076923077 0.8016826923076923 0.04326923076923077 0.15745192307692307
0 0.2620192307692308 0.6009615384615384 0.04447115384615385 0.15384615384615385
0 0.21754807692307693 0.5949519230769231 0.042067307692307696 0.15504807692307693
0 0.25841346153846156 0.8197115384615384 0.038461538461538464 0.12740384615384615
0 0.2127403846153846 0.7836538461538461 0.04326923076923077 0.17548076923076922
0 0.16706730769230768 0.7776442307692307 0.04567307692307692 0.15504807692307693
0 0.1201923076923077 0.7752403846153846 0.04326923076923077 0.13942307692307693
0 0.07211538461538461 0.7740384615384616 0.04807692307692308 0.15504807692307693
0 0.025240384615384616 0.7716346153846154 0.05048076923076923 0.16105769230769232
0 0.1658653846153846 0.5961538461538461 0.04326923076923077 0.14903846153846154
0 0.12379807692307693 0.6069711538461539 0.04567307692307692 0.14903846153846154
0 0.07451923076923077 0.6009615384615384 0.051682692307692304 0.15985576923076922
0 0.025240384615384616 0.5925480769230769 0.05048076923076923 0.1658653846153846
0 0.5108173076923077 0.2091346153846154 0.038461538461538464 0.16706730769230768
0 0.4651442307692308 0.20192307692307693 0.037259615384615384 0.13581730769230768
0 0.41586538461538464 0.1935096153846154 0.038461538461538464 0.1346153846153846
0 0.3233173076923077 0.203125 0.04447115384615385 0.15264423076923078
0 0.27163461538461536 0.1935096153846154 0.040865384615384616 0.1658653846153846
0 0.22716346153846154 0.20192307692307693 0.039663461538461536 0.15144230769230768
0 0.1814903846153846 0.20432692307692307 0.04567307692307692 0.16706730769230768