0 0.5408653846153846 0.11658653846153846 0.027644230769230768 0.10697115384615384
0 0.49399038461538464 0.2956730769230769 0.04927884615384615 0.04567307692307692
0 0.5432692307692307 0.23197115384615385 0.02403846153846154 0.10096153846153846
0 0.4831730769230769 0.0625 0.05889423076923077 0.05048076923076923
0 0.484375 0.11658653846153846 0.06009615384615385 0.051682692307692304
0 0.49158653846153844 0.23317307692307693 0.05889423076923077 0.05048076923076923
0 0.49278846153846156 0.34975961538461536 0.046875 0.042067307692307696
0 0.5480769230769231 0.3581730769230769 0.026442307692307692 0.11778846153846154
0 0.4987980769230769 0.40384615384615385 0.06610576923076923 0.054086538461538464
0 0.5012019230769231 0.4723557692307692 0.056490384615384616 0.05048076923076923
0 0.31490384615384615 0.41947115384615385 0.052884615384615384 0.046875
0 0.3112980769230769 0.30408653846153844 0.06971153846153846 0.051682692307692304
0 0.31971153846153844 0.36538461538461536 0.06370192307692307 0.04807692307692308
0 0.6646634615384616 0.21995192307692307 0.06129807692307692 0.054086538461538464
0 0.6574519230769231 0.34134615384615385 0.06370192307692307 0.04567307692307692
0 0.6598557692307693 0.39302884615384615 0.06490384615384616 0.056490384615384616
0 0.3161057692307692 0.24759615384615385 0.052884615384615384 0.04447115384615385
0 0.30408653846153844 0.125 0.07211538461538461 0.06009615384615385
0 0.30408653846153844 0.6033653846153846 0.07091346153846154 0.0625
0 0.30288461538461536 0.5384615384615384 0.05889423076923077 0.046875
0 0.30288461538461536 0.9014423076923077 0.06850961538461539 0.06009615384615385
0 0.6850961538461539 0.9278846153846154 0.03125 0.1141826923076923
0 0.6502403846153846 0.2800480769230769 0.06129807692307692 0.052884615384615384
0 0.30288461538461536 0.9627403846153846 0.06850961538461539 0.06009615384615385
0 0.5528846153846154 0.47475961538461536 0.027644230769230768 0.1045673076923077
0 0.6682692307692307 0.7283653846153846 0.06490384615384616 0.052884615384615384
0 0.671875 0.6129807692307693 0.05889423076923077 0.04567307692307692
0 0.6706730769230769 0.6682692307692307 0.06009615384615385 0.04807692307692308
0 0.6586538461538461 0.4483173076923077 0.06129807692307692 0.051682692307692304
0 0.6598557692307693 0.16105769230769232 0.05048076923076923 0.04807692307692308
0 0.6682692307692307 0.5612980769230769 0.056490384615384616 0.056490384615384616
0 0.6682692307692307 0.5024038461538461 0.06009615384615385 0.055288461538461536
0 0.6550480769230769 0.056490384615384616 0.0625 0.052884615384615384
0 0.6658653846153846 0.11538461538461539 0.0625 0.052884615384615384
0 0.4951923076923077 0.1658653846153846 0.06129807692307692 0.0625
0 0.31490384615384615 0.1935096153846154 0.06129807692307692 0.05048076923076923
0 0.5060096153846154 0.5829326923076923 0.07572115384615384 0.06009615384615385
0 0.5012019230769231 0.5288461538461539 0.0625 0.051682692307692304
0 0.29447115384615385 0.07211538461538461 0.06370192307692307 0.052884615384615384
0 0.2932692307692308 0.026442307692307692 0.0673076923076923 0.052884615384615384
0 0.4831730769230769 0.018028846153846152 0.06610576923076923 0.036057692307692304
0 0.5372596153846154 0.026442307692307692 0.025240384615384616 0.052884615384615384
0 0.6466346153846154 0.014423076923076924 0.057692307692307696 0.028846153846153848
0 0.3173076923076923 0.47836538461538464 0.06490384615384616 0.046875
0 0.6490384615384616 0.9519230769230769 0.025240384615384616 0.09254807692307693
0 0.6189903846153846 0.9567307692307693 0.03245192307692308 0.0829326923076923
0 0.5865384615384616 0.9639423076923077 0.025240384615384616 0.06971153846153846
0 0.5552884615384616 0.9615384615384616 0.027644230769230768 0.0733173076923077
0 0.5204326923076923 0.9675480769230769 0.027644230769230768 0.06009615384615385
0 0.49038461538461536 0.9723557692307693 0.025240384615384616 0.051682692307692304
0 0.45913461538461536 0.9699519230769231 0.025240384615384616 0.056490384615384616
0 0.4254807692307692 0.9747596153846154 0.025240384615384616 0.046875
0 0.3004807692307692 0.8509615384615384 0.06850961538461539 0.056490384615384616
0 0.17067307692307693 0.8822115384615384 0.038461538461538464 0.13221153846153846