0 0.6682692307692307 0.05048076923076923 0.027644230769230768 0.09735576923076923
0 0.671875 0.16826923076923078 0.03365384615384615 0.11057692307692307
0 0.6598557692307693 0.4735576923076923 0.030048076923076924 0.109375
0 0.6538461538461539 0.6177884615384616 0.03245192307692308 0.10576923076923077
0 0.6466346153846154 0.75 0.03245192307692308 0.11057692307692307
0 0.6466346153846154 0.9002403846153846 0.030048076923076924 0.11538461538461539
0 0.5288461538461539 0.037259615384615384 0.05889423076923077 0.052884615384615384
0 0.5216346153846154 0.0889423076923077 0.056490384615384616 0.054086538461538464
0 0.5144230769230769 0.14302884615384615 0.055288461538461536 0.052884615384615384
0 0.5108173076923077 0.19831730769230768 0.055288461538461536 0.046875
0 0.5168269230769231 0.25961538461538464 0.052884615384615384 0.055288461538461536
0 0.5252403846153846 0.31850961538461536 0.04447115384615385 0.04567307692307692
0 0.5192307692307693 0.3762019230769231 0.052884615384615384 0.052884615384615384
0 0.5120192307692307 0.4831730769230769 0.056490384615384616 0.05048076923076923
0 0.5012019230769231 0.5480769230769231 0.06129807692307692 0.046875
0 0.5024038461538461 0.7752403846153846 0.05048076923076923 0.051682692307692304
0 0.4963942307692308 0.9447115384615384 0.0625 0.04807692307692308
0 0.3942307692307692 0.03365384615384615 0.055288461538461536 0.06610576923076923
0 0.38221153846153844 0.08774038461538461 0.06370192307692307 0.07451923076923077
0 0.38100961538461536 0.15144230769230768 0.056490384615384616 0.0733173076923077
0 0.3786057692307692 0.30528846153846156 0.056490384615384616 0.06490384615384616
0 0.38100961538461536 0.37259615384615385 0.05889423076923077 0.06610576923076923
0 0.3641826923076923 0.7235576923076923 0.06370192307692307 0.06490384615384616
0 0.3629807692307692 0.8389423076923077 0.06370192307692307 0.06971153846153846
0 0.25841346153846156 0.056490384615384616 0.06129807692307692 0.07451923076923077
0 0.2620192307692308 0.018028846153846152 0.057692307692307696 0.036057692307692304
0 0.2620192307692308 0.125 0.0673076923076923 0.08052884615384616
0 0.25600961538461536 0.18389423076923078 0.06610576923076923 0.078125
0 0.25240384615384615 0.2512019230769231 0.07451923076923077 0.07932692307692307
0 0.2536057692307692 0.31490384615384615 0.06370192307692307 0.08774038461538461
0 0.24519230769230768 0.3762019230769231 0.0673076923076923 0.08173076923076923
0 0.24879807692307693 0.45552884615384615 0.06129807692307692 0.06971153846153846
0 0.24879807692307693 0.5180288461538461 0.06610576923076923 0.07451923076923077
0 0.24158653846153846 0.5841346153846154 0.06370192307692307 0.078125
0 0.23317307692307693 0.6334134615384616 0.06610576923076923 0.0829326923076923
0 0.2403846153846154 0.7067307692307693 0.06370192307692307 0.07091346153846154
0 0.23677884615384615 0.7716346153846154 0.06370192307692307 0.07091346153846154
0 0.234375 0.8461538461538461 0.06129807692307692 0.06610576923076923
0 0.23317307692307693 0.9110576923076923 0.06610576923076923 0.07211538461538461
0 0.2283653846153846 0.9711538461538461 0.0673076923076923 0.054086538461538464