0 0.6682692307692307 0.06490384615384616 0.027644230769230768 0.10576923076923077
0 0.6730769230769231 0.17668269230769232 0.030048076923076924 0.10697115384615384
0 0.6586538461538461 0.4879807692307692 0.03245192307692308 0.1141826923076923
0 0.6550480769230769 0.6334134615384616 0.03245192307692308 0.10817307692307693
0 0.6478365384615384 0.7668269230769231 0.03485576923076923 0.1045673076923077
0 0.6502403846153846 0.9134615384615384 0.03125 0.109375
0 0.5264423076923077 0.014423076923076924 0.06009615384615385 0.028846153846153848
0 0.5276442307692307 0.052884615384615384 0.0625 0.052884615384615384
0 0.5204326923076923 0.10336538461538461 0.06009615384615385 0.054086538461538464
0 0.5144230769230769 0.15985576923076922 0.057692307692307696 0.051682692307692304
0 0.5084134615384616 0.21514423076923078 0.057692307692307696 0.054086538461538464
0 0.5120192307692307 0.27403846153846156 0.05889423076923077 0.051682692307692304
0 0.5240384615384616 0.3317307692307692 0.05048076923076923 0.046875
0 0.5180288461538461 0.3918269230769231 0.06370192307692307 0.05048076923076923
0 0.5120192307692307 0.4987980769230769 0.056490384615384616 0.055288461538461536
0 0.5024038461538461 0.5637019230769231 0.06129807692307692 0.052884615384615384
0 0.5048076923076923 0.7944711538461539 0.051682692307692304 0.055288461538461536
0 0.49759615384615385 0.9615384615384616 0.06370192307692307 0.05889423076923077
0 0.3942307692307692 0.040865384615384616 0.054086538461538464 0.06370192307692307
0 0.38341346153846156 0.1045673076923077 0.06610576923076923 0.06971153846153846
0 0.38221153846153844 0.15985576923076922 0.05889423076923077 0.07091346153846154
0 0.3786057692307692 0.33052884615384615 0.057692307692307696 0.06850961538461539
0 0.38100961538461536 0.390625 0.05889423076923077 0.07211538461538461
0 0.3629807692307692 0.7415865384615384 0.06370192307692307 0.06850961538461539
0 0.3605769230769231 0.8605769230769231 0.06610576923076923 0.07211538461538461
0 0.25841346153846156 0.07211538461538461 0.06490384615384616 0.08052884615384616
0 0.25961538461538464 0.13942307692307693 0.06971153846153846 0.078125
0 0.2644230769230769 0.025240384615384616 0.055288461538461536 0.05048076923076923
0 0.2548076923076923 0.20673076923076922 0.06370192307692307 0.07211538461538461
0 0.2536057692307692 0.27163461538461536 0.06850961538461539 0.08052884615384616
0 0.2512019230769231 0.3329326923076923 0.06370192307692307 0.078125
0 0.2439903846153846 0.3942307692307692 0.06610576923076923 0.07932692307692307
0 0.24639423076923078 0.47475961538461536 0.06610576923076923 0.07211538461538461
0 0.24639423076923078 0.5372596153846154 0.07091346153846154 0.06971153846153846
0 0.2403846153846154 0.6009615384615384 0.06850961538461539 0.078125
0 0.23557692307692307 0.6550480769230769 0.06850961538461539 0.08653846153846154
0 0.23798076923076922 0.7247596153846154 0.06490384615384616 0.07091346153846154
0 0.23677884615384615 0.7932692307692307 0.06971153846153846 0.08052884615384616
0 0.234375 0.8653846153846154 0.0625 0.07091346153846154
0 0.23076923076923078 0.9350961538461539 0.07211538461538461 0.07211538461538461
0 0.22596153846153846 0.9807692307692307 0.0673076923076923 0.036057692307692304