0 0.6778846153846154 0.018028846153846152 0.028846153846153848 0.036057692307692304
0 0.6754807692307693 0.109375 0.028846153846153848 0.11298076923076923
0 0.6802884615384616 0.25600961538461536 0.030048076923076924 0.12259615384615384
0 0.6754807692307693 0.4098557692307692 0.027644230769230768 0.11778846153846154
0 0.6706730769230769 0.5516826923076923 0.030048076923076924 0.11538461538461539
0 0.6634615384615384 0.7079326923076923 0.027644230769230768 0.1141826923076923
0 0.8389423076923077 0.6514423076923077 0.056490384615384616 0.052884615384615384
0 0.5336538461538461 0.140625 0.051682692307692304 0.052884615384615384
0 0.5300480769230769 0.3112980769230769 0.06009615384615385 0.055288461538461536
0 0.5240384615384616 0.47836538461538464 0.05889423076923077 0.05048076923076923
0 0.5300480769230769 0.5348557692307693 0.056490384615384616 0.051682692307692304
0 0.5300480769230769 0.5901442307692307 0.05889423076923077 0.04447115384615385
0 0.5288461538461539 0.6466346153846154 0.05889423076923077 0.05048076923076923
0 0.5264423076923077 0.7043269230769231 0.06129807692307692 0.046875
0 0.5252403846153846 0.7608173076923077 0.06129807692307692 0.05048076923076923
0 0.5216346153846154 0.8197115384615384 0.06370192307692307 0.04807692307692308
0 0.5204326923076923 0.8774038461538461 0.0625 0.05048076923076923
0 0.5180288461538461 0.9314903846153846 0.06370192307692307 0.051682692307692304
0 0.5168269230769231 0.9819711538461539 0.06129807692307692 0.03365384615384615
0 0.3918269230769231 0.09254807692307693 0.06129807692307692 0.07451923076923077
0 0.3942307692307692 0.20793269230769232 0.06610576923076923 0.08052884615384616
0 0.3870192307692308 0.6141826923076923 0.06129807692307692 0.0733173076923077
0 0.38221153846153844 0.9098557692307693 0.057692307692307696 0.06850961538461539
0 0.38221153846153844 0.9651442307692307 0.05889423076923077 0.06610576923076923
0 0.2512019230769231 0.9447115384615384 0.056490384615384616 0.07211538461538461
0 0.25961538461538464 0.8786057692307693 0.054086538461538464 0.06370192307692307
0 0.25721153846153844 0.8125 0.052884615384615384 0.07692307692307693
0 0.25240384615384615 0.7487980769230769 0.056490384615384616 0.06610576923076923
0 0.25600961538461536 0.6838942307692307 0.05889423076923077 0.078125
0 0.2620192307692308 0.6177884615384616 0.04927884615384615 0.07091346153846154
0 0.2644230769230769 0.546875 0.06129807692307692 0.07451923076923077
0 0.25721153846153844 0.47475961538461536 0.06490384615384616 0.08774038461538461
0 0.25961538461538464 0.41346153846153844 0.06370192307692307 0.08052884615384616
0 0.2644230769230769 0.3545673076923077 0.06370192307692307 0.08653846153846154
0 0.265625 0.2848557692307692 0.06971153846153846 0.08052884615384616
0 0.2668269230769231 0.21995192307692307 0.06129807692307692 0.06610576923076923
0 0.27403846153846156 0.1502403846153846 0.057692307692307696 0.08052884615384616
0 0.2692307692307692 0.08173076923076923 0.0625 0.0733173076923077
0 0.2668269230769231 0.02403846153846154 0.06370192307692307 0.04807692307692308