0 0.04447115384615385 0.5913461538461539 0.0889423076923077 0.06850961538461539
0 0.20192307692307693 0.5997596153846154 0.09495192307692307 0.07091346153846154
0 0.6310096153846154 0.6009615384615384 0.09134615384615384 0.07211538461538461
0 0.7367788461538461 0.6033653846153846 0.0889423076923077 0.06610576923076923
0 0.9663461538461539 0.5901442307692307 0.06610576923076923 0.07091346153846154
0 0.9783653846153846 0.9483173076923077 0.040865384615384616 0.0985576923076923
0 0.9362980769230769 0.9387019230769231 0.04567307692307692 0.11778846153846154
0 0.890625 0.9362980769230769 0.04807692307692308 0.125
0 0.84375 0.9459134615384616 0.04447115384615385 0.10576923076923077
0 0.8004807692307693 0.9387019230769231 0.039663461538461536 0.11899038461538461
0 0.7560096153846154 0.9543269230769231 0.038461538461538464 0.08774038461538461
0 0.7115384615384616 0.9447115384615384 0.039663461538461536 0.10817307692307693
0 0.6646634615384616 0.9435096153846154 0.037259615384615384 0.109375
0 0.6189903846153846 0.9555288461538461 0.042067307692307696 0.08653846153846154
0 0.5673076923076923 0.9411057692307693 0.040865384615384616 0.11298076923076923
0 0.5216346153846154 0.9519230769230769 0.037259615384615384 0.09495192307692307
0 0.47475961538461536 0.9519230769230769 0.03485576923076923 0.09254807692307693
0 0.42788461538461536 0.9555288461538461 0.042067307692307696 0.08653846153846154
0 0.37740384615384615 0.9519230769230769 0.038461538461538464 0.09254807692307693
0 0.33533653846153844 0.9471153846153846 0.039663461538461536 0.10096153846153846
0 0.2848557692307692 0.9459134615384616 0.040865384615384616 0.1045673076923077
0 0.23798076923076922 0.9555288461538461 0.039663461538461536 0.08413461538461539
0 0.19110576923076922 0.9399038461538461 0.04326923076923077 0.11538461538461539
0 0.1466346153846154 0.9483173076923077 0.04447115384615385 0.0985576923076923
0 0.09975961538461539 0.9447115384615384 0.046875 0.10817307692307693
0 0.04927884615384615 0.9483173076923077 0.04927884615384615 0.0985576923076923
0 0.014423076923076924 0.9411057692307693 0.028846153846153848 0.11298076923076923