0 0.5697115384615384 0.31009615384615385 0.03245192307692308 0.13341346153846154
0 0.6021634615384616 0.07932692307692307 0.06971153846153846 0.109375
0 0.5769230769230769 0.009615384615384616 0.030048076923076924 0.019230769230769232
0 0.5360576923076923 0.009615384615384616 0.03245192307692308 0.019230769230769232
0 0.4230769230769231 0.009615384615384616 0.03245192307692308 0.019230769230769232
0 0.38822115384615385 0.008413461538461538 0.03245192307692308 0.016826923076923076
0 0.49278846153846156 0.2932692307692308 0.03485576923076923 0.12620192307692307
0 0.21033653846153846 0.009615384615384616 0.037259615384615384 0.019230769230769232
0 0.4987980769230769 0.009615384615384616 0.03125 0.018028846153846152
0 0.46274038461538464 0.009615384615384616 0.027644230769230768 0.019230769230769232
0 0.5324519230769231 0.3004807692307692 0.03245192307692308 0.12860576923076922
0 0.45072115384615385 0.30288461538461536 0.03125 0.1310096153846154
0 0.41346153846153844 0.2932692307692308 0.03365384615384615 0.12259615384615384
0 0.375 0.29447115384615385 0.030048076923076924 0.11298076923076923
0 0.3389423076923077 0.30528846153846156 0.03485576923076923 0.13341346153846154
0 0.2668269230769231 0.30288461538461536 0.036057692307692304 0.12860576923076922
0 0.2283653846153846 0.30528846153846156 0.03365384615384615 0.12620192307692307
0 0.19591346153846154 0.27524038461538464 0.03485576923076923 0.125
0 0.15985576923076922 0.2800480769230769 0.037259615384615384 0.12259615384615384
0 0.12620192307692307 0.2704326923076923 0.037259615384615384 0.12139423076923077
0 0.056490384615384616 0.2704326923076923 0.037259615384615384 0.11899038461538461
0 0.019230769230769232 0.27524038461538464 0.038461538461538464 0.13341346153846154
0 0.609375 0.6502403846153846 0.030048076923076924 0.125
0 0.5612980769230769 0.6598557692307693 0.03245192307692308 0.13341346153846154
0 0.5216346153846154 0.6574519230769231 0.028846153846153848 0.10817307692307693
0 0.4855769230769231 0.6346153846153846 0.03485576923076923 0.1346153846153846
0 0.44591346153846156 0.6586538461538461 0.03365384615384615 0.12379807692307693
0 0.40865384615384615 0.6490384615384616 0.03365384615384615 0.1310096153846154
0 0.3701923076923077 0.6526442307692307 0.03365384615384615 0.12860576923076922
0 0.3329326923076923 0.6538461538461539 0.03365384615384615 0.12860576923076922
0 0.29086538461538464 0.6466346153846154 0.04567307692307692 0.1971153846153846
0 0.18990384615384615 0.6442307692307693 0.03485576923076923 0.12860576923076922
0 0.15745192307692307 0.6177884615384616 0.03365384615384615 0.12379807692307693
0 0.04567307692307692 0.6418269230769231 0.038461538461538464 0.1310096153846154