0 0.6550480769230769 0.22235576923076922 0.06129807692307692 0.054086538461538464
0 0.6610576923076923 0.2860576923076923 0.06610576923076923 0.04807692307692308
0 0.6682692307692307 0.34134615384615385 0.06129807692307692 0.051682692307692304
0 0.6682692307692307 0.40024038461538464 0.06129807692307692 0.05048076923076923
0 0.6706730769230769 0.4567307692307692 0.06490384615384616 0.046875
0 0.6670673076923077 0.5096153846153846 0.057692307692307696 0.04326923076923077
0 0.6646634615384616 0.5600961538461539 0.05889423076923077 0.04567307692307692
0 0.6862980769230769 0.6189903846153846 0.0625 0.04567307692307692
0 0.6622596153846154 0.6730769230769231 0.05889423076923077 0.04447115384615385
0 0.6814903846153846 0.7379807692307693 0.0673076923076923 0.051682692307692304
0 0.6778846153846154 0.7932692307692307 0.0625 0.05048076923076923
0 0.6730769230769231 0.8485576923076923 0.055288461538461536 0.05048076923076923
0 0.6706730769230769 0.9014423076923077 0.056490384615384616 0.05048076923076923
0 0.6742788461538461 0.9579326923076923 0.06490384615384616 0.051682692307692304
0 0.5564903846153846 0.36778846153846156 0.027644230769230768 0.10697115384615384
0 0.5564903846153846 0.4795673076923077 0.025240384615384616 0.10576923076923077
0 0.5637019230769231 0.5961538461538461 0.027644230769230768 0.11658653846153846
0 0.5661057692307693 0.7175480769230769 0.027644230769230768 0.11538461538461539
0 0.5637019230769231 0.8473557692307693 0.025240384615384616 0.12259615384615384
0 0.5673076923076923 0.9519230769230769 0.026442307692307692 0.09254807692307693
0 0.5120192307692307 0.3317307692307692 0.05889423076923077 0.055288461538461536
0 0.5060096153846154 0.3942307692307692 0.06129807692307692 0.05048076923076923
0 0.5072115384615384 0.453125 0.056490384615384616 0.046875
0 0.5060096153846154 0.5108173076923077 0.06129807692307692 0.04807692307692308
0 0.5096153846153846 0.5697115384615384 0.05889423076923077 0.04807692307692308
0 0.5144230769230769 0.6274038461538461 0.06129807692307692 0.046875
0 0.5132211538461539 0.6838942307692307 0.05889423076923077 0.046875
0 0.5108173076923077 0.7415865384615384 0.056490384615384616 0.05048076923076923
0 0.5096153846153846 0.8004807692307693 0.06370192307692307 0.04807692307692308
0 0.5132211538461539 0.8557692307692307 0.0625 0.052884615384615384
0 0.5168269230769231 0.9122596153846154 0.06610576923076923 0.056490384615384616
0 0.5120192307692307 0.9711538461538461 0.0625 0.054086538461538464
0 0.3233173076923077 0.21995192307692307 0.05889423076923077 0.052884615384615384
0 0.33533653846153844 0.2848557692307692 0.06129807692307692 0.046875
0 0.33413461538461536 0.34615384615384615 0.06850961538461539 0.055288461538461536
0 0.32211538461538464 0.40384615384615385 0.06129807692307692 0.054086538461538464
0 0.32211538461538464 0.4651442307692308 0.06129807692307692 0.051682692307692304
0 0.3245192307692308 0.5204326923076923 0.054086538461538464 0.046875
0 0.3173076923076923 0.5805288461538461 0.055288461538461536 0.04326923076923077
0 0.32091346153846156 0.6346153846153846 0.06129807692307692 0.04807692307692308
0 0.31971153846153844 0.6983173076923077 0.056490384615384616 0.052884615384615384
0 0.3317307692307692 0.7536057692307693 0.06370192307692307 0.051682692307692304
0 0.33413461538461536 0.8088942307692307 0.06009615384615385 0.04567307692307692
0 0.3293269230769231 0.8653846153846154 0.06129807692307692 0.054086538461538464
0 0.3269230769230769 0.9254807692307693 0.056490384615384616 0.052884615384615384
0 0.32572115384615385 0.9783653846153846 0.06370192307692307 0.042067307692307696