0 0.44711538461538464 0.4543269230769231 0.06370192307692307 0.04567307692307692
0 0.45072115384615385 0.5168269230769231 0.06129807692307692 0.05048076923076923
0 0.44350961538461536 0.18870192307692307 0.05889423076923077 0.052884615384615384
0 0.4495192307692308 0.24278846153846154 0.05889423076923077 0.05048076923076923
0 0.4495192307692308 0.2980769230769231 0.0673076923076923 0.05048076923076923
0 0.4567307692307692 0.35096153846153844 0.05889423076923077 0.04567307692307692
0 0.4495192307692308 0.4026442307692308 0.057692307692307696 0.046875
0 0.4519230769230769 0.5721153846153846 0.054086538461538464 0.04807692307692308
0 0.44711538461538464 0.6274038461538461 0.05889423076923077 0.04807692307692308
0 0.44711538461538464 0.6875 0.06370192307692307 0.051682692307692304
0 0.7848557692307693 0.6526442307692307 0.026442307692307692 0.10697115384615384
0 0.7536057692307693 0.6574519230769231 0.028846153846153848 0.11057692307692307
0 0.7235576923076923 0.6418269230769231 0.030048076923076924 0.11057692307692307
0 0.6646634615384616 0.6466346153846154 0.026442307692307692 0.1141826923076923
0 0.6947115384615384 0.6526442307692307 0.027644230769230768 0.09735576923076923
0 0.6334134615384616 0.6526442307692307 0.026442307692307692 0.10817307692307693
0 0.6021634615384616 0.6502403846153846 0.026442307692307692 0.1045673076923077
0 0.5685096153846154 0.6550480769230769 0.027644230769230768 0.09975961538461539
0 0.5372596153846154 0.6610576923076923 0.027644230769230768 0.0985576923076923
0 0.5072115384615384 0.6670673076923077 0.026442307692307692 0.11538461538461539
0 0.4387019230769231 0.028846153846153848 0.06370192307692307 0.05048076923076923
0 0.44471153846153844 0.07932692307692307 0.056490384615384616 0.046875
0 0.4326923076923077 0.12860576923076922 0.05889423076923077 0.052884615384615384
0 0.8112980769230769 0.640625 0.028846153846153848 0.10817307692307693
0 0.8449519230769231 0.6334134615384616 0.03365384615384615 0.10817307692307693
0 0.8942307692307693 0.7199519230769231 0.06370192307692307 0.05048076923076923
0 0.8918269230769231 0.7764423076923077 0.055288461538461536 0.04807692307692308
0 0.8942307692307693 0.8305288461538461 0.06129807692307692 0.05048076923076923
0 0.8858173076923077 0.8918269230769231 0.05889423076923077 0.052884615384615384
0 0.8942307692307693 0.9471153846153846 0.06370192307692307 0.052884615384615384
0 0.8882211538461539 0.9855769230769231 0.06009615384615385 0.02403846153846154
0 0.3016826923076923 0.6850961538461539 0.05889423076923077 0.04807692307692308
0 0.3016826923076923 0.6262019230769231 0.056490384615384616 0.04567307692307692
0 0.2980769230769231 0.5721153846153846 0.06009615384615385 0.052884615384615384
0 0.2980769230769231 0.5144230769230769 0.0625 0.046875
0 0.29447115384615385 0.45913461538461536 0.06370192307692307 0.05048076923076923
0 0.2932692307692308 0.40384615384615385 0.055288461538461536 0.04326923076923077
0 0.30528846153846156 0.34975961538461536 0.056490384615384616 0.046875
0 0.30408653846153844 0.29447115384615385 0.06009615384615385 0.05048076923076923
0 0.29927884615384615 0.24158653846153846 0.06129807692307692 0.04567307692307692
0 0.29927884615384615 0.18990384615384615 0.056490384615384616 0.04807692307692308
0 0.29927884615384615 0.13701923076923078 0.056490384615384616 0.046875
0 0.2980769230769231 0.08413461538461539 0.052884615384615384 0.054086538461538464
0 0.2980769230769231 0.030048076923076924 0.06009615384615385 0.054086538461538464
0 0.16826923076923078 0.02283653846153846 0.0625 0.04567307692307692
0 0.16826923076923078 0.06971153846153846 0.06610576923076923 0.04807692307692308
0 0.16826923076923078 0.12139423076923077 0.057692307692307696 0.052884615384615384
0 0.16105769230769232 0.17668269230769232 0.055288461538461536 0.046875
0 0.15625 0.23317307692307693 0.05889423076923077 0.052884615384615384
0 0.15504807692307693 0.28365384615384615 0.06009615384615385 0.04567307692307692
0 0.15384615384615385 0.33774038461538464 0.06850961538461539 0.051682692307692304
0 0.15745192307692307 0.3894230769230769 0.06129807692307692 0.05048076923076923
0 0.1622596153846154 0.44350961538461536 0.056490384615384616 0.04807692307692308
0 0.15745192307692307 0.4987980769230769 0.0625 0.05048076923076923
0 0.16346153846153846 0.6009615384615384 0.0625 0.04807692307692308
0 0.1622596153846154 0.6598557692307693 0.05889423076923077 0.046875
0 0.15504807692307693 0.7211538461538461 0.056490384615384616 0.04447115384615385
0 0.15384615384615385 0.7776442307692307 0.07211538461538461 0.051682692307692304
0 0.15745192307692307 0.8317307692307693 0.06370192307692307 0.04447115384615385
0 0.16105769230769232 0.8846153846153846 0.06370192307692307 0.04807692307692308
0 0.15985576923076922 0.9387019230769231 0.06370192307692307 0.052884615384615384
0 0.1658653846153846 0.9831730769230769 0.06370192307692307 0.028846153846153848
0 0.3161057692307692 0.9086538461538461 0.06129807692307692 0.054086538461538464
0 0.3161057692307692 0.9639423076923077 0.06129807692307692 0.046875
0 0.4567307692307692 0.9074519230769231 0.06009615384615385 0.05048076923076923
0 0.5324519230769231 0.9026442307692307 0.0625 0.05048076923076923
0 0.53125 0.9591346153846154 0.06129807692307692 0.05048076923076923
0 0.4651442307692308 0.9591346153846154 0.057692307692307696 0.04567307692307692
0 0.4651442307692308 0.9915865384615384 0.056490384615384616 0.01201923076923077
0 0.53125 0.9915865384615384 0.05889423076923077 0.01201923076923077
0 0.6802884615384616 0.8990384615384616 0.06370192307692307 0.046875
0 0.7427884615384616 0.8930288461538461 0.05048076923076923 0.046875
0 0.7451923076923077 0.9471153846153846 0.055288461538461536 0.055288461538461536
0 0.6814903846153846 0.9543269230769231 0.05889423076923077 0.056490384615384616
0 0.6838942307692307 0.9903846153846154 0.05889423076923077 0.015625
0 0.7487980769230769 0.9891826923076923 0.05889423076923077 0.019230769230769232