0 0.6598557692307693 0.3425480769230769 0.0889423076923077 0.07451923076923077
0 0.6658653846153846 0.421875 0.0829326923076923 0.0733173076923077
0 0.6502403846153846 0.6550480769230769 0.10216346153846154 0.07211538461538461
0 0.6526442307692307 0.7355769230769231 0.09495192307692307 0.07932692307692307
0 0.6478365384615384 0.8185096153846154 0.09735576923076923 0.07091346153846154
0 0.4651442307692308 0.5649038461538461 0.08774038461538461 0.07091346153846154
0 0.46033653846153844 0.6442307692307693 0.0985576923076923 0.0733173076923077
0 0.45072115384615385 0.7235576923076923 0.09615384615384616 0.07451923076923077
0 0.4567307692307692 0.8028846153846154 0.09735576923076923 0.0733173076923077
0 0.4579326923076923 0.8834134615384616 0.08774038461538461 0.07091346153846154
0 0.65625 0.1814903846153846 0.08774038461538461 0.0733173076923077
0 0.6586538461538461 0.25961538461538464 0.09014423076923077 0.08052884615384616
0 0.7536057692307693 0.18870192307692307 0.08774038461538461 0.07932692307692307
0 0.7548076923076923 0.27403846153846156 0.0829326923076923 0.07692307692307693
0 0.75 0.3485576923076923 0.08774038461538461 0.07211538461538461
0 0.7536057692307693 0.41947115384615385 0.07211538461538461 0.06971153846153846
0 0.7572115384615384 0.49759615384615385 0.08774038461538461 0.07091346153846154
0 0.7463942307692307 0.5769230769230769 0.0889423076923077 0.07091346153846154
0 0.75 0.6550480769230769 0.0733173076923077 0.06370192307692307
0 0.7451923076923077 0.7319711538461539 0.07932692307692307 0.06850961538461539
0 0.7487980769230769 0.8112980769230769 0.09375 0.07211538461538461
0 0.7451923076923077 0.890625 0.09254807692307693 0.0733173076923077
0 0.7427884615384616 0.9651442307692307 0.09014423076923077 0.06610576923076923
0 0.6538461538461539 0.9663461538461539 0.0889423076923077 0.06370192307692307
0 0.9230769230769231 0.21153846153846154 0.08653846153846154 0.07451923076923077
0 0.9230769230769231 0.2860576923076923 0.0829326923076923 0.06850961538461539
0 0.9206730769230769 0.3629807692307692 0.08173076923076923 0.06370192307692307
0 0.9134615384615384 0.4338942307692308 0.08413461538461539 0.06971153846153846
0 0.9230769230769231 0.5108173076923077 0.09014423076923077 0.06490384615384616
0 0.9302884615384616 0.5841346153846154 0.07692307692307693 0.06610576923076923
0 0.9242788461538461 0.6586538461538461 0.08413461538461539 0.06971153846153846
0 0.9230769230769231 0.7307692307692307 0.09735576923076923 0.07211538461538461
0 0.9266826923076923 0.8052884615384616 0.10336538461538461 0.06850961538461539
0 0.9302884615384616 0.8822115384615384 0.09014423076923077 0.07451923076923077
0 0.9338942307692307 0.9579326923076923 0.078125 0.0733173076923077
0 0.4675480769230769 0.16947115384615385 0.09495192307692307 0.07932692307692307
0 0.4651442307692308 0.25240384615384615 0.09735576923076923 0.07451923076923077
0 0.4567307692307692 0.3401442307692308 0.0889423076923077 0.06971153846153846
0 0.4639423076923077 0.4170673076923077 0.0985576923076923 0.07451923076923077
0 0.4639423076923077 0.49399038461538464 0.09254807692307693 0.06490384615384616
0 0.36899038461538464 0.16346153846153846 0.10216346153846154 0.07211538461538461
0 0.36778846153846156 0.24759615384615385 0.09134615384615384 0.07451923076923077
0 0.36778846153846156 0.3329326923076923 0.0889423076923077 0.06971153846153846
0 0.35336538461538464 0.8040865384615384 0.0985576923076923 0.08653846153846154
0 0.35697115384615385 0.8858173076923077 0.09254807692307693 0.06971153846153846
0 0.4254807692307692 0.9639423076923077 0.09134615384615384 0.06850961538461539
0 0.16706730769230768 0.25 0.10336538461538461 0.07451923076923077
0 0.17307692307692307 0.16105769230769232 0.09975961538461539 0.07692307692307693
0 0.16105769230769232 0.5072115384615384 0.10336538461538461 0.08052884615384616
0 0.15504807692307693 0.5877403846153846 0.09975961538461539 0.0733173076923077
0 0.1658653846153846 0.7572115384615384 0.09975961538461539 0.0733173076923077
0 0.15745192307692307 0.8449519230769231 0.09615384615384616 0.07211538461538461
0 0.15264423076923078 0.9266826923076923 0.08774038461538461 0.07451923076923077
0 0.042067307692307696 0.8425480769230769 0.08413461538461539 0.07451923076923077
0 0.04927884615384615 0.6670673076923077 0.0985576923076923 0.07932692307692307
0 0.046875 0.5 0.09375 0.07211538461538461
0 0.052884615384615384 0.24879807692307693 0.10336538461538461 0.07692307692307693
0 0.055288461538461536 0.15865384615384615 0.10697115384615384 0.0733173076923077