0 0.6646634615384616 0.027644230769230768 0.027644230769230768 0.055288461538461536
0 0.6694711538461539 0.11778846153846154 0.030048076923076924 0.10817307692307693
0 0.6574519230769231 0.43149038461538464 0.03125 0.10817307692307693
0 0.6514423076923077 0.578125 0.03245192307692308 0.10697115384615384
0 0.6442307692307693 0.7091346153846154 0.030048076923076924 0.10697115384615384
0 0.6442307692307693 0.8569711538461539 0.030048076923076924 0.11057692307692307
0 0.5264423076923077 0.016826923076923076 0.0625 0.03365384615384615
0 0.5168269230769231 0.04567307692307692 0.06009615384615385 0.051682692307692304
0 0.5096153846153846 0.09615384615384616 0.056490384615384616 0.04807692307692308
0 0.5072115384615384 0.15745192307692307 0.05889423076923077 0.055288461538461536
0 0.5108173076923077 0.21514423076923078 0.054086538461538464 0.05048076923076923
0 0.5216346153846154 0.27403846153846156 0.046875 0.04807692307692308
0 0.5132211538461539 0.328125 0.056490384615384616 0.05048076923076923
0 0.5072115384615384 0.4411057692307692 0.056490384615384616 0.052884615384615384
0 0.4987980769230769 0.5060096153846154 0.06009615384615385 0.054086538461538464
0 0.4987980769230769 0.734375 0.051682692307692304 0.051682692307692304
0 0.49278846153846156 0.9026442307692307 0.06490384615384616 0.052884615384615384
0 0.38221153846153844 0.040865384615384616 0.06370192307692307 0.06971153846153846
0 0.38100961538461536 0.0985576923076923 0.05889423076923077 0.07211538461538461
0 0.375 0.2644230769230769 0.056490384615384616 0.06850961538461539
0 0.3786057692307692 0.3269230769230769 0.05889423076923077 0.06971153846153846
0 0.3605769230769231 0.6802884615384616 0.06009615384615385 0.06971153846153846
0 0.3581730769230769 0.7956730769230769 0.06129807692307692 0.07451923076923077
0 0.22115384615384615 0.9759615384615384 0.06009615384615385 0.04447115384615385
0 0.22596153846153846 0.9338942307692307 0.06490384615384616 0.07932692307692307
0 0.22956730769230768 0.8713942307692307 0.06490384615384616 0.07211538461538461
0 0.23317307692307693 0.8040865384615384 0.052884615384615384 0.06610576923076923
0 0.23317307692307693 0.7307692307692307 0.06490384615384616 0.07692307692307693
0 0.23677884615384615 0.6622596153846154 0.0625 0.06850961538461539
0 0.23557692307692307 0.5949519230769231 0.06129807692307692 0.08774038461538461
0 0.23798076923076922 0.5384615384615384 0.06129807692307692 0.0829326923076923
0 0.2439903846153846 0.4723557692307692 0.06490384615384616 0.07451923076923077
0 0.2439903846153846 0.4098557692307692 0.06370192307692307 0.07692307692307693
0 0.2439903846153846 0.3329326923076923 0.057692307692307696 0.078125
0 0.24519230769230768 0.27403846153846156 0.0673076923076923 0.08653846153846154
0 0.2536057692307692 0.2091346153846154 0.06370192307692307 0.07451923076923077
0 0.2512019230769231 0.14302884615384615 0.06610576923076923 0.0829326923076923
0 0.25600961538461536 0.0733173076923077 0.0673076923076923 0.07932692307692307
0 0.25721153846153844 0.025240384615384616 0.054086538461538464 0.05048076923076923