0 0.7548076923076923 0.02403846153846154 0.027644230769230768 0.046875
0 0.7211538461538461 0.037259615384615384 0.039663461538461536 0.07451923076923077
0 0.6911057692307693 0.046875 0.040865384615384616 0.09254807692307693
0 0.6574519230769231 0.039663461538461536 0.04326923076923077 0.07932692307692307
0 0.6274038461538461 0.04567307692307692 0.040865384615384616 0.09014423076923077
0 0.6021634615384616 0.06129807692307692 0.039663461538461536 0.09254807692307693
0 0.5661057692307693 0.06370192307692307 0.03485576923076923 0.09735576923076923
0 0.5384615384615384 0.07932692307692307 0.039663461538461536 0.10576923076923077
0 0.5072115384615384 0.09495192307692307 0.037259615384615384 0.09615384615384616
0 0.4831730769230769 0.12740384615384615 0.038461538461538464 0.10817307692307693
0 0.4519230769230769 0.14423076923076922 0.040865384615384616 0.10697115384615384
0 0.41947115384615385 0.1502403846153846 0.040865384615384616 0.10697115384615384
0 0.38461538461538464 0.16105769230769232 0.039663461538461536 0.09975961538461539
0 0.3545673076923077 0.17668269230769232 0.040865384615384616 0.1141826923076923
0 0.31971153846153844 0.1935096153846154 0.040865384615384616 0.109375
0 0.28846153846153844 0.21153846153846154 0.038461538461538464 0.11778846153846154
0 0.25600961538461536 0.23317307692307693 0.04326923076923077 0.11658653846153846
0 0.21995192307692307 0.24879807692307693 0.040865384615384616 0.11778846153846154
0 0.18870192307692307 0.2764423076923077 0.040865384615384616 0.09254807692307693
0 0.15144230769230768 0.2776442307692308 0.051682692307692304 0.11778846153846154
0 0.11538461538461539 0.2932692307692308 0.04567307692307692 0.12259615384615384
0 0.07932692307692307 0.30649038461538464 0.04807692307692308 0.11298076923076923
0 0.04447115384615385 0.33653846153846156 0.05048076923076923 0.11778846153846154
0 0.016826923076923076 0.3485576923076923 0.03365384615384615 0.11538461538461539
0 0.75 0.3137019230769231 0.04567307692307692 0.0985576923076923
0 0.7127403846153846 0.32211538461538464 0.037259615384615384 0.1045673076923077
0 0.6875 0.34134615384615385 0.037259615384615384 0.09975961538461539
0 0.65625 0.35697115384615385 0.036057692307692304 0.10576923076923077
0 0.6274038461538461 0.3762019230769231 0.036057692307692304 0.10817307692307693
0 0.5973557692307693 0.40384615384615385 0.039663461538461536 0.10336538461538461
0 0.5673076923076923 0.41346153846153844 0.038461538461538464 0.0985576923076923
0 0.5360576923076923 0.4230769230769231 0.036057692307692304 0.0985576923076923
0 0.5024038461538461 0.4387019230769231 0.038461538461538464 0.11057692307692307
0 0.47475961538461536 0.4651442307692308 0.040865384615384616 0.10336538461538461
0 0.44471153846153844 0.4879807692307692 0.038461538461538464 0.11538461538461539
0 0.4074519230769231 0.49759615384615385 0.039663461538461536 0.10576923076923077
0 0.37740384615384615 0.5096153846153846 0.040865384615384616 0.109375
0 0.3425480769230769 0.5324519230769231 0.04326923076923077 0.10817307692307693
0 0.31009615384615385 0.5504807692307693 0.04447115384615385 0.11899038461538461
0 0.2776442307692308 0.5649038461538461 0.042067307692307696 0.12379807692307693
0 0.2439903846153846 0.578125 0.042067307692307696 0.12379807692307693
0 0.20432692307692307 0.5901442307692307 0.039663461538461536 0.109375
0 0.16947115384615385 0.6177884615384616 0.04447115384615385 0.11658653846153846
0 0.13822115384615385 0.6442307692307693 0.04567307692307692 0.1141826923076923
0 0.10576923076923077 0.6706730769230769 0.04326923076923077 0.11057692307692307
0 0.07091346153846154 0.6935096153846154 0.04927884615384615 0.11538461538461539
0 0.03485576923076923 0.7055288461538461 0.046875 0.11298076923076923
0 0.010817307692307692 0.7163461538461539 0.021634615384615384 0.12980769230769232
0 0.8425480769230769 0.5288461538461539 0.04807692307692308 0.10697115384615384
0 0.8112980769230769 0.5625 0.04326923076923077 0.10336538461538461
0 0.7860576923076923 0.5841346153846154 0.042067307692307696 0.10096153846153846
0 0.7572115384615384 0.6009615384615384 0.04326923076923077 0.1045673076923077
0 0.7283653846153846 0.625 0.04326923076923077 0.10817307692307693
0 0.7019230769230769 0.6334134615384616 0.040865384615384616 0.10336538461538461
0 0.6742788461538461 0.6394230769230769 0.04326923076923077 0.09735576923076923
0 0.6502403846153846 0.6959134615384616 0.037259615384615384 0.11057692307692307
0 0.6117788461538461 0.6730769230769231 0.039663461538461536 0.10096153846153846
0 0.5853365384615384 0.7223557692307693 0.04567307692307692 0.1141826923076923
0 0.5528846153846154 0.7331730769230769 0.04567307692307692 0.109375
0 0.5192307692307693 0.7475961538461539 0.037259615384615384 0.09735576923076923
0 0.49038461538461536 0.7572115384615384 0.038461538461538464 0.09495192307692307
0 0.45913461538461536 0.7848557692307693 0.04447115384615385 0.10697115384615384
0 0.42788461538461536 0.796875 0.040865384615384616 0.10336538461538461
0 0.3942307692307692 0.8233173076923077 0.04447115384615385 0.11057692307692307
0 0.3629807692307692 0.8473557692307693 0.042067307692307696 0.11538461538461539
0 0.33413461538461536 0.8810096153846154 0.04326923076923077 0.109375
0 0.2980769230769231 0.8918269230769231 0.046875 0.11298076923076923
0 0.2668269230769231 0.9038461538461539 0.04567307692307692 0.11778846153846154
0 0.22956730769230768 0.9338942307692307 0.04807692307692308 0.1310096153846154
0 0.19471153846153846 0.9411057692307693 0.04807692307692308 0.11298076923076923
0 0.16105769230769232 0.9519230769230769 0.04927884615384615 0.09495192307692307
0 0.125 0.9615384615384616 0.03485576923076923 0.0733173076923077
0 0.0889423076923077 0.9723557692307693 0.036057692307692304 0.051682692307692304
0 0.7439903846153846 0.40384615384615385 0.051682692307692304 0.05889423076923077
0 0.6862980769230769 0.43028846153846156 0.052884615384615384 0.0625
0 0.6262019230769231 0.47475961538461536 0.06370192307692307 0.06610576923076923
0 0.5612980769230769 0.515625 0.06370192307692307 0.06129807692307692
0 0.4951923076923077 0.5456730769230769 0.06610576923076923 0.06490384615384616
0 0.4362980769230769 0.5805288461538461 0.056490384615384616 0.06129807692307692
0 0.37259615384615385 0.6189903846153846 0.06610576923076923 0.06971153846153846
0 0.31009615384615385 0.6586538461538461 0.06850961538461539 0.06850961538461539
0 0.2403846153846154 0.6983173076923077 0.06971153846153846 0.07091346153846154
0 0.16346153846153846 0.7415865384615384 0.0733173076923077 0.078125
0 0.09615384615384616 0.7800480769230769 0.06971153846153846 0.06971153846153846
0 0.027644230769230768 0.8125 0.055288461538461536 0.07211538461538461