0 0.6838942307692307 0.7908653846153846 0.0889423076923077 0.0733173076923077
0 0.6838942307692307 0.7151442307692307 0.08413461538461539 0.06490384615384616
0 0.5805288461538461 0.7247596153846154 0.08774038461538461 0.08653846153846154
0 0.5745192307692307 0.6466346153846154 0.09014423076923077 0.06971153846153846
0 0.5793269230769231 0.5709134615384616 0.09014423076923077 0.08052884615384616
0 0.5841346153846154 0.8725961538461539 0.08533653846153846 0.07932692307692307
0 0.578125 0.8052884615384616 0.09735576923076923 0.06610576923076923
0 0.5769230769230769 0.49278846153846156 0.08774038461538461 0.07211538461538461
0 0.3870192307692308 0.7956730769230769 0.09254807692307693 0.07692307692307693
0 0.3858173076923077 0.8930288461538461 0.09254807692307693 0.07451923076923077
0 0.6706730769230769 0.4362980769230769 0.07932692307692307 0.07091346153846154
0 0.6634615384615384 0.35697115384615385 0.08173076923076923 0.07211538461538461
0 0.5697115384615384 0.4170673076923077 0.09014423076923077 0.07451923076923077
0 0.2848557692307692 0.8137019230769231 0.09254807692307693 0.08052884615384616
0 0.38100961538461536 0.7139423076923077 0.09495192307692307 0.07091346153846154
0 0.36778846153846156 0.6346153846153846 0.09735576923076923 0.08052884615384616
0 0.37259615384615385 0.5540865384615384 0.08653846153846154 0.06850961538461539
0 0.27524038461538464 0.4338942307692308 0.08653846153846154 0.078125
0 0.28365384615384615 0.5096153846153846 0.09254807692307693 0.07451923076923077
0 0.0985576923076923 0.5348557692307693 0.09254807692307693 0.078125
0 0.09615384615384616 0.6045673076923077 0.09615384615384616 0.07091346153846154
0 0.0889423076923077 0.7584134615384616 0.1045673076923077 0.08052884615384616
0 0.10096153846153846 0.8425480769230769 0.09615384615384616 0.0829326923076923
0 0.36899038461538464 0.40024038461538464 0.09014423076923077 0.07211538461538461
0 0.37259615384615385 0.47836538461538464 0.07091346153846154 0.07091346153846154
0 0.3629807692307692 0.24879807692307693 0.08533653846153846 0.08413461538461539
0 0.36658653846153844 0.32091346153846156 0.09014423076923077 0.0733173076923077
0 0.3581730769230769 0.09735576923076923 0.08774038461538461 0.0733173076923077
0 0.3641826923076923 0.171875 0.08774038461538461 0.0733173076923077
0 0.2644230769230769 0.06009615384615385 0.07091346153846154 0.07932692307692307
0 0.2644230769230769 0.13221153846153846 0.08173076923076923 0.08653846153846154
0 0.27163461538461536 0.27163461538461536 0.08052884615384616 0.08173076923076923
0 0.5925480769230769 0.9495192307692307 0.07211538461538461 0.0733173076923077
0 0.5612980769230769 0.3329326923076923 0.08774038461538461 0.07091346153846154
0 0.5588942307692307 0.25240384615384615 0.08653846153846154 0.07932692307692307
0 0.8894230769230769 0.203125 0.06971153846153846 0.1310096153846154
0 0.8617788461538461 0.12620192307692307 0.06129807692307692 0.11778846153846154
0 0.8341346153846154 0.0625 0.07692307692307693 0.125
0 0.39302884615384615 0.9675480769230769 0.07692307692307693 0.06009615384615385
0 0.29927884615384615 0.9735576923076923 0.09375 0.05048076923076923
0 0.11298076923076923 0.9759615384615384 0.09975961538461539 0.04326923076923077
0 0.02403846153846154 0.6911057692307693 0.04807692307692308 0.07211538461538461
0 0.09375 0.4519230769230769 0.08173076923076923 0.07091346153846154
0 0.02283653846153846 0.5360576923076923 0.04447115384615385 0.07211538461538461
0 0.09134615384615384 0.3762019230769231 0.09495192307692307 0.0733173076923077
0 0.02283653846153846 0.3858173076923077 0.04447115384615385 0.07932692307692307
0 0.02283653846153846 0.31009615384615385 0.04447115384615385 0.06009615384615385
0 0.0889423076923077 0.2283653846153846 0.08653846153846154 0.07932692307692307
0 0.02283653846153846 0.23918269230769232 0.04567307692307692 0.07692307692307693
0 0.08653846153846154 0.1502403846153846 0.09014423076923077 0.07451923076923077
0 0.08653846153846154 0.025240384615384616 0.09375 0.05048076923076923
0 0.014423076923076924 0.15985576923076922 0.028846153846153848 0.07932692307692307