0 0.5444711538461539 0.47475961538461536 0.054086538461538464 0.05048076923076923
0 0.47475961538461536 0.4735576923076923 0.052884615384615384 0.051682692307692304
0 0.47475961538461536 0.5240384615384616 0.06009615384615385 0.05048076923076923
0 0.47596153846153844 0.578125 0.06129807692307692 0.054086538461538464
0 0.6911057692307693 0.6081730769230769 0.05889423076923077 0.04807692307692308
0 0.546875 0.5841346153846154 0.054086538461538464 0.046875
0 0.5480769230769231 0.640625 0.06129807692307692 0.04807692307692308
0 0.546875 0.6971153846153846 0.05889423076923077 0.04807692307692308
0 0.47596153846153844 0.6346153846153846 0.055288461538461536 0.04326923076923077
0 0.5456730769230769 0.7512019230769231 0.057692307692307696 0.051682692307692304
0 0.5432692307692307 0.8064903846153846 0.056490384615384616 0.046875
0 0.5396634615384616 0.8569711538461539 0.06129807692307692 0.04807692307692308
0 0.5336538461538461 0.9170673076923077 0.06009615384615385 0.052884615384615384
0 0.4699519230769231 0.9086538461538461 0.06009615384615385 0.051682692307692304
0 0.4675480769230769 0.8557692307692307 0.05889423076923077 0.04807692307692308
0 0.47596153846153844 0.8016826923076923 0.052884615384615384 0.046875
0 0.4735576923076923 0.7475961538461539 0.06129807692307692 0.05048076923076923
0 0.4807692307692308 0.6947115384615384 0.056490384615384616 0.046875
0 0.5516826923076923 0.5300480769230769 0.052884615384615384 0.04807692307692308
0 0.6850961538461539 0.5552884615384616 0.057692307692307696 0.04447115384615385
0 0.7524038461538461 0.5024038461538461 0.04567307692307692 0.04447115384615385
0 0.6887019230769231 0.49759615384615385 0.056490384615384616 0.04567307692307692
0 0.5372596153846154 0.9699519230769231 0.05048076923076923 0.05048076923076923
0 0.4723557692307692 0.9699519230769231 0.06370192307692307 0.054086538461538464
0 0.6778846153846154 0.9855769230769231 0.05889423076923077 0.02403846153846154
0 0.7439903846153846 0.9831730769230769 0.055288461538461536 0.028846153846153848
0 0.7487980769230769 0.9399038461538461 0.051682692307692304 0.051682692307692304
0 0.6875 0.9375 0.056490384615384616 0.051682692307692304
0 0.7548076923076923 0.8810096153846154 0.05889423076923077 0.051682692307692304
0 0.6850961538461539 0.8822115384615384 0.06009615384615385 0.04807692307692308
0 0.7572115384615384 0.828125 0.06009615384615385 0.05048076923076923
0 0.6838942307692307 0.828125 0.052884615384615384 0.046875
0 0.6899038461538461 0.7704326923076923 0.057692307692307696 0.04567307692307692
0 0.7596153846153846 0.7764423076923077 0.057692307692307696 0.05048076923076923
0 0.8882211538461539 0.9783653846153846 0.0625 0.040865384615384616
0 0.8870192307692307 0.9314903846153846 0.06490384615384616 0.05048076923076923
0 0.8882211538461539 0.8810096153846154 0.06009615384615385 0.046875
0 0.8894230769230769 0.8245192307692307 0.055288461538461536 0.04807692307692308
0 0.8942307692307693 0.7716346153846154 0.06129807692307692 0.04807692307692308
0 0.8954326923076923 0.7199519230769231 0.06129807692307692 0.05048076923076923
0 0.8966346153846154 0.6682692307692307 0.06610576923076923 0.052884615384615384
0 0.8966346153846154 0.6105769230769231 0.06129807692307692 0.046875
0 0.9014423076923077 0.5612980769230769 0.055288461538461536 0.04567307692307692
0 0.9026442307692307 0.515625 0.06129807692307692 0.046875
0 0.8978365384615384 0.46153846153846156 0.06129807692307692 0.046875
0 0.8954326923076923 0.4074519230769231 0.04927884615384615 0.046875
0 0.8918269230769231 0.3485576923076923 0.05889423076923077 0.04807692307692308
0 0.890625 0.3004807692307692 0.055288461538461536 0.04807692307692308
0 0.8930288461538461 0.2512019230769231 0.0673076923076923 0.04807692307692308
0 0.9014423076923077 0.203125 0.06129807692307692 0.05048076923076923
0 0.9026442307692307 0.14543269230769232 0.06129807692307692 0.046875
0 0.9014423076923077 0.09254807692307693 0.04567307692307692 0.04807692307692308
0 0.9038461538461539 0.04326923076923077 0.05889423076923077 0.04807692307692308
0 0.7572115384615384 0.7199519230769231 0.06129807692307692 0.04807692307692308
0 0.7572115384615384 0.6682692307692307 0.05889423076923077 0.04447115384615385
0 0.7584134615384616 0.6129807692307693 0.05889423076923077 0.051682692307692304
0 0.7572115384615384 0.5588942307692307 0.05889423076923077 0.051682692307692304
0 0.6935096153846154 0.6634615384615384 0.057692307692307696 0.052884615384615384
0 0.6923076923076923 0.7139423076923077 0.055288461538461536 0.04807692307692308
0 0.7560096153846154 0.44711538461538464 0.06129807692307692 0.051682692307692304
0 0.6862980769230769 0.44471153846153844 0.054086538461538464 0.04447115384615385
0 0.7548076923076923 0.3954326923076923 0.05889423076923077 0.046875
0 0.6899038461538461 0.3918269230769231 0.04807692307692308 0.04567307692307692
0 0.7512019230769231 0.33774038461538464 0.052884615384615384 0.04807692307692308
0 0.6899038461538461 0.33413461538461536 0.052884615384615384 0.05048076923076923
0 0.7536057692307693 0.28725961538461536 0.06009615384615385 0.05048076923076923
0 0.6899038461538461 0.28365384615384615 0.06129807692307692 0.05048076923076923
0 0.7608173076923077 0.23557692307692307 0.06009615384615385 0.04807692307692308
0 0.6911057692307693 0.22956730769230768 0.06009615384615385 0.046875
0 0.7572115384615384 0.18389423076923078 0.052884615384615384 0.05048076923076923
0 0.6959134615384616 0.17908653846153846 0.06129807692307692 0.04807692307692308
0 0.7584134615384616 0.12860576923076922 0.052884615384615384 0.04567307692307692
0 0.7596153846153846 0.08052884615384616 0.046875 0.046875
0 0.7560096153846154 0.03365384615384615 0.056490384615384616 0.05048076923076923
0 0.6947115384615384 0.02403846153846154 0.056490384615384616 0.04807692307692308
0 0.6959134615384616 0.07692307692307693 0.05889423076923077 0.05048076923076923
0 0.6947115384615384 0.12740384615384615 0.04807692307692308 0.05048076923076923
0 0.5637019230769231 0.01201923076923077 0.05889423076923077 0.02403846153846154
0 0.5588942307692307 0.05048076923076923 0.06009615384615385 0.046875
0 0.49038461538461536 0.009615384615384616 0.055288461538461536 0.019230769230769232
0 0.49038461538461536 0.04567307692307692 0.054086538461538464 0.051682692307692304
0 0.4891826923076923 0.09254807692307693 0.056490384615384616 0.04567307692307692
0 0.4855769230769231 0.14423076923076922 0.05889423076923077 0.052884615384615384
0 0.49278846153846156 0.19831730769230768 0.057692307692307696 0.04807692307692308
0 0.5588942307692307 0.20432692307692307 0.055288461538461536 0.04807692307692308
0 0.5564903846153846 0.25600961538461536 0.055288461538461536 0.046875
0 0.5516826923076923 0.31009615384615385 0.06129807692307692 0.056490384615384616
0 0.5504807692307693 0.36538461538461536 0.05889423076923077 0.052884615384615384
0 0.5444711538461539 0.4182692307692308 0.06370192307692307 0.04807692307692308
0 0.47836538461538464 0.4170673076923077 0.05889423076923077 0.05048076923076923
0 0.484375 0.3605769230769231 0.06009615384615385 0.052884615384615384
0 0.4831730769230769 0.30528846153846156 0.056490384615384616 0.052884615384615384
0 0.47596153846153844 0.25 0.056490384615384616 0.05048076923076923
0 0.3581730769230769 0.03365384615384615 0.05889423076923077 0.051682692307692304
0 0.2127403846153846 0.05048076923076923 0.056490384615384616 0.04807692307692308
0 0.21514423076923078 0.014423076923076924 0.052884615384615384 0.027644230769230768
0 0.21754807692307693 0.32091346153846156 0.05889423076923077 0.04447115384615385
0 0.3557692307692308 0.08413461538461539 0.052884615384615384 0.046875
0 0.34975961538461536 0.140625 0.05048076923076923 0.04567307692307692
0 0.35096153846153844 0.19110576923076922 0.055288461538461536 0.04567307692307692
0 0.33774038461538464 0.23918269230769232 0.056490384615384616 0.04807692307692308
0 0.34615384615384615 0.2980769230769231 0.0625 0.05048076923076923
0 0.34615384615384615 0.3473557692307692 0.054086538461538464 0.04807692307692308
0 0.33774038461538464 0.4050480769230769 0.05889423076923077 0.046875
0 0.33653846153846156 0.45552884615384615 0.06370192307692307 0.054086538461538464
0 0.3317307692307692 0.5144230769230769 0.05889423076923077 0.04567307692307692
0 0.33052884615384615 0.5685096153846154 0.056490384615384616 0.04807692307692308
0 0.3269230769230769 0.6237980769230769 0.052884615384615384 0.05048076923076923
0 0.3293269230769231 0.6790865384615384 0.05889423076923077 0.04807692307692308
0 0.3317307692307692 0.734375 0.054086538461538464 0.04447115384615385
0 0.3293269230769231 0.7908653846153846 0.052884615384615384 0.051682692307692304
0 0.32572115384615385 0.8425480769230769 0.06129807692307692 0.04567307692307692
0 0.3233173076923077 0.8954326923076923 0.05889423076923077 0.046875
0 0.3317307692307692 0.953125 0.057692307692307696 0.05048076923076923
0 0.32211538461538464 0.9879807692307693 0.06009615384615385 0.020432692307692308
0 0.25240384615384615 0.9831730769230769 0.056490384615384616 0.030048076923076924
0 0.2764423076923077 0.8966346153846154 0.027644230769230768 0.10096153846153846
0 0.27524038461538464 0.7800480769230769 0.026442307692307692 0.109375
0 0.12860576923076922 0.9399038461538461 0.03245192307692308 0.1045673076923077