0 0.6009615384615384 0.5637019230769231 0.046875 0.13221153846153846
0 0.5432692307692307 0.2692307692307692 0.038461538461538464 0.15745192307692307
0 0.5 0.25961538461538464 0.037259615384615384 0.13341346153846154
0 0.46274038461538464 0.2536057692307692 0.03365384615384615 0.1310096153846154
0 0.4206730769230769 0.24879807692307693 0.03485576923076923 0.13581730769230768
0 0.5853365384615384 0.2608173076923077 0.03365384615384615 0.13581730769230768
0 0.6814903846153846 0.5637019230769231 0.04807692307692308 0.14423076923076922
0 0.7271634615384616 0.5721153846153846 0.042067307692307696 0.13701923076923078
0 0.6225961538461539 0.25841346153846156 0.030048076923076924 0.125
0 0.3762019230769231 0.26802884615384615 0.03365384615384615 0.13701923076923078
0 0.33653846153846156 0.25 0.03485576923076923 0.140625
0 0.2980769230769231 0.25721153846153844 0.03485576923076923 0.13341346153846154
0 0.25841346153846156 0.25721153846153844 0.036057692307692304 0.140625
0 0.21995192307692307 0.2644230769230769 0.037259615384615384 0.13701923076923078
0 0.18028846153846154 0.25721153846153844 0.037259615384615384 0.140625
0 0.140625 0.2668269230769231 0.039663461538461536 0.140625
0 0.09615384615384616 0.25721153846153844 0.040865384615384616 0.1346153846153846
0 0.390625 0.5685096153846154 0.05048076923076923 0.13581730769230768
0 0.3449519230769231 0.5600961538461539 0.051682692307692304 0.1346153846153846
0 0.3088942307692308 0.5637019230769231 0.04807692307692308 0.13701923076923078
0 0.2704326923076923 0.5625 0.05048076923076923 0.13581730769230768
0 0.12980769230769232 0.8545673076923077 0.054086538461538464 0.13581730769230768
0 0.18028846153846154 0.8413461538461539 0.04567307692307692 0.12379807692307693
0 0.22115384615384615 0.8425480769230769 0.04567307692307692 0.12379807692307693
0 0.2692307692307692 0.8365384615384616 0.056490384615384616 0.14302884615384615
0 0.7932692307692307 0.8305288461538461 0.06610576923076923 0.15384615384615385
0 0.8293269230769231 0.8389423076923077 0.054086538461538464 0.11658653846153846
0 0.9230769230769231 0.8377403846153846 0.06009615384615385 0.13341346153846154
0 0.9663461538461539 0.8317307692307693 0.057692307692307696 0.13221153846153846
0 0.9855769230769231 0.5793269230769231 0.025240384615384616 0.12740384615384615
0 0.8810096153846154 0.5709134615384616 0.05048076923076923 0.12379807692307693
0 0.9194711538461539 0.5697115384615384 0.051682692307692304 0.13341346153846154
0 0.9747596153846154 0.26802884615384615 0.038461538461538464 0.13341346153846154
0 0.9362980769230769 0.2644230769230769 0.039663461538461536 0.13581730769230768
0 0.8966346153846154 0.2704326923076923 0.038461538461538464 0.12259615384615384
0 0.8581730769230769 0.25841346153846156 0.03485576923076923 0.12620192307692307
0 0.8221153846153846 0.25961538461538464 0.03485576923076923 0.08052884615384616
0 0.7824519230769231 0.25721153846153844 0.03485576923076923 0.13341346153846154
0 0.7439903846153846 0.2536057692307692 0.03485576923076923 0.12740384615384615
0 0.7067307692307693 0.2764423076923077 0.036057692307692304 0.140625
0 0.6622596153846154 0.25841346153846156 0.037259615384615384 0.15384615384615385
0 0.052884615384615384 0.24639423076923078 0.039663461538461536 0.12139423076923077
0 0.016826923076923076 0.2668269230769231 0.03365384615384615 0.15384615384615385
0 0.10576923076923077 0.5625 0.04807692307692308 0.12379807692307693
0 0.06971153846153846 0.5745192307692307 0.05048076923076923 0.1346153846153846
0 0.027644230769230768 0.5637019230769231 0.04807692307692308 0.11658653846153846
0 0.040865384615384616 0.8473557692307693 0.05889423076923077 0.125
0 0.014423076923076924 0.8377403846153846 0.028846153846153848 0.1466346153846154
0 0.41225961538461536 0.8413461538461539 0.05048076923076923 0.13221153846153846
0 0.45913461538461536 0.8413461538461539 0.055288461538461536 0.13701923076923078
0 0.5552884615384616 0.8449519230769231 0.051682692307692304 0.13221153846153846