0 0.6550480769230769 0.04567307692307692 0.06370192307692307 0.05889423076923077
0 0.6622596153846154 0.11057692307692307 0.06370192307692307 0.052884615384615384
0 0.6694711538461539 0.16346153846153846 0.06129807692307692 0.054086538461538464
0 0.6706730769230769 0.22115384615384615 0.056490384615384616 0.05048076923076923
0 0.6730769230769231 0.2764423076923077 0.06490384615384616 0.05048076923076923
0 0.6694711538461539 0.328125 0.057692307692307696 0.046875
0 0.6670673076923077 0.38100961538461536 0.057692307692307696 0.051682692307692304
0 0.6899038461538461 0.4411057692307692 0.06009615384615385 0.046875
0 0.6670673076923077 0.4963942307692308 0.056490384615384616 0.04567307692307692
0 0.6862980769230769 0.5588942307692307 0.06610576923076923 0.051682692307692304
0 0.6826923076923077 0.6141826923076923 0.06129807692307692 0.05048076923076923
0 0.6790865384615384 0.671875 0.052884615384615384 0.051682692307692304
0 0.6778846153846154 0.7259615384615384 0.056490384615384616 0.05048076923076923
0 0.6826923076923077 0.7824519230769231 0.06129807692307692 0.046875
0 0.6814903846153846 0.8377403846153846 0.056490384615384616 0.05048076923076923
0 0.6862980769230769 0.8930288461538461 0.06370192307692307 0.051682692307692304
0 0.6887019230769231 0.9483173076923077 0.0625 0.052884615384615384
0 0.6959134615384616 0.9855769230769231 0.06129807692307692 0.02403846153846154
0 0.5564903846153846 0.18990384615384615 0.025240384615384616 0.10336538461538461
0 0.5588942307692307 0.3016826923076923 0.025240384615384616 0.10336538461538461
0 0.5661057692307693 0.4182692307692308 0.028846153846153848 0.11057692307692307
0 0.5685096153846154 0.5384615384615384 0.027644230769230768 0.11778846153846154
0 0.5685096153846154 0.6682692307692307 0.027644230769230768 0.1141826923076923
0 0.5721153846153846 0.7752403846153846 0.02283653846153846 0.09134615384615384
0 0.5745192307692307 0.8846153846153846 0.027644230769230768 0.1141826923076923
0 0.578125 0.9711538461538461 0.028846153846153848 0.054086538461538464
0 0.5108173076923077 0.15384615384615385 0.057692307692307696 0.06129807692307692
0 0.5072115384615384 0.22355769230769232 0.06370192307692307 0.042067307692307696
0 0.5072115384615384 0.2764423076923077 0.05889423076923077 0.055288461538461536
0 0.5084134615384616 0.33413461538461536 0.0625 0.054086538461538464
0 0.5132211538461539 0.39302884615384615 0.0625 0.052884615384615384
0 0.5192307692307693 0.4495192307692308 0.06610576923076923 0.05048076923076923
0 0.515625 0.5072115384615384 0.05889423076923077 0.04567307692307692
0 0.515625 0.5625 0.057692307692307696 0.051682692307692304
0 0.5168269230769231 0.6237980769230769 0.06129807692307692 0.051682692307692304
0 0.5192307692307693 0.6778846153846154 0.0625 0.052884615384615384
0 0.5228365384615384 0.7379807692307693 0.06490384615384616 0.052884615384615384
0 0.5180288461538461 0.796875 0.06129807692307692 0.055288461538461536
0 0.5180288461538461 0.8509615384615384 0.06370192307692307 0.051682692307692304
0 0.5216346153846154 0.9110576923076923 0.06370192307692307 0.06009615384615385
0 0.5240384615384616 0.9699519230769231 0.06610576923076923 0.056490384615384616
0 0.3269230769230769 0.04567307692307692 0.05889423076923077 0.054086538461538464
0 0.33653846153846156 0.11298076923076923 0.057692307692307696 0.054086538461538464
0 0.33774038461538464 0.17307692307692307 0.0673076923076923 0.055288461538461536
0 0.3245192307692308 0.22956730769230768 0.06370192307692307 0.05048076923076923
0 0.3245192307692308 0.28846153846153844 0.06009615384615385 0.052884615384615384
0 0.3293269230769231 0.3449519230769231 0.052884615384615384 0.051682692307692304
0 0.32091346153846156 0.4074519230769231 0.052884615384615384 0.04447115384615385
0 0.32572115384615385 0.45913461538461536 0.06129807692307692 0.04807692307692308
0 0.3245192307692308 0.5216346153846154 0.055288461538461536 0.052884615384615384
0 0.33774038461538464 0.578125 0.06129807692307692 0.05048076923076923
0 0.3401442307692308 0.6322115384615384 0.06129807692307692 0.051682692307692304
0 0.3317307692307692 0.6887019230769231 0.06129807692307692 0.052884615384615384
0 0.3317307692307692 0.75 0.05889423076923077 0.052884615384615384
0 0.33413461538461536 0.8064903846153846 0.06129807692307692 0.052884615384615384
0 0.33413461538461536 0.8677884615384616 0.06370192307692307 0.051682692307692304
0 0.33774038461538464 0.9266826923076923 0.06370192307692307 0.051682692307692304
0 0.3425480769230769 0.9747596153846154 0.06370192307692307 0.04567307692307692