0 0.4026442307692308 0.5733173076923077 0.06129807692307692 0.05048076923076923
0 0.33774038461538464 0.5769230769230769 0.06009615384615385 0.054086538461538464
0 0.42788461538461536 0.8305288461538461 0.028846153846153848 0.10817307692307693
0 0.5204326923076923 0.8209134615384616 0.030048076923076924 0.11658653846153846
0 0.5637019230769231 0.8137019230769231 0.030048076923076924 0.11658653846153846
0 0.6105769230769231 0.8221153846153846 0.030048076923076924 0.11778846153846154
0 0.6586538461538461 0.7884615384615384 0.027644230769230768 0.11298076923076923
0 0.3401442307692308 0.8449519230769231 0.030048076923076924 0.11538461538461539
0 0.2932692307692308 0.8365384615384616 0.03245192307692308 0.11057692307692307
0 0.20192307692307693 0.8509615384615384 0.0673076923076923 0.08653846153846154
0 0.19951923076923078 0.7463942307692307 0.06850961538461539 0.05889423076923077
0 0.19471153846153846 0.6598557692307693 0.06850961538461539 0.056490384615384616
0 0.18990384615384615 0.5793269230769231 0.06610576923076923 0.054086538461538464
0 0.5480769230769231 0.5649038461538461 0.05889423076923077 0.051682692307692304
0 0.5396634615384616 0.5060096153846154 0.052884615384615384 0.05048076923076923
0 0.5456730769230769 0.4483173076923077 0.0625 0.05048076923076923
0 0.6081730769230769 0.4387019230769231 0.05889423076923077 0.052884615384615384
0 0.6117788461538461 0.38341346153846156 0.06370192307692307 0.05048076923076923
0 0.5408653846153846 0.39302884615384615 0.052884615384615384 0.04567307692307692
0 0.7475961538461539 0.3245192307692308 0.06009615384615385 0.056490384615384616
0 0.7379807692307693 0.2704326923076923 0.056490384615384616 0.04447115384615385
0 0.7379807692307693 0.21995192307692307 0.0625 0.052884615384615384
0 0.7331730769230769 0.16105769230769232 0.057692307692307696 0.055288461538461536
0 0.7379807692307693 0.10697115384615384 0.06129807692307692 0.055288461538461536
0 0.6045673076923077 0.109375 0.05889423076923077 0.054086538461538464
0 0.5348557692307693 0.1141826923076923 0.06129807692307692 0.054086538461538464
0 0.5372596153846154 0.16826923076923078 0.06129807692307692 0.054086538461538464
0 0.6045673076923077 0.1622596153846154 0.0625 0.054086538461538464
0 0.6069711538461539 0.21754807692307693 0.057692307692307696 0.051682692307692304
0 0.5420673076923077 0.22235576923076922 0.05889423076923077 0.052884615384615384
0 0.6105769230769231 0.27163461538461536 0.056490384615384616 0.052884615384615384
0 0.5384615384615384 0.2764423076923077 0.0673076923076923 0.054086538461538464
0 0.6141826923076923 0.3269230769230769 0.06129807692307692 0.054086538461538464
0 0.5408653846153846 0.33653846153846156 0.0625 0.055288461538461536
0 0.39903846153846156 0.17548076923076922 0.056490384615384616 0.05048076923076923
0 0.33052884615384615 0.1875 0.05889423076923077 0.05048076923076923
0 0.39903846153846156 0.22596153846153846 0.06490384615384616 0.054086538461538464
0 0.4026442307692308 0.2860576923076923 0.06009615384615385 0.054086538461538464
0 0.40024038461538464 0.3425480769230769 0.06610576923076923 0.054086538461538464
0 0.4050480769230769 0.4014423076923077 0.06490384615384616 0.054086538461538464
0 0.39903846153846156 0.4567307692307692 0.06610576923076923 0.054086538461538464
0 0.40024038461538464 0.5108173076923077 0.06370192307692307 0.051682692307692304
0 0.3317307692307692 0.515625 0.06370192307692307 0.052884615384615384
0 0.33052884615384615 0.45913461538461536 0.06490384615384616 0.051682692307692304
0 0.33413461538461536 0.40384615384615385 0.06129807692307692 0.05048076923076923
0 0.3269230769230769 0.34975961538461536 0.06129807692307692 0.052884615384615384
0 0.32572115384615385 0.2920673076923077 0.06009615384615385 0.051682692307692304
0 0.328125 0.23918269230769232 0.057692307692307696 0.05048076923076923
0 0.18990384615384615 0.3329326923076923 0.05889423076923077 0.05048076923076923
0 0.19230769230769232 0.40865384615384615 0.0625 0.052884615384615384
0 0.1935096153846154 0.49399038461538464 0.06850961538461539 0.054086538461538464
0 0.1971153846153846 0.171875 0.06129807692307692 0.04807692307692308
0 0.1935096153846154 0.0889423076923077 0.0625 0.056490384615384616
0 0.1935096153846154 0.02283653846153846 0.06610576923076923 0.04567307692307692
0 0.328125 0.12860576923076922 0.055288461538461536 0.054086538461538464
0 0.39663461538461536 0.12139423076923077 0.0625 0.055288461538461536
0 0.6021634615384616 0.055288461538461536 0.06129807692307692 0.052884615384615384
0 0.734375 0.054086538461538464 0.055288461538461536 0.052884615384615384
0 0.7307692307692307 0.014423076923076924 0.05889423076923077 0.028846153846153848
0 0.6045673076923077 0.013221153846153846 0.06009615384615385 0.026442307692307692
0 0.5348557692307693 0.016826923076923076 0.055288461538461536 0.03365384615384615
0 0.5372596153846154 0.06009615384615385 0.05889423076923077 0.051682692307692304
0 0.39663461538461536 0.06610576923076923 0.054086538461538464 0.05048076923076923
0 0.39663461538461536 0.018028846153846152 0.06370192307692307 0.036057692307692304
0 0.3269230769230769 0.02403846153846154 0.05889423076923077 0.04807692307692308
0 0.328125 0.07451923076923077 0.06009615384615385 0.054086538461538464
0 0.25721153846153844 0.18870192307692307 0.028846153846153848 0.1045673076923077