0 0.6502403846153846 0.22235576923076922 0.042067307692307696 0.15264423076923078
0 0.6009615384615384 0.21153846153846154 0.042067307692307696 0.17067307692307693
0 0.6959134615384616 0.2283653846153846 0.042067307692307696 0.1658653846153846
0 0.5540865384615384 0.20192307692307693 0.040865384615384616 0.15865384615384615
0 0.5048076923076923 0.17668269230769232 0.04567307692307692 0.17908653846153846
0 0.4519230769230769 0.21153846153846154 0.04567307692307692 0.1778846153846154
0 0.40024038461538464 0.19951923076923078 0.04326923076923077 0.17548076923076922
0 0.3557692307692308 0.19110576923076922 0.04567307692307692 0.17548076923076922
0 0.7403846153846154 0.24158653846153846 0.039663461538461536 0.16105769230769232
0 0.7920673076923077 0.23076923076923078 0.046875 0.17067307692307693
0 0.8365384615384616 0.22115384615384615 0.04927884615384615 0.1875
0 0.8822115384615384 0.24278846153846154 0.046875 0.16947115384615385
0 0.9314903846153846 0.24278846153846154 0.04326923076923077 0.14543269230769232
0 0.9747596153846154 0.20793269230769232 0.04807692307692308 0.1622596153846154
0 0.20552884615384615 0.18389423076923078 0.04567307692307692 0.14903846153846154
0 0.16105769230769232 0.18870192307692307 0.04567307692307692 0.15384615384615385
0 0.10576923076923077 0.1935096153846154 0.052884615384615384 0.16105769230769232
0 0.06009615384615385 0.17668269230769232 0.052884615384615384 0.16826923076923078
0 0.9338942307692307 0.7079326923076923 0.054086538461538464 0.17067307692307693
0 0.8858173076923077 0.7019230769230769 0.04927884615384615 0.1658653846153846
0 0.8365384615384616 0.6947115384615384 0.04326923076923077 0.1622596153846154
0 0.7860576923076923 0.7067307692307693 0.04447115384615385 0.16947115384615385
0 0.7379807692307693 0.6995192307692307 0.04326923076923077 0.16105769230769232
0 0.6887019230769231 0.7019230769230769 0.039663461538461536 0.1502403846153846
0 0.6418269230769231 0.7151442307692307 0.04567307692307692 0.17668269230769232
0 0.5432692307692307 0.7151442307692307 0.04326923076923077 0.1778846153846154
0 0.4879807692307692 0.7151442307692307 0.04326923076923077 0.17548076923076922
0 0.4387019230769231 0.6730769230769231 0.039663461538461536 0.17067307692307693
0 0.38822115384615385 0.6754807692307693 0.039663461538461536 0.17067307692307693
0 0.33774038461538464 0.6658653846153846 0.04326923076923077 0.1658653846153846
0 0.24278846153846154 0.6658653846153846 0.039663461538461536 0.16346153846153846
0 0.19471153846153846 0.6706730769230769 0.04567307692307692 0.18389423076923078
0 0.1466346153846154 0.6622596153846154 0.04927884615384615 0.14543269230769232
0 0.09975961538461539 0.6838942307692307 0.04807692307692308 0.16947115384615385
0 0.046875 0.6658653846153846 0.046875 0.15745192307692307
0 0.010817307692307692 0.6682692307692307 0.021634615384615384 0.18389423076923078