0 0.5637019230769231 0.6875 0.039663461538461536 0.16706730769230768
0 0.5096153846153846 0.6911057692307693 0.03485576923076923 0.13701923076923078
0 0.4639423076923077 0.6682692307692307 0.040865384615384616 0.171875
0 0.6237980769230769 0.6730769230769231 0.04326923076923077 0.15504807692307693
0 0.5637019230769231 0.23918269230769232 0.042067307692307696 0.16346153846153846
0 0.5132211538461539 0.234375 0.040865384615384616 0.15865384615384615
0 0.46274038461538464 0.22956730769230768 0.037259615384615384 0.15985576923076922
0 0.4110576923076923 0.2439903846153846 0.038461538461538464 0.15745192307692307
0 0.3629807692307692 0.23798076923076922 0.040865384615384616 0.15264423076923078
0 0.3161057692307692 0.2439903846153846 0.037259615384615384 0.14182692307692307
0 0.2704326923076923 0.25841346153846156 0.04326923076923077 0.16706730769230768
0 0.1778846153846154 0.2668269230769231 0.04567307692307692 0.16346153846153846
0 0.12980769230769232 0.27163461538461536 0.04567307692307692 0.15865384615384615
0 0.08653846153846154 0.23798076923076922 0.04567307692307692 0.15504807692307693
0 0.038461538461538464 0.2439903846153846 0.046875 0.15865384615384615
0 0.009615384615384616 0.2403846153846154 0.019230769230769232 0.15144230769230768
0 0.41586538461538464 0.6983173076923077 0.037259615384615384 0.15504807692307693
0 0.36658653846153844 0.6899038461538461 0.037259615384615384 0.16826923076923078
0 0.31850961538461536 0.7019230769230769 0.040865384615384616 0.16826923076923078
0 0.2704326923076923 0.7055288461538461 0.040865384615384616 0.16826923076923078
0 0.21634615384615385 0.7019230769230769 0.057692307692307696 0.2536057692307692
0 0.0889423076923077 0.7079326923076923 0.04807692307692308 0.16105769230769232
0 0.04807692307692308 0.6778846153846154 0.046875 0.16105769230769232