0 0.6911057692307693 0.4050480769230769 0.036057692307692304 0.13942307692307693
0 0.7271634615384616 0.41346153846153844 0.03485576923076923 0.12860576923076922
0 0.7620192307692307 0.4110576923076923 0.03125 0.13942307692307693
0 0.5384615384615384 0.09134615384615384 0.07692307692307693 0.0625
0 0.28846153846153844 0.08413461538461539 0.0733173076923077 0.06129807692307692
0 0.3605769230769231 0.08774038461538461 0.07451923076923077 0.056490384615384616
0 0.6370192307692307 0.09615384615384616 0.06971153846153846 0.0625
0 0.484375 0.4110576923076923 0.03485576923076923 0.12740384615384615
0 0.4855769230769231 0.5540865384615384 0.03485576923076923 0.1346153846153846
0 0.5817307692307693 0.7019230769230769 0.039663461538461536 0.125
0 0.6177884615384616 0.6862980769230769 0.040865384615384616 0.11298076923076923
0 0.8665865384615384 0.42908653846153844 0.03485576923076923 0.12259615384615384
0 0.6526442307692307 0.41346153846153844 0.030048076923076924 0.13701923076923078
0 0.6117788461538461 0.40384615384615385 0.03365384615384615 0.12860576923076922
0 0.5685096153846154 0.39302884615384615 0.030048076923076924 0.12139423076923077
0 0.5300480769230769 0.4050480769230769 0.03365384615384615 0.14182692307692307
0 0.9939903846153846 0.4387019230769231 0.010817307692307692 0.14182692307692307
0 0.7199519230769231 0.10697115384615384 0.06370192307692307 0.06490384615384616
0 0.8449519230769231 0.125 0.0673076923076923 0.06490384615384616
0 0.9026442307692307 0.41586538461538464 0.038461538461538464 0.12259615384615384
0 0.9387019230769231 0.4230769230769231 0.03245192307692308 0.11899038461538461
0 0.96875 0.42788461538461536 0.036057692307692304 0.11899038461538461
0 0.7980769230769231 0.41346153846153844 0.03245192307692308 0.12259615384615384
0 0.8329326923076923 0.4110576923076923 0.03485576923076923 0.13221153846153846
0 0.5432692307692307 0.6875 0.038461538461538464 0.109375
0 0.7692307692307693 0.6899038461538461 0.04326923076923077 0.12379807692307693
0 0.8052884615384616 0.6947115384615384 0.038461538461538464 0.125
0 0.8365384615384616 0.6899038461538461 0.040865384615384616 0.11899038461538461
0 0.8786057692307693 0.6971153846153846 0.040865384615384616 0.11899038461538461
0 0.9903846153846154 0.9471153846153846 0.016826923076923076 0.10096153846153846
0 0.9266826923076923 0.9362980769230769 0.051682692307692304 0.12379807692307693
0 0.8846153846153846 0.9387019230769231 0.052884615384615384 0.11899038461538461
0 0.7644230769230769 0.9350961538461539 0.056490384615384616 0.12620192307692307
0 0.71875 0.9459134615384616 0.046875 0.10576923076923077
0 0.6802884615384616 0.9435096153846154 0.04326923076923077 0.109375
0 0.6370192307692307 0.9471153846153846 0.04807692307692308 0.10336538461538461
0 0.5528846153846154 0.9471153846153846 0.05048076923076923 0.10096153846153846
0 0.5132211538461539 0.9362980769230769 0.040865384615384616 0.12379807692307693
0 0.4675480769230769 0.9459134615384616 0.04447115384615385 0.10576923076923077
0 0.42908653846153844 0.9387019230769231 0.04326923076923077 0.11778846153846154
0 0.390625 0.9254807692307693 0.04567307692307692 0.11778846153846154