0 0.5024038461538461 0.3293269230769231 0.027644230769230768 0.109375
0 0.5348557692307693 0.33413461538461536 0.028846153846153848 0.11538461538461539
0 0.4651442307692308 0.5829326923076923 0.025240384615384616 0.09014423076923077
0 0.43509615384615385 0.5829326923076923 0.027644230769230768 0.1141826923076923
0 0.47115384615384615 0.2127403846153846 0.025240384615384616 0.0985576923076923
0 0.4723557692307692 0.3317307692307692 0.026442307692307692 0.10576923076923077
0 0.5673076923076923 0.3329326923076923 0.025240384615384616 0.11298076923076923
0 0.5985576923076923 0.34134615384615385 0.026442307692307692 0.09495192307692307
0 0.6286057692307693 0.3449519230769231 0.026442307692307692 0.10817307692307693
0 0.5973557692307693 0.21754807692307693 0.027644230769230768 0.1045673076923077
0 0.5685096153846154 0.21754807692307693 0.030048076923076924 0.11538461538461539
0 0.5348557692307693 0.21995192307692307 0.025240384615384616 0.1045673076923077
0 0.5012019230769231 0.21514423076923078 0.027644230769230768 0.10697115384615384
0 0.5901442307692307 0.5805288461538461 0.025240384615384616 0.10096153846153846
0 0.6225961538461539 0.5949519230769231 0.030048076923076924 0.10576923076923077
0 0.6550480769230769 0.5973557692307693 0.028846153846153848 0.10697115384615384
0 0.5588942307692307 0.5877403846153846 0.028846153846153848 0.109375
0 0.5288461538461539 0.5805288461538461 0.026442307692307692 0.0985576923076923
0 0.4963942307692308 0.5901442307692307 0.027644230769230768 0.09014423076923077
0 0.4026442307692308 0.5805288461538461 0.027644230769230768 0.11538461538461539
0 0.8846153846153846 0.16346153846153846 0.036057692307692304 0.10576923076923077
0 0.9134615384615384 0.17908653846153846 0.02403846153846154 0.10576923076923077
0 0.9399038461538461 0.1935096153846154 0.027644230769230768 0.0985576923076923
0 0.9675480769230769 0.18629807692307693 0.027644230769230768 0.10576923076923077
0 0.9903846153846154 0.1875 0.018028846153846152 0.10096153846153846
0 0.9879807692307693 0.3112980769230769 0.02283653846153846 0.10336538461538461
0 0.9627403846153846 0.30408653846153844 0.028846153846153848 0.1045673076923077
0 0.9338942307692307 0.30528846153846156 0.027644230769230768 0.09975961538461539
0 0.9074519230769231 0.3137019230769231 0.027644230769230768 0.0889423076923077
0 0.8786057692307693 0.30408653846153844 0.028846153846153848 0.1045673076923077
0 0.9855769230769231 0.5552884615384616 0.026442307692307692 0.1045673076923077
0 0.9591346153846154 0.5600961538461539 0.028846153846153848 0.10096153846153846
0 0.9314903846153846 0.5504807692307693 0.028846153846153848 0.09975961538461539
0 0.9026442307692307 0.5456730769230769 0.030048076923076924 0.10096153846153846
0 0.8713942307692307 0.5600961538461539 0.030048076923076924 0.10096153846153846
0 0.9855769230769231 0.6790865384615384 0.025240384615384616 0.09975961538461539
0 0.9615384615384616 0.6778846153846154 0.028846153846153848 0.10576923076923077
0 0.9314903846153846 0.6766826923076923 0.027644230769230768 0.10576923076923077
0 0.9002403846153846 0.6694711538461539 0.03125 0.1045673076923077
0 0.8689903846153846 0.671875 0.030048076923076924 0.10336538461538461
0 0.9831730769230769 0.9314903846153846 0.03245192307692308 0.1045673076923077
0 0.9519230769230769 0.9266826923076923 0.03125 0.09975961538461539
0 0.9230769230769231 0.9387019230769231 0.025240384615384616 0.1045673076923077
0 0.8954326923076923 0.9411057692307693 0.03245192307692308 0.11057692307692307
0 0.8653846153846154 0.9375 0.027644230769230768 0.1045673076923077
0 0.8377403846153846 0.9314903846153846 0.028846153846153848 0.10096153846153846
0 0.8088942307692307 0.9338942307692307 0.026442307692307692 0.09615384615384616
0 0.78125 0.9302884615384616 0.027644230769230768 0.09975961538461539
0 0.7307692307692307 0.8557692307692307 0.055288461538461536 0.04807692307692308
0 0.7367788461538461 0.8028846153846154 0.04807692307692308 0.04326923076923077
0 0.7415865384615384 0.7487980769230769 0.04447115384615385 0.052884615384615384
0 0.7427884615384616 0.6911057692307693 0.055288461538461536 0.04326923076923077
0 0.7475961538461539 0.6045673076923077 0.028846153846153848 0.10096153846153846
0 0.7175480769230769 0.5901442307692307 0.030048076923076924 0.1045673076923077
0 0.6850961538461539 0.5997596153846154 0.028846153846153848 0.10096153846153846
0 0.6286057692307693 0.23197115384615385 0.027644230769230768 0.09975961538461539
0 0.6622596153846154 0.22596153846153846 0.025240384615384616 0.1045673076923077
0 0.6911057692307693 0.23798076923076922 0.027644230769230768 0.10697115384615384
0 0.7199519230769231 0.23798076923076922 0.025240384615384616 0.09735576923076923
0 0.7487980769230769 0.24879807692307693 0.026442307692307692 0.1045673076923077
0 0.6887019230769231 0.3557692307692308 0.030048076923076924 0.10697115384615384
0 0.7199519230769231 0.35096153846153844 0.027644230769230768 0.10817307692307693
0 0.75 0.36538461538461536 0.025240384615384616 0.09134615384615384
0 0.7776442307692307 0.2956730769230769 0.026442307692307692 0.109375
0 0.4387019230769231 0.20552884615384615 0.025240384615384616 0.10697115384615384
0 0.40865384615384615 0.2127403846153846 0.027644230769230768 0.09735576923076923
0 0.43990384615384615 0.3329326923076923 0.026442307692307692 0.109375
0 0.40865384615384615 0.3425480769230769 0.028846153846153848 0.11658653846153846
0 0.3737980769230769 0.33774038461538464 0.026442307692307692 0.10096153846153846
0 0.3762019230769231 0.2091346153846154 0.025240384615384616 0.10697115384615384
0 0.3449519230769231 0.20432692307692307 0.025240384615384616 0.10576923076923077
0 0.3137019230769231 0.19951923076923078 0.028846153846153848 0.10817307692307693
0 0.3449519230769231 0.3317307692307692 0.027644230769230768 0.10336538461538461
0 0.3112980769230769 0.3245192307692308 0.028846153846153848 0.11538461538461539
0 0.28125 0.19110576923076922 0.025240384615384616 0.09735576923076923
0 0.2800480769230769 0.3329326923076923 0.026442307692307692 0.10576923076923077
0 0.25 0.19831730769230768 0.030048076923076924 0.11658653846153846
0 0.24759615384615385 0.328125 0.030048076923076924 0.11057692307692307
0 0.21875 0.19471153846153846 0.030048076923076924 0.10576923076923077
0 0.21754807692307693 0.32211538461538464 0.028846153846153848 0.109375
0 0.18389423076923078 0.3245192307692308 0.030048076923076924 0.10697115384615384
0 0.18389423076923078 0.18389423076923078 0.03245192307692308 0.10817307692307693
0 0.15264423076923078 0.18870192307692307 0.030048076923076924 0.10576923076923077
0 0.12139423076923077 0.18870192307692307 0.03365384615384615 0.11057692307692307
0 0.0889423076923077 0.19471153846153846 0.03125 0.09975961538461539
0 0.057692307692307696 0.19110576923076922 0.03245192307692308 0.10697115384615384
0 0.025240384615384616 0.1971153846153846 0.03245192307692308 0.10336538461538461
0 0.004807692307692308 0.3088942307692308 0.009615384615384616 0.09735576923076923
0 0.02403846153846154 0.3125 0.03485576923076923 0.10576923076923077
0 0.056490384615384616 0.30528846153846156 0.03125 0.10576923076923077
0 0.08774038461538461 0.30649038461538464 0.03125 0.09975961538461539
0 0.1201923076923077 0.31009615384615385 0.03245192307692308 0.0985576923076923
0 0.15264423076923078 0.32211538461538464 0.030048076923076924 0.109375
0 0.7524038461538461 0.02403846153846154 0.027644230769230768 0.04807692307692308
0 0.7199519230769231 0.027644230769230768 0.028846153846153848 0.055288461538461536
0 0.6899038461538461 0.02283653846153846 0.027644230769230768 0.04567307692307692
0 0.6610576923076923 0.020432692307692308 0.027644230769230768 0.040865384615384616
0 0.6310096153846154 0.019230769230769232 0.026442307692307692 0.038461538461538464
0 0.6033653846153846 0.016826923076923076 0.028846153846153848 0.03365384615384615
0 0.5697115384615384 0.01201923076923077 0.026442307692307692 0.02403846153846154
0 0.5384615384615384 0.010817307692307692 0.026442307692307692 0.021634615384615384
0 0.5072115384615384 0.013221153846153846 0.026442307692307692 0.026442307692307692
0 0.47596153846153844 0.01201923076923077 0.027644230769230768 0.02403846153846154
0 0.44591346153846156 0.008413461538461538 0.03125 0.016826923076923076
0 0.41225961538461536 0.008413461538461538 0.026442307692307692 0.016826923076923076
0 0.38100961538461536 0.009615384615384616 0.027644230769230768 0.018028846153846152
0 0.35096153846153844 0.009615384615384616 0.02403846153846154 0.018028846153846152
0 0.36778846153846156 0.5817307692307693 0.027644230769230768 0.1141826923076923
0 0.3389423076923077 0.578125 0.028846153846153848 0.11658653846153846
0 0.30528846153846156 0.578125 0.027644230769230768 0.1045673076923077
0 0.2764423076923077 0.5745192307692307 0.027644230769230768 0.11538461538461539
0 0.24278846153846154 0.5661057692307693 0.030048076923076924 0.11658653846153846
0 0.21153846153846154 0.5649038461538461 0.028846153846153848 0.11538461538461539
0 0.1814903846153846 0.5685096153846154 0.027644230769230768 0.10817307692307693
0 0.14903846153846154 0.5588942307692307 0.03245192307692308 0.10576923076923077
0 0.11899038461538461 0.5564903846153846 0.028846153846153848 0.1045673076923077
0 0.08653846153846154 0.5564903846153846 0.03485576923076923 0.11298076923076923
0 0.054086538461538464 0.5552884615384616 0.03365384615384615 0.109375
0 0.019230769230769232 0.5540865384615384 0.038461538461538464 0.11057692307692307