0 0.2764423076923077 0.6057692307692307 0.06490384615384616 0.05048076923076923
0 0.2824519230769231 0.6658653846153846 0.057692307692307696 0.046875
0 0.28125 0.7223557692307693 0.06129807692307692 0.04807692307692308
0 0.27283653846153844 0.7740384615384616 0.054086538461538464 0.04567307692307692
0 0.2764423076923077 0.8317307692307693 0.056490384615384616 0.046875
0 0.2848557692307692 0.8846153846153846 0.05889423076923077 0.052884615384615384
0 0.4182692307692308 0.8846153846153846 0.06009615384615385 0.04567307692307692
0 0.4170673076923077 0.8329326923076923 0.05889423076923077 0.04807692307692308
0 0.41466346153846156 0.7788461538461539 0.05889423076923077 0.046875
0 0.41346153846153844 0.7247596153846154 0.05889423076923077 0.046875
0 0.14423076923076922 0.4639423076923077 0.06610576923076923 0.052884615384615384
0 0.14182692307692307 0.5300480769230769 0.06009615384615385 0.04447115384615385
0 0.13942307692307693 0.5829326923076923 0.06610576923076923 0.051682692307692304
0 0.13822115384615385 0.6418269230769231 0.06490384615384616 0.046875
0 0.13701923076923078 0.6959134615384616 0.06490384615384616 0.04326923076923077
0 0.13701923076923078 0.7512019230769231 0.06370192307692307 0.05048076923076923
0 0.13942307692307693 0.8088942307692307 0.05889423076923077 0.05048076923076923
0 0.13942307692307693 0.8629807692307693 0.06610576923076923 0.046875
0 0.13942307692307693 0.9182692307692307 0.06850961538461539 0.05048076923076923
0 0.2800480769230769 0.9375 0.057692307692307696 0.05048076923076923
0 0.2848557692307692 0.9807692307692307 0.05889423076923077 0.03485576923076923