0 0.8737980769230769 0.36658653846153844 0.030048076923076924 0.10096153846153846
0 0.8485576923076923 0.4266826923076923 0.03365384615384615 0.10697115384615384
0 0.8449519230769231 0.30649038461538464 0.03245192307692308 0.10336538461538461
0 0.8137019230769231 0.3137019230769231 0.027644230769230768 0.09495192307692307
0 0.7848557692307693 0.31009615384615385 0.03245192307692308 0.11298076923076923
0 0.7524038461538461 0.30528846153846156 0.030048076923076924 0.10697115384615384
0 0.7536057692307693 0.4266826923076923 0.028846153846153848 0.10336538461538461
0 0.7848557692307693 0.42908653846153844 0.030048076923076924 0.09975961538461539
0 0.8173076923076923 0.43509615384615385 0.030048076923076924 0.10336538461538461
0 0.7223557692307693 0.4266826923076923 0.030048076923076924 0.109375
0 0.7199519230769231 0.30288461538461536 0.030048076923076924 0.10576923076923077
0 0.6899038461538461 0.3088942307692308 0.030048076923076924 0.10096153846153846
0 0.6574519230769231 0.29447115384615385 0.027644230769230768 0.09975961538461539
0 0.6598557692307693 0.4170673076923077 0.027644230769230768 0.10576923076923077
0 0.6935096153846154 0.41947115384615385 0.028846153846153848 0.11658653846153846
0 0.6262019230769231 0.2956730769230769 0.027644230769230768 0.11057692307692307
0 0.6286057692307693 0.41586538461538464 0.027644230769230768 0.1045673076923077
0 0.984375 0.21514423076923078 0.028846153846153848 0.1045673076923077
0 0.9855769230769231 0.5913461538461539 0.025240384615384616 0.1141826923076923
0 0.9855769230769231 0.7379807692307693 0.025240384615384616 0.11057692307692307
0 0.8810096153846154 0.7391826923076923 0.03125 0.1141826923076923
0 0.8473557692307693 0.6935096153846154 0.03125 0.1141826923076923
0 0.5949519230769231 0.30528846153846156 0.027644230769230768 0.09495192307692307
0 0.5949519230769231 0.4254807692307692 0.026442307692307692 0.10336538461538461
0 0.5612980769230769 0.4266826923076923 0.025240384615384616 0.11658653846153846
0 0.5600961538461539 0.30528846153846156 0.027644230769230768 0.11298076923076923
0 0.5276442307692307 0.28725961538461536 0.027644230769230768 0.10336538461538461
0 0.5300480769230769 0.4182692307692308 0.028846153846153848 0.11538461538461539
0 0.4987980769230769 0.41947115384615385 0.030048076923076924 0.1141826923076923
0 0.49759615384615385 0.2956730769230769 0.027644230769230768 0.11298076923076923
0 0.46274038461538464 0.2980769230769231 0.030048076923076924 0.11298076923076923
0 0.46274038461538464 0.421875 0.026442307692307692 0.109375
0 0.4326923076923077 0.3004807692307692 0.027644230769230768 0.10817307692307693
0 0.43149038461538464 0.4182692307692308 0.027644230769230768 0.12139423076923077
0 0.39903846153846156 0.28846153846153844 0.027644230769230768 0.1141826923076923
0 0.39663461538461536 0.4074519230769231 0.027644230769230768 0.11057692307692307
0 0.36658653846153844 0.296875 0.027644230769230768 0.11057692307692307
0 0.3641826923076923 0.4170673076923077 0.030048076923076924 0.11538461538461539
0 0.33413461538461536 0.41586538461538464 0.027644230769230768 0.10576923076923077
0 0.33533653846153844 0.296875 0.027644230769230768 0.1141826923076923
0 0.30408653846153844 0.2980769230769231 0.028846153846153848 0.11538461538461539
0 0.3016826923076923 0.4170673076923077 0.028846153846153848 0.1141826923076923
0 0.27283653846153844 0.3004807692307692 0.030048076923076924 0.10697115384615384
0 0.2692307692307692 0.4182692307692308 0.026442307692307692 0.10817307692307693
0 0.2403846153846154 0.3016826923076923 0.03365384615384615 0.11298076923076923
0 0.20673076923076922 0.30288461538461536 0.030048076923076924 0.10576923076923077
0 0.1778846153846154 0.296875 0.028846153846153848 0.10336538461538461
0 0.1466346153846154 0.2920673076923077 0.030048076923076924 0.109375
0 0.6995192307692307 0.09615384615384616 0.0625 0.052884615384615384
0 0.23918269230769232 0.41586538461538464 0.027644230769230768 0.09254807692307693
0 0.20673076923076922 0.421875 0.030048076923076924 0.10697115384615384
0 0.17668269230769232 0.4206730769230769 0.028846153846153848 0.109375
0 0.1466346153846154 0.4182692307692308 0.03245192307692308 0.10697115384615384
0 0.6310096153846154 0.0829326923076923 0.052884615384615384 0.051682692307692304
0 0.5697115384615384 0.0829326923076923 0.05889423076923077 0.054086538461538464
0 0.49038461538461536 0.07932692307692307 0.06610576923076923 0.051682692307692304
0 0.4230769230769231 0.08653846153846154 0.054086538461538464 0.04807692307692308
0 0.34975961538461536 0.09014423076923077 0.056490384615384616 0.051682692307692304
0 0.2848557692307692 0.08413461538461539 0.06370192307692307 0.05889423076923077
0 0.21634615384615385 0.0889423076923077 0.057692307692307696 0.04807692307692308
0 0.1502403846153846 0.09254807692307693 0.05889423076923077 0.05048076923076923
0 0.8497596153846154 0.8149038461538461 0.030048076923076924 0.09134615384615384
0 0.8173076923076923 0.6875 0.030048076923076924 0.0985576923076923
0 0.8197115384615384 0.8028846153846154 0.030048076923076924 0.11298076923076923
0 0.7872596153846154 0.6875 0.030048076923076924 0.109375
0 0.7860576923076923 0.8125 0.030048076923076924 0.11298076923076923
0 0.7572115384615384 0.6814903846153846 0.027644230769230768 0.109375
0 0.7536057692307693 0.8088942307692307 0.030048076923076924 0.11298076923076923
0 0.7247596153846154 0.6899038461538461 0.027644230769230768 0.109375
0 0.7223557692307693 0.8064903846153846 0.030048076923076924 0.11057692307692307
0 0.6911057692307693 0.6790865384615384 0.027644230769230768 0.11057692307692307
0 0.6935096153846154 0.8064903846153846 0.030048076923076924 0.09615384615384616
0 0.6610576923076923 0.6814903846153846 0.030048076923076924 0.11778846153846154
0 0.6598557692307693 0.8016826923076923 0.030048076923076924 0.109375
0 0.6262019230769231 0.6875 0.026442307692307692 0.109375
0 0.6274038461538461 0.8064903846153846 0.030048076923076924 0.11298076923076923
0 0.5925480769230769 0.6862980769230769 0.027644230769230768 0.11298076923076923
0 0.5925480769230769 0.8028846153846154 0.027644230769230768 0.1141826923076923
0 0.5276442307692307 0.6802884615384616 0.027644230769230768 0.11298076923076923
0 0.5276442307692307 0.8112980769230769 0.030048076923076924 0.10817307692307693
0 0.4963942307692308 0.8209134615384616 0.025240384615384616 0.11538461538461539
0 0.4963942307692308 0.6862980769230769 0.027644230769230768 0.10576923076923077
0 0.46153846153846156 0.6875 0.028846153846153848 0.11298076923076923
0 0.46153846153846156 0.8209134615384616 0.027644230769230768 0.10096153846153846
0 0.43028846153846156 0.6814903846153846 0.027644230769230768 0.11057692307692307
0 0.42788461538461536 0.8125 0.027644230769230768 0.1045673076923077
0 0.39663461538461536 0.6790865384615384 0.030048076923076924 0.1141826923076923
0 0.3954326923076923 0.8088942307692307 0.030048076923076924 0.11899038461538461
0 0.3629807692307692 0.6694711538461539 0.028846153846153848 0.09615384615384616
0 0.3629807692307692 0.8149038461538461 0.028846153846153848 0.10697115384615384
0 0.3317307692307692 0.8100961538461539 0.030048076923076924 0.1141826923076923
0 0.33052884615384615 0.6766826923076923 0.030048076923076924 0.12259615384615384
0 0.29927884615384615 0.6730769230769231 0.030048076923076924 0.10817307692307693
0 0.2644230769230769 0.6622596153846154 0.03245192307692308 0.1141826923076923
0 0.234375 0.6682692307692307 0.030048076923076924 0.10697115384615384
0 0.20192307692307693 0.6706730769230769 0.03245192307692308 0.11899038461538461
0 0.171875 0.6334134615384616 0.03125 0.1045673076923077
0 0.13942307692307693 0.6754807692307693 0.03245192307692308 0.10576923076923077
0 0.29927884615384615 0.8088942307692307 0.030048076923076924 0.11057692307692307
0 0.2668269230769231 0.8112980769230769 0.030048076923076924 0.10697115384615384
0 0.23557692307692307 0.8064903846153846 0.028846153846153848 0.109375
0 0.20072115384615385 0.7956730769230769 0.030048076923076924 0.10697115384615384
0 0.17067307692307693 0.7932692307692307 0.03125 0.10697115384615384
0 0.13942307692307693 0.7920673076923077 0.03125 0.10817307692307693
0 0.9855769230769231 0.9783653846153846 0.025240384615384616 0.042067307692307696
0 0.09495192307692307 0.05048076923076923 0.03245192307692308 0.09975961538461539
0 0.06129807692307692 0.051682692307692304 0.03245192307692308 0.10336538461538461
0 0.030048076923076924 0.052884615384615384 0.03125 0.10576923076923077
0 0.008413461538461538 0.052884615384615384 0.016826923076923076 0.10576923076923077
0 0.11658653846153846 0.2920673076923077 0.030048076923076924 0.1045673076923077
0 0.08653846153846154 0.28725961538461536 0.028846153846153848 0.09495192307692307
0 0.055288461538461536 0.28725961538461536 0.03365384615384615 0.10576923076923077
0 0.025240384615384616 0.2932692307692308 0.03245192307692308 0.109375
0 0.004807692307692308 0.28846153846153844 0.009615384615384616 0.10096153846153846
0 0.11658653846153846 0.41947115384615385 0.030048076923076924 0.11298076923076923
0 0.08533653846153846 0.4110576923076923 0.03125 0.10697115384615384
0 0.052884615384615384 0.41586538461538464 0.03365384615384615 0.11057692307692307
0 0.021634615384615384 0.4110576923076923 0.030048076923076924 0.10697115384615384
0 0.006009615384615385 0.40865384615384615 0.01201923076923077 0.10096153846153846
0 0.5600961538461539 0.6838942307692307 0.025240384615384616 0.10697115384615384
0 0.5637019230769231 0.8088942307692307 0.026442307692307692 0.11057692307692307
0 0.109375 0.6730769230769231 0.03485576923076923 0.11658653846153846
0 0.10576923076923077 0.7944711538461539 0.03485576923076923 0.11298076923076923
0 0.07692307692307693 0.7908653846153846 0.03245192307692308 0.09615384615384616
0 0.07932692307692307 0.671875 0.03365384615384615 0.11658653846153846
0 0.04807692307692308 0.6658653846153846 0.037259615384615384 0.1141826923076923
0 0.018028846153846152 0.6670673076923077 0.036057692307692304 0.11298076923076923
0 0.04447115384615385 0.7932692307692307 0.037259615384615384 0.11899038461538461
0 0.016826923076923076 0.7848557692307693 0.03365384615384615 0.11298076923076923
0 0.009615384615384616 0.9903846153846154 0.019230769230769232 0.015625
0 0.040865384615384616 0.9891826923076923 0.028846153846153848 0.018028846153846152
0 0.0733173076923077 0.9903846153846154 0.025240384615384616 0.015625
0 0.10336538461538461 0.9915865384615384 0.027644230769230768 0.014423076923076924
0 0.13822115384615385 0.9915865384615384 0.02403846153846154 0.014423076923076924
0 0.17067307692307693 0.9903846153846154 0.027644230769230768 0.015625
0 0.20192307692307693 0.9927884615384616 0.02403846153846154 0.010817307692307692
0 0.23557692307692307 0.9903846153846154 0.030048076923076924 0.015625
0 0.2956730769230769 0.9927884615384616 0.02403846153846154 0.010817307692307692
0 0.3293269230769231 0.9915865384615384 0.026442307692307692 0.01201923076923077
0 0.9411057692307693 0.140625 0.04326923076923077 0.10576923076923077
0 0.5709134615384616 0.5372596153846154 0.06129807692307692 0.046875