0 0.2848557692307692 0.36899038461538464 0.037259615384615384 0.13221153846153846
0 0.2439903846153846 0.3786057692307692 0.03365384615384615 0.10817307692307693
0 0.203125 0.36658653846153844 0.037259615384615384 0.13581730769230768
0 0.25600961538461536 0.04447115384615385 0.078125 0.06610576923076923
0 0.12620192307692307 0.36658653846153844 0.036057692307692304 0.12379807692307693
0 0.08653846153846154 0.35697115384615385 0.038461538461538464 0.12620192307692307
0 0.04567307692307692 0.3545673076923077 0.038461538461538464 0.08052884615384616
0 0.5576923076923077 0.5805288461538461 0.037259615384615384 0.1466346153846154
0 0.3245192307692308 0.38100961538461536 0.039663461538461536 0.140625
0 0.09975961538461539 0.6754807692307693 0.052884615384615384 0.12379807692307693
0 0.13701923076923078 0.6730769230769231 0.052884615384615384 0.13701923076923078
0 0.21875 0.6935096153846154 0.04807692307692308 0.12259615384615384
0 0.2608173076923077 0.6875 0.04807692307692308 0.13341346153846154
0 0.3016826923076923 0.6778846153846154 0.04807692307692308 0.13942307692307693
0 0.3401442307692308 0.6778846153846154 0.05048076923076923 0.15745192307692307
0 0.38461538461538464 0.6862980769230769 0.051682692307692304 0.13581730769230768
0 0.36778846153846156 0.3737980769230769 0.03245192307692308 0.14903846153846154
0 0.40625 0.3641826923076923 0.03485576923076923 0.13942307692307693
0 0.4483173076923077 0.3786057692307692 0.03125 0.12620192307692307
0 0.49158653846153844 0.39302884615384615 0.03245192307692308 0.13581730769230768
0 0.16466346153846154 0.3605769230769231 0.040865384615384616 0.140625
0 0.015625 0.35096153846153844 0.030048076923076924 0.12860576923076922
0 0.44471153846153844 0.042067307692307696 0.07932692307692307 0.06490384615384616
0 0.5973557692307693 0.1622596153846154 0.08413461538461539 0.07451923076923077
0 0.042067307692307696 0.04807692307692308 0.08413461538461539 0.07211538461538461
0 0.6466346153846154 0.9591346153846154 0.042067307692307696 0.078125
0 0.5997596153846154 0.9483173076923077 0.04927884615384615 0.0985576923076923
0 0.5576923076923077 0.9447115384615384 0.04927884615384615 0.10697115384615384
0 0.5072115384615384 0.9567307692307693 0.04927884615384615 0.08173076923076923
0 0.46033653846153844 0.9591346153846154 0.04807692307692308 0.078125
0 0.41586538461538464 0.9483173076923077 0.056490384615384616 0.0985576923076923
0 0.3629807692307692 0.9483173076923077 0.052884615384615384 0.09975961538461539
0 0.3161057692307692 0.9471153846153846 0.052884615384615384 0.10336538461538461
0 0.2644230769230769 0.9459134615384616 0.055288461538461536 0.1045673076923077
0 0.2283653846153846 0.9338942307692307 0.055288461538461536 0.12860576923076922
0 0.1778846153846154 0.9375 0.05889423076923077 0.12259615384615384
0 0.1346153846153846 0.9362980769230769 0.05889423076923077 0.12379807692307693
0 0.036057692307692304 0.9350961538461539 0.056490384615384616 0.12740384615384615
0 0.014423076923076924 0.9110576923076923 0.027644230769230768 0.13221153846153846