0 0.38100961538461536 0.8389423076923077 0.039663461538461536 0.18389423076923078
0 0.3317307692307692 0.8305288461538461 0.039663461538461536 0.16105769230769232
0 0.4362980769230769 0.8449519230769231 0.04326923076923077 0.171875
0 0.4855769230769231 0.8317307692307693 0.04326923076923077 0.17548076923076922
0 0.5372596153846154 0.8389423076923077 0.042067307692307696 0.16826923076923078
0 0.5877403846153846 0.8365384615384616 0.042067307692307696 0.171875
0 0.6370192307692307 0.8413461538461539 0.04447115384615385 0.17908653846153846
0 0.6875 0.8221153846153846 0.04326923076923077 0.15745192307692307
0 0.7379807692307693 0.8449519230769231 0.04567307692307692 0.16947115384615385
0 0.7848557692307693 0.8425480769230769 0.04567307692307692 0.16826923076923078
0 0.8341346153846154 0.8365384615384616 0.04807692307692308 0.17548076923076922
0 0.9314903846153846 0.8389423076923077 0.052884615384615384 0.18629807692307693
0 0.9759615384615384 0.3786057692307692 0.04447115384615385 0.171875
0 0.9314903846153846 0.3713942307692308 0.04567307692307692 0.140625
0 0.8870192307692307 0.3894230769230769 0.04567307692307692 0.17067307692307693
0 0.8341346153846154 0.375 0.04447115384615385 0.15384615384615385
0 0.7848557692307693 0.37259615384615385 0.04567307692307692 0.1814903846153846
0 0.7391826923076923 0.37740384615384615 0.04567307692307692 0.17548076923076922
0 0.6923076923076923 0.3737980769230769 0.042067307692307696 0.1658653846153846
0 0.6454326923076923 0.3713942307692308 0.04447115384615385 0.16706730769230768
0 0.5889423076923077 0.3581730769230769 0.040865384615384616 0.16105769230769232
0 0.5408653846153846 0.35336538461538464 0.039663461538461536 0.16346153846153846
0 0.49158653846153844 0.3449519230769231 0.04326923076923077 0.16346153846153846
0 0.4411057692307692 0.34134615384615385 0.040865384615384616 0.16826923076923078
0 0.3894230769230769 0.3389423076923077 0.04567307692307692 0.17908653846153846
0 0.3401442307692308 0.34975961538461536 0.042067307692307696 0.15504807692307693
0 0.2932692307692308 0.34615384615384615 0.04567307692307692 0.17307692307692307
0 0.2403846153846154 0.359375 0.04447115384615385 0.16826923076923078
0 0.19591346153846154 0.359375 0.04807692307692308 0.16826923076923078
0 0.15144230769230768 0.3449519230769231 0.05048076923076923 0.16706730769230768
0 0.09975961538461539 0.35336538461538464 0.05048076923076923 0.1658653846153846
0 0.2860576923076923 0.8305288461538461 0.042067307692307696 0.15985576923076922
0 0.234375 0.8209134615384616 0.046875 0.17307692307692307
0 0.1875 0.8317307692307693 0.04447115384615385 0.13701923076923078
0 0.14182692307692307 0.8209134615384616 0.046875 0.15985576923076922
0 0.09134615384615384 0.7932692307692307 0.04807692307692308 0.1658653846153846
0 0.04326923076923077 0.8112980769230769 0.05048076923076923 0.1622596153846154
0 0.010817307692307692 0.8064903846153846 0.021634615384615384 0.1658653846153846