0 0.6802884615384616 0.021634615384615384 0.03365384615384615 0.04326923076923077
0 0.6790865384615384 0.1141826923076923 0.027644230769230768 0.11298076923076923
0 0.6826923076923077 0.25721153846153844 0.03125 0.11778846153846154
0 0.6802884615384616 0.4110576923076923 0.027644230769230768 0.11778846153846154
0 0.6778846153846154 0.5528846153846154 0.028846153846153848 0.11538461538461539
0 0.6706730769230769 0.7139423076923077 0.026442307692307692 0.11538461538461539
0 0.8473557692307693 0.6514423076923077 0.055288461538461536 0.055288461538461536
0 0.5372596153846154 0.14182692307692307 0.05048076923076923 0.051682692307692304
0 0.5336538461538461 0.3125 0.06129807692307692 0.055288461538461536
0 0.53125 0.48197115384615385 0.056490384615384616 0.052884615384615384
0 0.5336538461538461 0.5420673076923077 0.056490384615384616 0.046875
0 0.5348557692307693 0.5973557692307693 0.05889423076923077 0.046875
0 0.5336538461538461 0.6538461538461539 0.06009615384615385 0.046875
0 0.53125 0.7091346153846154 0.06009615384615385 0.046875
0 0.53125 0.7680288461538461 0.06129807692307692 0.052884615384615384
0 0.5276442307692307 0.8245192307692307 0.06370192307692307 0.051682692307692304
0 0.5252403846153846 0.8834134615384616 0.06009615384615385 0.052884615384615384
0 0.5240384615384616 0.9399038461538461 0.06129807692307692 0.05048076923076923
0 0.5240384615384616 0.984375 0.06129807692307692 0.027644230769230768
0 0.3942307692307692 0.09735576923076923 0.06129807692307692 0.06971153846153846
0 0.3942307692307692 0.21394230769230768 0.06610576923076923 0.0829326923076923
0 0.390625 0.6225961538461539 0.0625 0.07932692307692307
0 0.3870192307692308 0.9170673076923077 0.056490384615384616 0.06850961538461539
0 0.3870192307692308 0.9699519230769231 0.0625 0.056490384615384616
0 0.2692307692307692 0.03125 0.06009615384615385 0.0625
0 0.2704326923076923 0.0889423076923077 0.06370192307692307 0.06490384615384616
0 0.27163461538461536 0.15745192307692307 0.06129807692307692 0.07451923076923077
0 0.2692307692307692 0.2283653846153846 0.0625 0.06850961538461539
0 0.26802884615384615 0.29447115384615385 0.06610576923076923 0.07932692307692307
0 0.2692307692307692 0.3641826923076923 0.0625 0.08052884615384616
0 0.2620192307692308 0.421875 0.06610576923076923 0.08052884615384616
0 0.25961538461538464 0.4831730769230769 0.06850961538461539 0.078125
0 0.2668269230769231 0.5564903846153846 0.06490384615384616 0.078125
0 0.265625 0.6262019230769231 0.052884615384615384 0.06009615384615385
0 0.25961538461538464 0.6947115384615384 0.06009615384615385 0.06850961538461539
0 0.25600961538461536 0.7608173076923077 0.055288461538461536 0.05889423076923077
0 0.25961538461538464 0.8269230769230769 0.056490384615384616 0.06850961538461539
0 0.26322115384615385 0.8942307692307693 0.055288461538461536 0.06009615384615385
0 0.25721153846153844 0.9543269230769231 0.055288461538461536 0.07091346153846154