0 0.5697115384615384 0.23197115384615385 0.027644230769230768 0.11538461538461539
0 0.5685096153846154 0.3641826923076923 0.026442307692307692 0.109375
0 0.5612980769230769 0.5480769230769231 0.030048076923076924 0.10697115384615384
0 0.5540865384615384 0.6887019230769231 0.025240384615384616 0.08653846153846154
0 0.5576923076923077 0.796875 0.027644230769230768 0.109375
0 0.40625 0.5552884615384616 0.06370192307692307 0.054086538461538464
0 0.41346153846153844 0.6225961538461539 0.06129807692307692 0.051682692307692304
0 0.41586538461538464 0.6778846153846154 0.05889423076923077 0.04326923076923077
0 0.40865384615384615 0.7295673076923077 0.057692307692307696 0.051682692307692304
0 0.4026442307692308 0.7872596153846154 0.055288461538461536 0.054086538461538464
0 0.39663461538461536 0.8461538461538461 0.057692307692307696 0.052884615384615384
0 0.4026442307692308 0.9014423076923077 0.054086538461538464 0.046875
0 0.41225961538461536 0.9579326923076923 0.04567307692307692 0.05048076923076923
0 0.3401442307692308 0.4795673076923077 0.06129807692307692 0.054086538461538464
0 0.24879807692307693 0.2764423076923077 0.06129807692307692 0.054086538461538464
0 0.16346153846153846 0.32211538461538464 0.05889423076923077 0.06490384615384616
0 0.16466346153846154 0.38461538461538464 0.06490384615384616 0.06971153846153846
0 0.1622596153846154 0.4483173076923077 0.056490384615384616 0.07692307692307693
0 0.1502403846153846 0.5060096153846154 0.06610576923076923 0.07091346153846154
0 0.15264423076923078 0.5745192307692307 0.0625 0.08173076923076923
0 0.14903846153846154 0.6394230769230769 0.06490384615384616 0.06610576923076923
0 0.1502403846153846 0.703125 0.06009615384615385 0.06610576923076923
0 0.1502403846153846 0.7668269230769231 0.06370192307692307 0.07211538461538461
0 0.14543269230769232 0.8305288461538461 0.06610576923076923 0.06850961538461539
0 0.14903846153846154 0.9002403846153846 0.06610576923076923 0.06610576923076923
0 0.14423076923076922 0.9651442307692307 0.06370192307692307 0.06129807692307692
0 0.2824519230769231 0.6057692307692307 0.06129807692307692 0.06129807692307692
0 0.2824519230769231 0.6694711538461539 0.056490384615384616 0.055288461538461536
0 0.2644230769230769 0.7319711538461539 0.06490384615384616 0.0625
0 0.27163461538461536 0.7884615384615384 0.055288461538461536 0.06009615384615385
0 0.2692307692307692 0.9519230769230769 0.05889423076923077 0.0625