0 0.3557692307692308 0.4723557692307692 0.03365384615384615 0.14423076923076922
0 0.39783653846153844 0.47115384615384615 0.03245192307692308 0.12740384615384615
0 0.4387019230769231 0.4735576923076923 0.036057692307692304 0.15985576923076922
0 0.36658653846153844 0.7836538461538461 0.04567307692307692 0.13701923076923078
0 0.4855769230769231 0.49278846153846156 0.037259615384615384 0.1502403846153846
0 0.3112980769230769 0.48197115384615385 0.04447115384615385 0.16346153846153846
0 0.5276442307692307 0.4699519230769231 0.03485576923076923 0.1346153846153846
0 0.5685096153846154 0.47475961538461536 0.03485576923076923 0.13942307692307693
0 0.609375 0.47836538461538464 0.03245192307692308 0.08413461538461539
0 0.6526442307692307 0.4807692307692308 0.03245192307692308 0.13341346153846154
0 0.6911057692307693 0.49158653846153844 0.03365384615384615 0.12620192307692307
0 0.7728365384615384 0.4963942307692308 0.03245192307692308 0.13581730769230768
0 0.7319711538461539 0.4879807692307692 0.038461538461538464 0.14182692307692307
0 0.8137019230769231 0.5036057692307693 0.03485576923076923 0.109375
0 0.8521634615384616 0.4987980769230769 0.037259615384615384 0.12379807692307693
0 0.8918269230769231 0.5084134615384616 0.039663461538461536 0.13701923076923078
0 0.9350961538461539 0.5024038461538461 0.038461538461538464 0.14302884615384615
0 0.9723557692307693 0.4963942307692308 0.038461538461538464 0.140625
0 0.9939903846153846 0.5108173076923077 0.009615384615384616 0.12620192307692307
0 0.021634615384615384 0.11538461538461539 0.04326923076923077 0.06490384615384616
0 0.13822115384615385 0.12620192307692307 0.08173076923076923 0.06850961538461539
0 0.5036057692307693 0.14423076923076922 0.07932692307692307 0.06971153846153846
0 0.5961538461538461 0.15745192307692307 0.08052884615384616 0.06971153846153846
0 0.8161057692307693 0.17067307692307693 0.07451923076923077 0.07091346153846154
0 0.9819711538461539 0.18028846153846154 0.03365384615384615 0.07211538461538461
0 0.9519230769230769 0.8100961538461539 0.052884615384615384 0.13341346153846154
0 0.27283653846153844 0.46634615384615385 0.03485576923076923 0.13701923076923078
0 0.23557692307692307 0.4579326923076923 0.03485576923076923 0.13701923076923078
0 0.19471153846153846 0.4495192307692308 0.038461538461538464 0.13942307692307693
0 0.15504807692307693 0.4723557692307692 0.038461538461538464 0.13341346153846154
0 0.11538461538461539 0.44711538461538464 0.039663461538461536 0.14182692307692307
0 0.078125 0.4495192307692308 0.040865384615384616 0.13221153846153846
0 0.038461538461538464 0.44711538461538464 0.04326923076923077 0.140625
0 0.010817307692307692 0.453125 0.021634615384615384 0.13942307692307693
0 0.4519230769230769 0.7908653846153846 0.046875 0.14423076923076922
0 0.4963942307692308 0.8004807692307693 0.040865384615384616 0.13942307692307693
0 0.6646634615384616 0.8088942307692307 0.04807692307692308 0.12860576923076922
0 0.7067307692307693 0.8088942307692307 0.05048076923076923 0.14182692307692307
0 0.7872596153846154 0.8233173076923077 0.04447115384615385 0.1310096153846154
0 0.8293269230769231 0.8137019230769231 0.04326923076923077 0.13341346153846154
0 0.8689903846153846 0.7980769230769231 0.04447115384615385 0.13221153846153846
0 0.9074519230769231 0.8028846153846154 0.04927884615384615 0.14903846153846154
0 0.16346153846153846 0.7668269230769231 0.055288461538461536 0.13341346153846154
0 0.11778846153846154 0.7560096153846154 0.052884615384615384 0.13341346153846154
0 0.08052884615384616 0.7596153846153846 0.052884615384615384 0.13221153846153846
0 0.042067307692307696 0.7536057692307693 0.056490384615384616 0.13701923076923078
0 0.040865384615384616 0.9759615384615384 0.05048076923076923 0.04326923076923077
0 0.18509615384615385 0.984375 0.037259615384615384 0.026442307692307692
0 0.23197115384615385 0.9831730769230769 0.037259615384615384 0.028846153846153848