0 0.8846153846153846 0.6862980769230769 0.07091346153846154 0.11778846153846154
0 0.6466346153846154 0.9302884615384616 0.08413461538461539 0.06490384615384616
0 0.6442307692307693 0.8473557692307693 0.06971153846153846 0.06490384615384616
0 0.5552884615384616 0.7716346153846154 0.08052884615384616 0.0625
0 0.5528846153846154 0.8473557692307693 0.07932692307692307 0.06370192307692307
0 0.5456730769230769 0.921875 0.08413461538461539 0.06971153846153846
0 0.5480769230769231 0.9795673076923077 0.08653846153846154 0.038461538461538464
0 0.36177884615384615 0.8365384615384616 0.08653846153846154 0.07932692307692307
0 0.27283653846153844 0.7920673076923077 0.08653846153846154 0.07932692307692307
0 0.36538461538461536 0.9675480769230769 0.08413461538461539 0.06009615384615385
0 0.27884615384615385 0.9831730769230769 0.078125 0.028846153846153848
0 0.10096153846153846 0.953125 0.09495192307692307 0.0733173076923077
0 0.09014423076923077 0.8149038461538461 0.08413461538461539 0.07451923076923077
0 0.08774038461538461 0.7427884615384616 0.09495192307692307 0.07932692307692307
0 0.0889423076923077 0.5973557692307693 0.0829326923076923 0.07692307692307693
0 0.078125 0.5216346153846154 0.09014423076923077 0.07091346153846154
0 0.06971153846153846 0.3858173076923077 0.0889423076923077 0.06370192307692307
0 0.0733173076923077 0.31009615384615385 0.08533653846153846 0.06610576923076923
0 0.01201923076923077 0.3137019230769231 0.02403846153846154 0.0625
0 0.2512019230769231 0.35697115384615385 0.0829326923076923 0.06490384615384616
0 0.24879807692307693 0.5024038461538461 0.08173076923076923 0.07211538461538461
0 0.33653846153846156 0.42908653846153844 0.08653846153846154 0.054086538461538464
0 0.3449519230769231 0.5012019230769231 0.07932692307692307 0.07451923076923077
0 0.35216346153846156 0.609375 0.09014423076923077 0.07211538461538461
0 0.8076923076923077 0.5709134615384616 0.07451923076923077 0.11057692307692307
0 0.7848557692307693 0.5060096153846154 0.0733173076923077 0.12740384615384615
0 0.6862980769230769 0.3269230769230769 0.06850961538461539 0.10336538461538461
0 0.6526442307692307 0.27403846153846156 0.06370192307692307 0.10576923076923077
0 0.6310096153846154 0.20673076923076922 0.06370192307692307 0.109375
0 0.9627403846153846 0.31490384615384615 0.0733173076923077 0.1346153846153846
0 0.9831730769230769 0.38461538461538464 0.030048076923076924 0.10817307692307693
0 0.9807692307692307 0.5108173076923077 0.037259615384615384 0.09495192307692307
0 0.9855769230769231 0.09134615384615384 0.027644230769230768 0.15504807692307693
0 0.9435096153846154 0.25 0.0733173076923077 0.12620192307692307
0 0.9122596153846154 0.18509615384615385 0.07932692307692307 0.140625
0 0.8774038461538461 0.140625 0.09014423076923077 0.14302884615384615
0 0.8377403846153846 0.08052884615384616 0.0889423076923077 0.13701923076923078
0 0.8076923076923077 0.038461538461538464 0.0733173076923077 0.07692307692307693