0 0.4254807692307692 0.5144230769230769 0.03125 0.1310096153846154
0 0.46274038461538464 0.5096153846153846 0.03485576923076923 0.13221153846153846
0 0.5384615384615384 0.5072115384615384 0.03125 0.13341346153846154
0 0.3870192307692308 0.4855769230769231 0.030048076923076924 0.125
0 0.35096153846153844 0.49038461538461536 0.03125 0.125
0 0.3161057692307692 0.4879807692307692 0.03245192307692308 0.12379807692307693
0 0.5745192307692307 0.49038461538461536 0.030048076923076924 0.109375
0 0.24639423076923078 0.49278846153846156 0.03245192307692308 0.11899038461538461
0 0.6117788461538461 0.4855769230769231 0.03245192307692308 0.12379807692307693
0 0.6478365384615384 0.49278846153846156 0.03485576923076923 0.125
0 0.6875 0.4807692307692308 0.03245192307692308 0.12620192307692307
0 0.21153846153846154 0.5 0.03245192307692308 0.1346153846153846
0 0.17548076923076922 0.49759615384615385 0.03245192307692308 0.10697115384615384
0 0.17908653846153846 0.15865384615384615 0.03365384615384615 0.1141826923076923
0 0.2127403846153846 0.14903846153846154 0.03245192307692308 0.109375
0 0.31850961538461536 0.14302884615384615 0.03245192307692308 0.12860576923076922
0 0.35336538461538464 0.14903846153846154 0.03245192307692308 0.12860576923076922
0 0.3894230769230769 0.15144230769230768 0.03125 0.1346153846153846
0 0.42788461538461536 0.12379807692307693 0.03245192307692308 0.12860576923076922
0 0.4651442307692308 0.13701923076923078 0.03125 0.11658653846153846
0 0.5012019230769231 0.14182692307692307 0.030048076923076924 0.12860576923076922
0 0.5336538461538461 0.14423076923076922 0.028846153846153848 0.11658653846153846
0 0.5685096153846154 0.1466346153846154 0.030048076923076924 0.12379807692307693
0 0.6045673076923077 0.1502403846153846 0.030048076923076924 0.12620192307692307
0 0.6430288461538461 0.13701923076923078 0.03245192307692308 0.12379807692307693
0 0.6778846153846154 0.1310096153846154 0.03485576923076923 0.13581730769230768
0 0.7127403846153846 0.14182692307692307 0.03245192307692308 0.125
0 0.7487980769230769 0.13942307692307693 0.03245192307692308 0.11298076923076923
0 0.7824519230769231 0.109375 0.037259615384615384 0.12139423076923077
0 0.7620192307692307 0.4831730769230769 0.03485576923076923 0.12620192307692307
0 0.7259615384615384 0.48197115384615385 0.036057692307692304 0.125
0 0.8100961538461539 0.8088942307692307 0.037259615384615384 0.11899038461538461
0 0.765625 0.8221153846153846 0.03365384615384615 0.12740384615384615
0 0.7283653846153846 0.828125 0.03245192307692308 0.10576923076923077
0 0.6935096153846154 0.8125 0.03485576923076923 0.12860576923076922
0 0.6574519230769231 0.8365384615384616 0.03245192307692308 0.12379807692307693
0 0.6189903846153846 0.8329326923076923 0.03365384615384615 0.1310096153846154
0 0.5829326923076923 0.8449519230769231 0.03245192307692308 0.13341346153846154
0 0.5456730769230769 0.8497596153846154 0.03125 0.1310096153846154
0 0.5048076923076923 0.8533653846153846 0.038461538461538464 0.203125
0 0.3918269230769231 0.6911057692307693 0.06971153846153846 0.09975961538461539
0 0.3629807692307692 0.8341346153846154 0.03245192307692308 0.12740384615384615
0 0.2512019230769231 0.8677884615384616 0.038461538461538464 0.12860576923076922
0 0.1814903846153846 0.8473557692307693 0.036057692307692304 0.13942307692307693
0 0.11298076923076923 0.8473557692307693 0.036057692307692304 0.12860576923076922
0 0.07451923076923077 0.8557692307692307 0.036057692307692304 0.12740384615384615
0 0.038461538461538464 0.8569711538461539 0.038461538461538464 0.12860576923076922
0 0.009615384615384616 0.8425480769230769 0.019230769230769232 0.11658653846153846
0 0.14302884615384615 0.5180288461538461 0.03245192307692308 0.12379807692307693
0 0.10697115384615384 0.5096153846153846 0.03245192307692308 0.11778846153846154
0 0.06850961538461539 0.5144230769230769 0.037259615384615384 0.1310096153846154
0 0.03485576923076923 0.5192307692307693 0.03245192307692308 0.125
0 0.009615384615384616 0.5240384615384616 0.019230769230769232 0.125
0 0.037259615384615384 0.16826923076923078 0.04326923076923077 0.10817307692307693
0 0.13942307692307693 0.16346153846153846 0.03245192307692308 0.11778846153846154
0 0.10697115384615384 0.15865384615384615 0.03245192307692308 0.12379807692307693