0 0.6838942307692307 0.7115384615384616 0.04567307692307692 0.11658653846153846
0 0.6382211538461539 0.7307692307692307 0.030048076923076924 0.11538461538461539
0 0.6286057692307693 0.9795673076923077 0.03245192307692308 0.037259615384615384
0 0.6346153846153846 0.5793269230769231 0.028846153846153848 0.10817307692307693
0 0.6418269230769231 0.44711538461538464 0.030048076923076924 0.11057692307692307
0 0.6466346153846154 0.30288461538461536 0.030048076923076924 0.11057692307692307
0 0.6550480769230769 0.02283653846153846 0.03125 0.04567307692307692
0 0.49278846153846156 0.6081730769230769 0.05048076923076923 0.051682692307692304
0 0.48677884615384615 0.7800480769230769 0.06129807692307692 0.06009615384615385
0 0.4795673076923077 0.9483173076923077 0.056490384615384616 0.054086538461538464
0 0.4879807692307692 0.37740384615384615 0.05889423076923077 0.055288461538461536
0 0.4987980769230769 0.3161057692307692 0.056490384615384616 0.051682692307692304
0 0.5048076923076923 0.20552884615384615 0.055288461538461536 0.055288461538461536
0 0.5096153846153846 0.15144230769230768 0.04326923076923077 0.04447115384615385
0 0.49759615384615385 0.09014423076923077 0.054086538461538464 0.051682692307692304
0 0.49278846153846156 0.030048076923076924 0.05889423076923077 0.054086538461538464
0 0.3629807692307692 0.14423076923076922 0.056490384615384616 0.06971153846153846
0 0.36658653846153844 0.20552884615384615 0.05889423076923077 0.07692307692307693
0 0.35096153846153844 0.5612980769230769 0.06129807692307692 0.06490384615384616
0 0.34975961538461536 0.6766826923076923 0.06850961538461539 0.07451923076923077
0 0.22596153846153846 0.6141826923076923 0.0673076923076923 0.08653846153846154
0 0.2247596153846154 0.6875 0.06009615384615385 0.06850961538461539
0 0.22355769230769232 0.7524038461538461 0.06370192307692307 0.07451923076923077
0 0.21995192307692307 0.8233173076923077 0.06610576923076923 0.07932692307692307
0 0.21514423076923078 0.8858173076923077 0.06370192307692307 0.0889423076923077
0 0.21153846153846154 0.9435096153846154 0.06490384615384616 0.07932692307692307
0 0.22716346153846154 0.546875 0.06370192307692307 0.07091346153846154
0 0.2247596153846154 0.47475961538461536 0.06370192307692307 0.08653846153846154
0 0.22716346153846154 0.41947115384615385 0.06129807692307692 0.07451923076923077
0 0.23317307692307693 0.35697115384615385 0.06129807692307692 0.06971153846153846
0 0.23076923076923078 0.2920673076923077 0.06610576923076923 0.07091346153846154
0 0.23317307692307693 0.21394230769230768 0.05889423076923077 0.07451923076923077
0 0.234375 0.15264423076923078 0.06370192307692307 0.0733173076923077
0 0.2403846153846154 0.09254807692307693 0.0673076923076923 0.07692307692307693
0 0.23557692307692307 0.027644230769230768 0.06370192307692307 0.055288461538461536