0 0.7151442307692307 0.6814903846153846 0.09014423076923077 0.07211538461538461
0 0.7151442307692307 0.18028846153846154 0.09254807692307693 0.07692307692307693
0 0.7151442307692307 0.26802884615384615 0.09254807692307693 0.07692307692307693
0 0.8233173076923077 0.19471153846153846 0.08774038461538461 0.07211538461538461
0 0.8257211538461539 0.3629807692307692 0.0889423076923077 0.07451923076923077
0 0.8197115384615384 0.5240384615384616 0.09134615384615384 0.07451923076923077
0 0.8149038461538461 0.6033653846153846 0.08774038461538461 0.06610576923076923
0 0.8269230769230769 0.7668269230769231 0.08413461538461539 0.07451923076923077
0 0.8185096153846154 0.8485576923076923 0.08533653846153846 0.0733173076923077
0 0.8161057692307693 0.9254807692307693 0.08533653846153846 0.06610576923076923
0 0.7091346153846154 0.8485576923076923 0.07932692307692307 0.06610576923076923
0 0.7139423076923077 0.5144230769230769 0.08774038461538461 0.06129807692307692
0 0.9759615384615384 0.21153846153846154 0.04447115384615385 0.07211538461538461
0 0.8209134615384616 0.2800480769230769 0.08653846153846154 0.07451923076923077
0 0.9783653846153846 0.29086538461538464 0.039663461538461536 0.06610576923076923
0 0.9783653846153846 0.36899038461538464 0.040865384615384616 0.06610576923076923
0 0.9735576923076923 0.7980769230769231 0.05048076923076923 0.08173076923076923
0 0.9759615384615384 0.8786057692307693 0.04567307692307692 0.06610576923076923
0 0.5084134615384616 0.3389423076923077 0.08774038461538461 0.06490384615384616
0 0.5072115384615384 0.41346153846153844 0.07692307692307693 0.07091346153846154
0 0.5036057692307693 0.6754807692307693 0.0985576923076923 0.08173076923076923
0 0.49759615384615385 0.7596153846153846 0.09495192307692307 0.07211538461538461
0 0.5036057692307693 0.9350961538461539 0.09735576923076923 0.0829326923076923
0 0.38822115384615385 0.4963942307692308 0.0829326923076923 0.06971153846153846
0 0.3954326923076923 0.24879807692307693 0.09495192307692307 0.06971153846153846
0 0.3954326923076923 0.16947115384615385 0.09495192307692307 0.07211538461538461
0 0.01201923076923077 0.39663461538461536 0.02403846153846154 0.07091346153846154