0 0.5588942307692307 0.14182692307692307 0.039663461538461536 0.16706730769230768
0 0.6574519230769231 0.1875 0.04447115384615385 0.16947115384615385
0 0.8449519230769231 0.6598557692307693 0.04447115384615385 0.15745192307692307
0 0.8894230769230769 0.6634615384615384 0.046875 0.1622596153846154
0 0.9338942307692307 0.6658653846153846 0.05048076923076923 0.16706730769230768
0 0.9759615384615384 0.6622596153846154 0.046875 0.1778846153846154
0 0.7932692307692307 0.6466346153846154 0.04447115384615385 0.15384615384615385
0 0.7487980769230769 0.640625 0.042067307692307696 0.15985576923076922
0 0.7007211538461539 0.6310096153846154 0.04567307692307692 0.15865384615384615
0 0.5120192307692307 0.12379807692307693 0.040865384615384616 0.16947115384615385
0 0.4639423076923077 0.13701923076923078 0.038461538461538464 0.16105769230769232
0 0.4098557692307692 0.14903846153846154 0.04567307692307692 0.171875
0 0.609375 0.1622596153846154 0.039663461538461536 0.1622596153846154
0 0.7055288461538461 0.17668269230769232 0.04326923076923077 0.1658653846153846
0 0.7992788461538461 0.1875 0.04567307692307692 0.17307692307692307
0 0.8461538461538461 0.17908653846153846 0.04567307692307692 0.1466346153846154
0 0.9362980769230769 0.18870192307692307 0.052884615384615384 0.13942307692307693
0 0.6538461538461539 0.6310096153846154 0.038461538461538464 0.1658653846153846
0 0.6033653846153846 0.6262019230769231 0.04807692307692308 0.17668269230769232
0 0.5528846153846154 0.6346153846153846 0.038461538461538464 0.15745192307692307
0 0.5036057692307693 0.6310096153846154 0.04447115384615385 0.17668269230769232
0 0.4519230769230769 0.6418269230769231 0.039663461538461536 0.17668269230769232
0 0.4014423076923077 0.640625 0.04567307692307692 0.17067307692307693
0 0.3545673076923077 0.6213942307692307 0.04567307692307692 0.17307692307692307
0 0.30288461538461536 0.6310096153846154 0.04326923076923077 0.16706730769230768
0 0.010817307692307692 0.3713942307692308 0.021634615384615384 0.07932692307692307
0 0.009615384615384616 0.4519230769230769 0.019230769230769232 0.07211538461538461
0 0.007211538461538462 0.5420673076923077 0.014423076923076924 0.078125