0 0.6550480769230769 0.15745192307692307 0.06129807692307692 0.05889423076923077
0 0.6622596153846154 0.22115384615384615 0.06129807692307692 0.05048076923076923
0 0.6682692307692307 0.2764423076923077 0.06129807692307692 0.051682692307692304
0 0.6682692307692307 0.3317307692307692 0.05889423076923077 0.04807692307692308
0 0.671875 0.3870192307692308 0.0625 0.054086538461538464
0 0.6682692307692307 0.44350961538461536 0.057692307692307696 0.046875
0 0.6634615384615384 0.49399038461538464 0.05889423076923077 0.05048076923076923
0 0.6875 0.5528846153846154 0.06129807692307692 0.054086538461538464
0 0.6634615384615384 0.6081730769230769 0.05889423076923077 0.04567307692307692
0 0.6814903846153846 0.6694711538461539 0.06850961538461539 0.052884615384615384
0 0.6790865384615384 0.7259615384615384 0.06370192307692307 0.04807692307692308
0 0.6754807692307693 0.7824519230769231 0.054086538461538464 0.04567307692307692
0 0.6730769230769231 0.8341346153846154 0.054086538461538464 0.051682692307692304
0 0.6778846153846154 0.890625 0.06129807692307692 0.05048076923076923
0 0.6778846153846154 0.9447115384615384 0.054086538461538464 0.04807692307692308
0 0.6802884615384616 0.9855769230769231 0.06129807692307692 0.02403846153846154
0 0.5564903846153846 0.2980769230769231 0.026442307692307692 0.10096153846153846
0 0.5576923076923077 0.41225961538461536 0.025240384615384616 0.10336538461538461
0 0.5649038461538461 0.5300480769230769 0.030048076923076924 0.11899038461538461
0 0.5661057692307693 0.6526442307692307 0.027644230769230768 0.11298076923076923
0 0.5661057692307693 0.7800480769230769 0.027644230769230768 0.12139423076923077
0 0.5697115384615384 0.8846153846153846 0.02403846153846154 0.09254807692307693
0 0.5721153846153846 0.9675480769230769 0.030048076923076924 0.06129807692307692
0 0.5096153846153846 0.265625 0.057692307692307696 0.055288461538461536
0 0.5060096153846154 0.3317307692307692 0.06129807692307692 0.04447115384615385
0 0.5072115384615384 0.3858173076923077 0.05889423076923077 0.051682692307692304
0 0.5060096153846154 0.44591346153846156 0.06129807692307692 0.05048076923076923
0 0.5120192307692307 0.5024038461538461 0.06129807692307692 0.054086538461538464
0 0.515625 0.5612980769230769 0.06129807692307692 0.05048076923076923
0 0.5144230769230769 0.6189903846153846 0.057692307692307696 0.055288461538461536
0 0.5120192307692307 0.6766826923076923 0.05889423076923077 0.046875
0 0.5120192307692307 0.7379807692307693 0.0625 0.055288461538461536
0 0.515625 0.7884615384615384 0.0625 0.056490384615384616
0 0.5192307692307693 0.8497596153846154 0.06370192307692307 0.056490384615384616
0 0.5144230769230769 0.9074519230769231 0.06129807692307692 0.052884615384615384
0 0.5144230769230769 0.9591346153846154 0.06129807692307692 0.054086538461538464
0 0.3245192307692308 0.15745192307692307 0.05889423076923077 0.056490384615384616
0 0.33413461538461536 0.22235576923076922 0.06009615384615385 0.055288461538461536
0 0.33413461538461536 0.2824519230769231 0.0673076923076923 0.05048076923076923
0 0.3233173076923077 0.3401442307692308 0.0625 0.052884615384615384
0 0.32211538461538464 0.40024038461538464 0.06009615384615385 0.052884615384615384
0 0.328125 0.45552884615384615 0.052884615384615384 0.052884615384615384
0 0.31971153846153844 0.5180288461538461 0.052884615384615384 0.046875
0 0.3233173076923077 0.5709134615384616 0.06129807692307692 0.04807692307692308
0 0.32091346153846156 0.6346153846153846 0.055288461538461536 0.052884615384615384
0 0.33413461538461536 0.6887019230769231 0.0625 0.051682692307692304
0 0.33653846153846156 0.7439903846153846 0.05889423076923077 0.051682692307692304
0 0.33052884615384615 0.8028846153846154 0.06129807692307692 0.052884615384615384
0 0.3293269230769231 0.8629807692307693 0.05889423076923077 0.054086538461538464
0 0.328125 0.9194711538461539 0.06370192307692307 0.052884615384615384
0 0.3317307692307692 0.9747596153846154 0.0625 0.04567307692307692