0 0.6153846153846154 0.4375 0.025240384615384616 0.10576923076923077
0 0.6466346153846154 0.4387019230769231 0.026442307692307692 0.10576923076923077
0 0.6778846153846154 0.43509615384615385 0.028846153846153848 0.109375
0 0.7079326923076923 0.4387019230769231 0.027644230769230768 0.11057692307692307
0 0.7668269230769231 0.43149038461538464 0.025240384615384616 0.0985576923076923
0 0.7367788461538461 0.43028846153846156 0.028846153846153848 0.11298076923076923
0 0.8485576923076923 0.7079326923076923 0.027644230769230768 0.109375
0 0.8209134615384616 0.7043269230769231 0.03125 0.11298076923076923
0 0.6177884615384616 0.8064903846153846 0.06129807692307692 0.05048076923076923
0 0.6189903846153846 0.859375 0.06370192307692307 0.05048076923076923
0 0.6189903846153846 0.9170673076923077 0.06490384615384616 0.052884615384615384
0 0.6598557692307693 0.18990384615384615 0.026442307692307692 0.10576923076923077
0 0.6310096153846154 0.18509615384615385 0.026442307692307692 0.1045673076923077
0 0.5961538461538461 0.17548076923076922 0.026442307692307692 0.09134615384615384
0 0.5649038461538461 0.16947115384615385 0.025240384615384616 0.11899038461538461
0 0.5324519230769231 0.17548076923076922 0.025240384615384616 0.1141826923076923
0 0.5048076923076923 0.17307692307692307 0.026442307692307692 0.10817307692307693
0 0.4735576923076923 0.17067307692307693 0.027644230769230768 0.10576923076923077
0 0.3786057692307692 0.1622596153846154 0.026442307692307692 0.10576923076923077
0 0.4855769230769231 0.453125 0.027644230769230768 0.109375
0 0.45552884615384615 0.4495192307692308 0.030048076923076924 0.109375
0 0.4230769230769231 0.4543269230769231 0.027644230769230768 0.10096153846153846
0 0.3894230769230769 0.45552884615384615 0.026442307692307692 0.10336538461538461
0 0.48197115384615385 0.7067307692307693 0.027644230769230768 0.10697115384615384
0 0.4831730769230769 0.8401442307692307 0.026442307692307692 0.109375
0 0.4519230769230769 0.7175480769230769 0.027644230769230768 0.1045673076923077
0 0.4483173076923077 0.8365384615384616 0.026442307692307692 0.1045673076923077
0 0.41947115384615385 0.7151442307692307 0.027644230769230768 0.109375
0 0.4182692307692308 0.8377403846153846 0.026442307692307692 0.10697115384615384
0 0.3870192307692308 0.8305288461538461 0.027644230769230768 0.0985576923076923
0 0.3557692307692308 0.8317307692307693 0.027644230769230768 0.109375
0 0.3870192307692308 0.7043269230769231 0.025240384615384616 0.10817307692307693
0 0.3557692307692308 0.7127403846153846 0.027644230769230768 0.1045673076923077
0 0.3245192307692308 0.7091346153846154 0.027644230769230768 0.10576923076923077
0 0.32211538461538464 0.8341346153846154 0.026442307692307692 0.0985576923076923
0 0.2920673076923077 0.8245192307692307 0.027644230769230768 0.11057692307692307
0 0.2620192307692308 0.8161057692307693 0.025240384615384616 0.10576923076923077
0 0.23317307692307693 0.8233173076923077 0.030048076923076924 0.1045673076923077
0 0.203125 0.8269230769230769 0.026442307692307692 0.0985576923076923
0 0.171875 0.8245192307692307 0.025240384615384616 0.10336538461538461
0 0.2932692307692308 0.7079326923076923 0.027644230769230768 0.109375
0 0.2620192307692308 0.7079326923076923 0.027644230769230768 0.1045673076923077
0 0.055288461538461536 0.703125 0.028846153846153848 0.10576923076923077
0 0.021634615384615384 0.7079326923076923 0.03365384615384615 0.1141826923076923
0 0.359375 0.44591346153846156 0.027644230769230768 0.10817307692307693
0 0.33052884615384615 0.4411057692307692 0.026442307692307692 0.11057692307692307
0 0.296875 0.44591346153846156 0.027644230769230768 0.10336538461538461
0 0.265625 0.45913461538461536 0.027644230769230768 0.1045673076923077
0 0.04447115384615385 0.18028846153846154 0.03125 0.11899038461538461
0 0.07692307692307693 0.1778846153846154 0.03245192307692308 0.10336538461538461
0 0.4387019230769231 0.17908653846153846 0.027644230769230768 0.109375
0 0.7644230769230769 0.7043269230769231 0.027644230769230768 0.0985576923076923
0 0.7355769230769231 0.6971153846153846 0.027644230769230768 0.10697115384615384
0 0.6081730769230769 0.6971153846153846 0.028846153846153848 0.109375
0 0.6418269230769231 0.6995192307692307 0.027644230769230768 0.10817307692307693
0 0.6730769230769231 0.7127403846153846 0.026442307692307692 0.10817307692307693
0 0.7019230769230769 0.703125 0.027644230769230768 0.10336538461538461
0 0.020432692307692308 0.8305288461538461 0.030048076923076924 0.11057692307692307
0 0.6237980769230769 0.9663461538461539 0.06370192307692307 0.04447115384615385
0 0.7175480769230769 0.18028846153846154 0.027644230769230768 0.1045673076923077
0 0.14423076923076922 0.8221153846153846 0.030048076923076924 0.109375
0 0.11298076923076923 0.8233173076923077 0.028846153846153848 0.10697115384615384
0 0.08173076923076923 0.8209134615384616 0.03125 0.109375
0 0.007211538461538462 0.45913461538461536 0.013221153846153846 0.0985576923076923
0 0.014423076923076924 0.17668269230769232 0.027644230769230768 0.10817307692307693
0 0.9399038461538461 0.7019230769230769 0.030048076923076924 0.10096153846153846
0 0.7956730769230769 0.4519230769230769 0.027644230769230768 0.10096153846153846
0 0.8257211538461539 0.4519230769230769 0.027644230769230768 0.10697115384615384
0 0.8545673076923077 0.44350961538461536 0.026442307692307692 0.10336538461538461
0 0.8822115384615384 0.44591346153846156 0.027644230769230768 0.09975961538461539
0 0.9134615384615384 0.44350961538461536 0.030048076923076924 0.10096153846153846
0 0.9411057692307693 0.44471153846153844 0.030048076923076924 0.09615384615384616
0 0.9699519230769231 0.44350961538461536 0.03245192307692308 0.10817307692307693
0 0.9927884615384616 0.44471153846153844 0.01201923076923077 0.10096153846153846
0 0.9855769230769231 0.2127403846153846 0.02403846153846154 0.1045673076923077
0 0.8629807692307693 0.18990384615384615 0.027644230769230768 0.09735576923076923
0 0.8942307692307693 0.19591346153846154 0.027644230769230768 0.09615384615384616
0 0.9266826923076923 0.21153846153846154 0.03245192307692308 0.09735576923076923
0 0.9567307692307693 0.21394230769230768 0.03125 0.10697115384615384
0 0.7475961538461539 0.1935096153846154 0.028846153846153848 0.09615384615384616
0 0.7776442307692307 0.18990384615384615 0.028846153846153848 0.1045673076923077
0 0.8076923076923077 0.18509615384615385 0.028846153846153848 0.11778846153846154
0 0.8365384615384616 0.18990384615384615 0.025240384615384616 0.10576923076923077
0 0.5432692307692307 0.47596153846153844 0.027644230769230768 0.10576923076923077
0 0.23677884615384615 0.4543269230769231 0.027644230769230768 0.10576923076923077
0 0.4074519230769231 0.1814903846153846 0.028846153846153848 0.10697115384615384
0 0.3473557692307692 0.171875 0.026442307692307692 0.10817307692307693
0 0.3173076923076923 0.16826923076923078 0.027644230769230768 0.10817307692307693
0 0.2848557692307692 0.1622596153846154 0.026442307692307692 0.10576923076923077
0 0.2536057692307692 0.16105769230769232 0.026442307692307692 0.1045673076923077
0 0.2247596153846154 0.16706730769230768 0.025240384615384616 0.09735576923076923
0 0.1971153846153846 0.17548076923076922 0.027644230769230768 0.10096153846153846
0 0.13701923076923078 0.17908653846153846 0.030048076923076924 0.10817307692307693
0 0.16826923076923078 0.1971153846153846 0.027644230769230768 0.09254807692307693
0 0.028846153846153848 0.453125 0.03245192307692308 0.10817307692307693
0 0.057692307692307696 0.4567307692307692 0.03245192307692308 0.109375
0 0.09014423076923077 0.4579326923076923 0.027644230769230768 0.1045673076923077
0 0.11778846153846154 0.45552884615384615 0.030048076923076924 0.10576923076923077
0 0.14423076923076922 0.453125 0.030048076923076924 0.109375
0 0.17668269230769232 0.4579326923076923 0.027644230769230768 0.10817307692307693
0 0.20673076923076922 0.45552884615384615 0.027644230769230768 0.10576923076923077
0 0.006009615384615385 0.7127403846153846 0.01201923076923077 0.10096153846153846
0 0.003605769230769231 0.8293269230769231 0.007211538461538462 0.09735576923076923
0 0.05048076923076923 0.8209134615384616 0.03245192307692308 0.10576923076923077
0 0.08413461538461539 0.7055288461538461 0.03365384615384615 0.10576923076923077
0 0.11658653846153846 0.7055288461538461 0.030048076923076924 0.10576923076923077
0 0.14423076923076922 0.7043269230769231 0.03245192307692308 0.1141826923076923
0 0.17427884615384615 0.6995192307692307 0.028846153846153848 0.10697115384615384
0 0.23557692307692307 0.6983173076923077 0.025240384615384616 0.10576923076923077
0 0.20673076923076922 0.6983173076923077 0.030048076923076924 0.0985576923076923
0 0.8786057692307693 0.6947115384615384 0.030048076923076924 0.10096153846153846
0 0.9098557692307693 0.6802884615384616 0.03125 0.10817307692307693
0 0.7920673076923077 0.7127403846153846 0.027644230769230768 0.09735576923076923
0 0.9675480769230769 0.6887019230769231 0.030048076923076924 0.10336538461538461
0 0.9903846153846154 0.6899038461538461 0.018028846153846152 0.10576923076923077
0 0.10697115384615384 0.19471153846153846 0.027644230769230768 0.0985576923076923