0 0.8774038461538461 0.484375 0.05889423076923077 0.06009615384615385
0 0.7175480769230769 0.0829326923076923 0.03245192307692308 0.11538461538461539
0 0.7127403846153846 0.2403846153846154 0.03125 0.12139423076923077
0 0.7103365384615384 0.37740384615384615 0.028846153846153848 0.11778846153846154
0 0.7043269230769231 0.5372596153846154 0.03125 0.12139423076923077
0 0.5697115384615384 0.13581730769230768 0.06129807692307692 0.056490384615384616
0 0.5637019230769231 0.3016826923076923 0.05889423076923077 0.04567307692307692
0 0.5673076923076923 0.359375 0.056490384615384616 0.04807692307692308
0 0.5685096153846154 0.4182692307692308 0.05889423076923077 0.054086538461538464
0 0.5661057692307693 0.47475961538461536 0.056490384615384616 0.046875
0 0.5661057692307693 0.5324519230769231 0.06129807692307692 0.04567307692307692
0 0.5637019230769231 0.5877403846153846 0.06370192307692307 0.051682692307692304
0 0.5612980769230769 0.6454326923076923 0.0625 0.05048076923076923
0 0.5588942307692307 0.703125 0.06009615384615385 0.046875
0 0.5588942307692307 0.7584134615384616 0.0625 0.04567307692307692
0 0.5552884615384616 0.8161057692307693 0.06370192307692307 0.04567307692307692
0 0.5564903846153846 0.8689903846153846 0.06370192307692307 0.051682692307692304
0 0.5492788461538461 0.9278846153846154 0.06370192307692307 0.051682692307692304
0 0.4254807692307692 0.4375 0.056490384615384616 0.07091346153846154
0 0.43028846153846156 0.036057692307692304 0.06610576923076923 0.07211538461538461
0 0.421875 0.7319711538461539 0.052884615384615384 0.06971153846153846
0 0.4206730769230769 0.7908653846153846 0.06129807692307692 0.07091346153846154
0 0.41947115384615385 0.8545673076923077 0.056490384615384616 0.07451923076923077
0 0.2980769230769231 0.9627403846153846 0.055288461538461536 0.06129807692307692
0 0.28966346153846156 0.8894230769230769 0.05889423076923077 0.07211538461538461
0 0.2920673076923077 0.8293269230769231 0.05889423076923077 0.07692307692307693
0 0.2920673076923077 0.7668269230769231 0.056490384615384616 0.07692307692307693
0 0.3004807692307692 0.703125 0.04927884615384615 0.0733173076923077
0 0.3004807692307692 0.6418269230769231 0.04567307692307692 0.06610576923076923
0 0.2920673076923077 0.5709134615384616 0.055288461538461536 0.05889423076923077
0 0.30528846153846156 0.5096153846153846 0.04326923076923077 0.07091346153846154
0 0.30528846153846156 0.44471153846153844 0.04927884615384615 0.06370192307692307
0 0.30288461538461536 0.3713942307692308 0.06370192307692307 0.08413461538461539
0 0.29927884615384615 0.3016826923076923 0.06370192307692307 0.07932692307692307
0 0.30288461538461536 0.2403846153846154 0.06370192307692307 0.0829326923076923
0 0.3088942307692308 0.1814903846153846 0.056490384615384616 0.07932692307692307
0 0.30649038461538464 0.10817307692307693 0.06370192307692307 0.07932692307692307
0 0.3076923076923077 0.04447115384615385 0.06009615384615385 0.06971153846153846