0 0.8810096153846154 0.33774038461538464 0.055288461538461536 0.054086538461538464
0 0.7079326923076923 0.38461538461538464 0.028846153846153848 0.11057692307692307
0 0.7151442307692307 0.22596153846153846 0.027644230769230768 0.11538461538461539
0 0.7175480769230769 0.09495192307692307 0.03485576923076923 0.11658653846153846
0 0.5709134615384616 0.15144230769230768 0.057692307692307696 0.046875
0 0.5733173076923077 0.20793269230769232 0.056490384615384616 0.04807692307692308
0 0.5733173076923077 0.2644230769230769 0.05889423076923077 0.04807692307692308
0 0.5745192307692307 0.31971153846153844 0.05889423076923077 0.04447115384615385
0 0.5697115384615384 0.375 0.06129807692307692 0.04567307692307692
0 0.5685096153846154 0.4338942307692308 0.06129807692307692 0.04567307692307692
0 0.5649038461538461 0.4891826923076923 0.06370192307692307 0.04326923076923077
0 0.5637019230769231 0.5480769230769231 0.06129807692307692 0.04447115384615385
0 0.5637019230769231 0.6045673076923077 0.0625 0.046875
0 0.5612980769230769 0.6610576923076923 0.057692307692307696 0.05048076923076923
0 0.5612980769230769 0.7175480769230769 0.06490384615384616 0.05048076923076923
0 0.5552884615384616 0.7752403846153846 0.06370192307692307 0.04807692307692308
0 0.4254807692307692 0.578125 0.056490384615384616 0.06370192307692307
0 0.4254807692307692 0.6322115384615384 0.06129807692307692 0.07211538461538461
0 0.4254807692307692 0.6971153846153846 0.056490384615384616 0.07211538461538461
0 0.43149038461538464 0.2776442307692308 0.056490384615384616 0.07211538461538461
0 0.3004807692307692 0.41225961538461536 0.052884615384615384 0.06610576923076923
0 0.3076923076923077 0.484375 0.04326923076923077 0.06971153846153846
0 0.30649038461538464 0.546875 0.04927884615384615 0.06610576923076923
0 0.2980769230769231 0.6057692307692307 0.056490384615384616 0.06971153846153846
0 0.2980769230769231 0.6694711538461539 0.05889423076923077 0.07692307692307693
0 0.2956730769230769 0.7307692307692307 0.056490384615384616 0.0733173076923077
0 0.30288461538461536 0.8028846153846154 0.04807692307692308 0.07091346153846154
0 0.2956730769230769 0.8653846153846154 0.04927884615384615 0.07451923076923077
0 0.2980769230769231 0.9435096153846154 0.0673076923076923 0.06850961538461539
0 0.30528846153846156 0.35336538461538464 0.04927884615384615 0.07211538461538461
0 0.3088942307692308 0.2800480769230769 0.05048076923076923 0.07091346153846154
0 0.3125 0.2127403846153846 0.05889423076923077 0.07692307692307693
0 0.3112980769230769 0.14423076923076922 0.052884615384615384 0.08173076923076923
0 0.3112980769230769 0.08413461538461539 0.06129807692307692 0.08653846153846154
0 0.31971153846153844 0.030048076923076924 0.057692307692307696 0.06009615384615385
0 0.019230769230769232 0.5276442307692307 0.03125 0.09495192307692307