0 0.5276442307692307 0.7283653846153846 0.04567307692307692 0.1622596153846154
0 0.47596153846153844 0.7247596153846154 0.04447115384615385 0.15504807692307693
0 0.4230769230769231 0.8918269230769231 0.040865384615384616 0.14302884615384615
0 0.43149038461538464 0.7247596153846154 0.04447115384615385 0.15985576923076922
0 0.38100961538461536 0.7139423076923077 0.04927884615384615 0.16346153846153846
0 0.33413461538461536 0.6983173076923077 0.04567307692307692 0.16947115384615385
0 0.28725961538461536 0.6887019230769231 0.05048076923076923 0.16346153846153846
0 0.2439903846153846 0.6766826923076923 0.04807692307692308 0.1622596153846154
0 0.18629807692307693 0.8317307692307693 0.04567307692307692 0.15144230769230768
0 0.23557692307692307 0.8665865384615384 0.040865384615384616 0.14543269230769232
0 0.28125 0.8665865384615384 0.04326923076923077 0.1502403846153846
0 0.3317307692307692 0.8713942307692307 0.04326923076923077 0.15745192307692307
0 0.3762019230769231 0.8834134615384616 0.046875 0.15504807692307693
0 0.5721153846153846 0.7391826923076923 0.04326923076923077 0.15504807692307693
0 0.6646634615384616 0.7512019230769231 0.042067307692307696 0.1658653846153846
0 0.7115384615384616 0.7692307692307693 0.04326923076923077 0.15504807692307693
0 0.7548076923076923 0.7668269230769231 0.039663461538461536 0.15985576923076922
0 0.7980769230769231 0.7824519230769231 0.04567307692307692 0.15504807692307693
0 0.8425480769230769 0.7536057692307693 0.04326923076923077 0.15745192307692307
0 0.11057692307692307 0.6286057692307693 0.052884615384615384 0.15865384615384615
0 0.6454326923076923 0.3605769230769231 0.04447115384615385 0.15264423076923078
0 0.5973557692307693 0.3449519230769231 0.039663461538461536 0.16105769230769232
0 0.5504807692307693 0.34134615384615385 0.039663461538461536 0.1502403846153846
0 0.5048076923076923 0.33413461538461536 0.04326923076923077 0.16826923076923078
0 0.859375 0.4014423076923077 0.04326923076923077 0.12860576923076922
0 0.8173076923076923 0.40024038461538464 0.046875 0.16346153846153846
0 0.7776442307692307 0.38221153846153844 0.040865384615384616 0.12740384615384615
0 0.7307692307692307 0.3713942307692308 0.04447115384615385 0.13341346153846154
0 0.9362980769230769 0.41947115384615385 0.046875 0.16105769230769232
0 0.4699519230769231 0.8954326923076923 0.04567307692307692 0.15384615384615385
0 0.5168269230769231 0.9086538461538461 0.05048076923076923 0.16826923076923078
0 0.5564903846153846 0.9399038461538461 0.04326923076923077 0.11538461538461539
0 0.6213942307692307 0.7439903846153846 0.04326923076923077 0.1622596153846154
0 0.6081730769230769 0.9278846153846154 0.04326923076923077 0.140625
0 0.6550480769230769 0.9338942307692307 0.04567307692307692 0.1310096153846154
0 0.6995192307692307 0.9302884615384616 0.042067307692307696 0.13581730769230768
0 0.7451923076923077 0.9314903846153846 0.04807692307692308 0.13221153846153846
0 0.7908653846153846 0.9362980769230769 0.04326923076923077 0.125
0 0.8341346153846154 0.9471153846153846 0.04447115384615385 0.10336538461538461
0 0.9783653846153846 0.4387019230769231 0.040865384615384616 0.1658653846153846
0 0.20192307692307693 0.6622596153846154 0.04807692307692308 0.17307692307692307