0 0.328125 0.015625 0.06009615384615385 0.030048076923076924
0 0.3233173076923077 0.12139423076923077 0.05889423076923077 0.05048076923076923
0 0.5661057692307693 0.25240384615384615 0.025240384615384616 0.109375
0 0.5637019230769231 0.1466346153846154 0.02403846153846154 0.0889423076923077
0 0.5144230769230769 0.109375 0.0625 0.046875
0 0.3269230769230769 0.24158653846153846 0.06129807692307692 0.051682692307692304
0 0.328125 0.2980769230769231 0.06490384615384616 0.04807692307692308
0 0.33413461538461536 0.35697115384615385 0.06490384615384616 0.055288461538461536
0 0.33413461538461536 0.41586538461538464 0.06129807692307692 0.051682692307692304
0 0.3425480769230769 0.4675480769230769 0.051682692307692304 0.05048076923076923
0 0.5096153846153846 0.2247596153846154 0.0625 0.055288461538461536
0 0.5096153846153846 0.16947115384615385 0.06370192307692307 0.052884615384615384
0 0.3245192307692308 0.17908653846153846 0.06370192307692307 0.04807692307692308
0 0.5096153846153846 0.051682692307692304 0.06009615384615385 0.052884615384615384
0 0.6862980769230769 0.4411057692307692 0.06129807692307692 0.05048076923076923
0 0.515625 0.5805288461538461 0.06129807692307692 0.054086538461538464
0 0.5216346153846154 0.6334134615384616 0.06129807692307692 0.054086538461538464
0 0.5288461538461539 0.6887019230769231 0.057692307692307696 0.052884615384615384
0 0.53125 0.7463942307692307 0.06129807692307692 0.052884615384615384
0 0.5817307692307693 0.7283653846153846 0.025240384615384616 0.10697115384615384
0 0.6887019230769231 0.6129807692307693 0.06370192307692307 0.051682692307692304
0 0.5120192307692307 0.5204326923076923 0.057692307692307696 0.05048076923076923
0 0.515625 0.4579326923076923 0.0625 0.05048076923076923
0 0.5168269230769231 0.39903846153846156 0.06610576923076923 0.04447115384615385
0 0.5168269230769231 0.3425480769230769 0.06370192307692307 0.054086538461538464
0 0.515625 0.28365384615384615 0.06129807692307692 0.051682692307692304
0 0.5793269230769231 0.6165865384615384 0.030048076923076924 0.11538461538461539
0 0.5300480769230769 0.7980769230769231 0.05889423076923077 0.051682692307692304
0 0.3425480769230769 0.7620192307692307 0.06009615384615385 0.054086538461538464
0 0.34134615384615385 0.8209134615384616 0.05889423076923077 0.055288461538461536
0 0.5817307692307693 0.8425480769230769 0.025240384615384616 0.10697115384615384
0 0.3245192307692308 0.06370192307692307 0.06009615384615385 0.051682692307692304
0 0.5036057692307693 0.013221153846153846 0.06490384615384616 0.026442307692307692
0 0.5588942307692307 0.04927884615384615 0.026442307692307692 0.0985576923076923
0 0.6694711538461539 0.05048076923076923 0.052884615384615384 0.046875
0 0.6706730769230769 0.010817307692307692 0.06129807692307692 0.021634615384615384
0 0.5252403846153846 0.8557692307692307 0.06370192307692307 0.056490384615384616
0 0.5240384615384616 0.9122596153846154 0.06009615384615385 0.051682692307692304
0 0.33774038461538464 0.8786057692307693 0.0625 0.051682692307692304
0 0.6670673076923077 0.1045673076923077 0.054086538461538464 0.04807692307692308
0 0.6730769230769231 0.16105769230769232 0.05889423076923077 0.054086538461538464
0 0.6706730769230769 0.21514423076923078 0.055288461538461536 0.046875
0 0.3401442307692308 0.9375 0.06370192307692307 0.06009615384615385
0 0.33774038461538464 0.5264423076923077 0.0673076923076923 0.054086538461538464
0 0.33774038461538464 0.5877403846153846 0.06610576923076923 0.051682692307692304
0 0.33774038461538464 0.6442307692307693 0.05889423076923077 0.04567307692307692
0 0.3473557692307692 0.7043269230769231 0.06610576923076923 0.04807692307692308
0 0.5721153846153846 0.37259615384615385 0.026442307692307692 0.1045673076923077
0 0.5745192307692307 0.4891826923076923 0.026442307692307692 0.10817307692307693
0 0.5841346153846154 0.9555288461538461 0.028846153846153848 0.08653846153846154
0 0.5264423076923077 0.9699519230769231 0.06129807692307692 0.054086538461538464
0 0.34975961538461536 0.9795673076923077 0.0733173076923077 0.038461538461538464
0 0.6778846153846154 0.27524038461538464 0.0625 0.04807692307692308
0 0.6802884615384616 0.33052884615384615 0.06129807692307692 0.04807692307692308
0 0.6887019230769231 0.3858173076923077 0.056490384615384616 0.05048076923076923
0 0.6850961538461539 0.5 0.0625 0.04447115384615385
0 0.6899038461538461 0.5552884615384616 0.06490384615384616 0.052884615384615384
0 0.6887019230769231 0.6694711538461539 0.06370192307692307 0.05048076923076923
0 0.6899038461538461 0.7247596153846154 0.0625 0.05048076923076923
0 0.6911057692307693 0.7788461538461539 0.06129807692307692 0.04567307692307692
0 0.6899038461538461 0.8365384615384616 0.056490384615384616 0.054086538461538464
0 0.6971153846153846 0.8930288461538461 0.06490384615384616 0.051682692307692304
0 0.7079326923076923 0.9495192307692307 0.06370192307692307 0.05048076923076923