0 0.7680288461538461 0.9663461538461539 0.05889423076923077 0.046875
0 0.7620192307692307 0.9098557692307693 0.056490384615384616 0.051682692307692304
0 0.6983173076923077 0.9699519230769231 0.06129807692307692 0.04807692307692308
0 0.6911057692307693 0.7439903846153846 0.057692307692307696 0.051682692307692304
0 0.7572115384615384 0.7439903846153846 0.05889423076923077 0.052884615384615384
0 0.7560096153846154 0.6911057692307693 0.056490384615384616 0.05048076923076923
0 0.6887019230769231 0.6911057692307693 0.051682692307692304 0.05048076923076923
0 0.6887019230769231 0.6370192307692307 0.05889423076923077 0.051682692307692304
0 0.7572115384615384 0.6358173076923077 0.05889423076923077 0.052884615384615384
0 0.5408653846153846 0.5264423076923077 0.05889423076923077 0.04807692307692308
0 0.46634615384615385 0.4735576923076923 0.06129807692307692 0.052884615384615384
0 0.5372596153846154 0.47596153846153844 0.054086538461538464 0.05048076923076923
0 0.6971153846153846 0.8028846153846154 0.06129807692307692 0.051682692307692304
0 0.6947115384615384 0.859375 0.06129807692307692 0.055288461538461536
0 0.6971153846153846 0.9158653846153846 0.055288461538461536 0.051682692307692304
0 0.5396634615384616 0.4182692307692308 0.056490384615384616 0.052884615384615384
0 0.6911057692307693 0.5793269230769231 0.06370192307692307 0.05048076923076923
0 0.7536057692307693 0.5793269230769231 0.04807692307692308 0.05048076923076923
0 0.7536057692307693 0.5264423076923077 0.057692307692307696 0.05048076923076923
0 0.7536057692307693 0.4723557692307692 0.055288461538461536 0.04807692307692308
0 0.6887019230769231 0.47596153846153844 0.05048076923076923 0.04807692307692308
0 0.46875 0.41947115384615385 0.052884615384615384 0.04807692307692308
0 0.6887019230769231 0.5288461538461539 0.06129807692307692 0.051682692307692304
0 0.9182692307692307 0.9615384615384616 0.06370192307692307 0.051682692307692304
0 0.9134615384615384 0.9074519230769231 0.0625 0.054086538461538464
0 0.3317307692307692 0.9278846153846154 0.056490384615384616 0.05048076923076923
0 0.25721153846153844 0.9302884615384616 0.055288461538461536 0.046875
0 0.2608173076923077 0.8725961538461539 0.06129807692307692 0.052884615384615384
0 0.25240384615384615 0.7620192307692307 0.054086538461538464 0.04326923076923077
0 0.2536057692307692 0.7055288461538461 0.05889423076923077 0.04807692307692308
0 0.24519230769230768 0.6466346153846154 0.051682692307692304 0.04567307692307692
0 0.25 0.5925480769230769 0.06129807692307692 0.04807692307692308
0 0.4723557692307692 0.36658653846153844 0.06129807692307692 0.055288461538461536
0 0.6826923076923077 0.421875 0.056490384615384616 0.05048076923076923
0 0.9134615384615384 0.8473557692307693 0.05889423076923077 0.05048076923076923
0 0.9098557692307693 0.7884615384615384 0.06009615384615385 0.04326923076923077
0 0.9098557692307693 0.7391826923076923 0.05889423076923077 0.046875
0 0.9122596153846154 0.6814903846153846 0.06971153846153846 0.04807692307692308
0 0.9050480769230769 0.6322115384615384 0.056490384615384616 0.046875
0 0.9026442307692307 0.5817307692307693 0.055288461538461536 0.046875
0 0.5396634615384616 0.3605769230769231 0.056490384615384616 0.046875
0 0.4723557692307692 0.8185096153846154 0.05889423076923077 0.04807692307692308
0 0.4735576923076923 0.8725961538461539 0.055288461538461536 0.04567307692307692
0 0.25600961538461536 0.3737980769230769 0.06009615384615385 0.055288461538461536
0 0.32572115384615385 0.36778846153846156 0.05889423076923077 0.052884615384615384
0 0.4675480769230769 0.3125 0.05889423076923077 0.052884615384615384
0 0.5408653846153846 0.3112980769230769 0.0625 0.05048076923076923
0 0.9050480769230769 0.5216346153846154 0.06370192307692307 0.046875
0 0.9038461538461539 0.4675480769230769 0.06850961538461539 0.05048076923076923
0 0.8990384615384616 0.41586538461538464 0.06370192307692307 0.05048076923076923
0 0.8966346153846154 0.3581730769230769 0.06370192307692307 0.051682692307692304
0 0.8978365384615384 0.3088942307692308 0.05889423076923077 0.04447115384615385
0 0.8918269230769231 0.25721153846153844 0.06129807692307692 0.04807692307692308
0 0.8918269230769231 0.20793269230769232 0.06370192307692307 0.05048076923076923
0 0.8870192307692307 0.15504807692307693 0.06129807692307692 0.054086538461538464
0 0.8846153846153846 0.1045673076923077 0.056490384615384616 0.05048076923076923
0 0.7487980769230769 0.35697115384615385 0.06009615384615385 0.05048076923076923
0 0.7487980769230769 0.3088942307692308 0.056490384615384616 0.051682692307692304
0 0.7427884615384616 0.25841346153846156 0.05889423076923077 0.051682692307692304
0 0.7487980769230769 0.20552884615384615 0.057692307692307696 0.054086538461538464
0 0.6814903846153846 0.25961538461538464 0.056490384615384616 0.051682692307692304
0 0.6754807692307693 0.30649038461538464 0.06129807692307692 0.04807692307692308
0 0.6826923076923077 0.3629807692307692 0.0625 0.051682692307692304
0 0.5348557692307693 0.25721153846153844 0.056490384615384616 0.04807692307692308
0 0.5300480769230769 0.20552884615384615 0.04927884615384615 0.04807692307692308
0 0.53125 0.15144230769230768 0.056490384615384616 0.054086538461538464
0 0.5348557692307693 0.09975961538461539 0.05048076923076923 0.04807692307692308
0 0.4579326923076923 0.10336538461538461 0.05889423076923077 0.054086538461538464
0 0.4567307692307692 0.20552884615384615 0.05889423076923077 0.051682692307692304
0 0.45913461538461536 0.25961538461538464 0.056490384615384616 0.05048076923076923
0 0.3269230769230769 0.2608173076923077 0.06129807692307692 0.052884615384615384
0 0.3269230769230769 0.20552884615384615 0.057692307692307696 0.052884615384615384
0 0.3269230769230769 0.15504807692307693 0.05889423076923077 0.05048076923076923
0 0.3245192307692308 0.10336538461538461 0.05889423076923077 0.056490384615384616
0 0.25600961538461536 0.10576923076923077 0.06129807692307692 0.054086538461538464
0 0.2512019230769231 0.15865384615384615 0.05889423076923077 0.051682692307692304
0 0.5420673076923077 0.5877403846153846 0.05048076923076923 0.040865384615384616
0 0.5480769230769231 0.6454326923076923 0.06370192307692307 0.04807692307692308
0 0.5456730769230769 0.7019230769230769 0.056490384615384616 0.052884615384615384
0 0.5444711538461539 0.7584134615384616 0.051682692307692304 0.04447115384615385
0 0.5480769230769231 0.8125 0.05889423076923077 0.04567307692307692
0 0.5480769230769231 0.8725961538461539 0.06129807692307692 0.04807692307692308
0 0.5480769230769231 0.9266826923076923 0.06129807692307692 0.046875
0 0.5540865384615384 0.9783653846153846 0.06129807692307692 0.042067307692307696
0 0.12860576923076922 0.9399038461538461 0.03245192307692308 0.11538461538461539
0 0.1310096153846154 0.8064903846153846 0.030048076923076924 0.11658653846153846
0 0.12860576923076922 0.6622596153846154 0.03245192307692308 0.11057692307692307
0 0.1310096153846154 0.5288461538461539 0.027644230769230768 0.10576923076923077
0 0.12860576923076922 0.3894230769230769 0.027644230769230768 0.10697115384615384
0 0.13221153846153846 0.2620192307692308 0.03125 0.10697115384615384
0 0.45913461538461536 0.15264423076923078 0.06129807692307692 0.04567307692307692
0 0.47716346153846156 0.9302884615384616 0.057692307692307696 0.05048076923076923
0 0.47836538461538464 0.9819711538461539 0.06129807692307692 0.03365384615384615
0 0.47836538461538464 0.5360576923076923 0.06129807692307692 0.04447115384615385
0 0.4723557692307692 0.5889423076923077 0.05889423076923077 0.051682692307692304
0 0.47596153846153844 0.6502403846153846 0.05889423076923077 0.04807692307692308
0 0.47115384615384615 0.7091346153846154 0.04807692307692308 0.04326923076923077
0 0.47115384615384615 0.7620192307692307 0.056490384615384616 0.04807692307692308
0 0.3762019230769231 0.5204326923076923 0.025240384615384616 0.11057692307692307
0 0.39903846153846156 0.15985576923076922 0.030048076923076924 0.10336538461538461
0 0.6838942307692307 0.20192307692307693 0.06129807692307692 0.051682692307692304
0 0.7439903846153846 0.14543269230769232 0.055288461538461536 0.051682692307692304
0 0.7427884615384616 0.09495192307692307 0.051682692307692304 0.051682692307692304
0 0.6766826923076923 0.09615384615384616 0.056490384615384616 0.051682692307692304
0 0.6802884615384616 0.15144230769230768 0.06129807692307692 0.05048076923076923
0 0.3317307692307692 0.9795673076923077 0.057692307692307696 0.038461538461538464
0 0.2608173076923077 0.9807692307692307 0.06009615384615385 0.036057692307692304
0 0.32211538461538464 0.6526442307692307 0.0625 0.05048076923076923
0 0.31850961538461536 0.7067307692307693 0.056490384615384616 0.04447115384615385
0 0.32211538461538464 0.7584134615384616 0.057692307692307696 0.04807692307692308
0 0.328125 0.8161057692307693 0.06129807692307692 0.04807692307692308
0 0.328125 0.8725961538461539 0.06009615384615385 0.05048076923076923
0 0.25841346153846156 0.8161057692307693 0.06009615384615385 0.04567307692307692
0 0.7584134615384616 0.8004807692307693 0.05889423076923077 0.052884615384615384
0 0.7620192307692307 0.8569711538461539 0.06009615384615385 0.05048076923076923
0 0.24879807692307693 0.265625 0.057692307692307696 0.051682692307692304
0 0.2512019230769231 0.31971153846153844 0.056490384615384616 0.05048076923076923
0 0.24879807692307693 0.2091346153846154 0.056490384615384616 0.051682692307692304
0 0.328125 0.31850961538461536 0.06370192307692307 0.04807692307692308
0 0.25 0.43149038461538464 0.054086538461538464 0.046875
0 0.24879807692307693 0.4891826923076923 0.055288461538461536 0.046875
0 0.24639423076923078 0.5408653846153846 0.04927884615384615 0.04447115384615385
0 0.3173076923076923 0.5408653846153846 0.056490384615384616 0.05048076923076923
0 0.3137019230769231 0.5925480769230769 0.056490384615384616 0.04807692307692308
0 0.3173076923076923 0.48197115384615385 0.06009615384615385 0.05048076923076923
0 0.32211538461538464 0.4254807692307692 0.057692307692307696 0.05048076923076923