0 0.5396634615384616 0.11298076923076923 0.027644230769230768 0.10697115384615384
0 0.49278846153846156 0.2920673076923077 0.04927884615384615 0.04567307692307692
0 0.5420673076923077 0.2283653846153846 0.02403846153846154 0.10096153846153846
0 0.4807692307692308 0.05889423076923077 0.05889423076923077 0.05048076923076923
0 0.4831730769230769 0.11298076923076923 0.06009615384615385 0.051682692307692304
0 0.49399038461538464 0.15865384615384615 0.05889423076923077 0.056490384615384616
0 0.49038461538461536 0.22956730769230768 0.05889423076923077 0.05048076923076923
0 0.49158653846153844 0.34615384615384615 0.046875 0.042067307692307696
0 0.546875 0.3545673076923077 0.026442307692307692 0.11778846153846154
0 0.4963942307692308 0.40024038461538464 0.06610576923076923 0.054086538461538464
0 0.6658653846153846 0.109375 0.06129807692307692 0.052884615384615384
0 0.5 0.4675480769230769 0.056490384615384616 0.05048076923076923
0 0.5516826923076923 0.4807692307692308 0.027644230769230768 0.10817307692307693
0 0.31490384615384615 0.47475961538461536 0.06610576923076923 0.05048076923076923
0 0.3137019230769231 0.41586538461538464 0.052884615384615384 0.046875
0 0.3088942307692308 0.3004807692307692 0.06971153846153846 0.051682692307692304
0 0.31850961538461536 0.3605769230769231 0.06370192307692307 0.04807692307692308
0 0.2980769230769231 0.8569711538461539 0.06850961538461539 0.06129807692307692
0 0.6634615384615384 0.21514423076923078 0.06129807692307692 0.054086538461538464
0 0.6622596153846154 0.15865384615384615 0.051682692307692304 0.046875
0 0.6550480769230769 0.33774038461538464 0.06370192307692307 0.04567307692307692
0 0.6574519230769231 0.3894230769230769 0.06490384615384616 0.056490384615384616
0 0.6598557692307693 0.44711538461538464 0.06129807692307692 0.051682692307692304
0 0.6706730769230769 0.5012019230769231 0.06129807692307692 0.054086538461538464
0 0.6694711538461539 0.5600961538461539 0.06129807692307692 0.06009615384615385
0 0.6706730769230769 0.6153846153846154 0.06129807692307692 0.046875
0 0.6706730769230769 0.6694711538461539 0.06009615384615385 0.054086538461538464
0 0.6682692307692307 0.7295673076923077 0.06610576923076923 0.052884615384615384
0 0.31490384615384615 0.24278846153846154 0.052884615384615384 0.04447115384615385
0 0.3125 0.18389423076923078 0.05889423076923077 0.04807692307692308
0 0.30288461538461536 0.12139423076923077 0.07211538461538461 0.06009615384615385
0 0.2932692307692308 0.06370192307692307 0.06610576923076923 0.051682692307692304
0 0.30288461538461536 0.5985576923076923 0.07091346153846154 0.0625
0 0.3004807692307692 0.5348557692307693 0.05889423076923077 0.046875
0 0.3004807692307692 0.8966346153846154 0.06850961538461539 0.06009615384615385
0 0.49759615384615385 0.5276442307692307 0.06370192307692307 0.052884615384615384
0 0.5036057692307693 0.5829326923076923 0.07451923076923077 0.06370192307692307
0 0.6466346153846154 0.009615384615384616 0.056490384615384616 0.019230769230769232
0 0.5372596153846154 0.02403846153846154 0.030048076923076924 0.046875
0 0.4795673076923077 0.014423076923076924 0.0673076923076923 0.027644230769230768
0 0.29086538461538464 0.021634615384615384 0.06370192307692307 0.04326923076923077
0 0.6838942307692307 0.9230769230769231 0.03125 0.1141826923076923
0 0.6490384615384616 0.2764423076923077 0.06129807692307692 0.052884615384615384
0 0.6550480769230769 0.04807692307692308 0.0625 0.055288461538461536
0 0.3004807692307692 0.9579326923076923 0.06850961538461539 0.06009615384615385
0 0.6478365384615384 0.9495192307692307 0.025240384615384616 0.09735576923076923
0 0.6177884615384616 0.9543269230769231 0.03125 0.0889423076923077
0 0.5853365384615384 0.9615384615384616 0.027644230769230768 0.07451923076923077
0 0.5540865384615384 0.9579326923076923 0.028846153846153848 0.08052884615384616
0 0.5192307692307693 0.9651442307692307 0.030048076923076924 0.06490384615384616
0 0.49038461538461536 0.9711538461538461 0.02403846153846154 0.054086538461538464
0 0.4579326923076923 0.9651442307692307 0.025240384615384616 0.06490384615384616
0 0.42427884615384615 0.9723557692307693 0.030048076923076924 0.052884615384615384