0 0.6862980769230769 0.4483173076923077 0.036057692307692304 0.13942307692307693
0 0.7223557692307693 0.4567307692307692 0.03485576923076923 0.12860576923076922
0 0.7572115384615384 0.4543269230769231 0.03125 0.13942307692307693
0 0.5336538461538461 0.1346153846153846 0.07692307692307693 0.0625
0 0.2824519230769231 0.12740384615384615 0.0733173076923077 0.06129807692307692
0 0.3545673076923077 0.1310096153846154 0.07451923076923077 0.056490384615384616
0 0.6310096153846154 0.13942307692307693 0.06971153846153846 0.0625
0 0.47836538461538464 0.4543269230769231 0.03485576923076923 0.12740384615384615
0 0.4807692307692308 0.5973557692307693 0.03485576923076923 0.1346153846153846
0 0.5384615384615384 0.7283653846153846 0.03485576923076923 0.10817307692307693
0 0.5757211538461539 0.7439903846153846 0.039663461538461536 0.125
0 0.6117788461538461 0.7295673076923077 0.040865384615384616 0.11298076923076923
0 0.8605769230769231 0.4723557692307692 0.03485576923076923 0.12259615384615384
0 0.6478365384615384 0.4567307692307692 0.030048076923076924 0.13701923076923078
0 0.6057692307692307 0.44711538461538464 0.03365384615384615 0.12860576923076922
0 0.5637019230769231 0.4362980769230769 0.030048076923076924 0.12139423076923077
0 0.5240384615384616 0.4483173076923077 0.03365384615384615 0.14182692307692307
0 0.9903846153846154 0.48197115384615385 0.016826923076923076 0.14182692307692307
0 0.7139423076923077 0.1502403846153846 0.06370192307692307 0.06490384615384616
0 0.8401442307692307 0.16826923076923078 0.0673076923076923 0.06490384615384616
0 0.8966346153846154 0.4579326923076923 0.038461538461538464 0.12259615384615384
0 0.9326923076923077 0.46634615384615385 0.03245192307692308 0.11899038461538461
0 0.9627403846153846 0.47115384615384615 0.036057692307692304 0.11899038461538461
0 0.7932692307692307 0.4567307692307692 0.03245192307692308 0.12259615384615384
0 0.8269230769230769 0.4543269230769231 0.03485576923076923 0.13221153846153846
0 0.8689903846153846 0.7379807692307693 0.04326923076923077 0.12139423076923077
0 0.828125 0.7307692307692307 0.042067307692307696 0.11658653846153846
0 0.7980769230769231 0.7355769230769231 0.038461538461538464 0.11899038461538461
0 0.7620192307692307 0.7331730769230769 0.040865384615384616 0.11899038461538461
0 0.9891826923076923 0.9651442307692307 0.020432692307692308 0.06610576923076923
0 0.9206730769230769 0.9579326923076923 0.046875 0.07932692307692307
0 0.8774038461538461 0.9591346153846154 0.05048076923076923 0.078125
0 0.7596153846153846 0.9555288461538461 0.04807692307692308 0.08653846153846154
0 0.7127403846153846 0.9627403846153846 0.038461538461538464 0.07091346153846154
0 0.6742788461538461 0.9627403846153846 0.037259615384615384 0.07091346153846154
0 0.6310096153846154 0.9651442307692307 0.040865384615384616 0.06490384615384616
0 0.5480769230769231 0.9663461538461539 0.039663461538461536 0.06370192307692307
0 0.5084134615384616 0.9579326923076923 0.038461538461538464 0.08052884615384616
0 0.46634615384615385 0.9651442307692307 0.03485576923076923 0.06610576923076923
0 0.4254807692307692 0.9579326923076923 0.038461538461538464 0.08052884615384616
0 0.38461538461538464 0.9495192307692307 0.046875 0.09615384615384616