0 0.6490384615384616 0.1875 0.030048076923076924 0.1141826923076923
0 0.6466346153846154 0.33413461538461536 0.025240384615384616 0.109375
0 0.6418269230769231 0.4699519230769231 0.03245192307692308 0.1141826923076923
0 0.6454326923076923 0.6189903846153846 0.028846153846153848 0.12139423076923077
0 0.6706730769230769 0.8942307692307693 0.03485576923076923 0.12139423076923077
0 0.6370192307692307 0.9206730769230769 0.028846153846153848 0.11658653846153846
0 0.4891826923076923 0.8473557692307693 0.05889423076923077 0.05048076923076923
0 0.49158653846153844 0.9074519230769231 0.056490384615384616 0.04567307692307692
0 0.49158653846153844 0.9663461538461539 0.0625 0.055288461538461536
0 0.49278846153846156 0.6778846153846154 0.06009615384615385 0.056490384615384616
0 0.4963942307692308 0.5036057692307693 0.052884615384615384 0.05048076923076923
0 0.5036057692307693 0.09495192307692307 0.055288461538461536 0.04567307692307692
0 0.5084134615384616 0.037259615384615384 0.04927884615384615 0.05048076923076923
0 0.5 0.20673076923076922 0.056490384615384616 0.056490384615384616
0 0.49038461538461536 0.2692307692307692 0.0625 0.054086538461538464
0 0.3605769230769231 0.042067307692307696 0.056490384615384616 0.07211538461538461
0 0.3629807692307692 0.10096153846153846 0.06129807692307692 0.06850961538461539
0 0.35336538461538464 0.4579326923076923 0.06610576923076923 0.07451923076923077
0 0.35336538461538464 0.5745192307692307 0.0673076923076923 0.08173076923076923
0 0.3473557692307692 0.9723557692307693 0.05889423076923077 0.052884615384615384
0 0.24278846153846154 0.018028846153846152 0.057692307692307696 0.036057692307692304
0 0.23317307692307693 0.051682692307692304 0.06129807692307692 0.07932692307692307
0 0.2283653846153846 0.11057692307692307 0.06370192307692307 0.0829326923076923
0 0.23076923076923078 0.19110576923076922 0.06370192307692307 0.07451923076923077
0 0.23076923076923078 0.25600961538461536 0.06850961538461539 0.078125
0 0.2247596153846154 0.3161057692307692 0.06490384615384616 0.07692307692307693
0 0.2247596153846154 0.37740384615384615 0.06370192307692307 0.08413461538461539
0 0.2283653846153846 0.4495192307692308 0.06370192307692307 0.06971153846153846
0 0.22596153846153846 0.5180288461538461 0.06490384615384616 0.07451923076923077
0 0.22596153846153846 0.5901442307692307 0.06370192307692307 0.06971153846153846
0 0.22355769230769232 0.6574519230769231 0.06610576923076923 0.078125
0 0.22235576923076922 0.7247596153846154 0.06610576923076923 0.08413461538461539
0 0.21754807692307693 0.7920673076923077 0.06850961538461539 0.0889423076923077
0 0.21394230769230768 0.8497596153846154 0.06850961538461539 0.07932692307692307
0 0.21995192307692307 0.9206730769230769 0.0625 0.08173076923076923
0 0.21995192307692307 0.9807692307692307 0.052884615384615384 0.036057692307692304