0 0.7644230769230769 0.9014423076923077 0.05889423076923077 0.051682692307692304
0 0.6947115384615384 0.8942307692307693 0.06370192307692307 0.04807692307692308
0 0.765625 0.9543269230769231 0.055288461538461536 0.04567307692307692
0 0.6911057692307693 0.9483173076923077 0.06370192307692307 0.051682692307692304
0 0.7596153846153846 0.8413461538461539 0.05889423076923077 0.042067307692307696
0 0.6971153846153846 0.8365384615384616 0.05889423076923077 0.04567307692307692
0 0.7572115384615384 0.7788461538461539 0.054086538461538464 0.046875
0 0.6959134615384616 0.7800480769230769 0.05889423076923077 0.04807692307692308
0 0.6935096153846154 0.7247596153846154 0.06129807692307692 0.04807692307692308
0 0.7560096153846154 0.7247596153846154 0.05048076923076923 0.04567307692307692
0 0.8978365384615384 0.953125 0.0625 0.04447115384615385
0 0.8966346153846154 0.8954326923076923 0.05889423076923077 0.052884615384615384
0 0.5396634615384616 0.9435096153846154 0.06129807692307692 0.051682692307692304
0 0.4723557692307692 0.9447115384615384 0.06129807692307692 0.051682692307692304
0 0.8990384615384616 0.8449519230769231 0.05889423076923077 0.046875
0 0.9038461538461539 0.7908653846153846 0.06129807692307692 0.051682692307692304
0 0.8966346153846154 0.7355769230769231 0.06009615384615385 0.05048076923076923
0 0.9050480769230769 0.6754807692307693 0.06009615384615385 0.051682692307692304
0 0.8233173076923077 0.4807692307692308 0.030048076923076924 0.11057692307692307
0 0.7956730769230769 0.4891826923076923 0.027644230769230768 0.1045673076923077
0 0.7668269230769231 0.49158653846153844 0.025240384615384616 0.10697115384615384
0 0.7355769230769231 0.4807692307692308 0.026442307692307692 0.1045673076923077
0 0.7091346153846154 0.47475961538461536 0.026442307692307692 0.09975961538461539
0 0.6778846153846154 0.4723557692307692 0.028846153846153848 0.11298076923076923
0 0.6466346153846154 0.47596153846153844 0.027644230769230768 0.11057692307692307
0 0.6153846153846154 0.47115384615384615 0.027644230769230768 0.10817307692307693
0 0.5841346153846154 0.47596153846153844 0.025240384615384616 0.09735576923076923
0 0.5528846153846154 0.47596153846153844 0.028846153846153848 0.10817307692307693
0 0.5216346153846154 0.48197115384615385 0.027644230769230768 0.11298076923076923
0 0.4639423076923077 0.4362980769230769 0.06009615384615385 0.052884615384615384
0 0.46274038461538464 0.4963942307692308 0.0625 0.055288461538461536
0 0.4723557692307692 0.38341346153846156 0.05889423076923077 0.04807692307692308
0 0.171875 0.6310096153846154 0.0625 0.04807692307692308
0 0.17067307692307693 0.6838942307692307 0.06370192307692307 0.04567307692307692
0 0.17067307692307693 0.7379807692307693 0.06129807692307692 0.046875
0 0.17548076923076922 0.7944711538461539 0.06129807692307692 0.04447115384615385
0 0.17548076923076922 0.8533653846153846 0.057692307692307696 0.054086538461538464
0 0.9050480769230769 0.6189903846153846 0.055288461538461536 0.04567307692307692
0 0.9074519230769231 0.5588942307692307 0.06370192307692307 0.05048076923076923
0 0.5420673076923077 0.7211538461538461 0.06129807692307692 0.046875
0 0.5384615384615384 0.890625 0.056490384615384616 0.04567307692307692
0 0.5408653846153846 0.8329326923076923 0.05889423076923077 0.04567307692307692
0 0.5396634615384616 0.7800480769230769 0.06009615384615385 0.05048076923076923
0 0.46634615384615385 0.7223557692307693 0.06009615384615385 0.046875
0 0.4723557692307692 0.7764423076923077 0.05889423076923077 0.051682692307692304
0 0.47115384615384615 0.8329326923076923 0.06009615384615385 0.05048076923076923
0 0.31971153846153844 0.9375 0.05889423076923077 0.04807692307692308
0 0.16346153846153846 0.9086538461538461 0.06370192307692307 0.051682692307692304
0 0.16947115384615385 0.9675480769230769 0.06129807692307692 0.051682692307692304
0 0.8605769230769231 0.4699519230769231 0.03125 0.11298076923076923
0 0.9026442307692307 0.9891826923076923 0.06009615384615385 0.018028846153846152
0 0.6838942307692307 0.9891826923076923 0.05889423076923077 0.019230769230769232
0 0.5420673076923077 0.9891826923076923 0.06370192307692307 0.018028846153846152
0 0.4699519230769231 0.984375 0.057692307692307696 0.026442307692307692
0 0.31971153846153844 0.9807692307692307 0.06129807692307692 0.03485576923076923
0 0.46634615384615385 0.890625 0.05889423076923077 0.05048076923076923
0 0.3269230769230769 0.7163461538461539 0.06129807692307692 0.04807692307692308
0 0.3269230769230769 0.7716346153846154 0.06129807692307692 0.046875
0 0.328125 0.828125 0.056490384615384616 0.04807692307692308
0 0.328125 0.8834134615384616 0.05889423076923077 0.05048076923076923
0 0.16826923076923078 0.5769230769230769 0.06971153846153846 0.051682692307692304
0 0.171875 0.5192307692307693 0.055288461538461536 0.04567307692307692
0 0.1778846153846154 0.4579326923076923 0.05889423076923077 0.04807692307692308
0 0.1814903846153846 0.4026442307692308 0.06009615384615385 0.046875
0 0.4675480769230769 0.328125 0.0625 0.051682692307692304
0 0.46274038461538464 0.265625 0.05889423076923077 0.04807692307692308
0 0.4699519230769231 0.21634615384615385 0.052884615384615384 0.046875
0 0.4735576923076923 0.1658653846153846 0.052884615384615384 0.04807692307692308
0 0.4675480769230769 0.11538461538461539 0.06129807692307692 0.052884615384615384
0 0.4675480769230769 0.06129807692307692 0.054086538461538464 0.046875
0 0.4639423076923077 0.018028846153846152 0.05889423076923077 0.036057692307692304
0 0.3269230769230769 0.013221153846153846 0.05889423076923077 0.026442307692307692
0 0.3233173076923077 0.052884615384615384 0.057692307692307696 0.04807692307692308
0 0.3269230769230769 0.10697115384615384 0.057692307692307696 0.051682692307692304
0 0.3269230769230769 0.16105769230769232 0.055288461538461536 0.052884615384615384
0 0.31490384615384615 0.21394230769230768 0.054086538461538464 0.046875
0 0.3137019230769231 0.2668269230769231 0.05889423076923077 0.052884615384615384
0 0.3173076923076923 0.31971153846153844 0.05889423076923077 0.05048076923076923
0 0.31490384615384615 0.3737980769230769 0.05889423076923077 0.051682692307692304
0 0.3173076923076923 0.43028846153846156 0.052884615384615384 0.04807692307692308
0 0.3161057692307692 0.4891826923076923 0.057692307692307696 0.051682692307692304
0 0.1778846153846154 0.30288461538461536 0.06009615384615385 0.05048076923076923
0 0.18269230769230768 0.24759615384615385 0.056490384615384616 0.05048076923076923
0 0.1814903846153846 0.1935096153846154 0.06129807692307692 0.05048076923076923
0 0.17908653846153846 0.140625 0.06971153846153846 0.055288461538461536
0 0.1814903846153846 0.0889423076923077 0.06129807692307692 0.04807692307692308
0 0.1814903846153846 0.038461538461538464 0.056490384615384616 0.051682692307692304