0 0.6658653846153846 0.027644230769230768 0.027644230769230768 0.055288461538461536
0 0.6706730769230769 0.11658653846153846 0.030048076923076924 0.11298076923076923
0 0.6574519230769231 0.42788461538461536 0.028846153846153848 0.10697115384615384
0 0.6502403846153846 0.5745192307692307 0.027644230769230768 0.11057692307692307
0 0.6430288461538461 0.7091346153846154 0.030048076923076924 0.10576923076923077
0 0.6442307692307693 0.8533653846153846 0.03125 0.11538461538461539
0 0.5240384615384616 0.013221153846153846 0.0625 0.026442307692307692
0 0.5144230769230769 0.04326923076923077 0.06009615384615385 0.046875
0 0.5120192307692307 0.09254807692307693 0.055288461538461536 0.051682692307692304
0 0.5060096153846154 0.15384615384615385 0.0625 0.052884615384615384
0 0.5108173076923077 0.21394230769230768 0.052884615384615384 0.046875
0 0.5192307692307693 0.26802884615384615 0.04807692307692308 0.040865384615384616
0 0.515625 0.33052884615384615 0.056490384615384616 0.05048076923076923
0 0.5072115384615384 0.4375 0.055288461538461536 0.051682692307692304
0 0.4963942307692308 0.5 0.057692307692307696 0.055288461538461536
0 0.5 0.7331730769230769 0.05048076923076923 0.046875
0 0.49158653846153844 0.8990384615384616 0.06129807692307692 0.04807692307692308
0 0.35336538461538464 0.7884615384615384 0.06009615384615385 0.0733173076923077
0 0.6959134615384616 0.9723557692307693 0.03245192307692308 0.051682692307692304
0 0.3581730769230769 0.6754807692307693 0.06009615384615385 0.06971153846153846
0 0.3786057692307692 0.3245192307692308 0.05889423076923077 0.06610576923076923
0 0.3737980769230769 0.265625 0.056490384615384616 0.06971153846153846
0 0.3786057692307692 0.09975961538461539 0.056490384615384616 0.06490384615384616
0 0.3786057692307692 0.040865384615384616 0.06370192307692307 0.06370192307692307
0 0.25961538461538464 0.02283653846153846 0.057692307692307696 0.04567307692307692
0 0.25600961538461536 0.07451923076923077 0.06490384615384616 0.08413461538461539
0 0.25 0.13581730769230768 0.06490384615384616 0.08173076923076923
0 0.25240384615384615 0.20673076923076922 0.06610576923076923 0.07932692307692307
0 0.24879807692307693 0.2692307692307692 0.06009615384615385 0.08052884615384616
0 0.24278846153846154 0.33052884615384615 0.06370192307692307 0.08413461538461539
0 0.24278846153846154 0.4098557692307692 0.06490384615384616 0.06971153846153846
0 0.24278846153846154 0.4699519230769231 0.06610576923076923 0.0733173076923077
0 0.23677884615384615 0.5408653846153846 0.06129807692307692 0.0733173076923077
0 0.23317307692307693 0.5901442307692307 0.06129807692307692 0.08052884615384616
0 0.23317307692307693 0.6610576923076923 0.06009615384615385 0.0625
0 0.23317307692307693 0.7295673076923077 0.06129807692307692 0.07451923076923077
0 0.22956730769230768 0.8040865384615384 0.05889423076923077 0.06129807692307692
0 0.2247596153846154 0.8653846153846154 0.06971153846153846 0.0733173076923077
0 0.2247596153846154 0.9375 0.06009615384615385 0.0733173076923077
0 0.21995192307692307 0.9747596153846154 0.06129807692307692 0.046875