0 0.8942307692307693 0.25721153846153844 0.06009615384615385 0.056490384615384616
0 0.7247596153846154 0.3088942307692308 0.027644230769230768 0.1141826923076923
0 0.7307692307692307 0.15264423076923078 0.027644230769230768 0.11658653846153846
0 0.7319711538461539 0.039663461538461536 0.036057692307692304 0.07932692307692307
0 0.5865384615384616 0.07451923076923077 0.05889423076923077 0.052884615384615384
0 0.5877403846153846 0.13341346153846154 0.056490384615384616 0.055288461538461536
0 0.5901442307692307 0.19110576923076922 0.05889423076923077 0.052884615384615384
0 0.5889423076923077 0.2439903846153846 0.057692307692307696 0.046875
0 0.5865384615384616 0.3004807692307692 0.056490384615384616 0.052884615384615384
0 0.5865384615384616 0.3557692307692308 0.06129807692307692 0.051682692307692304
0 0.5817307692307693 0.4170673076923077 0.0625 0.052884615384615384
0 0.5805288461538461 0.4723557692307692 0.06129807692307692 0.04447115384615385
0 0.5805288461538461 0.5252403846153846 0.06129807692307692 0.04807692307692308
0 0.578125 0.5865384615384616 0.05889423076923077 0.05048076923076923
0 0.5793269230769231 0.6418269230769231 0.06370192307692307 0.051682692307692304
0 0.5721153846153846 0.703125 0.06129807692307692 0.05048076923076923
0 0.4483173076923077 0.20673076923076922 0.056490384615384616 0.0733173076923077
0 0.44471153846153844 0.49759615384615385 0.055288461538461536 0.06490384615384616
0 0.44350961538461536 0.5612980769230769 0.06129807692307692 0.07091346153846154
0 0.4423076923076923 0.6213942307692307 0.05889423076923077 0.06971153846153846
0 0.31850961538461536 0.8713942307692307 0.06610576923076923 0.06971153846153846
0 0.014423076923076924 0.8653846153846154 0.028846153846153848 0.12139423076923077
0 0.027644230769230768 0.16105769230769232 0.037259615384615384 0.11899038461538461
0 0.3293269230769231 0.02283653846153846 0.052884615384615384 0.04567307692307692
0 0.3293269230769231 0.07451923076923077 0.04927884615384615 0.07451923076923077
0 0.3293269230769231 0.140625 0.057692307692307696 0.08774038461538461
0 0.32572115384615385 0.20552884615384615 0.04927884615384615 0.06610576923076923
0 0.32211538461538464 0.27403846153846156 0.046875 0.07211538461538461
0 0.3161057692307692 0.33653846153846156 0.04567307692307692 0.06370192307692307
0 0.31971153846153844 0.4098557692307692 0.04807692307692308 0.06850961538461539
0 0.32211538461538464 0.47475961538461536 0.055288461538461536 0.06610576923076923
0 0.3137019230769231 0.5360576923076923 0.05048076923076923 0.06971153846153846
0 0.3137019230769231 0.6009615384615384 0.05889423076923077 0.08052884615384616
0 0.3112980769230769 0.6634615384615384 0.05889423076923077 0.07692307692307693
0 0.31971153846153844 0.7379807692307693 0.046875 0.06009615384615385
0 0.3125 0.8004807692307693 0.055288461538461536 0.06971153846153846