0 0.6778846153846154 0.8509615384615384 0.038461538461538464 0.15985576923076922
0 0.7728365384615384 0.8473557692307693 0.046875 0.17548076923076922
0 0.7259615384615384 0.8449519230769231 0.04326923076923077 0.15865384615384615
0 0.4735576923076923 0.8425480769230769 0.039663461538461536 0.16706730769230768
0 0.4266826923076923 0.8641826923076923 0.040865384615384616 0.16947115384615385
0 0.3737980769230769 0.8665865384615384 0.04807692307692308 0.1622596153846154
0 0.12860576923076922 0.8028846153846154 0.0889423076923077 0.07932692307692307
0 0.125 0.7067307692307693 0.09975961538461539 0.07451923076923077
0 0.12139423076923077 0.6153846153846154 0.09254807692307693 0.07451923076923077
0 0.1141826923076923 0.5240384615384616 0.10216346153846154 0.0733173076923077
0 0.11538461538461539 0.4375 0.09975961538461539 0.07692307692307693
0 0.11899038461538461 0.35096153846153844 0.09975961538461539 0.07451923076923077
0 0.12259615384615384 0.265625 0.09014423076923077 0.07932692307692307
0 0.11778846153846154 0.18389423076923078 0.10336538461538461 0.078125
0 0.5276442307692307 0.8677884615384616 0.042067307692307696 0.1658653846153846
0 0.5793269230769231 0.8689903846153846 0.038461538461538464 0.1346153846153846
0 0.6262019230769231 0.8509615384615384 0.04807692307692308 0.171875
0 0.8269230769230769 0.8401442307692307 0.04927884615384615 0.17307692307692307
0 0.8737980769230769 0.8221153846153846 0.052884615384615384 0.17067307692307693
0 0.9230769230769231 0.828125 0.055288461538461536 0.1622596153846154
0 0.953125 0.3557692307692308 0.05048076923076923 0.1502403846153846
0 0.9074519230769231 0.3557692307692308 0.04807692307692308 0.15745192307692307
0 0.8605769230769231 0.35336538461538464 0.052884615384615384 0.15504807692307693
0 0.8137019230769231 0.35336538461538464 0.046875 0.15985576923076922
0 0.7644230769230769 0.3545673076923077 0.051682692307692304 0.17307692307692307
0 0.7151442307692307 0.36899038461538464 0.04326923076923077 0.15264423076923078
0 0.6682692307692307 0.36899038461538464 0.04567307692307692 0.17067307692307693
0 0.6177884615384616 0.38341346153846156 0.04927884615384615 0.17307692307692307
0 0.5697115384615384 0.390625 0.042067307692307696 0.171875
0 0.5216346153846154 0.3762019230769231 0.04567307692307692 0.171875
0 0.4675480769230769 0.390625 0.042067307692307696 0.17067307692307693
0 0.9699519230769231 0.8269230769230769 0.05048076923076923 0.17067307692307693