0 0.8966346153846154 0.9639423076923077 0.06490384615384616 0.052884615384615384
0 0.8966346153846154 0.9038461538461539 0.06370192307692307 0.05048076923076923
0 0.8942307692307693 0.8473557692307693 0.04567307692307692 0.04807692307692308
0 0.8978365384615384 0.7956730769230769 0.06129807692307692 0.04807692307692308
0 0.8882211538461539 0.6959134615384616 0.056490384615384616 0.05048076923076923
0 0.8918269230769231 0.6394230769230769 0.054086538461538464 0.04326923076923077
0 0.8870192307692307 0.5841346153846154 0.05889423076923077 0.046875
0 0.8870192307692307 0.5300480769230769 0.06129807692307692 0.04807692307692308
0 0.8918269230769231 0.47596153846153844 0.06370192307692307 0.05048076923076923
0 0.8870192307692307 0.421875 0.054086538461538464 0.04567307692307692
0 0.8942307692307693 0.36538461538461536 0.06490384615384616 0.04807692307692308
0 0.8930288461538461 0.3125 0.06129807692307692 0.052884615384615384
0 0.890625 0.25841346153846156 0.06009615384615385 0.04447115384615385
0 0.8882211538461539 0.20673076923076922 0.06009615384615385 0.04567307692307692
0 0.8822115384615384 0.15865384615384615 0.052884615384615384 0.04567307692307692
0 0.7391826923076923 0.09495192307692307 0.051682692307692304 0.04807692307692308
0 0.7487980769230769 0.01201923076923077 0.05048076923076923 0.02403846153846154
0 0.7475961538461539 0.14302884615384615 0.057692307692307696 0.04807692307692308
0 0.7572115384615384 0.4182692307692308 0.054086538461538464 0.04807692307692308
0 0.7548076923076923 0.4675480769230769 0.04927884615384615 0.04807692307692308
0 0.7512019230769231 0.5252403846153846 0.056490384615384616 0.046875
0 0.7536057692307693 0.5805288461538461 0.052884615384615384 0.04567307692307692
0 0.7572115384615384 0.6358173076923077 0.055288461538461536 0.04807692307692308
0 0.7536057692307693 0.6911057692307693 0.056490384615384616 0.05048076923076923
0 0.7560096153846154 0.7475961538461539 0.06009615384615385 0.04807692307692308
0 0.7439903846153846 0.8040865384615384 0.06129807692307692 0.054086538461538464
0 0.7463942307692307 0.8569711538461539 0.04807692307692308 0.04567307692307692
0 0.7463942307692307 0.9122596153846154 0.055288461538461536 0.052884615384615384
0 0.7451923076923077 0.9675480769230769 0.056490384615384616 0.046875
0 0.6887019230769231 0.5805288461538461 0.06129807692307692 0.04807692307692308
0 0.6887019230769231 0.5276442307692307 0.06370192307692307 0.052884615384615384
0 0.6826923076923077 0.6370192307692307 0.06009615384615385 0.054086538461538464
0 0.6814903846153846 0.6935096153846154 0.06129807692307692 0.04807692307692308
0 0.6802884615384616 0.7475961538461539 0.05889423076923077 0.051682692307692304
0 0.6790865384615384 0.8040865384615384 0.06129807692307692 0.05048076923076923
0 0.6814903846153846 0.8605769230769231 0.05889423076923077 0.04567307692307692
0 0.6802884615384616 0.9170673076923077 0.052884615384615384 0.04567307692307692
0 0.6826923076923077 0.9723557692307693 0.0625 0.051682692307692304
0 0.5348557692307693 0.9627403846153846 0.06009615384615385 0.052884615384615384
0 0.5372596153846154 0.9074519230769231 0.05889423076923077 0.051682692307692304
0 0.4651442307692308 0.9615384615384616 0.056490384615384616 0.051682692307692304
0 0.4723557692307692 0.9939903846153846 0.05048076923076923 0.008413461538461538
0 0.46875 0.9086538461538461 0.055288461538461536 0.04567307692307692
0 0.5372596153846154 0.8509615384615384 0.06610576923076923 0.04447115384615385
0 0.5396634615384616 0.796875 0.06610576923076923 0.052884615384615384
0 0.4675480769230769 0.5925480769230769 0.06490384615384616 0.04567307692307692
0 0.5444711538461539 0.5204326923076923 0.06129807692307692 0.04807692307692308
0 0.4675480769230769 0.5180288461538461 0.05889423076923077 0.051682692307692304
0 0.5384615384615384 0.46153846153846156 0.05889423076923077 0.055288461538461536
0 0.6802884615384616 0.2512019230769231 0.056490384615384616 0.054086538461538464
0 0.6778846153846154 0.19471153846153846 0.06370192307692307 0.051682692307692304
0 0.6730769230769231 0.14423076923076922 0.052884615384615384 0.052884615384615384
0 0.6706730769230769 0.09495192307692307 0.05889423076923077 0.05048076923076923
0 0.671875 0.037259615384615384 0.05048076923076923 0.052884615384615384
0 0.5324519230769231 0.025240384615384616 0.055288461538461536 0.05048076923076923
0 0.5336538461538461 0.078125 0.055288461538461536 0.04807692307692308
0 0.5336538461538461 0.12860576923076922 0.05889423076923077 0.054086538461538464
0 0.4639423076923077 0.46153846153846156 0.05889423076923077 0.04447115384615385
0 0.5408653846153846 0.40384615384615385 0.05889423076923077 0.04567307692307692
0 0.4723557692307692 0.4014423076923077 0.05889423076923077 0.04807692307692308
0 0.5384615384615384 0.34975961538461536 0.06129807692307692 0.051682692307692304
0 0.5348557692307693 0.2956730769230769 0.057692307692307696 0.046875
0 0.4651442307692308 0.29086538461538464 0.05889423076923077 0.052884615384615384
0 0.4675480769230769 0.34615384615384615 0.0625 0.052884615384615384
0 0.5336538461538461 0.24158653846153846 0.06129807692307692 0.051682692307692304
0 0.46634615384615385 0.23557692307692307 0.05889423076923077 0.054086538461538464
0 0.4675480769230769 0.1814903846153846 0.05889423076923077 0.054086538461538464
0 0.5336538461538461 0.18629807692307693 0.06009615384615385 0.052884615384615384
0 0.46274038461538464 0.02283653846153846 0.055288461538461536 0.04567307692307692
0 0.46274038461538464 0.07451923076923077 0.055288461538461536 0.052884615384615384
0 0.46634615384615385 0.12620192307692307 0.06129807692307692 0.051682692307692304
0 0.328125 0.025240384615384616 0.057692307692307696 0.05048076923076923
0 0.3293269230769231 0.07692307692307693 0.06009615384615385 0.052884615384615384
0 0.32572115384615385 0.1310096153846154 0.0625 0.054086538461538464
0 0.3269230769230769 0.18389423076923078 0.057692307692307696 0.052884615384615384
0 0.3269230769230769 0.234375 0.05889423076923077 0.04807692307692308
0 0.32572115384615385 0.28846153846153844 0.0625 0.051682692307692304
0 0.3233173076923077 0.3449519230769231 0.06370192307692307 0.05048076923076923
0 0.3269230769230769 0.39663461538461536 0.056490384615384616 0.051682692307692304
0 0.32211538461538464 0.45552884615384615 0.052884615384615384 0.05048076923076923
0 0.31850961538461536 0.5096153846153846 0.055288461538461536 0.051682692307692304
0 0.3076923076923077 0.5637019230769231 0.056490384615384616 0.051682692307692304
0 0.3137019230769231 0.6262019230769231 0.05889423076923077 0.051682692307692304
0 0.31971153846153844 0.6802884615384616 0.05889423076923077 0.046875
0 0.31850961538461536 0.7403846153846154 0.05889423076923077 0.04807692307692308
0 0.31971153846153844 0.796875 0.06370192307692307 0.05048076923076923
0 0.3245192307692308 0.8497596153846154 0.0625 0.04807692307692308
0 0.3245192307692308 0.9074519230769231 0.05889423076923077 0.04567307692307692
0 0.1814903846153846 0.9350961538461539 0.06129807692307692 0.051682692307692304
0 0.18028846153846154 0.9819711538461539 0.0625 0.03365384615384615
0 0.17908653846153846 0.8774038461538461 0.06370192307692307 0.05048076923076923
0 0.17548076923076922 0.8233173076923077 0.06490384615384616 0.052884615384615384
0 0.17307692307692307 0.7668269230769231 0.06370192307692307 0.04807692307692308
0 0.16947115384615385 0.7151442307692307 0.06610576923076923 0.05048076923076923
0 0.17067307692307693 0.6574519230769231 0.06370192307692307 0.052884615384615384
0 0.16105769230769232 0.6009615384615384 0.06129807692307692 0.05048076923076923
0 0.16346153846153846 0.5456730769230769 0.06129807692307692 0.055288461538461536
0 0.1658653846153846 0.4879807692307692 0.0625 0.04807692307692308
0 0.16466346153846154 0.3762019230769231 0.0625 0.052884615384615384
0 0.17067307692307693 0.43149038461538464 0.05889423076923077 0.05048076923076923
0 0.16466346153846154 0.31971153846153844 0.07211538461538461 0.051682692307692304
0 0.1658653846153846 0.2644230769230769 0.0625 0.04807692307692308
0 0.17668269230769232 0.2127403846153846 0.06009615384615385 0.055288461538461536
0 0.17067307692307693 0.15865384615384615 0.0625 0.046875
0 0.18389423076923078 0.10697115384615384 0.054086538461538464 0.052884615384615384
0 0.17067307692307693 0.054086538461538464 0.056490384615384616 0.05048076923076923