0 0.5360576923076923 0.6069711538461539 0.09014423076923077 0.07692307692307693
0 0.53125 0.6899038461538461 0.09254807692307693 0.07692307692307693
0 0.4387019230769231 0.6754807692307693 0.09134615384615384 0.07211538461538461
0 0.5276442307692307 0.7680288461538461 0.0889423076923077 0.06971153846153846
0 0.5252403846153846 0.8425480769230769 0.08774038461538461 0.07211538461538461
0 0.43149038461538464 0.8233173076923077 0.06971153846153846 0.07091346153846154
0 0.4338942307692308 0.75 0.09134615384615384 0.07211538461538461
0 0.7055288461538461 0.7199519230769231 0.08173076923076923 0.06850961538461539
0 0.7091346153846154 0.7956730769230769 0.08413461538461539 0.06971153846153846
0 0.7043269230769231 0.8677884615384616 0.07091346153846154 0.06490384615384616
0 0.23076923076923078 0.6225961538461539 0.09375 0.078125
0 0.12379807692307693 0.5961538461538461 0.09735576923076923 0.07091346153846154
0 0.22596153846153846 0.7067307692307693 0.09615384615384616 0.0829326923076923
0 0.22596153846153846 0.7920673076923077 0.09495192307692307 0.0733173076923077
0 0.11538461538461539 0.8557692307692307 0.08413461538461539 0.07451923076923077
0 0.4411057692307692 0.5901442307692307 0.08774038461538461 0.0733173076923077
0 0.6442307692307693 0.17067307692307693 0.04807692307692308 0.14543269230769232
0 0.5925480769230769 0.17307692307692307 0.04567307692307692 0.14903846153846154
0 0.5456730769230769 0.18870192307692307 0.04447115384615385 0.15865384615384615
0 0.5060096153846154 0.18870192307692307 0.040865384615384616 0.14302884615384615
0 0.4639423076923077 0.19591346153846154 0.040865384615384616 0.15865384615384615
0 0.4182692307692308 0.203125 0.039663461538461536 0.15745192307692307
0 0.2932692307692308 0.21514423076923078 0.038461538461538464 0.16346153846153846
0 0.14182692307692307 0.31490384615384615 0.056490384615384616 0.16346153846153846
0 0.09615384615384616 0.3329326923076923 0.05048076923076923 0.11899038461538461
0 0.7848557692307693 0.8822115384615384 0.07211538461538461 0.06971153846153846
0 0.7980769230769231 0.7956730769230769 0.08413461538461539 0.0733173076923077
0 0.7379807692307693 0.5024038461538461 0.08774038461538461 0.078125
0 0.05048076923076923 0.33774038461538464 0.04447115384615385 0.16346153846153846
0 0.24759615384615385 0.22235576923076922 0.040865384615384616 0.15865384615384615
0 0.33774038461538464 0.20673076923076922 0.04447115384615385 0.16706730769230768
0 0.6971153846153846 0.9362980769230769 0.07451923076923077 0.06971153846153846
0 0.7848557692307693 0.9795673076923077 0.07932692307692307 0.037259615384615384
0 0.6923076923076923 0.984375 0.08173076923076923 0.026442307692307692
0 0.5144230769230769 0.9699519230769231 0.09254807692307693 0.05889423076923077
0 0.4182692307692308 0.9615384615384616 0.07211538461538461 0.0733173076923077
0 0.21995192307692307 0.9495192307692307 0.08774038461538461 0.078125