0 0.6394230769230769 0.7403846153846154 0.03245192307692308 0.12860576923076922
0 0.5997596153846154 0.7620192307692307 0.037259615384615384 0.14182692307692307
0 0.5564903846153846 0.7439903846153846 0.03485576923076923 0.15384615384615385
0 0.6141826923076923 0.43028846153846156 0.07451923076923077 0.05889423076923077
0 0.25721153846153844 0.4098557692307692 0.08052884615384616 0.06009615384615385
0 0.5168269230769231 0.7463942307692307 0.03245192307692308 0.12620192307692307
0 0.4795673076923077 0.7463942307692307 0.03485576923076923 0.13701923076923078
0 0.36177884615384615 0.734375 0.03125 0.1346153846153846
0 0.39663461538461536 0.7403846153846154 0.03245192307692308 0.13341346153846154
0 0.4375 0.7620192307692307 0.03485576923076923 0.16346153846153846
0 0.7115384615384616 0.7403846153846154 0.030048076923076924 0.07932692307692307
0 0.6742788461538461 0.7415865384615384 0.03365384615384615 0.12860576923076922
0 0.7487980769230769 0.7403846153846154 0.03245192307692308 0.12740384615384615
0 0.7848557692307693 0.75 0.03245192307692308 0.12139423076923077
0 0.8221153846153846 0.7415865384615384 0.03485576923076923 0.13942307692307693
0 0.8581730769230769 0.7487980769230769 0.03125 0.12740384615384615
0 0.8942307692307693 0.7524038461538461 0.036057692307692304 0.0985576923076923
0 0.9314903846153846 0.7487980769230769 0.038461538461538464 0.11778846153846154
0 0.9675480769230769 0.7584134615384616 0.039663461538461536 0.1310096153846154
0 0.9927884615384616 0.7475961538461539 0.01201923076923077 0.13221153846153846
0 0.8978365384615384 0.44471153846153844 0.0673076923076923 0.06490384615384616
0 0.6995192307692307 0.4411057692307692 0.07692307692307693 0.06610576923076923
0 0.12139423076923077 0.39903846153846156 0.07451923076923077 0.06129807692307692
0 0.037259615384615384 0.3942307692307692 0.07451923076923077 0.05889423076923077
0 0.31850961538461536 0.7283653846153846 0.03485576923076923 0.140625
0 0.2800480769230769 0.7463942307692307 0.03485576923076923 0.1310096153846154
0 0.24278846153846154 0.7223557692307693 0.03485576923076923 0.14182692307692307
0 0.20432692307692307 0.7247596153846154 0.03245192307692308 0.1346153846153846
0 0.1658653846153846 0.7235576923076923 0.037259615384615384 0.13942307692307693
0 0.12740384615384615 0.7259615384615384 0.038461538461538464 0.13221153846153846
0 0.0889423076923077 0.7199519230769231 0.040865384615384616 0.13942307692307693
0 0.04927884615384615 0.7283653846153846 0.039663461538461536 0.140625
0 0.014423076923076924 0.7151442307692307 0.028846153846153848 0.13221153846153846
0 0.014423076923076924 0.9723557692307693 0.027644230769230768 0.051682692307692304
0 0.17307692307692307 0.9735576923076923 0.040865384615384616 0.04807692307692308
0 0.2127403846153846 0.9759615384615384 0.036057692307692304 0.04326923076923077
0 0.24519230769230768 0.9783653846153846 0.037259615384615384 0.042067307692307696
0 0.28966346153846156 0.9783653846153846 0.039663461538461536 0.040865384615384616
0 0.4855769230769231 0.9819711538461539 0.03485576923076923 0.03365384615384615
0 0.5625 0.9795673076923077 0.03245192307692308 0.038461538461538464
0 0.6057692307692307 0.9831730769230769 0.03245192307692308 0.028846153846153848
0 0.7536057692307693 0.9879807692307693 0.03245192307692308 0.021634615384615384
0 0.7932692307692307 0.9819711538461539 0.03245192307692308 0.03245192307692308
0 0.9074519230769231 0.9855769230769231 0.036057692307692304 0.025240384615384616
0 0.9459134615384616 0.984375 0.037259615384615384 0.026442307692307692
0 0.9807692307692307 0.9819711538461539 0.037259615384615384 0.03365384615384615