0 0.36899038461538464 0.7620192307692307 0.027644230769230768 0.109375
0 0.4014423076923077 0.7644230769230769 0.028846153846153848 0.109375
0 0.4026442307692308 0.6286057692307693 0.03125 0.11057692307692307
0 0.4338942307692308 0.6274038461538461 0.030048076923076924 0.11057692307692307
0 0.4338942307692308 0.7596153846153846 0.027644230769230768 0.09735576923076923
0 0.46274038461538464 0.6274038461538461 0.028846153846153848 0.0889423076923077
0 0.4362980769230769 0.2247596153846154 0.02403846153846154 0.09615384615384616
0 0.4675480769230769 0.7608173076923077 0.028846153846153848 0.1045673076923077
0 0.43990384615384615 0.35336538461538464 0.027644230769230768 0.09975961538461539
0 0.4699519230769231 0.34975961538461536 0.030048076923076924 0.10576923076923077
0 0.5012019230769231 0.3545673076923077 0.030048076923076924 0.10697115384615384
0 0.5336538461538461 0.2247596153846154 0.027644230769230768 0.109375
0 0.5024038461538461 0.21394230769230768 0.027644230769230768 0.09254807692307693
0 0.5661057692307693 0.22115384615384615 0.02403846153846154 0.09495192307692307
0 0.4699519230769231 0.22596153846153846 0.026442307692307692 0.10576923076923077
0 0.5649038461538461 0.3473557692307692 0.025240384615384616 0.10336538461538461
0 0.5336538461538461 0.34134615384615385 0.025240384615384616 0.10697115384615384
0 0.5324519230769231 0.6310096153846154 0.030048076923076924 0.11298076923076923
0 0.5324519230769231 0.7572115384615384 0.025240384615384616 0.09134615384615384
0 0.4987980769230769 0.6334134615384616 0.026442307692307692 0.1141826923076923
0 0.4987980769230769 0.7680288461538461 0.025240384615384616 0.11899038461538461
0 0.30528846153846156 0.7716346153846154 0.027644230769230768 0.11538461538461539
0 0.33774038461538464 0.7620192307692307 0.027644230769230768 0.1141826923076923
0 0.30528846153846156 0.6370192307692307 0.03125 0.1141826923076923
0 0.33774038461538464 0.6322115384615384 0.027644230769230768 0.1045673076923077
0 0.36899038461538464 0.6274038461538461 0.026442307692307692 0.10576923076923077
0 0.4074519230769231 0.23798076923076922 0.028846153846153848 0.10096153846153846
0 0.3762019230769231 0.24278846153846154 0.027644230769230768 0.10697115384615384
0 0.40625 0.3641826923076923 0.026442307692307692 0.109375
0 0.375 0.3641826923076923 0.028846153846153848 0.11057692307692307
0 0.5985576923076923 0.3473557692307692 0.027644230769230768 0.1045673076923077
0 0.5949519230769231 0.2247596153846154 0.025240384615384616 0.09975961538461539
0 0.6274038461538461 0.2247596153846154 0.027644230769230768 0.09735576923076923
0 0.6610576923076923 0.23317307692307693 0.030048076923076924 0.10697115384615384
0 0.6923076923076923 0.22956730769230768 0.027644230769230768 0.10096153846153846
0 0.7223557692307693 0.22235576923076922 0.030048076923076924 0.10576923076923077
0 0.7536057692307693 0.22355769230769232 0.028846153846153848 0.1045673076923077
0 0.7872596153846154 0.22355769230769232 0.030048076923076924 0.09975961538461539
0 0.8173076923076923 0.23197115384615385 0.026442307692307692 0.10697115384615384
0 0.8161057692307693 0.3581730769230769 0.03245192307692308 0.10817307692307693
0 0.7860576923076923 0.36538461538461536 0.028846153846153848 0.10576923076923077
0 0.7560096153846154 0.36538461538461536 0.030048076923076924 0.109375
0 0.7247596153846154 0.3641826923076923 0.027644230769230768 0.1141826923076923
0 0.6923076923076923 0.36778846153846156 0.030048076923076924 0.11298076923076923
0 0.6622596153846154 0.3629807692307692 0.027644230769230768 0.1141826923076923
0 0.6298076923076923 0.3557692307692308 0.028846153846153848 0.10336538461538461
0 0.3449519230769231 0.23798076923076922 0.025240384615384616 0.1045673076923077
0 0.3425480769230769 0.36778846153846156 0.027644230769230768 0.10576923076923077
0 0.3125 0.36778846153846156 0.027644230769230768 0.10336538461538461
0 0.3112980769230769 0.2403846153846154 0.028846153846153848 0.10697115384615384
0 0.2824519230769231 0.24278846153846154 0.028846153846153848 0.11057692307692307
0 0.2824519230769231 0.3545673076923077 0.028846153846153848 0.10336538461538461
0 0.25 0.3713942307692308 0.03365384615384615 0.11778846153846154
0 0.25240384615384615 0.23557692307692307 0.027644230769230768 0.09735576923076923
0 0.22235576923076922 0.24879807692307693 0.028846153846153848 0.10817307692307693
0 0.19110576923076922 0.24639423076923078 0.030048076923076924 0.09975961538461539
0 0.15985576923076922 0.25240384615384615 0.03245192307692308 0.10576923076923077
0 0.13221153846153846 0.24278846153846154 0.027644230769230768 0.09735576923076923
0 0.10336538461538461 0.24879807692307693 0.03125 0.109375
0 0.07451923076923077 0.25240384615384615 0.030048076923076924 0.10817307692307693
0 0.042067307692307696 0.2668269230769231 0.03245192307692308 0.10336538461538461
0 0.014423076923076924 0.26802884615384615 0.028846153846153848 0.10817307692307693
0 0.21875 0.36778846153846156 0.030048076923076924 0.11057692307692307
0 0.18870192307692307 0.3762019230769231 0.027644230769230768 0.10576923076923077
0 0.16105769230769232 0.3762019230769231 0.027644230769230768 0.09254807692307693
0 0.12980769230769232 0.3786057692307692 0.030048076923076924 0.09615384615384616
0 0.09975961538461539 0.38461538461538464 0.028846153846153848 0.10096153846153846
0 0.07091346153846154 0.36778846153846156 0.028846153846153848 0.10697115384615384
0 0.040865384615384616 0.3870192307692308 0.03245192307692308 0.11057692307692307
0 0.38461538461538464 0.125 0.06129807692307692 0.05048076923076923
0 0.9302884615384616 0.11658653846153846 0.055288461538461536 0.04807692307692308
0 0.9411057692307693 0.23197115384615385 0.03485576923076923 0.11057692307692307
0 0.9747596153846154 0.21995192307692307 0.03365384615384615 0.10336538461538461
0 0.9951923076923077 0.21514423076923078 0.007211538461538462 0.0985576923076923
0 0.9783653846153846 0.34615384615384615 0.03245192307692308 0.1045673076923077
0 0.9423076923076923 0.359375 0.03485576923076923 0.109375
0 0.9747596153846154 0.016826923076923076 0.04567307692307692 0.03365384615384615
0 0.9158653846153846 0.020432692307692308 0.06971153846153846 0.040865384615384616
0 0.7247596153846154 0.020432692307692308 0.06129807692307692 0.040865384615384616
0 0.6514423076923077 0.018028846153846152 0.0625 0.036057692307692304
0 0.5721153846153846 0.018028846153846152 0.05889423076923077 0.036057692307692304
0 0.4987980769230769 0.018028846153846152 0.05889423076923077 0.036057692307692304
0 0.4170673076923077 0.021634615384615384 0.06490384615384616 0.04326923076923077
0 0.34375 0.021634615384615384 0.0625 0.04326923076923077
0 0.27524038461538464 0.02283653846153846 0.06490384615384616 0.04567307692307692
0 0.13822115384615385 0.026442307692307692 0.05889423076923077 0.052884615384615384
0 0.203125 0.025240384615384616 0.055288461538461536 0.05048076923076923
0 0.9831730769230769 0.6141826923076923 0.03125 0.10096153846153846
0 0.9543269230769231 0.6165865384615384 0.036057692307692304 0.10576923076923077
0 0.9855769230769231 0.7584134615384616 0.027644230769230768 0.0985576923076923
0 0.9555288461538461 0.7475961538461539 0.036057692307692304 0.109375
0 0.984375 0.9819711538461539 0.030048076923076924 0.03365384615384615
0 0.9555288461538461 0.9807692307692307 0.03485576923076923 0.036057692307692304
0 0.8209134615384616 0.9819711538461539 0.030048076923076924 0.03245192307692308
0 0.7860576923076923 0.9819711538461539 0.028846153846153848 0.03245192307692308
0 0.7560096153846154 0.984375 0.030048076923076924 0.027644230769230768
0 0.7211538461538461 0.9855769230769231 0.027644230769230768 0.02403846153846154
0 0.6935096153846154 0.9783653846153846 0.027644230769230768 0.042067307692307696
0 0.6574519230769231 0.9819711538461539 0.027644230769230768 0.03365384615384615
0 0.6262019230769231 0.9831730769230769 0.027644230769230768 0.028846153846153848
0 0.5925480769230769 0.9915865384615384 0.025240384615384616 0.014423076923076924
0 0.5637019230769231 0.984375 0.025240384615384616 0.026442307692307692
0 0.5324519230769231 0.9855769230769231 0.02403846153846154 0.025240384615384616
0 0.4987980769230769 0.984375 0.025240384615384616 0.026442307692307692
0 0.46875 0.9855769230769231 0.026442307692307692 0.02403846153846154
0 0.4362980769230769 0.9855769230769231 0.025240384615384616 0.025240384615384616
0 0.40024038461538464 0.9855769230769231 0.025240384615384616 0.025240384615384616
0 0.36778846153846156 0.984375 0.027644230769230768 0.027644230769230768
0 0.33774038461538464 0.9855769230769231 0.02403846153846154 0.02403846153846154
0 0.30528846153846156 0.9879807692307693 0.025240384615384616 0.021634615384615384
0 0.27524038461538464 0.9855769230769231 0.025240384615384616 0.02403846153846154
0 0.24278846153846154 0.9819711538461539 0.027644230769230768 0.03245192307692308
0 0.2127403846153846 0.9891826923076923 0.026442307692307692 0.018028846153846152
0 0.1814903846153846 0.9855769230769231 0.026442307692307692 0.02403846153846154
0 0.15384615384615385 0.9855769230769231 0.027644230769230768 0.02403846153846154
0 0.12139423076923077 0.9855769230769231 0.03125 0.02403846153846154
0 0.0889423076923077 0.9891826923076923 0.027644230769230768 0.018028846153846152
0 0.056490384615384616 0.9855769230769231 0.030048076923076924 0.025240384615384616
0 0.02283653846153846 0.984375 0.03485576923076923 0.026442307692307692
0 0.27403846153846156 0.6322115384615384 0.026442307692307692 0.10096153846153846
0 0.27403846153846156 0.7692307692307693 0.026442307692307692 0.10576923076923077
0 0.24278846153846154 0.7608173076923077 0.030048076923076924 0.11057692307692307
0 0.14543269230769232 0.8629807692307693 0.054086538461538464 0.09254807692307693
0 0.21394230769230768 0.7620192307692307 0.027644230769230768 0.11057692307692307
0 0.2127403846153846 0.6274038461538461 0.028846153846153848 0.10336538461538461
0 0.18269230769230768 0.640625 0.028846153846153848 0.09134615384615384
0 0.15264423076923078 0.6418269230769231 0.03245192307692308 0.10697115384615384
0 0.12259615384615384 0.6418269230769231 0.03245192307692308 0.109375
0 0.09254807692307693 0.6430288461538461 0.03125 0.11658653846153846
0 0.06370192307692307 0.6502403846153846 0.027644230769230768 0.1045673076923077
0 0.037259615384615384 0.640625 0.03245192307692308 0.109375
0 0.1814903846153846 0.7608173076923077 0.03125 0.11538461538461539
0 0.15144230769230768 0.7704326923076923 0.027644230769230768 0.1141826923076923
0 0.09254807692307693 0.7668269230769231 0.03245192307692308 0.109375
0 0.057692307692307696 0.7716346153846154 0.03365384615384615 0.11057692307692307
0 0.028846153846153848 0.7788461538461539 0.028846153846153848 0.09014423076923077
0 0.008413461538461538 0.7740384615384616 0.016826923076923076 0.11298076923076923
0 0.010817307692307692 0.6310096153846154 0.021634615384615384 0.1141826923076923
0 0.5637019230769231 0.6394230769230769 0.026442307692307692 0.109375
0 0.5661057692307693 0.7584134615384616 0.028846153846153848 0.11057692307692307
0 0.5997596153846154 0.6189903846153846 0.03125 0.11658653846153846
0 0.5973557692307693 0.7487980769230769 0.030048076923076924 0.1045673076923077
0 0.6310096153846154 0.7560096153846154 0.027644230769230768 0.10817307692307693
0 0.6310096153846154 0.6237980769230769 0.028846153846153848 0.09495192307692307
0 0.6622596153846154 0.6286057692307693 0.030048076923076924 0.11057692307692307
0 0.6622596153846154 0.7536057692307693 0.028846153846153848 0.10336538461538461
0 0.6923076923076923 0.7584134615384616 0.027644230769230768 0.11057692307692307
0 0.7247596153846154 0.7487980769230769 0.030048076923076924 0.09735576923076923
0 0.7560096153846154 0.7391826923076923 0.030048076923076924 0.09254807692307693
0 0.7872596153846154 0.7415865384615384 0.027644230769230768 0.10576923076923077
0 0.8173076923076923 0.7475961538461539 0.030048076923076924 0.09735576923076923
0 0.6923076923076923 0.6262019230769231 0.03125 0.10817307692307693
0 0.7235576923076923 0.6081730769230769 0.028846153846153848 0.10336538461538461
0 0.7560096153846154 0.6045673076923077 0.027644230769230768 0.10576923076923077
0 0.7848557692307693 0.6081730769230769 0.03125 0.1141826923076923
0 0.8161057692307693 0.6045673076923077 0.030048076923076924 0.10697115384615384