0 0.5036057692307693 0.4074519230769231 0.052884615384615384 0.09735576923076923
0 0.5793269230769231 0.4567307692307692 0.052884615384615384 0.09134615384615384
0 0.5588942307692307 0.4987980769230769 0.052884615384615384 0.0985576923076923
0 0.5120192307692307 0.5793269230769231 0.054086538461538464 0.09615384615384616
0 0.49399038461538464 0.6225961538461539 0.04927884615384615 0.08173076923076923
0 0.4807692307692308 0.4495192307692308 0.054086538461538464 0.10096153846153846
0 0.5324519230769231 0.5360576923076923 0.052884615384615384 0.09735576923076923
0 0.4699519230769231 0.6598557692307693 0.055288461538461536 0.09495192307692307
0 0.4387019230769231 0.5216346153846154 0.055288461538461536 0.10096153846153846
0 0.4651442307692308 0.49038461538461536 0.051682692307692304 0.09254807692307693
0 0.5384615384615384 0.7091346153846154 0.052884615384615384 0.09975961538461539
0 0.59375 0.8004807692307693 0.054086538461538464 0.09254807692307693
0 0.6862980769230769 0.6358173076923077 0.052884615384615384 0.0985576923076923
0 0.6634615384615384 0.6778846153846154 0.056490384615384616 0.0985576923076923
0 0.5252403846153846 0.3629807692307692 0.054086538461538464 0.09254807692307693
0 0.7067307692307693 0.5985576923076923 0.06009615384615385 0.09615384615384616
0 0.5769230769230769 0.8497596153846154 0.052884615384615384 0.09735576923076923
0 0.33413461538461536 0.3401442307692308 0.056490384615384616 0.09735576923076923
0 0.2824519230769231 0.2536057692307692 0.052884615384615384 0.09134615384615384
0 0.13221153846153846 0.6670673076923077 0.052884615384615384 0.09254807692307693
0 0.109375 0.7091346153846154 0.055288461538461536 0.09735576923076923
0 0.15865384615384615 0.7872596153846154 0.056490384615384616 0.09254807692307693
0 0.41225961538461536 0.5552884615384616 0.057692307692307696 0.0985576923076923
0 0.25841346153846156 0.296875 0.052884615384615384 0.0985576923076923
0 0.3786057692307692 0.25721153846153844 0.051682692307692304 0.08774038461538461
0 0.3473557692307692 0.2860576923076923 0.056490384615384616 0.09254807692307693
0 0.15625 0.6334134615384616 0.056490384615384616 0.09975961538461539
0 0.13701923076923078 0.8221153846153846 0.05889423076923077 0.10096153846153846
0 0.11298076923076923 0.8677884615384616 0.054086538461538464 0.09615384615384616
0 0.3269230769230769 0.8509615384615384 0.04807692307692308 0.0829326923076923
0 0.35216346153846156 0.8137019230769231 0.052884615384615384 0.09254807692307693
0 0.3942307692307692 0.8040865384615384 0.057692307692307696 0.0985576923076923
0 0.6923076923076923 0.8004807692307693 0.052884615384615384 0.09495192307692307
0 0.7127403846153846 0.7620192307692307 0.05048076923076923 0.0889423076923077
0 0.640625 0.7199519230769231 0.052884615384615384 0.09495192307692307
0 0.6177884615384616 0.7560096153846154 0.052884615384615384 0.09134615384615384
0 0.5456730769230769 0.3233173076923077 0.04447115384615385 0.08173076923076923
0 0.5961538461538461 0.40865384615384615 0.054086538461538464 0.09134615384615384
0 0.6177884615384616 0.36658653846153844 0.05048076923076923 0.09134615384615384
0 0.5649038461538461 0.2776442307692308 0.05048076923076923 0.0889423076923077
0 0.5865384615384616 0.23798076923076922 0.055288461538461536 0.09495192307692307
0 0.6081730769230769 0.20432692307692307 0.05048076923076923 0.08774038461538461
0 0.6298076923076923 0.16947115384615385 0.051682692307692304 0.09495192307692307
0 0.6502403846153846 0.12860576923076922 0.05048076923076923 0.08774038461538461
0 0.6682692307692307 0.08774038461538461 0.04807692307692308 0.08774038461538461
0 0.6875 0.05048076923076923 0.051682692307692304 0.09014423076923077
0 0.7079326923076923 0.027644230769230768 0.04567307692307692 0.055288461538461536
0 0.7331730769230769 0.010817307692307692 0.030048076923076924 0.021634615384615384
0 0.8173076923076923 0.018028846153846152 0.038461538461538464 0.036057692307692304
0 0.7980769230769231 0.042067307692307696 0.055288461538461536 0.08413461538461539
0 0.7788461538461539 0.06610576923076923 0.05048076923076923 0.08413461538461539
0 0.7572115384615384 0.09975961538461539 0.04326923076923077 0.08052884615384616
0 0.7391826923076923 0.13942307692307693 0.05048076923076923 0.09254807692307693
0 0.7199519230769231 0.17908653846153846 0.051682692307692304 0.09495192307692307
0 0.6983173076923077 0.2127403846153846 0.054086538461538464 0.09014423076923077
0 0.6826923076923077 0.25721153846153844 0.052884615384615384 0.09014423076923077
0 0.6598557692307693 0.29447115384615385 0.04807692307692308 0.08653846153846154
0 0.6382211538461539 0.328125 0.04807692307692308 0.09254807692307693
0 0.7247596153846154 0.5600961538461539 0.054086538461538464 0.0889423076923077
0 0.7379807692307693 0.5120192307692307 0.056490384615384616 0.0889423076923077
0 0.7620192307692307 0.4699519230769231 0.052884615384615384 0.08653846153846154
0 0.7824519230769231 0.43028846153846156 0.056490384615384616 0.09495192307692307
0 0.8004807692307693 0.3942307692307692 0.04927884615384615 0.08413461538461539
0 0.8197115384615384 0.35697115384615385 0.056490384615384616 0.09134615384615384
0 0.8401442307692307 0.31971153846153844 0.055288461538461536 0.0889423076923077
0 0.8569711538461539 0.2776442307692308 0.05048076923076923 0.0889423076923077
0 0.8737980769230769 0.23798076923076922 0.04567307692307692 0.08173076923076923
0 0.8954326923076923 0.20793269230769232 0.051682692307692304 0.0889423076923077
0 0.9170673076923077 0.16947115384615385 0.05048076923076923 0.0889423076923077
0 0.9338942307692307 0.13581730769230768 0.052884615384615384 0.0829326923076923
0 0.9519230769230769 0.10576923076923077 0.046875 0.07211538461538461
0 0.96875 0.05889423076923077 0.052884615384615384 0.08173076923076923
0 0.9783653846153846 0.03245192307692308 0.042067307692307696 0.06370192307692307
0 0.9867788461538461 0.17548076923076922 0.02403846153846154 0.08052884615384616
0 0.9759615384615384 0.21514423076923078 0.04567307692307692 0.09254807692307693
0 0.9567307692307693 0.24639423076923078 0.04326923076923077 0.07692307692307693
0 0.9435096153846154 0.29086538461538464 0.04927884615384615 0.0889423076923077
0 0.921875 0.3245192307692308 0.04927884615384615 0.08653846153846154
0 0.9038461538461539 0.3581730769230769 0.05048076923076923 0.0889423076923077
0 0.8870192307692307 0.39302884615384615 0.051682692307692304 0.08653846153846154
0 0.8677884615384616 0.4387019230769231 0.054086538461538464 0.0889423076923077
0 0.8485576923076923 0.47115384615384615 0.046875 0.08774038461538461
0 0.8317307692307693 0.5192307692307693 0.052884615384615384 0.09134615384615384
0 0.8088942307692307 0.5588942307692307 0.04447115384615385 0.08413461538461539
0 0.7872596153846154 0.5925480769230769 0.04326923076923077 0.07932692307692307
0 0.7704326923076923 0.6394230769230769 0.05048076923076923 0.0889423076923077
0 0.7487980769230769 0.6694711538461539 0.042067307692307696 0.0733173076923077
0 0.7331730769230769 0.7163461538461539 0.056490384615384616 0.0985576923076923
0 0.6706730769230769 0.8401442307692307 0.052884615384615384 0.09134615384615384
0 0.6466346153846154 0.8810096153846154 0.052884615384615384 0.09014423076923077
0 0.6237980769230769 0.9266826923076923 0.055288461538461536 0.09014423076923077
0 0.7632211538461539 0.9891826923076923 0.027644230769230768 0.018028846153846152
0 0.7908653846153846 0.9651442307692307 0.04807692307692308 0.06490384615384616
0 0.8125 0.9362980769230769 0.05048076923076923 0.09134615384615384
0 0.8317307692307693 0.8966346153846154 0.054086538461538464 0.09014423076923077
0 0.8557692307692307 0.8677884615384616 0.052884615384615384 0.09495192307692307
0 0.8762019230769231 0.8269230769230769 0.054086538461538464 0.09615384615384616
0 0.8942307692307693 0.7884615384615384 0.04326923076923077 0.07932692307692307
0 0.9158653846153846 0.75 0.051682692307692304 0.09014423076923077
0 0.9326923076923077 0.7091346153846154 0.055288461538461536 0.0889423076923077
0 0.9507211538461539 0.6634615384615384 0.052884615384615384 0.09014423076923077
0 0.9711538461538461 0.6274038461538461 0.052884615384615384 0.0829326923076923
0 0.9807692307692307 0.5889423076923077 0.037259615384615384 0.09495192307692307
0 0.9903846153846154 0.5384615384615384 0.016826923076923076 0.0625
0 0.3004807692307692 0.20552884615384615 0.055288461538461536 0.0985576923076923
0 0.32211538461538464 0.1658653846153846 0.055288461538461536 0.10096153846153846
0 0.34134615384615385 0.125 0.051682692307692304 0.0889423076923077
0 0.36778846153846156 0.09254807692307693 0.052884615384615384 0.09495192307692307
0 0.38822115384615385 0.051682692307692304 0.055288461538461536 0.09254807692307693
0 0.2403846153846154 0.006009615384615385 0.028846153846153848 0.010817307692307692
0 0.41586538461538464 0.027644230769230768 0.05048076923076923 0.055288461538461536
0 0.4423076923076923 0.006009615384615385 0.025240384615384616 0.010817307692307692
0 0.48677884615384615 0.056490384615384616 0.05889423076923077 0.0985576923076923
0 0.5012019230769231 0.030048076923076924 0.04927884615384615 0.06009615384615385
0 0.5348557692307693 0.018028846153846152 0.040865384615384616 0.036057692307692304
0 0.46033653846153844 0.09615384615384616 0.055288461538461536 0.09134615384615384
0 0.4423076923076923 0.13942307692307693 0.052884615384615384 0.09134615384615384
0 0.41947115384615385 0.17548076923076922 0.04567307692307692 0.07932692307692307
0 0.39903846153846156 0.21995192307692307 0.046875 0.0829326923076923
0 0.14903846153846154 0.24278846153846154 0.06610576923076923 0.09254807692307693
0 0.22596153846153846 0.41947115384615385 0.055288461538461536 0.0889423076923077
0 0.3016826923076923 0.5745192307692307 0.040865384615384616 0.0985576923076923
0 0.24158653846153846 0.5480769230769231 0.052884615384615384 0.09134615384615384
0 0.1971153846153846 0.5480769230769231 0.05048076923076923 0.09495192307692307
0 0.24519230769230768 0.6274038461538461 0.051682692307692304 0.09735576923076923
0 0.22716346153846154 0.6754807692307693 0.052884615384615384 0.09134615384615384
0 0.17908653846153846 0.5913461538461539 0.046875 0.0889423076923077
0 0.020432692307692308 0.5865384615384616 0.040865384615384616 0.09735576923076923
0 0.09134615384615384 0.7536057692307693 0.051682692307692304 0.09134615384615384
0 0.06490384615384616 0.7836538461538461 0.04927884615384615 0.09254807692307693
0 0.040865384615384616 0.8269230769230769 0.056490384615384616 0.0985576923076923
0 0.09134615384615384 0.9074519230769231 0.052884615384615384 0.09254807692307693
0 0.15985576923076922 0.9483173076923077 0.055288461538461536 0.0985576923076923
0 0.025240384615384616 0.8774038461538461 0.05048076923076923 0.09134615384615384
0 0.06971153846153846 0.953125 0.056490384615384616 0.09014423076923077
0 0.039663461538461536 0.9747596153846154 0.05048076923076923 0.046875
0 0.013221153846153846 0.9278846153846154 0.026442307692307692 0.09134615384615384
0 0.3088942307692308 0.8918269230769231 0.054086538461538464 0.0985576923076923
0 0.40384615384615385 0.8918269230769231 0.046875 0.08173076923076923
0 0.3737980769230769 0.9290865384615384 0.056490384615384616 0.09254807692307693
0 0.35697115384615385 0.9627403846153846 0.054086538461538464 0.07211538461538461
0 0.3245192307692308 0.9807692307692307 0.037259615384615384 0.036057692307692304
0 0.2824519230769231 0.921875 0.052884615384615384 0.09495192307692307
0 0.265625 0.9615384615384616 0.05048076923076923 0.07451923076923077
0 0.23076923076923078 0.9783653846153846 0.038461538461538464 0.042067307692307696