0 0.6742788461538461 0.013221153846153846 0.030048076923076924 0.026442307692307692
0 0.6694711538461539 0.0985576923076923 0.030048076923076924 0.11538461538461539
0 0.6730769230769231 0.24759615384615385 0.028846153846153848 0.12379807692307693
0 0.6694711538461539 0.4026442307692308 0.030048076923076924 0.11899038461538461
0 0.6670673076923077 0.5420673076923077 0.028846153846153848 0.11538461538461539
0 0.6598557692307693 0.7019230769230769 0.027644230769230768 0.1141826923076923
0 0.8365384615384616 0.6454326923076923 0.05889423076923077 0.052884615384615384
0 0.5276442307692307 0.12740384615384615 0.052884615384615384 0.051682692307692304
0 0.5240384615384616 0.3016826923076923 0.06009615384615385 0.055288461538461536
0 0.5192307692307693 0.4651442307692308 0.056490384615384616 0.04326923076923077
0 0.5216346153846154 0.5276442307692307 0.057692307692307696 0.04447115384615385
0 0.5216346153846154 0.5829326923076923 0.06009615384615385 0.04567307692307692
0 0.5216346153846154 0.6418269230769231 0.05889423076923077 0.04447115384615385
0 0.5192307692307693 0.6983173076923077 0.057692307692307696 0.046875
0 0.5180288461538461 0.7536057692307693 0.06129807692307692 0.04326923076923077
0 0.5144230769230769 0.8125 0.06370192307692307 0.04807692307692308
0 0.5132211538461539 0.8725961538461539 0.06129807692307692 0.05048076923076923
0 0.5120192307692307 0.9278846153846154 0.0625 0.04807692307692308
0 0.5096153846153846 0.9795673076923077 0.05889423076923077 0.038461538461538464
0 0.38461538461538464 0.08052884615384616 0.06129807692307692 0.07692307692307693
0 0.38461538461538464 0.19831730769230768 0.06490384615384616 0.07091346153846154
0 0.37740384615384615 0.6069711538461539 0.06009615384615385 0.0733173076923077
0 0.3737980769230769 0.9026442307692307 0.056490384615384616 0.06971153846153846
0 0.3737980769230769 0.9615384615384616 0.06129807692307692 0.06971153846153846
0 0.265625 0.02283653846153846 0.055288461538461536 0.04567307692307692
0 0.2620192307692308 0.07211538461538461 0.06129807692307692 0.07211538461538461
0 0.2620192307692308 0.140625 0.05889423076923077 0.07932692307692307
0 0.25721153846153844 0.2127403846153846 0.06490384615384616 0.06610576923076923
0 0.25721153846153844 0.27403846153846156 0.06610576923076923 0.07692307692307693
0 0.25721153846153844 0.3473557692307692 0.06490384615384616 0.07692307692307693
0 0.2512019230769231 0.4050480769230769 0.06490384615384616 0.08774038461538461
0 0.25 0.4675480769230769 0.06370192307692307 0.0829326923076923
0 0.25721153846153844 0.5384615384615384 0.06009615384615385 0.08052884615384616
0 0.2536057692307692 0.609375 0.052884615384615384 0.06370192307692307
0 0.24639423076923078 0.6706730769230769 0.06129807692307692 0.06850961538461539
0 0.2439903846153846 0.7379807692307693 0.055288461538461536 0.06490384615384616
0 0.24519230769230768 0.8052884615384616 0.06129807692307692 0.07451923076923077
0 0.24639423076923078 0.8725961538461539 0.06129807692307692 0.06610576923076923
0 0.24278846153846154 0.9314903846153846 0.054086538461538464 0.0733173076923077
0 0.2439903846153846 0.9819711538461539 0.057692307692307696 0.03365384615384615