0 0.5132211538461539 0.018028846153846152 0.04927884615384615 0.036057692307692304
0 0.5120192307692307 0.06850961538461539 0.046875 0.042067307692307696
0 0.5673076923076923 0.07692307692307693 0.026442307692307692 0.11778846153846154
0 0.33413461538461536 0.13701923076923078 0.052884615384615384 0.046875
0 0.3293269230769231 0.02403846153846154 0.06971153846153846 0.04807692307692308
0 0.33774038461538464 0.0829326923076923 0.06370192307692307 0.04807692307692308
0 0.6754807692307693 0.06009615384615385 0.06370192307692307 0.04567307692307692
0 0.33653846153846156 0.19591346153846154 0.06490384615384616 0.046875
0 0.5721153846153846 0.19951923076923078 0.028846153846153848 0.10576923076923077
0 0.3245192307692308 0.3269230769230769 0.06850961538461539 0.05889423076923077
0 0.32091346153846156 0.2608173076923077 0.06009615384615385 0.04567307692307692
0 0.671875 0.014423076923076924 0.06009615384615385 0.028846153846153848
0 0.6802884615384616 0.11538461538461539 0.06610576923076923 0.052884615384615384
0 0.6802884615384616 0.171875 0.06129807692307692 0.052884615384615384
0 0.6911057692307693 0.2283653846153846 0.06009615384615385 0.052884615384615384
0 0.6899038461538461 0.2860576923076923 0.05889423076923077 0.055288461538461536
0 0.6911057692307693 0.3389423076923077 0.06129807692307692 0.04567307692307692
0 0.6911057692307693 0.3942307692307692 0.057692307692307696 0.052884615384615384
0 0.671875 0.6802884615384616 0.027644230769230768 0.1045673076923077
0 0.6418269230769231 0.7019230769230769 0.03365384615384615 0.11778846153846154
0 0.6105769230769231 0.7091346153846154 0.030048076923076924 0.1141826923076923
0 0.5793269230769231 0.7043269230769231 0.027644230769230768 0.10697115384615384
0 0.5144230769230769 0.7235576923076923 0.026442307692307692 0.09495192307692307
0 0.4807692307692308 0.7199519230769231 0.027644230769230768 0.11298076923076923
0 0.4483173076923077 0.7307692307692307 0.03245192307692308 0.10697115384615384
0 0.546875 0.7235576923076923 0.027644230769230768 0.11057692307692307
0 0.6935096153846154 0.453125 0.06490384615384616 0.046875
0 0.5228365384615384 0.18509615384615385 0.057692307692307696 0.056490384615384616
0 0.5204326923076923 0.11778846153846154 0.0673076923076923 0.056490384615384616
0 0.5204326923076923 0.24759615384615385 0.06370192307692307 0.054086538461538464
0 0.5264423076923077 0.2980769230769231 0.07692307692307693 0.06370192307692307
0 0.3161057692307692 0.48197115384615385 0.07451923076923077 0.0625
0 0.21514423076923078 0.5372596153846154 0.056490384615384616 0.10336538461538461
0 0.07211538461538461 0.8689903846153846 0.037259615384615384 0.1141826923076923
0 0.4170673076923077 0.7524038461538461 0.028846153846153848 0.11057692307692307
0 0.7103365384615384 0.6526442307692307 0.030048076923076924 0.11538461538461539
0 0.3245192307692308 0.6899038461538461 0.06850961538461539 0.056490384615384616
0 0.3245192307692308 0.6274038461538461 0.0673076923076923 0.056490384615384616
0 0.3233173076923077 0.5793269230769231 0.06971153846153846 0.05889423076923077