0 0.08413461538461539 0.39903846153846156 0.10576923076923077 0.11298076923076923
0 0.11298076923076923 0.23076923076923078 0.10096153846153846 0.10336538461538461
0 0.12860576923076922 0.14302884615384615 0.10096153846153846 0.10096153846153846
0 0.1658653846153846 0.07451923076923077 0.09975961538461539 0.10336538461538461
0 0.18509615384615385 0.02283653846153846 0.08653846153846154 0.04567307692307692
0 0.4495192307692308 0.05048076923076923 0.09735576923076923 0.09975961538461539
0 0.43028846153846156 0.12259615384615384 0.10096153846153846 0.1045673076923077
0 0.4098557692307692 0.20432692307692307 0.1045673076923077 0.1045673076923077
0 0.41466346153846156 0.3088942307692308 0.09975961538461539 0.10817307692307693
0 0.38461538461538464 0.3894230769230769 0.09014423076923077 0.09735576923076923
0 0.3641826923076923 0.4675480769230769 0.09615384615384616 0.10576923076923077
0 0.34615384615384615 0.5480769230769231 0.08774038461538461 0.0985576923076923
0 0.3293269230769231 0.6286057692307693 0.09495192307692307 0.1045673076923077
0 0.3112980769230769 0.7139423076923077 0.09495192307692307 0.10576923076923077
0 0.30408653846153844 0.8137019230769231 0.09254807692307693 0.109375
0 0.296875 0.9026442307692307 0.10817307692307693 0.12860576923076922
0 0.27283653846153844 0.9615384615384616 0.09735576923076923 0.07451923076923077
0 0.02403846153846154 0.9411057692307693 0.04807692307692308 0.09254807692307693
0 0.03245192307692308 0.8425480769230769 0.06490384615384616 0.10817307692307693
0 0.042067307692307696 0.7560096153846154 0.08413461538461539 0.10576923076923077
0 0.04807692307692308 0.6586538461538461 0.09495192307692307 0.09975961538461539
0 0.06009615384615385 0.5721153846153846 0.09975961538461539 0.10096153846153846
0 0.07572115384615384 0.484375 0.09254807692307693 0.09134615384615384