0 0.8966346153846154 0.23798076923076922 0.056490384615384616 0.054086538461538464
0 0.7307692307692307 0.12860576923076922 0.030048076923076924 0.11899038461538461
0 0.7331730769230769 0.027644230769230768 0.03485576923076923 0.054086538461538464
0 0.7271634615384616 0.28846153846153844 0.030048076923076924 0.11899038461538461
0 0.5865384615384616 0.056490384615384616 0.056490384615384616 0.054086538461538464
0 0.5877403846153846 0.11057692307692307 0.06009615384615385 0.04567307692307692
0 0.5925480769230769 0.17067307692307693 0.055288461538461536 0.055288461538461536
0 0.5925480769230769 0.22235576923076922 0.05889423076923077 0.04447115384615385
0 0.5877403846153846 0.2776442307692308 0.06129807692307692 0.051682692307692304
0 0.5877403846153846 0.33653846153846156 0.06129807692307692 0.055288461538461536
0 0.5853365384615384 0.39302884615384615 0.06129807692307692 0.04807692307692308
0 0.5841346153846154 0.4519230769230769 0.05889423076923077 0.04447115384615385
0 0.5841346153846154 0.5084134615384616 0.06129807692307692 0.046875
0 0.5817307692307693 0.5661057692307693 0.05889423076923077 0.04807692307692308
0 0.5841346153846154 0.6225961538461539 0.06610576923076923 0.05048076923076923
0 0.5769230769230769 0.6802884615384616 0.06370192307692307 0.04567307692307692
0 0.44471153846153844 0.6033653846153846 0.056490384615384616 0.07692307692307693
0 0.44711538461538464 0.5384615384615384 0.056490384615384616 0.06129807692307692
0 0.44711538461538464 0.4807692307692308 0.055288461538461536 0.06971153846153846
0 0.4495192307692308 0.18629807692307693 0.055288461538461536 0.07451923076923077
0 0.3293269230769231 0.015625 0.052884615384615384 0.030048076923076924
0 0.3329326923076923 0.06129807692307692 0.04326923076923077 0.0625
0 0.32572115384615385 0.12379807692307693 0.06610576923076923 0.07932692307692307
0 0.3245192307692308 0.18389423076923078 0.05048076923076923 0.07091346153846154
0 0.32211538461538464 0.2608173076923077 0.052884615384615384 0.06850961538461539
0 0.31971153846153844 0.31850961538461536 0.05048076923076923 0.06490384615384616
0 0.32572115384615385 0.3918269230769231 0.04447115384615385 0.06610576923076923
0 0.3245192307692308 0.4567307692307692 0.052884615384615384 0.06490384615384616
0 0.31850961538461536 0.5204326923076923 0.054086538461538464 0.06971153846153846
0 0.31850961538461536 0.5841346153846154 0.06129807692307692 0.07451923076923077
0 0.3161057692307692 0.6466346153846154 0.056490384615384616 0.06971153846153846
0 0.3245192307692308 0.7199519230769231 0.05048076923076923 0.06370192307692307
0 0.3173076923076923 0.7800480769230769 0.052884615384615384 0.06490384615384616
0 0.3233173076923077 0.8569711538461539 0.06370192307692307 0.0733173076923077