0 0.2848557692307692 0.03485576923076923 0.06850961538461539 0.05889423076923077
0 0.28365384615384615 0.09495192307692307 0.06850961538461539 0.04807692307692308
0 0.2848557692307692 0.15384615384615385 0.05889423076923077 0.04807692307692308
0 0.2920673076923077 0.21514423076923078 0.06610576923076923 0.05048076923076923
0 0.28846153846153844 0.27403846153846156 0.06370192307692307 0.052884615384615384
0 0.28725961538461536 0.3293269230769231 0.06129807692307692 0.051682692307692304
0 0.2824519230769231 0.3918269230769231 0.06490384615384616 0.051682692307692304
0 0.2848557692307692 0.44591346153846156 0.06850961538461539 0.051682692307692304
0 0.3016826923076923 0.5637019230769231 0.06129807692307692 0.05048076923076923
0 0.3004807692307692 0.6778846153846154 0.06971153846153846 0.056490384615384616
0 0.46033653846153844 0.03485576923076923 0.05889423076923077 0.051682692307692304
0 0.4639423076923077 0.09134615384615384 0.0625 0.051682692307692304
0 0.4699519230769231 0.1466346153846154 0.06370192307692307 0.05048076923076923
0 0.47716346153846156 0.20432692307692307 0.0625 0.04807692307692308
0 0.47836538461538464 0.25961538461538464 0.06370192307692307 0.051682692307692304
0 0.47596153846153844 0.3137019230769231 0.06009615384615385 0.04807692307692308
0 0.47475961538461536 0.375 0.0673076923076923 0.055288461538461536
0 0.4723557692307692 0.4338942307692308 0.06129807692307692 0.051682692307692304
0 0.47475961538461536 0.49038461538461536 0.06129807692307692 0.055288461538461536
0 0.4831730769230769 0.5432692307692307 0.06009615384615385 0.056490384615384616
0 0.4807692307692308 0.6057692307692307 0.057692307692307696 0.055288461538461536
0 0.4807692307692308 0.7199519230769231 0.04927884615384615 0.051682692307692304
0 0.5240384615384616 0.030048076923076924 0.027644230769230768 0.06009615384615385
0 0.5264423076923077 0.12860576923076922 0.030048076923076924 0.1141826923076923
0 0.5288461538461539 0.2439903846153846 0.026442307692307692 0.1045673076923077
0 0.5288461538461539 0.36538461538461536 0.027644230769230768 0.109375
0 0.53125 0.484375 0.027644230769230768 0.10697115384615384
0 0.5324519230769231 0.5985576923076923 0.02403846153846154 0.1045673076923077
0 0.6346153846153846 0.02283653846153846 0.0673076923076923 0.04567307692307692
0 0.6394230769230769 0.07692307692307693 0.0673076923076923 0.055288461538461536
0 0.6370192307692307 0.13581730769230768 0.06370192307692307 0.054086538461538464
0 0.6382211538461539 0.18870192307692307 0.06610576923076923 0.051682692307692304
0 0.640625 0.24639423076923078 0.06370192307692307 0.04807692307692308
0 0.6418269230769231 0.3016826923076923 0.0625 0.04567307692307692
0 0.6394230769230769 0.359375 0.05889423076923077 0.051682692307692304
0 0.6478365384615384 0.4182692307692308 0.0625 0.05048076923076923
0 0.65625 0.4735576923076923 0.06370192307692307 0.052884615384615384
0 0.6526442307692307 0.5288461538461539 0.051682692307692304 0.05048076923076923
0 0.30649038461538464 0.7355769230769231 0.06490384615384616 0.052884615384615384
0 0.29447115384615385 0.4987980769230769 0.07572115384615384 0.056490384615384616
0 0.5372596153846154 0.7223557692307693 0.027644230769230768 0.12139423076923077
0 0.4891826923076923 0.7776442307692307 0.06850961538461539 0.06850961538461539
0 0.30528846153846156 0.7920673076923077 0.054086538461538464 0.056490384615384616
0 0.4831730769230769 0.6610576923076923 0.05048076923076923 0.04807692307692308
0 0.49158653846153844 0.8377403846153846 0.055288461538461536 0.06009615384615385
0 0.30649038461538464 0.8497596153846154 0.06370192307692307 0.055288461538461536
0 0.6490384615384616 0.7560096153846154 0.06370192307692307 0.056490384615384616
0 0.6502403846153846 0.8149038461538461 0.06129807692307692 0.05889423076923077
0 0.6550480769230769 0.5841346153846154 0.06009615384615385 0.054086538461538464
0 0.6418269230769231 0.6454326923076923 0.06129807692307692 0.054086538461538464
0 0.6466346153846154 0.7043269230769231 0.06370192307692307 0.046875
0 0.30528846153846156 0.6213942307692307 0.051682692307692304 0.04567307692307692
0 0.5408653846153846 0.8473557692307693 0.028846153846153848 0.109375
0 0.6598557692307693 0.8677884615384616 0.06009615384615385 0.06009615384615385
0 0.6586538461538461 0.9230769230769231 0.06129807692307692 0.05889423076923077
0 0.4891826923076923 0.8954326923076923 0.0625 0.056490384615384616
0 0.2932692307692308 0.9086538461538461 0.05889423076923077 0.052884615384615384
0 0.49278846153846156 0.9579326923076923 0.0733173076923077 0.06971153846153846
0 0.2932692307692308 0.9699519230769231 0.07091346153846154 0.056490384615384616
0 0.6610576923076923 0.9759615384615384 0.0625 0.04326923076923077