0 0.5637019230769231 0.6286057692307693 0.028846153846153848 0.11057692307692307
0 0.5300480769230769 0.6165865384615384 0.027644230769230768 0.09615384615384616
0 0.4951923076923077 0.6225961538461539 0.028846153846153848 0.11298076923076923
0 0.59375 0.6262019230769231 0.026442307692307692 0.09495192307692307
0 0.6670673076923077 0.3858173076923077 0.028846153846153848 0.109375
0 0.6334134615384616 0.3762019230769231 0.028846153846153848 0.1141826923076923
0 0.6009615384615384 0.38221153846153844 0.027644230769230768 0.11057692307692307
0 0.5697115384615384 0.36538461538461536 0.027644230769230768 0.11899038461538461
0 0.5384615384615384 0.3641826923076923 0.028846153846153848 0.11298076923076923
0 0.5036057692307693 0.3641826923076923 0.027644230769230768 0.10817307692307693
0 0.5060096153846154 0.25 0.028846153846153848 0.109375
0 0.5408653846153846 0.24158653846153846 0.026442307692307692 0.10817307692307693
0 0.5721153846153846 0.24639423076923078 0.030048076923076924 0.11298076923076923
0 0.6057692307692307 0.25841346153846156 0.027644230769230768 0.1141826923076923
0 0.6346153846153846 0.25 0.028846153846153848 0.11057692307692307
0 0.35697115384615385 0.23197115384615385 0.06370192307692307 0.055288461538461536
0 0.35697115384615385 0.3870192307692308 0.06129807692307692 0.052884615384615384
0 0.3545673076923077 0.5528846153846154 0.06370192307692307 0.05048076923076923
0 0.3545673076923077 0.6334134615384616 0.0673076923076923 0.052884615384615384
0 0.34615384615384615 0.7151442307692307 0.06370192307692307 0.052884615384615384
0 0.3605769230769231 0.8016826923076923 0.06129807692307692 0.04807692307692308
0 0.3641826923076923 0.14903846153846154 0.06009615384615385 0.056490384615384616
0 0.5649038461538461 0.7403846153846154 0.026442307692307692 0.10096153846153846
0 0.5925480769230769 0.7512019230769231 0.026442307692307692 0.11298076923076923
0 0.6262019230769231 0.6286057692307693 0.026442307692307692 0.1141826923076923
0 0.625 0.7584134615384616 0.027644230769230768 0.11057692307692307
0 0.65625 0.7596153846153846 0.028846153846153848 0.09975961538461539
0 0.6598557692307693 0.6286057692307693 0.030048076923076924 0.12139423076923077
0 0.6887019230769231 0.640625 0.027644230769230768 0.10817307692307693
0 0.6875 0.7572115384615384 0.030048076923076924 0.10096153846153846
0 0.6959134615384616 0.38341346153846156 0.028846153846153848 0.11538461538461539
0 0.7271634615384616 0.3858173076923077 0.030048076923076924 0.09975961538461539
0 0.7271634615384616 0.2668269230769231 0.027644230769230768 0.1045673076923077
0 0.6971153846153846 0.25721153846153844 0.026442307692307692 0.09735576923076923
0 0.6658653846153846 0.24879807692307693 0.028846153846153848 0.10697115384615384
0 0.7584134615384616 0.3858173076923077 0.03125 0.11298076923076923
0 0.7872596153846154 0.3918269230769231 0.027644230769230768 0.0985576923076923
0 0.8341346153846154 0.4879807692307692 0.06009615384615385 0.04807692307692308
0 0.8173076923076923 0.39302884615384615 0.030048076923076924 0.11298076923076923
0 0.8473557692307693 0.39302884615384615 0.028846153846153848 0.11057692307692307
0 0.8774038461538461 0.4050480769230769 0.028846153846153848 0.09975961538461539
0 0.9074519230769231 0.40384615384615385 0.030048076923076924 0.10096153846153846
0 0.9350961538461539 0.40024038461538464 0.026442307692307692 0.09975961538461539
0 0.9627403846153846 0.4110576923076923 0.027644230769230768 0.1045673076923077
0 0.9879807692307693 0.421875 0.021634615384615384 0.0889423076923077
0 0.7872596153846154 0.26802884615384615 0.030048076923076924 0.10817307692307693
0 0.8173076923076923 0.2704326923076923 0.028846153846153848 0.10576923076923077
0 0.8473557692307693 0.27524038461538464 0.027644230769230768 0.09615384615384616
0 0.8762019230769231 0.28365384615384615 0.028846153846153848 0.1045673076923077
0 0.9050480769230769 0.2824519230769231 0.025240384615384616 0.10576923076923077
0 0.9338942307692307 0.2920673076923077 0.030048076923076924 0.10576923076923077
0 0.9639423076923077 0.2932692307692308 0.03245192307692308 0.10096153846153846
0 0.9903846153846154 0.2980769230769231 0.018028846153846152 0.0889423076923077
0 0.7199519230769231 0.6370192307692307 0.030048076923076924 0.11057692307692307
0 0.9855769230769231 0.6622596153846154 0.026442307692307692 0.10576923076923077
0 0.9579326923076923 0.6490384615384616 0.028846153846153848 0.08774038461538461
0 0.9302884615384616 0.640625 0.027644230769230768 0.09975961538461539
0 0.8990384615384616 0.6442307692307693 0.028846153846153848 0.10336538461538461
0 0.8701923076923077 0.6418269230769231 0.027644230769230768 0.10096153846153846
0 0.8401442307692307 0.6466346153846154 0.03245192307692308 0.11057692307692307
0 0.8100961538461539 0.6466346153846154 0.027644230769230768 0.09735576923076923
0 0.7800480769230769 0.6442307692307693 0.028846153846153848 0.10576923076923077
0 0.7512019230769231 0.6370192307692307 0.028846153846153848 0.109375
0 0.7199519230769231 0.7572115384615384 0.03125 0.109375
0 0.75 0.7608173076923077 0.026442307692307692 0.09975961538461539
0 0.7788461538461539 0.7596153846153846 0.030048076923076924 0.11298076923076923
0 0.8100961538461539 0.7692307692307693 0.03125 0.10096153846153846
0 0.8389423076923077 0.7644230769230769 0.025240384615384616 0.09014423076923077
0 0.8677884615384616 0.7620192307692307 0.028846153846153848 0.10096153846153846
0 0.8990384615384616 0.7644230769230769 0.03365384615384615 0.10336538461538461
0 0.9266826923076923 0.7692307692307693 0.030048076923076924 0.09975961538461539
0 0.9567307692307693 0.7692307692307693 0.03365384615384615 0.09615384615384616
0 0.984375 0.7740384615384616 0.028846153846153848 0.09615384615384616
0 0.9783653846153846 0.9759615384615384 0.030048076923076924 0.04326923076923077
0 0.9495192307692307 0.9759615384615384 0.03125 0.04326923076923077
0 0.9206730769230769 0.9723557692307693 0.025240384615384616 0.051682692307692304
0 0.8918269230769231 0.9699519230769231 0.03245192307692308 0.056490384615384616
0 0.859375 0.9699519230769231 0.030048076923076924 0.056490384615384616
0 0.8293269230769231 0.9699519230769231 0.028846153846153848 0.056490384615384616
0 0.7980769230769231 0.9735576923076923 0.027644230769230768 0.05048076923076923
0 0.7692307692307693 0.9747596153846154 0.027644230769230768 0.04567307692307692
0 0.7379807692307693 0.9723557692307693 0.027644230769230768 0.052884615384615384
0 0.7091346153846154 0.9663461538461539 0.027644230769230768 0.0625
0 0.6754807692307693 0.9675480769230769 0.028846153846153848 0.06129807692307692
0 0.6165865384615384 0.9723557692307693 0.026442307692307692 0.051682692307692304
0 0.6466346153846154 0.9675480769230769 0.025240384615384616 0.06009615384615385
0 0.36899038461538464 0.021634615384615384 0.03125 0.04326923076923077
0 0.4230769230769231 0.02403846153846154 0.026442307692307692 0.04807692307692308
0 0.4699519230769231 0.025240384615384616 0.027644230769230768 0.05048076923076923
0 0.515625 0.02283653846153846 0.03125 0.04567307692307692
0 0.5612980769230769 0.027644230769230768 0.025240384615384616 0.055288461538461536
0 0.6105769230769231 0.030048076923076924 0.026442307692307692 0.06009615384615385
0 0.7427884615384616 0.042067307692307696 0.025240384615384616 0.08413461538461539
0 0.6550480769230769 0.027644230769230768 0.02403846153846154 0.055288461538461536
0 0.7884615384615384 0.04447115384615385 0.030048076923076924 0.0889423076923077
0 0.828125 0.04807692307692308 0.036057692307692304 0.09615384615384616
0 0.8581730769230769 0.040865384615384616 0.028846153846153848 0.08173076923076923
0 0.8870192307692307 0.04447115384615385 0.028846153846153848 0.0889423076923077
0 0.9158653846153846 0.05889423076923077 0.027644230769230768 0.09134615384615384
0 0.9471153846153846 0.055288461538461536 0.03245192307692308 0.09735576923076923
0 0.9783653846153846 0.051682692307692304 0.027644230769230768 0.10336538461538461
0 0.9939903846153846 0.06610576923076923 0.010817307692307692 0.09735576923076923