0 0.6802884615384616 0.02403846153846154 0.027644230769230768 0.046875
0 0.6778846153846154 0.11298076923076923 0.027644230769230768 0.11057692307692307
0 0.6814903846153846 0.2608173076923077 0.03245192307692308 0.11778846153846154
0 0.6814903846153846 0.41586538461538464 0.028846153846153848 0.12259615384615384
0 0.6778846153846154 0.5552884615384616 0.030048076923076924 0.11057692307692307
0 0.8473557692307693 0.6514423076923077 0.05889423076923077 0.055288461538461536
0 0.6730769230769231 0.7139423076923077 0.03125 0.11658653846153846
0 0.5360576923076923 0.14903846153846154 0.04807692307692308 0.051682692307692304
0 0.5336538461538461 0.31850961538461536 0.06129807692307692 0.051682692307692304
0 0.5300480769230769 0.4891826923076923 0.056490384615384616 0.05048076923076923
0 0.5348557692307693 0.5456730769230769 0.056490384615384616 0.042067307692307696
0 0.5348557692307693 0.6033653846153846 0.05889423076923077 0.055288461538461536
0 0.5348557692307693 0.6586538461538461 0.05889423076923077 0.046875
0 0.3942307692307692 0.1045673076923077 0.06009615384615385 0.06850961538461539
0 0.39663461538461536 0.21995192307692307 0.06610576923076923 0.07692307692307693
0 0.39302884615384615 0.6262019230769231 0.05889423076923077 0.0733173076923077
0 0.3894230769230769 0.9254807692307693 0.055288461538461536 0.07211538461538461
0 0.3894230769230769 0.9735576923076923 0.06129807692307692 0.05048076923076923
0 0.25961538461538464 0.9591346153846154 0.056490384615384616 0.07091346153846154
0 0.26802884615384615 0.8954326923076923 0.05048076923076923 0.06971153846153846
0 0.2644230769230769 0.8305288461538461 0.055288461538461536 0.08052884615384616
0 0.25721153846153844 0.7620192307692307 0.055288461538461536 0.06009615384615385
0 0.2620192307692308 0.6983173076923077 0.05889423076923077 0.07211538461538461
0 0.2668269230769231 0.6370192307692307 0.055288461538461536 0.06971153846153846
0 0.27163461538461536 0.5637019230769231 0.06009615384615385 0.07932692307692307
0 0.2620192307692308 0.49278846153846156 0.06370192307692307 0.08173076923076923
0 0.2644230769230769 0.43028846153846156 0.0673076923076923 0.0829326923076923
0 0.26802884615384615 0.3713942307692308 0.06490384615384616 0.08052884615384616
0 0.26802884615384615 0.3016826923076923 0.06850961538461539 0.0829326923076923
0 0.2692307692307692 0.23557692307692307 0.0625 0.06850961538461539
0 0.27403846153846156 0.16706730769230768 0.06129807692307692 0.07932692307692307
0 0.27283653846153844 0.09975961538461539 0.0625 0.06971153846153846
0 0.2668269230769231 0.036057692307692304 0.06610576923076923 0.07211538461538461
0 0.5324519230769231 0.7151442307692307 0.06009615384615385 0.04567307692307692
0 0.5324519230769231 0.7740384615384616 0.06009615384615385 0.055288461538461536
0 0.5276442307692307 0.8269230769230769 0.06370192307692307 0.051682692307692304
0 0.5276442307692307 0.8870192307692307 0.06129807692307692 0.055288461538461536
0 0.5276442307692307 0.9459134615384616 0.05889423076923077 0.052884615384615384
0 0.5276442307692307 0.9855769230769231 0.05889423076923077 0.02403846153846154