0 0.6610576923076923 0.028846153846153848 0.05889423076923077 0.04807692307692308
0 0.6646634615384616 0.08774038461538461 0.056490384615384616 0.054086538461538464
0 0.6694711538461539 0.140625 0.06370192307692307 0.054086538461538464
0 0.6658653846153846 0.19110576923076922 0.056490384615384616 0.046875
0 0.6610576923076923 0.2403846153846154 0.057692307692307696 0.052884615384615384
0 0.6850961538461539 0.3004807692307692 0.05889423076923077 0.056490384615384616
0 0.6634615384615384 0.3557692307692308 0.056490384615384616 0.054086538461538464
0 0.6826923076923077 0.4170673076923077 0.0673076923076923 0.055288461538461536
0 0.6790865384615384 0.4735576923076923 0.06129807692307692 0.04807692307692308
0 0.6754807692307693 0.5276442307692307 0.055288461538461536 0.04807692307692308
0 0.6742788461538461 0.5829326923076923 0.056490384615384616 0.051682692307692304
0 0.6802884615384616 0.6394230769230769 0.06129807692307692 0.051682692307692304
0 0.6790865384615384 0.6959134615384616 0.057692307692307696 0.05048076923076923
0 0.6814903846153846 0.7512019230769231 0.06370192307692307 0.051682692307692304
0 0.6862980769230769 0.8064903846153846 0.06129807692307692 0.05889423076923077
0 0.6959134615384616 0.8653846153846154 0.06129807692307692 0.046875
0 0.6911057692307693 0.9206730769230769 0.05889423076923077 0.054086538461538464
0 0.6899038461538461 0.9747596153846154 0.06370192307692307 0.04567307692307692
0 0.5528846153846154 0.05889423076923077 0.025240384615384616 0.10336538461538461
0 0.5540865384615384 0.1658653846153846 0.027644230769230768 0.1045673076923077
0 0.5625 0.2800480769230769 0.027644230769230768 0.11298076923076923
0 0.5649038461538461 0.4014423076923077 0.026442307692307692 0.11899038461538461
0 0.5673076923076923 0.5216346153846154 0.025240384615384616 0.109375
0 0.5685096153846154 0.6286057692307693 0.025240384615384616 0.09134615384615384
0 0.5721153846153846 0.7403846153846154 0.027644230769230768 0.1141826923076923
0 0.5745192307692307 0.8509615384615384 0.025240384615384616 0.1045673076923077
0 0.5793269230769231 0.9555288461538461 0.027644230769230768 0.08413461538461539
0 0.5060096153846154 0.026442307692307692 0.06009615384615385 0.052884615384615384
0 0.5024038461538461 0.08413461538461539 0.05889423076923077 0.05048076923076923
0 0.5036057692307693 0.13581730769230768 0.056490384615384616 0.06009615384615385
0 0.5048076923076923 0.19591346153846154 0.06009615384615385 0.046875
0 0.5084134615384616 0.25240384615384615 0.06009615384615385 0.051682692307692304
0 0.5144230769230769 0.31009615384615385 0.06009615384615385 0.05048076923076923
0 0.5144230769230769 0.36538461538461536 0.056490384615384616 0.046875
0 0.5120192307692307 0.421875 0.06129807692307692 0.051682692307692304
0 0.5132211538461539 0.4795673076923077 0.06009615384615385 0.054086538461538464
0 0.5168269230769231 0.5360576923076923 0.06129807692307692 0.04567307692307692
0 0.5216346153846154 0.5901442307692307 0.06129807692307692 0.051682692307692304
0 0.5144230769230769 0.6514423076923077 0.06009615384615385 0.04807692307692308
0 0.515625 0.7067307692307693 0.05889423076923077 0.04807692307692308
0 0.5168269230769231 0.7692307692307693 0.06129807692307692 0.055288461538461536
0 0.5192307692307693 0.8305288461538461 0.06610576923076923 0.055288461538461536
0 0.5192307692307693 0.8810096153846154 0.06850961538461539 0.054086538461538464
0 0.5180288461538461 0.9375 0.06370192307692307 0.054086538461538464
0 0.5144230769230769 0.984375 0.05889423076923077 0.026442307692307692
0 0.33533653846153844 0.042067307692307696 0.06610576923076923 0.055288461538461536
0 0.3245192307692308 0.0985576923076923 0.06370192307692307 0.051682692307692304
0 0.3245192307692308 0.15264423076923078 0.06129807692307692 0.04807692307692308
0 0.3293269230769231 0.20552884615384615 0.05048076923076923 0.046875
0 0.32091346153846156 0.2692307692307692 0.052884615384615384 0.046875
0 0.3245192307692308 0.31971153846153844 0.06129807692307692 0.051682692307692304
0 0.3245192307692308 0.3786057692307692 0.054086538461538464 0.046875
0 0.33533653846153844 0.4338942307692308 0.0625 0.046875
0 0.33774038461538464 0.4891826923076923 0.05889423076923077 0.046875
0 0.33413461538461536 0.5432692307692307 0.06009615384615385 0.04807692307692308
0 0.3329326923076923 0.6057692307692307 0.057692307692307696 0.046875
0 0.3329326923076923 0.6622596153846154 0.0625 0.04807692307692308
0 0.33413461538461536 0.7223557692307693 0.06610576923076923 0.046875
0 0.33774038461538464 0.7788461538461539 0.06610576923076923 0.052884615384615384
0 0.3401442307692308 0.8389423076923077 0.06370192307692307 0.054086538461538464
0 0.34134615384615385 0.8942307692307693 0.0625 0.051682692307692304
0 0.3473557692307692 0.9495192307692307 0.04927884615384615 0.055288461538461536