0 0.4579326923076923 0.11778846153846154 0.052884615384615384 0.10336538461538461
0 0.4375 0.16706730769230768 0.051682692307692304 0.09495192307692307
0 0.41225961538461536 0.203125 0.054086538461538464 0.0985576923076923
0 0.38221153846153844 0.22235576923076922 0.04927884615384615 0.08173076923076923
0 0.3629807692307692 0.2692307692307692 0.05048076923076923 0.09254807692307693
0 0.3449519230769231 0.3161057692307692 0.052884615384615384 0.09615384615384616
0 0.3173076923076923 0.35096153846153844 0.046875 0.09254807692307693
0 0.2980769230769231 0.3918269230769231 0.05048076923076923 0.09615384615384616
0 0.27163461538461536 0.42788461538461536 0.04927884615384615 0.09735576923076923
0 0.24759615384615385 0.4651442307692308 0.051682692307692304 0.0985576923076923
0 0.2247596153846154 0.5072115384615384 0.04807692307692308 0.0889423076923077
0 0.20192307692307693 0.5444711538461539 0.04927884615384615 0.09014423076923077
0 0.18389423076923078 0.5829326923076923 0.04807692307692308 0.09254807692307693
0 0.15985576923076922 0.6213942307692307 0.051682692307692304 0.10096153846153846
0 0.14182692307692307 0.6658653846153846 0.052884615384615384 0.09735576923076923
0 0.1201923076923077 0.7067307692307693 0.052884615384615384 0.0985576923076923
0 0.0889423076923077 0.7307692307692307 0.046875 0.09014423076923077
0 0.06610576923076923 0.7668269230769231 0.055288461538461536 0.09975961538461539
0 0.04807692307692308 0.8125 0.056490384615384616 0.10096153846153846
0 0.2536057692307692 0.11538461538461539 0.057692307692307696 0.10576923076923077
0 0.22956730769230768 0.1502403846153846 0.055288461538461536 0.10697115384615384
0 0.1658653846153846 0.27524038461538464 0.052884615384615384 0.09735576923076923
0 0.14423076923076922 0.3112980769230769 0.057692307692307696 0.09735576923076923
0 0.12259615384615384 0.3473557692307692 0.05048076923076923 0.09014423076923077
0 0.09254807692307693 0.3786057692307692 0.04807692307692308 0.08653846153846154
0 0.06610576923076923 0.41586538461538464 0.055288461538461536 0.09254807692307693
0 0.04567307692307692 0.4519230769230769 0.056490384615384616 0.09014423076923077
0 0.5036057692307693 0.36899038461538464 0.04927884615384615 0.07211538461538461
0 0.4807692307692308 0.4050480769230769 0.051682692307692304 0.07932692307692307
0 0.4579326923076923 0.44591346153846156 0.052884615384615384 0.07451923076923077
0 0.4362980769230769 0.4831730769230769 0.046875 0.07211538461538461
0 0.3894230769230769 0.5661057692307693 0.04447115384615385 0.07932692307692307
0 0.3629807692307692 0.6057692307692307 0.042067307692307696 0.07211538461538461
0 0.3425480769230769 0.6418269230769231 0.04567307692307692 0.06971153846153846
0 0.027644230769230768 0.49759615384615385 0.055288461538461536 0.1045673076923077
0 0.016826923076923076 0.5516826923076923 0.03245192307692308 0.0625
0 0.025240384615384616 0.8557692307692307 0.05048076923076923 0.09735576923076923
0 0.013221153846153846 0.9026442307692307 0.026442307692307692 0.08173076923076923
0 0.1778846153846154 0.9579326923076923 0.052884615384615384 0.07932692307692307
0 0.19951923076923078 0.9375 0.052884615384615384 0.09014423076923077
0 0.3269230769230769 0.6971153846153846 0.04567307692307692 0.0733173076923077
0 0.2956730769230769 0.7331730769230769 0.046875 0.09975961538461539
0 0.2800480769230769 0.7800480769230769 0.055288461538461536 0.09014423076923077
0 0.25961538461538464 0.8233173076923077 0.04807692307692308 0.08774038461538461
0 0.23677884615384615 0.8569711538461539 0.05048076923076923 0.08413461538461539
0 0.22115384615384615 0.9038461538461539 0.04326923076923077 0.07932692307692307
0 0.14423076923076922 0.9831730769230769 0.037259615384615384 0.028846153846153848
0 0.2776442307692308 0.07932692307692307 0.051682692307692304 0.09735576923076923
0 0.29927884615384615 0.04447115384615385 0.052884615384615384 0.0889423076923077
0 0.3245192307692308 0.026442307692307692 0.04326923076923077 0.052884615384615384
0 0.3605769230769231 0.014423076923076924 0.027644230769230768 0.027644230769230768
0 0.006009615384615385 0.6045673076923077 0.01201923076923077 0.04807692307692308
0 0.18629807692307693 0.23918269230769232 0.04927884615384615 0.08774038461538461