0 0.6189903846153846 0.2403846153846154 0.030048076923076924 0.11778846153846154
0 0.6189903846153846 0.375 0.03245192307692308 0.109375
0 0.6117788461538461 0.5637019230769231 0.03125 0.10336538461538461
0 0.6057692307692307 0.7079326923076923 0.026442307692307692 0.09615384615384616
0 0.6129807692307693 0.8185096153846154 0.03125 0.11538461538461539
0 0.4543269230769231 0.5721153846153846 0.0625 0.052884615384615384
0 0.46153846153846156 0.6358173076923077 0.05889423076923077 0.051682692307692304
0 0.4651442307692308 0.6959134615384616 0.0625 0.051682692307692304
0 0.45552884615384615 0.75 0.06009615384615385 0.04807692307692308
0 0.4519230769230769 0.8088942307692307 0.055288461538461536 0.056490384615384616
0 0.44471153846153844 0.8653846153846154 0.056490384615384616 0.054086538461538464
0 0.4495192307692308 0.9206730769230769 0.05889423076923077 0.046875
0 0.46153846153846156 0.9759615384615384 0.04807692307692308 0.04447115384615385
0 0.3870192307692308 0.49038461538461536 0.06129807692307692 0.054086538461538464
0 0.2932692307692308 0.27884615384615385 0.06971153846153846 0.05048076923076923
0 0.3269230769230769 0.6225961538461539 0.06129807692307692 0.07211538461538461
0 0.32572115384615385 0.6899038461538461 0.05889423076923077 0.06370192307692307
0 0.31490384615384615 0.75 0.06370192307692307 0.06850961538461539
0 0.3173076923076923 0.8112980769230769 0.0625 0.06370192307692307
0 0.3137019230769231 0.9699519230769231 0.05889423076923077 0.056490384615384616
0 0.1935096153846154 0.7860576923076923 0.06610576923076923 0.078125
0 0.18629807692307693 0.8509615384615384 0.06971153846153846 0.078125
0 0.19110576923076922 0.9254807692307693 0.06490384615384616 0.0733173076923077
0 0.18389423076923078 0.9723557692307693 0.06370192307692307 0.051682692307692304
0 0.1935096153846154 0.7199519230769231 0.055288461538461536 0.06490384615384616
0 0.18990384615384615 0.6514423076923077 0.06490384615384616 0.06850961538461539
0 0.19591346153846154 0.5889423076923077 0.05889423076923077 0.08653846153846154
0 0.19110576923076922 0.5204326923076923 0.06850961538461539 0.078125
0 0.20192307692307693 0.4579326923076923 0.06129807692307692 0.07932692307692307
0 0.20552884615384615 0.3918269230769231 0.06490384615384616 0.07692307692307693
0 0.20552884615384615 0.33052884615384615 0.06129807692307692 0.06610576923076923