0 0.44350961538461536 0.3894230769230769 0.030048076923076924 0.1045673076923077
0 0.5384615384615384 0.39663461538461536 0.027644230769230768 0.09134615384615384
0 0.34975961538461536 0.4098557692307692 0.027644230769230768 0.10817307692307693
0 0.5084134615384616 0.6586538461538461 0.027644230769230768 0.10336538461538461
0 0.5396634615384616 0.6502403846153846 0.027644230769230768 0.10336538461538461
0 0.5432692307692307 0.7788461538461539 0.026442307692307692 0.10096153846153846
0 0.4831730769230769 0.12259615384615384 0.027644230769230768 0.10096153846153846
0 0.5168269230769231 0.125 0.030048076923076924 0.09975961538461539
0 0.4519230769230769 0.12139423076923077 0.027644230769230768 0.1045673076923077
0 0.42427884615384615 0.14182692307692307 0.027644230769230768 0.10817307692307693
0 0.39783653846153844 0.021634615384615384 0.055288461538461536 0.04326923076923077
0 0.39302884615384615 0.1466346153846154 0.027644230769230768 0.1141826923076923
0 0.38100961538461536 0.40024038461538464 0.02403846153846154 0.10697115384615384
0 0.41346153846153844 0.4026442307692308 0.027644230769230768 0.1045673076923077
0 0.47836538461538464 0.375 0.027644230769230768 0.09975961538461539
0 0.5084134615384616 0.3918269230769231 0.026442307692307692 0.10096153846153846
0 0.5745192307692307 0.7836538461538461 0.026442307692307692 0.09975961538461539
0 0.5120192307692307 0.7872596153846154 0.025240384615384616 0.10096153846153846
0 0.46634615384615385 0.6550480769230769 0.026442307692307692 0.1045673076923077
0 0.47836538461538464 0.7716346153846154 0.025240384615384616 0.109375
0 0.5745192307692307 0.6622596153846154 0.026442307692307692 0.1045673076923077
0 0.6057692307692307 0.6538461538461539 0.030048076923076924 0.10817307692307693
0 0.6057692307692307 0.7776442307692307 0.027644230769230768 0.109375
0 0.32091346153846156 0.41947115384615385 0.025240384615384616 0.11057692307692307
0 0.28846153846153844 0.41947115384615385 0.027644230769230768 0.1045673076923077
0 0.25961538461538464 0.4182692307692308 0.027644230769230768 0.10096153846153846
0 0.13822115384615385 0.44350961538461536 0.027644230769230768 0.09975961538461539
0 0.11298076923076923 0.4254807692307692 0.02403846153846154 0.09735576923076923
0 0.08653846153846154 0.4266826923076923 0.027644230769230768 0.10336538461538461
0 0.055288461538461536 0.4182692307692308 0.028846153846153848 0.10336538461538461
0 0.025240384615384616 0.421875 0.028846153846153848 0.09615384615384616
0 0.007211538461538462 0.421875 0.014423076923076924 0.09134615384615384
0 0.2668269230769231 0.6670673076923077 0.026442307692307692 0.09615384615384616
0 0.3870192307692308 0.6526442307692307 0.030048076923076924 0.1045673076923077
0 0.32572115384615385 0.7956730769230769 0.02403846153846154 0.10096153846153846
0 0.2956730769230769 0.7932692307692307 0.026442307692307692 0.10096153846153846
0 0.265625 0.7884615384615384 0.030048076923076924 0.10697115384615384
0 0.23557692307692307 0.7944711538461539 0.027644230769230768 0.09615384615384616
0 0.23317307692307693 0.671875 0.028846153846153848 0.109375
0 0.20192307692307693 0.6538461538461539 0.025240384615384616 0.1045673076923077
0 0.17307692307692307 0.6682692307692307 0.027644230769230768 0.0985576923076923
0 0.2091346153846154 0.7944711538461539 0.027644230769230768 0.09615384615384616
0 0.17548076923076922 0.7884615384615384 0.030048076923076924 0.11057692307692307
0 0.14182692307692307 0.671875 0.027644230769230768 0.10576923076923077
0 0.14423076923076922 0.7908653846153846 0.030048076923076924 0.10336538461538461
0 0.11658653846153846 0.7848557692307693 0.026442307692307692 0.109375
0 0.11298076923076923 0.6670673076923077 0.026442307692307692 0.1045673076923077
0 0.08533653846153846 0.6670673076923077 0.030048076923076924 0.09134615384615384
0 0.056490384615384616 0.6694711538461539 0.030048076923076924 0.09975961538461539
0 0.02403846153846154 0.671875 0.030048076923076924 0.10697115384615384
0 0.006009615384615385 0.6754807692307693 0.010817307692307692 0.0985576923076923
0 0.08774038461538461 0.7920673076923077 0.028846153846153848 0.09735576923076923
0 0.057692307692307696 0.8004807692307693 0.027644230769230768 0.0985576923076923
0 0.025240384615384616 0.796875 0.03245192307692308 0.0985576923076923
0 0.05048076923076923 0.9927884615384616 0.02403846153846154 0.009615384615384616
0 0.11298076923076923 0.9927884615384616 0.026442307692307692 0.010817307692307692
0 0.17548076923076922 0.9915865384615384 0.02403846153846154 0.01201923076923077
0 0.20192307692307693 0.9903846153846154 0.02403846153846154 0.015625
0 0.23197115384615385 0.9891826923076923 0.025240384615384616 0.018028846153846152
0 0.2620192307692308 0.9927884615384616 0.02403846153846154 0.010817307692307692
0 0.38341346153846156 0.9915865384615384 0.02403846153846154 0.014423076923076924
0 0.41586538461538464 0.9927884615384616 0.027644230769230768 0.009615384615384616
0 0.3545673076923077 0.9915865384615384 0.021634615384615384 0.014423076923076924
0 0.6346153846153846 0.984375 0.026442307692307692 0.026442307692307692
0 0.6658653846153846 0.9855769230769231 0.025240384615384616 0.02403846153846154
0 0.6983173076923077 0.9819711538461539 0.025240384615384616 0.03365384615384615
0 0.7271634615384616 0.9807692307692307 0.027644230769230768 0.03485576923076923
0 0.7572115384615384 0.9759615384615384 0.028846153846153848 0.04326923076923077
0 0.7896634615384616 0.9795673076923077 0.030048076923076924 0.037259615384615384
0 0.8209134615384616 0.9807692307692307 0.025240384615384616 0.036057692307692304
0 0.8485576923076923 0.9783653846153846 0.027644230769230768 0.040865384615384616
0 0.8786057692307693 0.9831730769230769 0.028846153846153848 0.028846153846153848
0 0.9158653846153846 0.9711538461538461 0.03365384615384615 0.055288461538461536
0 0.9447115384615384 0.9723557692307693 0.03245192307692308 0.052884615384615384
0 0.9771634615384616 0.9747596153846154 0.03485576923076923 0.046875
0 0.9915865384615384 0.7403846153846154 0.015625 0.10336538461538461
0 0.9939903846153846 0.9783653846153846 0.008413461538461538 0.040865384615384616
0 0.9903846153846154 0.6177884615384616 0.018028846153846152 0.1045673076923077
0 0.9651442307692307 0.609375 0.03365384615384615 0.1045673076923077
0 0.9699519230769231 0.734375 0.03365384615384615 0.09735576923076923
0 0.9423076923076923 0.7379807692307693 0.03245192307692308 0.1045673076923077
0 0.9362980769230769 0.6213942307692307 0.03245192307692308 0.10096153846153846
0 0.9074519230769231 0.6213942307692307 0.03245192307692308 0.09735576923076923
0 0.9086538461538461 0.7427884615384616 0.028846153846153848 0.09735576923076923
0 0.8762019230769231 0.6237980769230769 0.03125 0.10576923076923077
0 0.8774038461538461 0.7379807692307693 0.030048076923076924 0.10697115384615384
0 0.8485576923076923 0.7331730769230769 0.027644230769230768 0.10336538461538461
0 0.8497596153846154 0.6262019230769231 0.03125 0.09495192307692307
0 0.8197115384615384 0.6225961538461539 0.030048076923076924 0.09975961538461539
0 0.8221153846153846 0.7439903846153846 0.030048076923076924 0.1045673076923077
0 0.7908653846153846 0.7524038461538461 0.030048076923076924 0.09735576923076923
0 0.7908653846153846 0.6262019230769231 0.027644230769230768 0.09495192307692307
0 0.7608173076923077 0.6334134615384616 0.027644230769230768 0.10336538461538461
0 0.7283653846153846 0.640625 0.028846153846153848 0.11298076923076923
0 0.7295673076923077 0.7584134615384616 0.030048076923076924 0.109375
0 0.7596153846153846 0.7560096153846154 0.028846153846153848 0.0985576923076923
0 0.6995192307692307 0.6454326923076923 0.030048076923076924 0.10817307692307693
0 0.6995192307692307 0.7644230769230769 0.027644230769230768 0.10576923076923077
0 0.6682692307692307 0.6454326923076923 0.027644230769230768 0.10336538461538461
0 0.6370192307692307 0.6442307692307693 0.028846153846153848 0.10336538461538461
0 0.6670673076923077 0.765625 0.027644230769230768 0.10817307692307693
0 0.6358173076923077 0.7668269230769231 0.026442307692307692 0.10697115384615384
0 0.15504807692307693 0.19471153846153846 0.028846153846153848 0.09254807692307693
0 0.18389423076923078 0.18629807692307693 0.028846153846153848 0.10336538461538461
0 0.21514423076923078 0.18028846153846154 0.03125 0.10576923076923077
0 0.2439903846153846 0.17307692307692307 0.026442307692307692 0.0985576923076923
0 0.27403846153846156 0.17548076923076922 0.027644230769230768 0.10096153846153846
0 0.30288461538461536 0.16706730769230768 0.025240384615384616 0.10336538461538461
0 0.3329326923076923 0.16105769230769232 0.030048076923076924 0.109375
0 0.3629807692307692 0.15384615384615385 0.027644230769230768 0.10817307692307693
0 0.5480769230769231 0.13221153846153846 0.025240384615384616 0.10336538461538461
0 0.578125 0.11778846153846154 0.027644230769230768 0.11057692307692307
0 0.6105769230769231 0.12259615384615384 0.030048076923076924 0.1141826923076923
0 0.6394230769230769 0.1141826923076923 0.028846153846153848 0.09975961538461539
0 0.6706730769230769 0.12740384615384615 0.026442307692307692 0.10096153846153846
0 0.6995192307692307 0.11658653846153846 0.028846153846153848 0.10576923076923077
0 0.7283653846153846 0.1346153846153846 0.028846153846153848 0.0889423076923077
0 0.7584134615384616 0.11057692307692307 0.026442307692307692 0.09975961538461539
0 0.7884615384615384 0.17307692307692307 0.027644230769230768 0.09735576923076923
0 0.8137019230769231 0.0985576923076923 0.027644230769230768 0.10336538461538461
0 0.8449519230769231 0.09735576923076923 0.028846153846153848 0.10697115384615384
0 0.8762019230769231 0.10336538461538461 0.03245192307692308 0.10576923076923077
0 0.9074519230769231 0.1045673076923077 0.026442307692307692 0.10096153846153846
0 0.9375 0.09495192307692307 0.03125 0.10336538461538461
0 0.96875 0.109375 0.030048076923076924 0.1045673076923077
0 0.9915865384615384 0.10697115384615384 0.014423076923076924 0.10817307692307693
0 0.9855769230769231 0.36899038461538464 0.026442307692307692 0.09615384615384616
0 0.9603365384615384 0.375 0.03245192307692308 0.09975961538461539
0 0.9326923076923077 0.3629807692307692 0.030048076923076924 0.1045673076923077
0 0.9026442307692307 0.3629807692307692 0.03245192307692308 0.10697115384615384
0 0.8713942307692307 0.36778846153846156 0.030048076923076924 0.09735576923076923
0 0.8425480769230769 0.38341346153846156 0.030048076923076924 0.0985576923076923
0 0.8112980769230769 0.38100961538461536 0.030048076923076924 0.10096153846153846
0 0.7824519230769231 0.38341346153846156 0.030048076923076924 0.09975961538461539
0 0.7536057692307693 0.3870192307692308 0.030048076923076924 0.10576923076923077
0 0.7235576923076923 0.3870192307692308 0.028846153846153848 0.11057692307692307
0 0.6935096153846154 0.39302884615384615 0.027644230769230768 0.10576923076923077
0 0.6634615384615384 0.3954326923076923 0.026442307692307692 0.10576923076923077
0 0.6322115384615384 0.3954326923076923 0.030048076923076924 0.11057692307692307
0 0.6009615384615384 0.3918269230769231 0.027644230769230768 0.11298076923076923
0 0.5721153846153846 0.4014423076923077 0.028846153846153848 0.10336538461538461