0 0.3581730769230769 0.8028846153846154 0.042067307692307696 0.1814903846153846
0 0.41346153846153844 0.7668269230769231 0.042067307692307696 0.18028846153846154
0 0.4651442307692308 0.7908653846153846 0.039663461538461536 0.1622596153846154
0 0.6622596153846154 0.8197115384615384 0.040865384615384616 0.16826923076923078
0 0.6129807692307693 0.8149038461538461 0.038461538461538464 0.16826923076923078
0 0.5637019230769231 0.8137019230769231 0.039663461538461536 0.15264423076923078
0 0.5144230769230769 0.8040865384615384 0.042067307692307696 0.17548076923076922
0 0.3076923076923077 0.7980769230769231 0.046875 0.1778846153846154
0 0.7175480769230769 0.8112980769230769 0.04447115384615385 0.1658653846153846
0 0.7668269230769231 0.7956730769230769 0.04567307692307692 0.19591346153846154
0 0.8161057692307693 0.8137019230769231 0.04567307692307692 0.17307692307692307
0 0.8677884615384616 0.8125 0.046875 0.15504807692307693
0 0.9170673076923077 0.765625 0.054086538461538464 0.17548076923076922
0 0.9723557692307693 0.7980769230769231 0.052884615384615384 0.1814903846153846
0 0.1141826923076923 0.7716346153846154 0.04927884615384615 0.15745192307692307
0 0.06971153846153846 0.7752403846153846 0.05048076923076923 0.1658653846153846
0 0.021634615384615384 0.7800480769230769 0.042067307692307696 0.16706730769230768
0 0.2620192307692308 0.7800480769230769 0.04567307692307692 0.17307692307692307