0 0.7007211538461539 0.6454326923076923 0.055288461538461536 0.11057692307692307
0 0.6382211538461539 0.7295673076923077 0.03245192307692308 0.11298076923076923
0 0.6274038461538461 0.9795673076923077 0.026442307692307692 0.037259615384615384
0 0.6358173076923077 0.578125 0.028846153846153848 0.11057692307692307
0 0.6430288461538461 0.44591346153846156 0.030048076923076924 0.109375
0 0.6466346153846154 0.3004807692307692 0.030048076923076924 0.109375
0 0.6550480769230769 0.021634615384615384 0.03125 0.04326923076923077
0 0.49278846153846156 0.030048076923076924 0.0625 0.06009615384615385
0 0.4987980769230769 0.0889423076923077 0.054086538461538464 0.04567307692307692
0 0.5096153846153846 0.14423076923076922 0.046875 0.04567307692307692
0 0.5036057692307693 0.20432692307692307 0.054086538461538464 0.055288461538461536
0 0.49759615384615385 0.31490384615384615 0.057692307692307696 0.052884615384615384
0 0.4879807692307692 0.3762019230769231 0.05889423076923077 0.051682692307692304
0 0.49278846153846156 0.6057692307692307 0.05048076923076923 0.04567307692307692
0 0.4879807692307692 0.7800480769230769 0.06370192307692307 0.052884615384615384
0 0.4807692307692308 0.9471153846153846 0.06009615384615385 0.052884615384615384
0 0.3641826923076923 0.14423076923076922 0.054086538461538464 0.06490384615384616
0 0.36538461538461536 0.20432692307692307 0.06009615384615385 0.07211538461538461
0 0.35336538461538464 0.5600961538461539 0.06129807692307692 0.06971153846153846
0 0.34975961538461536 0.671875 0.0673076923076923 0.07932692307692307
0 0.21033653846153846 0.9399038461538461 0.06610576923076923 0.08052884615384616
0 0.2091346153846154 0.9831730769230769 0.051682692307692304 0.028846153846153848
0 0.21634615384615385 0.8834134615384616 0.06370192307692307 0.0889423076923077
0 0.21875 0.8197115384615384 0.0673076923076923 0.08413461538461539
0 0.22235576923076922 0.7487980769230769 0.06610576923076923 0.078125
0 0.22355769230769232 0.6862980769230769 0.06009615384615385 0.07211538461538461
0 0.2247596153846154 0.6141826923076923 0.06610576923076923 0.0829326923076923
0 0.22596153846153846 0.5420673076923077 0.06370192307692307 0.06850961538461539
0 0.22235576923076922 0.4735576923076923 0.06610576923076923 0.0889423076923077
0 0.22596153846153846 0.4170673076923077 0.06129807692307692 0.07451923076923077
0 0.23317307692307693 0.35096153846153844 0.06850961538461539 0.07932692307692307
0 0.23076923076923078 0.2920673076923077 0.06370192307692307 0.07091346153846154
0 0.23317307692307693 0.21634615384615385 0.057692307692307696 0.07451923076923077
0 0.23317307692307693 0.15144230769230768 0.06370192307692307 0.078125
0 0.23918269230769232 0.09014423076923077 0.0673076923076923 0.078125
0 0.23798076923076922 0.027644230769230768 0.06009615384615385 0.055288461538461536