0 0.9471153846153846 0.6189903846153846 0.08413461538461539 0.12259615384615384
0 0.9483173076923077 0.5 0.06971153846153846 0.12620192307692307
0 0.9519230769230769 0.21394230769230768 0.06971153846153846 0.15384615384615385
0 0.8365384615384616 0.036057692307692304 0.07211538461538461 0.07211538461538461
0 0.7319711538461539 0.06490384615384616 0.07211538461538461 0.125
0 0.6826923076923077 0.042067307692307696 0.06370192307692307 0.08413461538461539
0 0.7572115384615384 0.13221153846153846 0.07451923076923077 0.13942307692307693
0 0.7860576923076923 0.19951923076923078 0.08533653846153846 0.14543269230769232
0 0.8209134615384616 0.25721153846153844 0.08653846153846154 0.13581730769230768
0 0.8557692307692307 0.31009615384615385 0.08413461538461539 0.15144230769230768
0 0.8846153846153846 0.3713942307692308 0.08052884615384616 0.125
0 0.9122596153846154 0.44350961538461536 0.07932692307692307 0.13341346153846154
0 0.7487980769230769 0.6850961538461539 0.07211538461538461 0.11778846153846154
0 0.8293269230769231 0.8028846153846154 0.07692307692307693 0.12139423076923077
0 0.7247596153846154 0.6274038461538461 0.0829326923076923 0.14182692307692307
0 0.6899038461538461 0.5745192307692307 0.06971153846153846 0.15144230769230768
0 0.6646634615384616 0.5024038461538461 0.06971153846153846 0.1310096153846154
0 0.6286057692307693 0.4375 0.07692307692307693 0.13341346153846154
0 0.5973557692307693 0.3858173076923077 0.07211538461538461 0.12860576923076922
0 0.5661057692307693 0.3293269230769231 0.08173076923076923 0.13581730769230768
0 0.49158653846153844 0.8762019230769231 0.08413461538461539 0.07091346153846154
0 0.5841346153846154 0.9639423076923077 0.06971153846153846 0.06610576923076923
0 0.4879807692307692 0.953125 0.0829326923076923 0.07091346153846154
0 0.2980769230769231 0.9350961538461539 0.09254807692307693 0.08173076923076923
0 0.2091346153846154 0.8858173076923077 0.0829326923076923 0.08173076923076923
0 0.28725961538461536 0.7163461538461539 0.09735576923076923 0.06610576923076923
0 0.28725961538461536 0.5985576923076923 0.08653846153846154 0.07692307692307693
0 0.2776442307692308 0.5288461538461539 0.09134615384615384 0.05889423076923077
0 0.19110576923076922 0.4495192307692308 0.08173076923076923 0.07091346153846154
0 0.18990384615384615 0.5949519230769231 0.08413461538461539 0.06850961538461539
0 0.03125 0.6129807692307693 0.0625 0.07692307692307693
0 0.03365384615384615 0.6875 0.0673076923076923 0.07451923076923077
0 0.03485576923076923 0.8305288461538461 0.06971153846153846 0.07451923076923077
0 0.03365384615384615 0.9026442307692307 0.0673076923076923 0.078125
0 0.027644230769230768 0.46875 0.055288461538461536 0.0673076923076923
0 0.028846153846153848 0.3942307692307692 0.056490384615384616 0.06370192307692307