0 0.9855769230769231 0.7620192307692307 0.025240384615384616 0.06971153846153846
0 0.8377403846153846 0.7836538461538461 0.08774038461538461 0.07932692307692307
0 0.8461538461538461 0.8629807692307693 0.09014423076923077 0.07211538461538461
0 0.8461538461538461 0.9411057692307693 0.09014423076923077 0.06370192307692307
0 0.9867788461538461 0.8473557692307693 0.021634615384615384 0.07451923076923077
0 0.7427884615384616 0.7908653846153846 0.08413461538461539 0.0733173076923077
0 0.7487980769230769 0.8822115384615384 0.0889423076923077 0.08052884615384616
0 0.7487980769230769 0.9639423076923077 0.09014423076923077 0.06971153846153846
0 0.5444711538461539 0.8305288461538461 0.08653846153846154 0.07692307692307693
0 0.43990384615384615 0.8449519230769231 0.09254807692307693 0.0733173076923077
0 0.44591346153846156 0.9266826923076923 0.09014423076923077 0.06971153846153846
0 0.24639423076923078 0.9495192307692307 0.0733173076923077 0.08052884615384616
0 0.14423076923076922 0.9627403846153846 0.09014423076923077 0.07211538461538461
0 0.14423076923076922 0.8942307692307693 0.078125 0.06610576923076923
0 0.5228365384615384 0.5925480769230769 0.0889423076923077 0.07451923076923077
0 0.9759615384615384 0.2860576923076923 0.046875 0.07091346153846154
0 0.9699519230769231 0.20432692307692307 0.057692307692307696 0.07451923076923077
0 0.9711538461538461 0.12379807692307693 0.056490384615384616 0.06610576923076923
0 0.9663461538461539 0.054086538461538464 0.06490384615384616 0.07451923076923077
0 0.796875 0.02283653846153846 0.09375 0.04567307692307692
0 0.7920673076923077 0.07932692307692307 0.09014423076923077 0.07451923076923077
0 0.7992788461538461 0.15865384615384615 0.08653846153846154 0.07091346153846154
0 0.7980769230769231 0.23918269230769232 0.09014423076923077 0.07211538461538461
0 0.8052884615384616 0.3112980769230769 0.08653846153846154 0.07211538461538461
0 0.8137019230769231 0.3894230769230769 0.0829326923076923 0.06370192307692307
0 0.7091346153846154 0.03245192307692308 0.07451923076923077 0.06370192307692307
0 0.7091346153846154 0.2536057692307692 0.07692307692307693 0.06610576923076923
0 0.7151442307692307 0.3317307692307692 0.09014423076923077 0.07932692307692307
0 0.7211538461538461 0.4098557692307692 0.09014423076923077 0.07091346153846154
0 0.5120192307692307 0.19951923076923078 0.09134615384615384 0.08413461538461539
0 0.5240384615384616 0.3581730769230769 0.08052884615384616 0.06610576923076923
0 0.5360576923076923 0.44350961538461536 0.0889423076923077 0.06971153846153846
0 0.42788461538461536 0.36899038461538464 0.09735576923076923 0.07692307692307693
0 0.4098557692307692 0.22115384615384615 0.08173076923076923 0.0733173076923077
0 0.4387019230769231 0.44711538461538464 0.08653846153846154 0.0733173076923077