0 0.3245192307692308 0.30528846153846156 0.028846153846153848 0.0985576923076923
0 0.2932692307692308 0.3016826923076923 0.030048076923076924 0.10576923076923077
0 0.3629807692307692 0.30408653846153844 0.030048076923076924 0.109375
0 0.28125 0.5480769230769231 0.03125 0.1141826923076923
0 0.24639423076923078 0.5552884615384616 0.028846153846153848 0.10576923076923077
0 0.26322115384615385 0.3004807692307692 0.028846153846153848 0.10817307692307693
0 0.234375 0.2956730769230769 0.027644230769230768 0.10697115384615384
0 0.20432692307692307 0.296875 0.028846153846153848 0.11057692307692307
0 0.17307692307692307 0.3004807692307692 0.030048076923076924 0.10336538461538461
0 0.14423076923076922 0.296875 0.028846153846153848 0.10817307692307693
0 0.11538461538461539 0.29447115384615385 0.030048076923076924 0.11057692307692307
0 0.051682692307692304 0.30528846153846156 0.03245192307692308 0.09014423076923077
0 0.021634615384615384 0.30649038461538464 0.027644230769230768 0.1045673076923077
0 0.004807692307692308 0.31009615384615385 0.008413461538461538 0.10817307692307693
0 0.21514423076923078 0.5528846153846154 0.028846153846153848 0.10817307692307693
0 0.1875 0.5336538461538461 0.027644230769230768 0.09735576923076923
0 0.15865384615384615 0.5372596153846154 0.027644230769230768 0.0985576923076923
0 0.12860576923076922 0.5540865384615384 0.030048076923076924 0.10096153846153846
0 0.09975961538461539 0.5456730769230769 0.03245192307692308 0.10336538461538461
0 0.06850961538461539 0.5516826923076923 0.03245192307692308 0.1045673076923077
0 0.039663461538461536 0.5384615384615384 0.03125 0.10336538461538461
0 0.01201923076923077 0.5408653846153846 0.02403846153846154 0.11298076923076923
0 0.21514423076923078 0.7836538461538461 0.027644230769230768 0.1045673076923077
0 0.18509615384615385 0.7836538461538461 0.028846153846153848 0.10336538461538461
0 0.15504807692307693 0.7860576923076923 0.028846153846153848 0.10817307692307693
0 0.12740384615384615 0.7848557692307693 0.026442307692307692 0.1045673076923077
0 0.09735576923076923 0.7860576923076923 0.025240384615384616 0.09134615384615384
0 0.06610576923076923 0.7884615384615384 0.03245192307692308 0.10697115384615384
0 0.03365384615384615 0.7884615384615384 0.03125 0.10817307692307693
0 0.009615384615384616 0.7860576923076923 0.019230769230769232 0.11057692307692307