0 0.7283653846153846 0.6418269230769231 0.03485576923076923 0.15264423076923078
0 0.6862980769230769 0.6526442307692307 0.03485576923076923 0.15384615384615385
0 0.6394230769230769 0.6430288461538461 0.037259615384615384 0.14543269230769232
0 0.5528846153846154 0.29447115384615385 0.09014423076923077 0.06490384615384616
0 0.5492788461538461 0.6514423076923077 0.039663461538461536 0.15144230769230768
0 0.5925480769230769 0.6370192307692307 0.03485576923076923 0.1346153846153846
0 0.3557692307692308 0.30408653846153844 0.08413461538461539 0.06370192307692307
0 0.27524038461538464 0.3016826923076923 0.08173076923076923 0.06009615384615385
0 0.4987980769230769 0.6610576923076923 0.039663461538461536 0.14302884615384615
0 0.7704326923076923 0.6466346153846154 0.040865384615384616 0.14423076923076922
0 0.8100961538461539 0.6394230769230769 0.03245192307692308 0.14302884615384615
0 0.8497596153846154 0.6358173076923077 0.036057692307692304 0.13581730769230768
0 0.8870192307692307 0.6286057692307693 0.03485576923076923 0.14543269230769232
0 0.9266826923076923 0.6538461538461539 0.037259615384615384 0.13701923076923078
0 0.9675480769230769 0.6322115384615384 0.04326923076923077 0.14423076923076922
0 0.6658653846153846 0.2932692307692308 0.07932692307692307 0.06370192307692307
0 0.5024038461538461 0.8197115384615384 0.037259615384615384 0.15144230769230768
0 0.5661057692307693 0.9483173076923077 0.042067307692307696 0.0985576923076923
0 0.6081730769230769 0.953125 0.04447115384615385 0.09014423076923077
0 0.6490384615384616 0.9447115384615384 0.039663461538461536 0.10697115384615384
0 0.8185096153846154 0.9387019230769231 0.04927884615384615 0.11778846153846154
0 0.8581730769230769 0.9387019230769231 0.04807692307692308 0.11778846153846154
0 0.8918269230769231 0.9375 0.046875 0.12259615384615384
0 0.9435096153846154 0.9399038461538461 0.054086538461538464 0.11538461538461539
0 0.9927884615384616 0.6370192307692307 0.013221153846153846 0.13221153846153846
0 0.8966346153846154 0.3088942307692308 0.07451923076923077 0.06129807692307692
0 0.7572115384615384 0.3004807692307692 0.06971153846153846 0.06610576923076923