0 0.8004807692307693 0.19591346153846154 0.03245192307692308 0.09495192307692307
0 0.7668269230769231 0.2127403846153846 0.030048076923076924 0.1045673076923077
0 0.734375 0.21514423076923078 0.028846153846153848 0.11538461538461539
0 0.7043269230769231 0.19951923076923078 0.03245192307692308 0.10576923076923077
0 0.6742788461538461 0.19951923076923078 0.030048076923076924 0.10096153846153846
0 0.6442307692307693 0.21153846153846154 0.027644230769230768 0.0889423076923077
0 0.6105769230769231 0.19831730769230768 0.02403846153846154 0.08774038461538461
0 0.5829326923076923 0.20432692307692307 0.026442307692307692 0.10576923076923077
0 0.5492788461538461 0.20552884615384615 0.028846153846153848 0.09134615384615384
0 0.5216346153846154 0.22596153846153846 0.030048076923076924 0.10576923076923077
0 0.49038461538461536 0.234375 0.028846153846153848 0.10336538461538461
0 0.4567307692307692 0.2247596153846154 0.030048076923076924 0.1045673076923077
0 0.42427884615384615 0.22596153846153846 0.027644230769230768 0.09735576923076923
0 0.3918269230769231 0.2283653846153846 0.030048076923076924 0.10697115384615384
0 0.35697115384615385 0.23317307692307693 0.025240384615384616 0.10817307692307693
0 0.3245192307692308 0.2403846153846154 0.028846153846153848 0.1141826923076923
0 0.2932692307692308 0.2512019230769231 0.03125 0.1141826923076923
0 0.25841346153846156 0.25240384615384615 0.03245192307692308 0.10697115384615384
0 0.22596153846153846 0.265625 0.03125 0.09134615384615384
0 0.18990384615384615 0.25600961538461536 0.038461538461538464 0.12139423076923077
0 0.15504807692307693 0.25600961538461536 0.03245192307692308 0.12259615384615384
0 0.11899038461538461 0.25841346153846156 0.03485576923076923 0.10576923076923077
0 0.0829326923076923 0.27403846153846156 0.037259615384615384 0.11778846153846154
0 0.04567307692307692 0.26802884615384615 0.038461538461538464 0.10817307692307693
0 0.016826923076923076 0.2620192307692308 0.03365384615384615 0.11057692307692307
0 0.7548076923076923 0.5096153846153846 0.037259615384615384 0.0985576923076923
0 0.7175480769230769 0.5060096153846154 0.028846153846153848 0.10576923076923077
0 0.6923076923076923 0.5144230769230769 0.03125 0.09735576923076923
0 0.6574519230769231 0.5144230769230769 0.028846153846153848 0.10817307692307693
0 0.6286057692307693 0.5240384615384616 0.030048076923076924 0.09975961538461539
0 0.5973557692307693 0.5372596153846154 0.030048076923076924 0.10336538461538461
0 0.5697115384615384 0.5360576923076923 0.028846153846153848 0.10096153846153846
0 0.5348557692307693 0.5372596153846154 0.027644230769230768 0.10096153846153846
0 0.5024038461538461 0.5384615384615384 0.028846153846153848 0.11057692307692307
0 0.4723557692307692 0.5480769230769231 0.03125 0.10817307692307693
0 0.4387019230769231 0.5588942307692307 0.027644230769230768 0.1141826923076923
0 0.4050480769230769 0.5516826923076923 0.030048076923076924 0.11057692307692307
0 0.3737980769230769 0.5564903846153846 0.030048076923076924 0.10817307692307693
0 0.3401442307692308 0.5625 0.03245192307692308 0.11057692307692307
0 0.30528846153846156 0.5709134615384616 0.036057692307692304 0.11658653846153846
0 0.27403846153846156 0.5697115384615384 0.03365384615384615 0.12379807692307693
0 0.23798076923076922 0.5721153846153846 0.03365384615384615 0.12139423076923077
0 0.19951923076923078 0.5697115384615384 0.03245192307692308 0.1045673076923077
0 0.16706730769230768 0.5793269230769231 0.036057692307692304 0.1141826923076923
0 0.13221153846153846 0.5973557692307693 0.038461538461538464 0.1141826923076923
0 0.09975961538461539 0.6081730769230769 0.036057692307692304 0.10817307692307693
0 0.06370192307692307 0.6153846153846154 0.037259615384615384 0.11538461538461539
0 0.030048076923076924 0.6129807692307693 0.037259615384615384 0.1141826923076923
0 0.7379807692307693 0.5913461538461539 0.055288461538461536 0.040865384615384616
0 0.6802884615384616 0.5997596153846154 0.054086538461538464 0.04447115384615385
0 0.6165865384615384 0.6177884615384616 0.06009615384615385 0.05048076923076923
0 0.5504807692307693 0.6286057692307693 0.06370192307692307 0.04807692307692308
0 0.4807692307692308 0.640625 0.06370192307692307 0.055288461538461536
0 0.4206730769230769 0.6514423076923077 0.054086538461538464 0.04567307692307692
0 0.3581730769230769 0.6634615384615384 0.06610576923076923 0.052884615384615384
0 0.29086538461538464 0.6766826923076923 0.06610576923076923 0.05048076923076923
0 0.22235576923076922 0.6850961538461539 0.0673076923076923 0.054086538461538464
0 0.1466346153846154 0.6971153846153846 0.06971153846153846 0.06009615384615385
0 0.07572115384615384 0.7067307692307693 0.06850961538461539 0.05889423076923077
0 0.019230769230769232 0.7139423076923077 0.037259615384615384 0.05889423076923077
0 0.8197115384615384 0.7487980769230769 0.03485576923076923 0.109375
0 0.7872596153846154 0.7680288461538461 0.03125 0.10817307692307693
0 0.7572115384615384 0.7824519230769231 0.03245192307692308 0.1045673076923077
0 0.7283653846153846 0.7860576923076923 0.030048076923076924 0.1045673076923077
0 0.6971153846153846 0.7944711538461539 0.03245192307692308 0.109375
0 0.6682692307692307 0.7944711538461539 0.03125 0.10096153846153846
0 0.640625 0.7884615384615384 0.027644230769230768 0.1045673076923077
0 0.6105769230769231 0.8365384615384616 0.030048076923076924 0.11057692307692307
0 0.5769230769230769 0.8016826923076923 0.027644230769230768 0.10817307692307693
0 0.5456730769230769 0.8377403846153846 0.030048076923076924 0.11778846153846154
0 0.5144230769230769 0.8389423076923077 0.030048076923076924 0.11658653846153846
0 0.4807692307692308 0.8329326923076923 0.030048076923076924 0.0985576923076923
0 0.4495192307692308 0.8341346153846154 0.028846153846153848 0.09495192307692307
0 0.4182692307692308 0.8485576923076923 0.030048076923076924 0.11538461538461539
0 0.3870192307692308 0.8497596153846154 0.026442307692307692 0.10817307692307693
0 0.35336538461538464 0.8629807692307693 0.03125 0.11658653846153846
0 0.31971153846153844 0.8725961538461539 0.028846153846153848 0.11538461538461539
0 0.28846153846153844 0.890625 0.03245192307692308 0.11057692307692307
0 0.25600961538461536 0.8846153846153846 0.03245192307692308 0.1141826923076923
0 0.22115384615384615 0.8894230769230769 0.03245192307692308 0.11778846153846154
0 0.18509615384615385 0.9014423076923077 0.036057692307692304 0.12860576923076922
0 0.15144230769230768 0.8990384615384616 0.036057692307692304 0.11778846153846154
0 0.11778846153846154 0.9038461538461539 0.03485576923076923 0.12259615384615384
0 0.08173076923076923 0.9134615384615384 0.03485576923076923 0.12379807692307693
0 0.04567307692307692 0.9194711538461539 0.037259615384615384 0.12259615384615384
0 0.014423076923076924 0.9206730769230769 0.028846153846153848 0.1201923076923077