0 0.6959134615384616 0.6706730769230769 0.09254807692307693 0.07692307692307693
0 0.6971153846153846 0.5877403846153846 0.08653846153846154 0.0733173076923077
0 0.6887019230769231 0.7487980769230769 0.08774038461538461 0.06850961538461539
0 0.6862980769230769 0.8221153846153846 0.08413461538461539 0.07211538461538461
0 0.609375 0.5697115384615384 0.08413461538461539 0.078125
0 0.6057692307692307 0.6502403846153846 0.08653846153846154 0.06490384615384616
0 0.5997596153846154 0.7259615384615384 0.08774038461538461 0.06850961538461539
0 0.5961538461538461 0.8004807692307693 0.07091346153846154 0.06971153846153846
0 0.671875 0.9555288461538461 0.09014423076923077 0.07932692307692307
0 0.5793269230769231 0.9447115384615384 0.08173076923076923 0.08774038461538461
0 0.7980769230769231 0.45913461538461536 0.09014423076923077 0.08653846153846154
0 0.8557692307692307 0.703125 0.08173076923076923 0.07091346153846154
0 0.8605769230769231 0.7776442307692307 0.08413461538461539 0.06610576923076923
0 0.8545673076923077 0.8497596153846154 0.0733173076923077 0.06610576923076923
0 0.9471153846153846 0.7908653846153846 0.08533653846153846 0.07451923076923077
0 0.9314903846153846 0.8737980769230769 0.07572115384615384 0.07091346153846154
0 0.9302884615384616 0.9747596153846154 0.08173076923076923 0.04567307692307692
0 0.8473557692307693 0.9206730769230769 0.07572115384615384 0.0733173076923077
0 0.8425480769230769 0.9783653846153846 0.08774038461538461 0.040865384615384616
0 0.28725961538461536 0.5612980769230769 0.0985576923076923 0.07692307692307693
0 0.39783653846153844 0.5889423076923077 0.09254807692307693 0.08173076923076923
0 0.39302884615384615 0.6778846153846154 0.09375 0.08413461538461539
0 0.390625 0.7620192307692307 0.09254807692307693 0.07692307692307693
0 0.38100961538461536 0.9182692307692307 0.08774038461538461 0.078125
0 0.27524038461538464 0.8197115384615384 0.08173076923076923 0.08052884615384616
0 0.2608173076923077 0.9747596153846154 0.09134615384615384 0.046875
0 0.07692307692307693 0.6069711538461539 0.09254807692307693 0.06971153846153846
0 0.010817307692307692 0.5829326923076923 0.021634615384615384 0.0733173076923077
0 0.007211538461538462 0.30649038461538464 0.013221153846153846 0.1622596153846154
0 0.3088942307692308 0.27524038461538464 0.04447115384615385 0.16706730769230768
0 0.2668269230769231 0.29447115384615385 0.040865384615384616 0.125
0 0.22235576923076922 0.296875 0.04326923076923077 0.16346153846153846
0 0.13221153846153846 0.29447115384615385 0.046875 0.16706730769230768
0 0.09014423076923077 0.2932692307692308 0.04447115384615385 0.15264423076923078
0 0.040865384615384616 0.2980769230769231 0.04567307692307692 0.15264423076923078
0 0.4206730769230769 0.19110576923076922 0.037259615384615384 0.15504807692307693
0 0.4675480769230769 0.1875 0.042067307692307696 0.15865384615384615
0 0.5120192307692307 0.18389423076923078 0.040865384615384616 0.16346153846153846
0 0.5913461538461539 0.18509615384615385 0.040865384615384616 0.15504807692307693
0 0.6346153846153846 0.1814903846153846 0.039663461538461536 0.15745192307692307
0 0.6754807692307693 0.1814903846153846 0.040865384615384616 0.140625
0 0.7127403846153846 0.1814903846153846 0.04447115384615385 0.15745192307692307
0 0.7572115384615384 0.17307692307692307 0.040865384615384616 0.1466346153846154
0 0.8040865384615384 0.16346153846153846 0.046875 0.15865384615384615