0 0.4831730769230769 0.10336538461538461 0.025240384615384616 0.11298076923076923
0 0.5949519230769231 0.1045673076923077 0.026442307692307692 0.1045673076923077
0 0.6237980769230769 0.11538461538461539 0.025240384615384616 0.09134615384615384
0 0.6526442307692307 0.1045673076923077 0.027644230769230768 0.10336538461538461
0 0.5949519230769231 0.01201923076923077 0.028846153846153848 0.02403846153846154
0 0.6262019230769231 0.018028846153846152 0.02403846153846154 0.036057692307692304
0 0.6550480769230769 0.018028846153846152 0.025240384615384616 0.036057692307692304
0 0.6814903846153846 0.019230769230769232 0.026442307692307692 0.038461538461538464
0 0.7115384615384616 0.018028846153846152 0.030048076923076924 0.036057692307692304
0 0.7427884615384616 0.019230769230769232 0.027644230769230768 0.038461538461538464
0 0.7704326923076923 0.016826923076923076 0.027644230769230768 0.03365384615384615
0 0.7992788461538461 0.014423076923076924 0.030048076923076924 0.028846153846153848
0 0.8293269230769231 0.018028846153846152 0.03365384615384615 0.036057692307692304
0 0.8569711538461539 0.019230769230769232 0.026442307692307692 0.038461538461538464
0 0.8870192307692307 0.02283653846153846 0.030048076923076924 0.04567307692307692
0 0.9158653846153846 0.021634615384615384 0.028846153846153848 0.04326923076923077
0 0.9447115384615384 0.016826923076923076 0.030048076923076924 0.03365384615384615
0 0.9759615384615384 0.018028846153846152 0.03365384615384615 0.036057692307692304
0 0.9927884615384616 0.109375 0.01201923076923077 0.0889423076923077
0 0.9735576923076923 0.11057692307692307 0.03245192307692308 0.10096153846153846
0 0.9435096153846154 0.11057692307692307 0.030048076923076924 0.10096153846153846
0 0.9134615384615384 0.11057692307692307 0.03125 0.10336538461538461
0 0.8870192307692307 0.11778846153846154 0.027644230769230768 0.10096153846153846
0 0.8581730769230769 0.1141826923076923 0.027644230769230768 0.0985576923076923
0 0.8293269230769231 0.10817307692307693 0.027644230769230768 0.10576923076923077
0 0.8004807692307693 0.10576923076923077 0.025240384615384616 0.0985576923076923
0 0.7716346153846154 0.10336538461538461 0.028846153846153848 0.10697115384615384
0 0.7415865384615384 0.11057692307692307 0.026442307692307692 0.10096153846153846
0 0.7127403846153846 0.10817307692307693 0.027644230769230768 0.109375
0 0.6826923076923077 0.10336538461538461 0.027644230769230768 0.10697115384615384
0 0.9915865384615384 0.3581730769230769 0.01201923076923077 0.10096153846153846
0 0.9735576923076923 0.3629807692307692 0.028846153846153848 0.0985576923076923
0 0.9927884615384616 0.47115384615384615 0.01201923076923077 0.0985576923076923
0 0.9735576923076923 0.47115384615384615 0.03125 0.0985576923076923
0 0.9447115384615384 0.3581730769230769 0.03245192307692308 0.10096153846153846
0 0.9447115384615384 0.47475961538461536 0.030048076923076924 0.0985576923076923
0 0.9158653846153846 0.3605769230769231 0.025240384615384616 0.09134615384615384
0 0.9158653846153846 0.4735576923076923 0.026442307692307692 0.09615384615384616
0 0.8894230769230769 0.35697115384615385 0.03245192307692308 0.1045673076923077
0 0.8894230769230769 0.4807692307692308 0.028846153846153848 0.09735576923076923
0 0.8581730769230769 0.3581730769230769 0.030048076923076924 0.09735576923076923
0 0.8581730769230769 0.4807692307692308 0.028846153846153848 0.0985576923076923
0 0.828125 0.3557692307692308 0.028846153846153848 0.10336538461538461
0 0.8305288461538461 0.47596153846153844 0.025240384615384616 0.08653846153846154
0 0.8016826923076923 0.36778846153846156 0.030048076923076924 0.1045673076923077
0 0.8028846153846154 0.4831730769230769 0.027644230769230768 0.10336538461538461
0 0.7752403846153846 0.36778846153846156 0.026442307692307692 0.10817307692307693
0 0.7764423076923077 0.4735576923076923 0.025240384615384616 0.0829326923076923
0 0.7463942307692307 0.3641826923076923 0.027644230769230768 0.10576923076923077
0 0.7487980769230769 0.48197115384615385 0.028846153846153848 0.10817307692307693
0 0.7175480769230769 0.3629807692307692 0.028846153846153848 0.11298076923076923
0 0.7175480769230769 0.4855769230769231 0.027644230769230768 0.09735576923076923
0 0.6850961538461539 0.3641826923076923 0.025240384615384616 0.10697115384615384
0 0.6887019230769231 0.4879807692307692 0.027644230769230768 0.109375
0 0.65625 0.3557692307692308 0.027644230769230768 0.10697115384615384
0 0.6598557692307693 0.4879807692307692 0.026442307692307692 0.10697115384615384
0 0.6237980769230769 0.3545673076923077 0.028846153846153848 0.10697115384615384
0 0.6262019230769231 0.48197115384615385 0.026442307692307692 0.1045673076923077
0 0.5913461538461539 0.36778846153846156 0.026442307692307692 0.1045673076923077
0 0.5925480769230769 0.4879807692307692 0.025240384615384616 0.10697115384615384
0 0.9903846153846154 0.7391826923076923 0.016826923076923076 0.09254807692307693
0 0.9699519230769231 0.7403846153846154 0.030048076923076924 0.09975961538461539
0 0.9411057692307693 0.7427884615384616 0.03125 0.09495192307692307
0 0.9122596153846154 0.7403846153846154 0.030048076923076924 0.0985576923076923
0 0.8822115384615384 0.7487980769230769 0.027644230769230768 0.10336538461538461
0 0.8557692307692307 0.7536057692307693 0.026442307692307692 0.09735576923076923
0 0.8269230769230769 0.7512019230769231 0.025240384615384616 0.08413461538461539
0 0.7716346153846154 0.7572115384615384 0.026442307692307692 0.09975961538461539
0 0.8004807692307693 0.7536057692307693 0.025240384615384616 0.10697115384615384
0 0.7439903846153846 0.7475961538461539 0.025240384615384616 0.1045673076923077
0 0.7151442307692307 0.7475961538461539 0.027644230769230768 0.09975961538461539
0 0.6838942307692307 0.7475961538461539 0.030048076923076924 0.10697115384615384
0 0.6526442307692307 0.7644230769230769 0.026442307692307692 0.10336538461538461
0 0.6237980769230769 0.7644230769230769 0.027644230769230768 0.109375
0 0.5949519230769231 0.765625 0.02403846153846154 0.10336538461538461
0 0.5649038461538461 0.7608173076923077 0.027644230769230768 0.10576923076923077
0 0.5336538461538461 0.7620192307692307 0.026442307692307692 0.09975961538461539
0 0.5 0.7596153846153846 0.027644230769230768 0.1045673076923077
0 0.44471153846153844 0.6814903846153846 0.056490384615384616 0.05048076923076923
0 0.4543269230769231 0.5685096153846154 0.04807692307692308 0.051682692307692304
0 0.45072115384615385 0.6274038461538461 0.051682692307692304 0.04447115384615385
0 0.4519230769230769 0.5108173076923077 0.06009615384615385 0.04807692307692308
0 0.45552884615384615 0.41947115384615385 0.02403846153846154 0.10697115384615384
0 0.4230769230769231 0.4050480769230769 0.027644230769230768 0.1045673076923077
0 0.3894230769230769 0.4182692307692308 0.027644230769230768 0.10336538461538461
0 0.3581730769230769 0.41346153846153844 0.027644230769230768 0.10576923076923077
0 0.32211538461538464 0.41346153846153844 0.027644230769230768 0.109375
0 0.29086538461538464 0.4014423076923077 0.027644230769230768 0.10096153846153846
0 0.25961538461538464 0.4110576923076923 0.028846153846153848 0.10817307692307693
0 0.2283653846153846 0.40384615384615385 0.027644230769230768 0.09975961538461539
0 0.19951923076923078 0.41586538461538464 0.026442307692307692 0.08774038461538461
0 0.16826923076923078 0.4098557692307692 0.028846153846153848 0.09014423076923077
0 0.13822115384615385 0.4098557692307692 0.030048076923076924 0.11298076923076923
0 0.10576923076923077 0.4110576923076923 0.03485576923076923 0.109375
0 0.07211538461538461 0.4110576923076923 0.03125 0.10697115384615384
0 0.04326923076923077 0.4098557692307692 0.03245192307692308 0.10817307692307693
0 0.013221153846153846 0.41225961538461536 0.026442307692307692 0.0985576923076923
0 0.4543269230769231 0.17307692307692307 0.026442307692307692 0.09495192307692307
0 0.4519230769230769 0.05889423076923077 0.026442307692307692 0.10817307692307693
0 0.4182692307692308 0.04927884615384615 0.027644230769230768 0.0985576923076923
0 0.4182692307692308 0.15985576923076922 0.028846153846153848 0.11298076923076923
0 0.3894230769230769 0.052884615384615384 0.028846153846153848 0.10576923076923077
0 0.38822115384615385 0.16947115384615385 0.027644230769230768 0.11538461538461539
0 0.3581730769230769 0.04927884615384615 0.028846153846153848 0.0985576923076923
0 0.3557692307692308 0.1658653846153846 0.026442307692307692 0.109375
0 0.3245192307692308 0.054086538461538464 0.028846153846153848 0.10697115384615384
0 0.3269230769230769 0.1622596153846154 0.027644230769230768 0.109375
0 0.2932692307692308 0.046875 0.026442307692307692 0.09254807692307693
0 0.2956730769230769 0.1622596153846154 0.027644230769230768 0.09735576923076923
0 0.26322115384615385 0.051682692307692304 0.027644230769230768 0.10336538461538461
0 0.2644230769230769 0.15865384615384615 0.028846153846153848 0.11057692307692307
0 0.22956730769230768 0.05048076923076923 0.027644230769230768 0.10096153846153846
0 0.23197115384615385 0.15985576923076922 0.030048076923076924 0.11298076923076923
0 0.19831730769230768 0.05048076923076923 0.028846153846153848 0.09975961538461539
0 0.19951923076923078 0.15745192307692307 0.027644230769230768 0.10817307692307693
0 0.16826923076923078 0.04927884615384615 0.027644230769230768 0.0985576923076923
0 0.17067307692307693 0.16346153846153846 0.030048076923076924 0.10697115384615384
0 0.13942307692307693 0.16706730769230768 0.03125 0.10817307692307693
0 0.1346153846153846 0.046875 0.028846153846153848 0.09254807692307693
0 0.10576923076923077 0.04807692307692308 0.03365384615384615 0.09615384615384616
0 0.07211538461538461 0.04927884615384615 0.03365384615384615 0.0985576923076923
0 0.040865384615384616 0.04927884615384615 0.03365384615384615 0.0985576923076923
0 0.01201923076923077 0.046875 0.02403846153846154 0.09254807692307693
0 0.10817307692307693 0.17548076923076922 0.030048076923076924 0.11298076923076923
0 0.07091346153846154 0.171875 0.038461538461538464 0.10336538461538461
0 0.040865384615384616 0.16947115384615385 0.030048076923076924 0.10096153846153846
0 0.013221153846153846 0.16346153846153846 0.025240384615384616 0.11658653846153846