0 0.7379807692307693 0.05889423076923077 0.037259615384615384 0.09014423076923077
0 0.7091346153846154 0.09254807692307693 0.040865384615384616 0.09735576923076923
0 0.6778846153846154 0.11057692307692307 0.040865384615384616 0.11057692307692307
0 0.6490384615384616 0.109375 0.042067307692307696 0.09735576923076923
0 0.6177884615384616 0.12740384615384615 0.042067307692307696 0.10096153846153846
0 0.59375 0.15384615384615385 0.03485576923076923 0.09014423076923077
0 0.5564903846153846 0.1622596153846154 0.03365384615384615 0.09134615384615384
0 0.53125 0.18028846153846154 0.039663461538461536 0.10697115384615384
0 0.5 0.19951923076923078 0.038461538461538464 0.09014423076923077
0 0.47596153846153844 0.23557692307692307 0.039663461538461536 0.10576923076923077
0 0.4483173076923077 0.25961538461538464 0.040865384615384616 0.10096153846153846
0 0.41466346153846156 0.27403846153846156 0.040865384615384616 0.1045673076923077
0 0.38461538461538464 0.28846153846153844 0.038461538461538464 0.0985576923076923
0 0.3557692307692308 0.30649038461538464 0.040865384615384616 0.109375
0 0.3233173076923077 0.3293269230769231 0.038461538461538464 0.10697115384615384
0 0.29447115384615385 0.3557692307692308 0.04326923076923077 0.11057692307692307
0 0.26322115384615385 0.38341346153846156 0.04447115384615385 0.11658653846153846
0 0.23197115384615385 0.4050480769230769 0.04447115384615385 0.10817307692307693
0 0.203125 0.4338942307692308 0.040865384615384616 0.09254807692307693
0 0.16826923076923078 0.44471153846153844 0.054086538461538464 0.11658653846153846
0 0.1346153846153846 0.4639423076923077 0.04807692307692308 0.11538461538461539
0 0.10096153846153846 0.484375 0.04326923076923077 0.1045673076923077
0 0.06971153846153846 0.5204326923076923 0.04807692307692308 0.109375
0 0.03485576923076923 0.5348557692307693 0.05048076923076923 0.10697115384615384
0 0.014423076923076924 0.5528846153846154 0.027644230769230768 0.10096153846153846
0 0.75 0.37740384615384615 0.04927884615384615 0.09615384615384616
0 0.7127403846153846 0.3918269230769231 0.039663461538461536 0.10336538461538461
0 0.6862980769230769 0.41346153846153844 0.040865384615384616 0.09975961538461539
0 0.6586538461538461 0.43149038461538464 0.042067307692307696 0.10336538461538461
0 0.6310096153846154 0.4579326923076923 0.04447115384615385 0.0985576923076923
0 0.6021634615384616 0.4891826923076923 0.042067307692307696 0.10336538461538461
0 0.5745192307692307 0.5024038461538461 0.04326923076923077 0.09254807692307693
0 0.5432692307692307 0.5204326923076923 0.039663461538461536 0.0985576923076923
0 0.5120192307692307 0.5420673076923077 0.04447115384615385 0.10817307692307693
0 0.4855769230769231 0.5649038461538461 0.04326923076923077 0.10697115384615384
0 0.45552884615384615 0.5961538461538461 0.04447115384615385 0.11538461538461539
0 0.4254807692307692 0.6129807692307693 0.04326923076923077 0.11057692307692307
0 0.3942307692307692 0.6310096153846154 0.04447115384615385 0.109375
0 0.36177884615384615 0.6550480769230769 0.046875 0.11298076923076923
0 0.3317307692307692 0.6814903846153846 0.04567307692307692 0.1141826923076923
0 0.3016826923076923 0.6995192307692307 0.046875 0.11538461538461539
0 0.2692307692307692 0.7211538461538461 0.04807692307692308 0.11778846153846154
0 0.234375 0.7403846153846154 0.04326923076923077 0.10336538461538461
0 0.203125 0.7716346153846154 0.04807692307692308 0.11658653846153846
0 0.17427884615384615 0.8052884615384616 0.04927884615384615 0.11298076923076923
0 0.14543269230769232 0.8365384615384616 0.04447115384615385 0.11538461538461539
0 0.11538461538461539 0.8641826923076923 0.04927884615384615 0.11658653846153846
0 0.08413461538461539 0.8834134615384616 0.04807692307692308 0.11298076923076923
0 0.04567307692307692 0.8942307692307693 0.055288461538461536 0.12379807692307693
0 0.018028846153846152 0.9206730769230769 0.036057692307692304 0.11658653846153846
0 0.8533653846153846 0.5685096153846154 0.051682692307692304 0.10336538461538461
0 0.8245192307692307 0.5997596153846154 0.04807692307692308 0.0985576923076923
0 0.8016826923076923 0.6310096153846154 0.046875 0.10336538461538461
0 0.7752403846153846 0.6514423076923077 0.05048076923076923 0.09735576923076923
0 0.7451923076923077 0.6778846153846154 0.04567307692307692 0.10817307692307693
0 0.7175480769230769 0.6911057692307693 0.04326923076923077 0.09495192307692307
0 0.6911057692307693 0.7019230769230769 0.04326923076923077 0.09615384615384616
0 0.6706730769230769 0.7620192307692307 0.04567307692307692 0.10576923076923077
0 0.6322115384615384 0.7463942307692307 0.04326923076923077 0.10096153846153846
0 0.6081730769230769 0.8016826923076923 0.04807692307692308 0.11057692307692307
0 0.5769230769230769 0.8149038461538461 0.04807692307692308 0.10817307692307693
0 0.5480769230769231 0.8365384615384616 0.040865384615384616 0.09134615384615384
0 0.5180288461538461 0.8497596153846154 0.038461538461538464 0.09735576923076923
0 0.49038461538461536 0.8834134615384616 0.04567307692307692 0.109375
0 0.46153846153846156 0.9014423076923077 0.04447115384615385 0.10576923076923077
0 0.43149038461538464 0.9314903846153846 0.04807692307692308 0.10817307692307693
0 0.4026442307692308 0.9519230769230769 0.04807692307692308 0.09495192307692307
0 0.375 0.9711538461538461 0.040865384615384616 0.054086538461538464
0 0.33653846153846156 0.9759615384615384 0.037259615384615384 0.04326923076923077
0 0.7463942307692307 0.4651442307692308 0.055288461538461536 0.06971153846153846
0 0.6911057692307693 0.5 0.054086538461538464 0.06490384615384616
0 0.6370192307692307 0.5528846153846154 0.06129807692307692 0.07692307692307693
0 0.5733173076923077 0.6033653846153846 0.06129807692307692 0.07451923076923077
0 0.5096153846153846 0.6466346153846154 0.05889423076923077 0.078125
0 0.45552884615384615 0.6911057692307693 0.05048076923076923 0.06850961538461539
0 0.39903846153846156 0.7379807692307693 0.06370192307692307 0.07932692307692307
0 0.33653846153846156 0.7860576923076923 0.06009615384615385 0.07932692307692307
0 0.27524038461538464 0.8377403846153846 0.0625 0.08774038461538461
0 0.203125 0.8930288461538461 0.06490384615384616 0.09134615384615384
0 0.14302884615384615 0.9435096153846154 0.0625 0.08173076923076923
0 0.07451923076923077 0.9747596153846154 0.06370192307692307 0.046875