0 0.6682692307692307 0.2620192307692308 0.056490384615384616 0.05889423076923077
0 0.4987980769230769 0.036057692307692304 0.028846153846153848 0.07211538461538461
0 0.49759615384615385 0.15144230769230768 0.027644230769230768 0.125
0 0.4879807692307692 0.3125 0.028846153846153848 0.11658653846153846
0 0.4170673076923077 0.021634615384615384 0.030048076923076924 0.04326923076923077
0 0.3485576923076923 0.07091346153846154 0.056490384615384616 0.052884615384615384
0 0.34975961538461536 0.12620192307692307 0.056490384615384616 0.051682692307692304
0 0.3473557692307692 0.18629807692307693 0.06009615384615385 0.054086538461538464
0 0.3473557692307692 0.24278846153846154 0.05889423076923077 0.04807692307692308
0 0.3449519230769231 0.3004807692307692 0.06370192307692307 0.051682692307692304
0 0.34375 0.3581730769230769 0.06129807692307692 0.052884615384615384
0 0.33774038461538464 0.41586538461538464 0.0673076923076923 0.04807692307692308
0 0.33774038461538464 0.47475961538461536 0.06490384615384616 0.04807692307692308
0 0.33653846153846156 0.5336538461538461 0.06370192307692307 0.051682692307692304
0 0.33533653846153844 0.5889423076923077 0.06129807692307692 0.04447115384615385
0 0.33533653846153844 0.6454326923076923 0.06610576923076923 0.051682692307692304
0 0.328125 0.7055288461538461 0.0673076923076923 0.05048076923076923
0 0.18990384615384615 0.6262019230769231 0.05889423076923077 0.07932692307692307
0 0.19591346153846154 0.5612980769230769 0.06129807692307692 0.07932692307692307
0 0.19471153846153846 0.5 0.056490384615384616 0.06850961538461539
0 0.203125 0.20432692307692307 0.057692307692307696 0.07451923076923077
0 0.08052884615384616 0.021634615384615384 0.055288461538461536 0.04326923076923077
0 0.07451923076923077 0.06370192307692307 0.06850961538461539 0.08653846153846154
0 0.078125 0.1346153846153846 0.06850961538461539 0.08653846153846154
0 0.07932692307692307 0.20793269230769232 0.052884615384615384 0.06129807692307692
0 0.06850961538461539 0.27403846153846156 0.06850961538461539 0.07451923076923077
0 0.0625 0.3329326923076923 0.06370192307692307 0.07091346153846154
0 0.06370192307692307 0.4074519230769231 0.06850961538461539 0.0733173076923077
0 0.06610576923076923 0.47115384615384615 0.06971153846153846 0.07211538461538461
0 0.06009615384615385 0.5324519230769231 0.06370192307692307 0.06971153846153846
0 0.06370192307692307 0.5997596153846154 0.0673076923076923 0.08052884615384616
0 0.057692307692307696 0.6598557692307693 0.06971153846153846 0.07692307692307693
0 0.06850961538461539 0.7379807692307693 0.05889423076923077 0.06610576923076923
0 0.052884615384615384 0.7908653846153846 0.0733173076923077 0.0829326923076923
0 0.06370192307692307 0.8725961538461539 0.07692307692307693 0.07091346153846154