0 0.5877403846153846 0.4483173076923077 0.030048076923076924 0.12740384615384615
0 0.5480769230769231 0.44350961538461536 0.03125 0.12259615384615384
0 0.5072115384615384 0.44711538461538464 0.036057692307692304 0.140625
0 0.47115384615384615 0.4543269230769231 0.03245192307692308 0.13341346153846154
0 0.6237980769230769 0.42908653846153844 0.03245192307692308 0.109375
0 0.6598557692307693 0.4338942307692308 0.03485576923076923 0.13581730769230768
0 0.6971153846153846 0.4230769230769231 0.03485576923076923 0.11899038461538461
0 0.765625 0.4170673076923077 0.03485576923076923 0.11778846153846154
0 0.8004807692307693 0.4182692307692308 0.03245192307692308 0.12139423076923077
0 0.4362980769230769 0.4579326923076923 0.03485576923076923 0.125
0 0.39903846153846156 0.4579326923076923 0.03245192307692308 0.12139423076923077
0 0.3581730769230769 0.45552884615384615 0.030048076923076924 0.11899038461538461
0 0.3233173076923077 0.4543269230769231 0.03125 0.12259615384615384
0 0.28846153846153844 0.4543269230769231 0.037259615384615384 0.11899038461538461
0 0.25240384615384615 0.45552884615384615 0.03125 0.12620192307692307
0 0.21514423076923078 0.4567307692307692 0.037259615384615384 0.12860576923076922
0 0.17908653846153846 0.47115384615384615 0.030048076923076924 0.11658653846153846
0 0.14543269230769232 0.4699519230769231 0.03485576923076923 0.12860576923076922
0 0.109375 0.484375 0.038461538461538464 0.12379807692307693
0 0.0733173076923077 0.49038461538461536 0.03365384615384615 0.125
0 0.038461538461538464 0.4807692307692308 0.038461538461538464 0.12620192307692307
0 0.010817307692307692 0.49278846153846156 0.021634615384615384 0.12259615384615384
0 0.06850961538461539 0.13221153846153846 0.039663461538461536 0.1346153846153846
0 0.8088942307692307 0.23557692307692307 0.07451923076923077 0.06370192307692307
0 0.6442307692307693 0.07451923076923077 0.030048076923076924 0.11057692307692307
0 0.7536057692307693 0.07211538461538461 0.03485576923076923 0.13221153846153846
0 0.7884615384615384 0.078125 0.03485576923076923 0.125
0 0.8221153846153846 0.08173076923076923 0.03365384615384615 0.12740384615384615
0 0.8581730769230769 0.0625 0.038461538461538464 0.125
0 0.8954326923076923 0.07091346153846154 0.03485576923076923 0.11899038461538461
0 0.9302884615384616 0.07211538461538461 0.038461538461538464 0.13341346153846154
0 0.9663461538461539 0.07692307692307693 0.03365384615384615 0.11899038461538461
0 0.9903846153846154 0.078125 0.016826923076923076 0.12379807692307693
0 0.9771634615384616 0.4254807692307692 0.040865384615384616 0.12860576923076922
0 0.9086538461538461 0.43149038461538464 0.040865384615384616 0.12740384615384615
0 0.8713942307692307 0.4387019230769231 0.037259615384615384 0.12259615384615384
0 0.8365384615384616 0.4110576923076923 0.037259615384615384 0.12379807692307693
0 0.6105769230769231 0.08173076923076923 0.03125 0.1141826923076923
0 0.5697115384615384 0.08413461538461539 0.03245192307692308 0.12259615384615384
0 0.5348557692307693 0.07932692307692307 0.03125 0.125
0 0.46274038461538464 0.0889423076923077 0.03485576923076923 0.11057692307692307
0 0.3918269230769231 0.0889423076923077 0.03125 0.10697115384615384
0 0.3557692307692308 0.10576923076923077 0.03245192307692308 0.13221153846153846
0 0.28365384615384615 0.1141826923076923 0.03245192307692308 0.12620192307692307
0 0.24759615384615385 0.1310096153846154 0.03485576923076923 0.125
0 0.21033653846153846 0.11778846153846154 0.03485576923076923 0.125
0 0.17668269230769232 0.109375 0.03245192307692308 0.12379807692307693
0 0.13942307692307693 0.10096153846153846 0.037259615384615384 0.13221153846153846
0 0.10576923076923077 0.11778846153846154 0.03485576923076923 0.12379807692307693
0 0.9603365384615384 0.7620192307692307 0.05889423076923077 0.19591346153846154
0 0.9867788461538461 0.7620192307692307 0.021634615384615384 0.12980769230769232
0 0.8509615384615384 0.7740384615384616 0.037259615384615384 0.12620192307692307
0 0.8161057692307693 0.7536057692307693 0.03245192307692308 0.125
0 0.7055288461538461 0.8004807692307693 0.036057692307692304 0.1310096153846154
0 0.6322115384615384 0.7848557692307693 0.03365384615384615 0.140625
0 0.5588942307692307 0.7920673076923077 0.028846153846153848 0.13221153846153846
0 0.5204326923076923 0.8016826923076923 0.03245192307692308 0.12620192307692307
0 0.4831730769230769 0.8052884615384616 0.028846153846153848 0.125
0 0.44471153846153844 0.7908653846153846 0.03125 0.11538461538461539
0 0.40865384615384615 0.8088942307692307 0.03365384615384615 0.12740384615384615
0 0.3713942307692308 0.8112980769230769 0.026442307692307692 0.125
0 0.33413461538461536 0.8125 0.030048076923076924 0.12139423076923077
0 0.29927884615384615 0.8100961538461539 0.03365384615384615 0.12860576923076922
0 0.2644230769230769 0.8221153846153846 0.038461538461538464 0.12259615384615384
0 0.2247596153846154 0.8245192307692307 0.03245192307692308 0.1310096153846154
0 0.19110576923076922 0.8197115384615384 0.036057692307692304 0.11538461538461539
0 0.15625 0.8233173076923077 0.03125 0.11658653846153846
0 0.11778846153846154 0.8245192307692307 0.038461538461538464 0.12740384615384615
0 0.0829326923076923 0.8377403846153846 0.03485576923076923 0.10096153846153846
0 0.04807692307692308 0.8341346153846154 0.037259615384615384 0.12139423076923077
0 0.014423076923076924 0.8209134615384616 0.028846153846153848 0.12379807692307693