0 0.5408653846153846 0.7259615384615384 0.06129807692307692 0.051682692307692304
0 0.5420673076923077 0.6694711538461539 0.0625 0.05048076923076923
0 0.4735576923076923 0.8401442307692307 0.06009615384615385 0.04807692307692308
0 0.45913461538461536 0.8966346153846154 0.05889423076923077 0.051682692307692304
0 0.6814903846153846 0.8497596153846154 0.0625 0.046875
0 0.6862980769230769 0.796875 0.0625 0.046875
0 0.7548076923076923 0.515625 0.057692307692307696 0.051682692307692304
0 0.7572115384615384 0.5733173076923077 0.06129807692307692 0.04807692307692308
0 0.7463942307692307 0.6286057692307693 0.06129807692307692 0.051682692307692304
0 0.75 0.6802884615384616 0.04807692307692308 0.04447115384615385
0 0.6850961538461539 0.45913461538461536 0.05889423076923077 0.051682692307692304
0 0.6838942307692307 0.5108173076923077 0.05889423076923077 0.04807692307692308
0 0.6838942307692307 0.5685096153846154 0.057692307692307696 0.051682692307692304
0 0.6838942307692307 0.6274038461538461 0.057692307692307696 0.05048076923076923
0 0.6862980769230769 0.6850961538461539 0.06129807692307692 0.04807692307692308
0 0.328125 0.9543269230769231 0.06009615384615385 0.051682692307692304
0 0.3269230769230769 0.9903846153846154 0.055288461538461536 0.016826923076923076
0 0.5372596153846154 0.953125 0.0625 0.055288461538461536
0 0.5348557692307693 0.9891826923076923 0.057692307692307696 0.018028846153846152
0 0.4675480769230769 0.9915865384615384 0.055288461538461536 0.014423076923076924
0 0.4651442307692308 0.7824519230769231 0.05889423076923077 0.054086538461538464
0 0.5384615384615384 0.7860576923076923 0.06129807692307692 0.04807692307692308
0 0.5408653846153846 0.8401442307692307 0.057692307692307696 0.04807692307692308
0 0.5396634615384616 0.8930288461538461 0.055288461538461536 0.04807692307692308
0 0.4651442307692308 0.953125 0.056490384615384616 0.052884615384615384
0 0.4675480769230769 0.7283653846153846 0.055288461538461536 0.051682692307692304
0 0.5432692307692307 0.6153846153846154 0.06129807692307692 0.04807692307692308
0 0.5456730769230769 0.5588942307692307 0.056490384615384616 0.04807692307692308
0 0.1814903846153846 0.8713942307692307 0.06009615384615385 0.04807692307692308
0 0.1814903846153846 0.8125 0.057692307692307696 0.051682692307692304
0 0.18389423076923078 0.7584134615384616 0.06129807692307692 0.05048076923076923
0 0.18028846153846154 0.6995192307692307 0.06370192307692307 0.046875
0 0.17908653846153846 0.6430288461538461 0.06610576923076923 0.05048076923076923
0 0.17548076923076922 0.5877403846153846 0.06370192307692307 0.04807692307692308
0 0.17307692307692307 0.5336538461538461 0.0673076923076923 0.05048076923076923
0 0.171875 0.47596153846153844 0.06370192307692307 0.046875
0 0.16346153846153846 0.421875 0.06129807692307692 0.051682692307692304
0 0.1658653846153846 0.36658653846153844 0.056490384615384616 0.04807692307692308
0 0.16826923076923078 0.31009615384615385 0.06129807692307692 0.052884615384615384
0 0.4699519230769231 0.41225961538461536 0.06009615384615385 0.04807692307692308
0 0.47115384615384615 0.33653846153846156 0.057692307692307696 0.052884615384615384
0 0.5420673076923077 0.2776442307692308 0.06009615384615385 0.04807692307692308
0 0.46634615384615385 0.2800480769230769 0.05889423076923077 0.04807692307692308
0 0.5432692307692307 0.22596153846153846 0.056490384615384616 0.04447115384615385
0 0.47475961538461536 0.22235576923076922 0.05889423076923077 0.04807692307692308
0 0.5408653846153846 0.17307692307692307 0.0625 0.05048076923076923
0 0.5360576923076923 0.12139423076923077 0.057692307692307696 0.05048076923076923
0 0.5348557692307693 0.06850961538461539 0.05889423076923077 0.046875
0 0.5360576923076923 0.021634615384615384 0.06129807692307692 0.04326923076923077
0 0.4699519230769231 0.021634615384615384 0.056490384615384616 0.04326923076923077
0 0.4699519230769231 0.06610576923076923 0.06009615384615385 0.04807692307692308
0 0.4675480769230769 0.11778846153846154 0.057692307692307696 0.054086538461538464
0 0.4699519230769231 0.17067307692307693 0.06129807692307692 0.052884615384615384
0 0.6778846153846154 0.027644230769230768 0.06129807692307692 0.052884615384615384
0 0.7584134615384616 0.4579326923076923 0.052884615384615384 0.051682692307692304
0 0.7536057692307693 0.4050480769230769 0.054086538461538464 0.046875
0 0.6911057692307693 0.4014423076923077 0.06009615384615385 0.04447115384615385
0 0.7536057692307693 0.34975961538461536 0.057692307692307696 0.05048076923076923
0 0.6911057692307693 0.34615384615384615 0.05889423076923077 0.05048076923076923
0 0.6923076923076923 0.296875 0.057692307692307696 0.05048076923076923
0 0.7548076923076923 0.29447115384615385 0.051682692307692304 0.05048076923076923
0 0.7596153846153846 0.24158653846153846 0.05048076923076923 0.04807692307692308
0 0.75 0.7355769230769231 0.055288461538461536 0.052884615384615384
0 0.8786057692307693 0.008413461538461538 0.055288461538461536 0.016826923076923076
0 0.8870192307692307 0.038461538461538464 0.05889423076923077 0.05048076923076923
0 0.8894230769230769 0.09014423076923077 0.06009615384615385 0.05048076923076923
0 0.890625 0.14302884615384615 0.0625 0.05048076923076923
0 0.8918269230769231 0.19471153846153846 0.06370192307692307 0.051682692307692304
0 0.8858173076923077 0.2512019230769231 0.05048076923076923 0.046875
0 0.890625 0.30288461538461536 0.06129807692307692 0.05048076923076923
0 0.8894230769230769 0.3581730769230769 0.05889423076923077 0.054086538461538464
0 0.8870192307692307 0.41225961538461536 0.05889423076923077 0.05048076923076923
0 0.8918269230769231 0.4639423076923077 0.052884615384615384 0.04567307692307692
0 0.8894230769230769 0.5216346153846154 0.057692307692307696 0.04807692307692308
0 0.8990384615384616 0.6225961538461539 0.05889423076923077 0.04567307692307692
0 0.8942307692307693 0.671875 0.04567307692307692 0.04567307692307692
0 0.8978365384615384 0.7283653846153846 0.06129807692307692 0.04807692307692308
0 0.8966346153846154 0.7872596153846154 0.06370192307692307 0.05048076923076923
0 0.8894230769230769 0.8401442307692307 0.0673076923076923 0.04807692307692308
0 0.8858173076923077 0.8918269230769231 0.056490384615384616 0.046875
0 0.8894230769230769 0.9435096153846154 0.06129807692307692 0.046875
0 0.8930288461538461 0.9879807692307693 0.05048076923076923 0.021634615384615384
0 0.7415865384615384 0.9543269230769231 0.056490384615384616 0.046875
0 0.7439903846153846 0.9915865384615384 0.056490384615384616 0.014423076923076924
0 0.6790865384615384 0.9579326923076923 0.055288461538461536 0.052884615384615384
0 0.6802884615384616 0.9050480769230769 0.0625 0.046875
0 0.7439903846153846 0.8990384615384616 0.06009615384615385 0.04807692307692308
0 0.7512019230769231 0.8461538461538461 0.06129807692307692 0.04807692307692308
0 0.7487980769230769 0.7908653846153846 0.056490384615384616 0.04807692307692308
0 0.6838942307692307 0.7403846153846154 0.05048076923076923 0.04447115384615385
0 0.33052884615384615 0.020432692307692308 0.056490384615384616 0.040865384615384616
0 0.3317307692307692 0.06370192307692307 0.05889423076923077 0.04447115384615385
0 0.3293269230769231 0.11538461538461539 0.06370192307692307 0.051682692307692304
0 0.32572115384615385 0.16947115384615385 0.06370192307692307 0.05048076923076923
0 0.3293269230769231 0.21995192307692307 0.056490384615384616 0.05048076923076923
0 0.3245192307692308 0.27524038461538464 0.052884615384615384 0.051682692307692304
0 0.32211538461538464 0.33052884615384615 0.055288461538461536 0.054086538461538464
0 0.3088942307692308 0.38341346153846156 0.055288461538461536 0.04807692307692308
0 0.3161057692307692 0.44591346153846156 0.05889423076923077 0.05048076923076923
0 0.31971153846153844 0.5588942307692307 0.06009615384615385 0.04567307692307692
0 0.32211538461538464 0.5 0.06009615384615385 0.05048076923076923
0 0.4675480769230769 0.6778846153846154 0.054086538461538464 0.04447115384615385
0 0.32211538461538464 0.6141826923076923 0.0625 0.046875
0 0.32211538461538464 0.6754807692307693 0.056490384615384616 0.04807692307692308
0 0.18269230769230768 0.9254807692307693 0.055288461538461536 0.04326923076923077
0 0.17548076923076922 0.2536057692307692 0.05889423076923077 0.046875
0 0.17067307692307693 0.1971153846153846 0.0625 0.051682692307692304
0 0.171875 0.14423076923076922 0.0673076923076923 0.05048076923076923
0 0.16826923076923078 0.09134615384615384 0.06370192307692307 0.052884615384615384
0 0.18269230769230768 0.037259615384615384 0.06009615384615385 0.04807692307692308
0 0.17548076923076922 0.008413461538461538 0.0625 0.016826923076923076
0 0.6802884615384616 0.9927884615384616 0.05048076923076923 0.010817307692307692