0 0.6418269230769231 0.3317307692307692 0.03245192307692308 0.13341346153846154
0 0.6033653846153846 0.32211538461538464 0.03245192307692308 0.12860576923076922
0 0.5913461538461539 0.11538461538461539 0.07451923076923077 0.06850961538461539
0 0.5637019230769231 0.31490384615384615 0.03245192307692308 0.12740384615384615
0 0.5216346153846154 0.32211538461538464 0.030048076923076924 0.12620192307692307
0 0.484375 0.31490384615384615 0.03485576923076923 0.12379807692307693
0 0.44471153846153844 0.31971153846153844 0.030048076923076924 0.1141826923076923
0 0.40865384615384615 0.328125 0.03485576923076923 0.1346153846153846
0 0.33413461538461536 0.3293269230769231 0.03485576923076923 0.13701923076923078
0 0.2956730769230769 0.33052884615384615 0.03245192307692308 0.12620192307692307
0 0.2608173076923077 0.2980769230769231 0.03365384615384615 0.12620192307692307
0 0.22355769230769232 0.30408653846153844 0.03485576923076923 0.12620192307692307
0 0.19110576923076922 0.2980769230769231 0.03365384615384615 0.11899038461538461
0 0.1201923076923077 0.2980769230769231 0.03485576923076923 0.12139423076923077
0 0.08413461538461539 0.30528846153846156 0.038461538461538464 0.13341346153846154
0 0.04927884615384615 0.3004807692307692 0.038461538461538464 0.10817307692307693
0 0.016826923076923076 0.3125 0.03245192307692308 0.12740384615384615
0 0.20192307692307693 0.010817307692307692 0.030048076923076924 0.021634615384615384
0 0.23677884615384615 0.015625 0.03125 0.030048076923076924
0 0.27403846153846156 0.016826923076923076 0.03365384615384615 0.03365384615384615
0 0.35096153846153844 0.009615384615384616 0.027644230769230768 0.019230769230769232
0 0.38221153846153844 0.013221153846153846 0.030048076923076924 0.026442307692307692
0 0.4170673076923077 0.014423076923076924 0.028846153846153848 0.028846153846153848
0 0.4519230769230769 0.018028846153846152 0.03245192307692308 0.036057692307692304
0 0.4891826923076923 0.020432692307692308 0.027644230769230768 0.040865384615384616
0 0.5288461538461539 0.014423076923076924 0.03245192307692308 0.028846153846153848
0 0.5661057692307693 0.016826923076923076 0.03365384615384615 0.03365384615384615
0 0.6021634615384616 0.021634615384615384 0.036057692307692304 0.04326923076923077
0 0.6430288461538461 0.018028846153846152 0.03125 0.036057692307692304
0 0.6838942307692307 0.6694711538461539 0.03245192307692308 0.12259615384615384
0 0.6358173076923077 0.6802884615384616 0.03245192307692308 0.1310096153846154
0 0.5961538461538461 0.6814903846153846 0.030048076923076924 0.10697115384615384
0 0.5600961538461539 0.6598557692307693 0.03365384615384615 0.13221153846153846
0 0.5216346153846154 0.6814903846153846 0.03125 0.12860576923076922
0 0.48197115384615385 0.6766826923076923 0.030048076923076924 0.13341346153846154
0 0.44350961538461536 0.6838942307692307 0.030048076923076924 0.1346153846153846
0 0.4050480769230769 0.6814903846153846 0.03245192307692308 0.1310096153846154
0 0.3629807692307692 0.6778846153846154 0.040865384615384616 0.20192307692307693
0 0.25961538461538464 0.6766826923076923 0.037259615384615384 0.12740384615384615
0 0.2247596153846154 0.6502403846153846 0.03245192307692308 0.125
0 0.1141826923076923 0.6766826923076923 0.037259615384615384 0.13341346153846154
0 0.04447115384615385 0.6454326923076923 0.040865384615384616 0.13701923076923078