0 0.7091346153846154 0.1778846153846154 0.03485576923076923 0.09615384615384616
0 0.6802884615384616 0.21153846153846154 0.038461538461538464 0.0985576923076923
0 0.6490384615384616 0.2247596153846154 0.038461538461538464 0.11778846153846154
0 0.6153846153846154 0.22355769230769232 0.04447115384615385 0.10576923076923077
0 0.5853365384615384 0.234375 0.040865384615384616 0.1045673076923077
0 0.5588942307692307 0.25600961538461536 0.03485576923076923 0.09014423076923077
0 0.5216346153846154 0.25721153846153844 0.03245192307692308 0.08774038461538461
0 0.4963942307692308 0.2764423076923077 0.037259615384615384 0.10576923076923077
0 0.46274038461538464 0.2932692307692308 0.038461538461538464 0.09495192307692307
0 0.4387019230769231 0.3269230769230769 0.039663461538461536 0.10336538461538461
0 0.4074519230769231 0.3449519230769231 0.038461538461538464 0.10336538461538461
0 0.375 0.3485576923076923 0.038461538461538464 0.1045673076923077
0 0.34134615384615385 0.3629807692307692 0.037259615384615384 0.10096153846153846
0 0.3088942307692308 0.3786057692307692 0.040865384615384616 0.109375
0 0.27524038461538464 0.39663461538461536 0.038461538461538464 0.11057692307692307
0 0.2439903846153846 0.41346153846153844 0.040865384615384616 0.11057692307692307
0 0.21153846153846154 0.4387019230769231 0.04447115384615385 0.11298076923076923
0 0.17908653846153846 0.4567307692307692 0.04326923076923077 0.1141826923076923
0 0.1466346153846154 0.48197115384615385 0.039663461538461536 0.09254807692307693
0 0.11057692307692307 0.4855769230769231 0.052884615384615384 0.11298076923076923
0 0.0733173076923077 0.5 0.046875 0.11778846153846154
0 0.037259615384615384 0.5168269230769231 0.04807692307692308 0.10576923076923077
0 0.013221153846153846 0.5456730769230769 0.026442307692307692 0.1141826923076923
0 0.7067307692307693 0.5072115384615384 0.04326923076923077 0.0985576923076923
0 0.6694711538461539 0.5180288461538461 0.039663461538461536 0.10336538461538461
0 0.6430288461538461 0.5360576923076923 0.039663461538461536 0.10336538461538461
0 0.6129807692307693 0.5504807692307693 0.038461538461538464 0.10817307692307693
0 0.5841346153846154 0.5709134615384616 0.038461538461538464 0.10576923076923077
0 0.5528846153846154 0.5985576923076923 0.040865384615384616 0.11057692307692307
0 0.5240384615384616 0.6105769230769231 0.036057692307692304 0.09975961538461539
0 0.49278846153846156 0.6237980769230769 0.036057692307692304 0.10697115384615384
0 0.45913461538461536 0.6394230769230769 0.040865384615384616 0.10817307692307693
0 0.43028846153846156 0.6610576923076923 0.040865384615384616 0.10817307692307693
0 0.39903846153846156 0.6850961538461539 0.038461538461538464 0.11538461538461539
0 0.36538461538461536 0.6947115384615384 0.039663461538461536 0.11057692307692307
0 0.3329326923076923 0.7067307692307693 0.04326923076923077 0.11057692307692307
0 0.3004807692307692 0.7319711538461539 0.04326923076923077 0.11658653846153846
0 0.265625 0.7536057692307693 0.04807692307692308 0.11899038461538461
0 0.23317307692307693 0.7668269230769231 0.04326923076923077 0.12139423076923077
0 0.19831730769230768 0.7824519230769231 0.04807692307692308 0.11899038461538461
0 0.15865384615384615 0.7944711538461539 0.04567307692307692 0.1045673076923077
0 0.12740384615384615 0.8185096153846154 0.046875 0.11778846153846154
0 0.09375 0.8497596153846154 0.04807692307692308 0.11778846153846154
0 0.06129807692307692 0.8786057692307693 0.04807692307692308 0.1141826923076923
0 0.027644230769230768 0.9014423076923077 0.05048076923076923 0.12139423076923077
0 0.6971153846153846 0.5961538461538461 0.055288461538461536 0.06009615384615385
0 0.6418269230769231 0.6262019230769231 0.055288461538461536 0.06129807692307692
0 0.5817307692307693 0.6706730769230769 0.06009615384615385 0.06971153846153846
0 0.5180288461538461 0.7115384615384616 0.06370192307692307 0.06610576923076923
0 0.4495192307692308 0.7463942307692307 0.06009615384615385 0.07692307692307693
0 0.3918269230769231 0.7824519230769231 0.05048076923076923 0.06490384615384616
0 0.3293269230769231 0.8161057692307693 0.0673076923076923 0.06971153846153846
0 0.2644230769230769 0.859375 0.06370192307692307 0.07211538461538461
0 0.19471153846153846 0.8990384615384616 0.0673076923076923 0.08052884615384616
0 0.11899038461538461 0.9411057692307693 0.07211538461538461 0.09014423076923077
0 0.04807692307692308 0.9699519230769231 0.06971153846153846 0.056490384615384616
0 0.8004807692307693 0.7163461538461539 0.04326923076923077 0.11298076923076923
0 0.7692307692307693 0.7475961538461539 0.040865384615384616 0.10697115384615384
0 0.7439903846153846 0.7716346153846154 0.040865384615384616 0.109375
0 0.7151442307692307 0.7908653846153846 0.038461538461538464 0.1045673076923077
0 0.6850961538461539 0.8137019230769231 0.040865384615384616 0.109375
0 0.6574519230769231 0.8221153846153846 0.038461538461538464 0.10336538461538461
0 0.6286057692307693 0.8293269230769231 0.038461538461538464 0.10096153846153846
0 0.6057692307692307 0.8858173076923077 0.037259615384615384 0.10096153846153846
0 0.5673076923076923 0.8629807692307693 0.037259615384615384 0.10096153846153846
0 0.5396634615384616 0.9134615384615384 0.040865384615384616 0.12259615384615384
0 0.5060096153846154 0.9278846153846154 0.04326923076923077 0.1141826923076923
0 0.47596153846153844 0.9387019230769231 0.037259615384615384 0.09254807692307693
0 0.44591346153846156 0.9495192307692307 0.036057692307692304 0.09735576923076923
0 0.41346153846153844 0.9639423076923077 0.036057692307692304 0.06971153846153846
0 0.3798076923076923 0.9699519230769231 0.03245192307692308 0.05889423076923077