0 0.2848557692307692 0.4567307692307692 0.037259615384615384 0.140625
0 0.3269230769230769 0.46634615384615385 0.03365384615384615 0.13942307692307693
0 0.36538461538461536 0.4735576923076923 0.03485576923076923 0.140625
0 0.4519230769230769 0.47836538461538464 0.03365384615384615 0.14423076923076922
0 0.49399038461538464 0.47596153846153844 0.03245192307692308 0.12740384615384615
0 0.5348557692307693 0.4795673076923077 0.036057692307692304 0.15985576923076922
0 0.46274038461538464 0.7884615384615384 0.04567307692307692 0.13701923076923078
0 0.5456730769230769 0.7908653846153846 0.04567307692307692 0.14543269230769232
0 0.5913461538461539 0.7980769230769231 0.040865384615384616 0.13341346153846154
0 0.2548076923076923 0.7740384615384616 0.052884615384615384 0.13581730769230768
0 0.13221153846153846 0.7620192307692307 0.052884615384615384 0.13581730769230768
0 0.17307692307692307 0.765625 0.04927884615384615 0.13701923076923078
0 0.2091346153846154 0.7644230769230769 0.04807692307692308 0.13581730769230768
0 0.5817307692307693 0.4987980769230769 0.037259615384615384 0.1502403846153846
0 0.6237980769230769 0.47475961538461536 0.03125 0.1346153846153846
0 0.6622596153846154 0.4807692307692308 0.03245192307692308 0.14302884615384615
0 0.7043269230769231 0.484375 0.03125 0.0889423076923077
0 0.7439903846153846 0.484375 0.03245192307692308 0.1310096153846154
0 0.7824519230769231 0.4963942307692308 0.03245192307692308 0.12740384615384615
0 0.8221153846153846 0.4891826923076923 0.037259615384615384 0.13942307692307693
0 0.8617788461538461 0.4987980769230769 0.03245192307692308 0.13221153846153846
0 0.9014423076923077 0.5108173076923077 0.036057692307692304 0.10817307692307693
0 0.9411057692307693 0.5036057692307693 0.036057692307692304 0.12620192307692307
0 0.9807692307692307 0.5144230769230769 0.037259615384615384 0.140625
0 0.9050480769230769 0.17668269230769232 0.07211538461538461 0.06850961538461539
0 0.6899038461538461 0.1658653846153846 0.07932692307692307 0.06971153846153846
0 0.5973557692307693 0.15144230769230768 0.07692307692307693 0.07451923076923077
0 0.2283653846153846 0.1310096153846154 0.08173076923076923 0.06850961538461539
0 0.09134615384615384 0.11899038461538461 0.08052884615384616 0.06490384615384616
0 0.021634615384615384 0.11538461538461539 0.04326923076923077 0.06610576923076923
0 0.24519230769230768 0.47475961538461536 0.037259615384615384 0.13581730769230768
0 0.20673076923076922 0.4495192307692308 0.037259615384615384 0.14423076923076922
0 0.16826923076923078 0.45552884615384615 0.037259615384615384 0.13581730769230768
0 0.12740384615384615 0.4495192307692308 0.040865384615384616 0.140625
0 0.08774038461538461 0.4543269230769231 0.040865384615384616 0.140625
0 0.04927884615384615 0.44711538461538464 0.04447115384615385 0.14423076923076922
0 0.016826923076923076 0.45552884615384615 0.03365384615384615 0.1466346153846154
0 0.7572115384615384 0.8112980769230769 0.046875 0.12620192307692307
0 0.796875 0.8100961538461539 0.04927884615384615 0.140625
0 0.8762019230769231 0.8245192307692307 0.04807692307692308 0.12740384615384615
0 0.9170673076923077 0.8185096153846154 0.04567307692307692 0.13581730769230768
0 0.9591346153846154 0.8040865384615384 0.04807692307692308 0.13221153846153846
0 0.9855769230769231 0.8088942307692307 0.025240384615384616 0.1502403846153846
0 0.13942307692307693 0.9783653846153846 0.04567307692307692 0.040865384615384616
0 0.08533653846153846 0.9855769230769231 0.036057692307692304 0.025240384615384616
0 0.04447115384615385 0.9819711538461539 0.03485576923076923 0.03365384615384615
0 0.40865384615384615 0.4879807692307692 0.042067307692307696 0.1622596153846154