0 0.31850961538461536 0.6334134615384616 0.051682692307692304 0.05048076923076923
0 0.24759615384615385 0.6370192307692307 0.056490384615384616 0.051682692307692304
0 0.7560096153846154 0.6790865384615384 0.055288461538461536 0.052884615384615384
0 0.7536057692307693 0.6213942307692307 0.06490384615384616 0.051682692307692304
0 0.6862980769230769 0.625 0.06129807692307692 0.04807692307692308
0 0.6862980769230769 0.5721153846153846 0.06610576923076923 0.054086538461538464
0 0.7451923076923077 0.5649038461538461 0.05048076923076923 0.04567307692307692
0 0.75 0.5168269230769231 0.05889423076923077 0.04807692307692308
0 0.6862980769230769 0.5180288461538461 0.06129807692307692 0.052884615384615384
0 0.6766826923076923 0.4651442307692308 0.0625 0.04807692307692308
0 0.7439903846153846 0.46274038461538464 0.051682692307692304 0.04807692307692308
0 0.5324519230769231 0.5192307692307693 0.05889423076923077 0.04807692307692308
0 0.5324519230769231 0.4639423076923077 0.06009615384615385 0.052884615384615384
0 0.4579326923076923 0.4651442307692308 0.0625 0.05889423076923077
0 0.5348557692307693 0.4098557692307692 0.057692307692307696 0.04807692307692308
0 0.46153846153846156 0.4110576923076923 0.056490384615384616 0.04807692307692308
0 0.46153846153846156 0.35697115384615385 0.06009615384615385 0.051682692307692304
0 0.3173076923076923 0.5805288461538461 0.06009615384615385 0.04807692307692308
0 0.24519230769230768 0.5829326923076923 0.06129807692307692 0.05048076923076923
0 0.3137019230769231 0.5240384615384616 0.06009615384615385 0.051682692307692304
0 0.24639423076923078 0.5252403846153846 0.05889423076923077 0.051682692307692304
0 0.2403846153846154 0.4723557692307692 0.055288461538461536 0.04567307692307692
0 0.3161057692307692 0.4651442307692308 0.0673076923076923 0.05889423076923077
0 0.30649038461538464 0.4110576923076923 0.056490384615384616 0.04567307692307692
0 0.24519230769230768 0.4182692307692308 0.06129807692307692 0.054086538461538464
0 0.24639423076923078 0.36538461538461536 0.05889423076923077 0.051682692307692304
0 0.8978365384615384 0.7307692307692307 0.056490384615384616 0.04807692307692308
0 0.8990384615384616 0.6730769230769231 0.05889423076923077 0.046875
0 0.8966346153846154 0.6189903846153846 0.06129807692307692 0.04567307692307692
0 0.9002403846153846 0.5661057692307693 0.0625 0.051682692307692304
0 0.8990384615384616 0.5108173076923077 0.06370192307692307 0.04807692307692308
0 0.8966346153846154 0.46153846153846156 0.051682692307692304 0.046875
0 0.8966346153846154 0.4050480769230769 0.05889423076923077 0.04807692307692308
0 0.7463942307692307 0.40865384615384615 0.052884615384615384 0.05048076923076923
0 0.6766826923076923 0.40384615384615385 0.05889423076923077 0.05048076923076923
0 0.7439903846153846 0.3485576923076923 0.05889423076923077 0.056490384615384616
0 0.6754807692307693 0.35096153846153844 0.0625 0.052884615384615384
0 0.5348557692307693 0.35336538461538464 0.06129807692307692 0.052884615384615384
0 0.3137019230769231 0.35697115384615385 0.057692307692307696 0.05048076923076923
0 0.1141826923076923 0.6995192307692307 0.03245192307692308 0.10336538461538461
0 0.11658653846153846 0.578125 0.030048076923076924 0.09735576923076923
0 0.11658653846153846 0.44591346153846156 0.03365384615384615 0.10817307692307693
0 0.11658653846153846 0.3245192307692308 0.03245192307692308 0.10697115384615384
0 0.7379807692307693 0.2956730769230769 0.055288461538461536 0.05048076923076923
0 0.6730769230769231 0.29447115384615385 0.055288461538461536 0.046875
0 0.6706730769230769 0.2403846153846154 0.06129807692307692 0.054086538461538464
0 0.7379807692307693 0.24278846153846154 0.05889423076923077 0.052884615384615384
0 0.5288461538461539 0.2980769230769231 0.0625 0.052884615384615384
0 0.45913461538461536 0.3016826923076923 0.056490384615384616 0.052884615384615384
0 0.4567307692307692 0.24759615384615385 0.056490384615384616 0.052884615384615384
0 0.5288461538461539 0.24639423076923078 0.06129807692307692 0.05048076923076923
0 0.3137019230769231 0.3016826923076923 0.055288461538461536 0.054086538461538464
0 0.24278846153846154 0.3088942307692308 0.055288461538461536 0.052884615384615384
0 0.9098557692307693 0.7836538461538461 0.06129807692307692 0.05048076923076923
0 0.9122596153846154 0.8413461538461539 0.06850961538461539 0.055288461538461536
0 0.9098557692307693 0.8894230769230769 0.06370192307692307 0.04567307692307692
0 0.9098557692307693 0.9459134615384616 0.057692307692307696 0.055288461538461536
0 0.9110576923076923 0.9855769230769231 0.0625 0.02403846153846154
0 0.6887019230769231 0.6814903846153846 0.06370192307692307 0.04807692307692308
0 0.5264423076923077 0.18870192307692307 0.057692307692307696 0.04807692307692308
0 0.453125 0.19110576923076922 0.05889423076923077 0.054086538461538464
0 0.7367788461538461 0.18629807692307693 0.057692307692307696 0.051682692307692304
0 0.671875 0.1875 0.05889423076923077 0.052884615384615384
0 0.6658653846153846 0.13221153846153846 0.057692307692307696 0.051682692307692304
0 0.7331730769230769 0.13341346153846154 0.06009615384615385 0.046875
0 0.7319711538461539 0.0829326923076923 0.056490384615384616 0.051682692307692304
0 0.6634615384615384 0.08052884615384616 0.05048076923076923 0.051682692307692304
0 0.4579326923076923 0.5252403846153846 0.056490384615384616 0.046875
0 0.5348557692307693 0.5793269230769231 0.06370192307692307 0.046875
0 0.4651442307692308 0.5817307692307693 0.054086538461538464 0.05048076923076923
0 0.46634615384615385 0.6394230769230769 0.0625 0.052884615384615384
0 0.5408653846153846 0.6370192307692307 0.06490384615384616 0.04567307692307692
0 0.5432692307692307 0.6935096153846154 0.06129807692307692 0.051682692307692304
0 0.4675480769230769 0.6959134615384616 0.0625 0.052884615384615384
0 0.5408653846153846 0.75 0.06129807692307692 0.046875
0 0.5432692307692307 0.8088942307692307 0.06370192307692307 0.05048076923076923
0 0.4699519230769231 0.7536057692307693 0.0673076923076923 0.055288461538461536
0 0.47596153846153844 0.8040865384615384 0.06129807692307692 0.04326923076923077
0 0.5492788461538461 0.8605769230769231 0.05048076923076923 0.046875
0 0.546875 0.9170673076923077 0.06129807692307692 0.052884615384615384
0 0.4699519230769231 0.859375 0.0673076923076923 0.046875
0 0.4639423076923077 0.9170673076923077 0.06370192307692307 0.06009615384615385
0 0.31850961538461536 0.6971153846153846 0.056490384615384616 0.046875
0 0.24158653846153846 0.6971153846153846 0.056490384615384616 0.046875
0 0.32211538461538464 0.7475961538461539 0.06129807692307692 0.046875
0 0.2439903846153846 0.7524038461538461 0.06610576923076923 0.04567307692307692
0 0.3125 0.8040865384615384 0.06370192307692307 0.051682692307692304
0 0.24639423076923078 0.8064903846153846 0.06370192307692307 0.046875
0 0.2536057692307692 0.8653846153846154 0.06129807692307692 0.052884615384615384
0 0.3245192307692308 0.8605769230769231 0.06610576923076923 0.05048076923076923
0 0.25600961538461536 0.9254807692307693 0.0625 0.046875
0 0.3112980769230769 0.24759615384615385 0.05889423076923077 0.056490384615384616
0 0.24639423076923078 0.2512019230769231 0.056490384615384616 0.05889423076923077
0 0.2439903846153846 0.1971153846153846 0.056490384615384616 0.05889423076923077
0 0.3125 0.1935096153846154 0.057692307692307696 0.05048076923076923
0 0.3088942307692308 0.13942307692307693 0.056490384615384616 0.054086538461538464
0 0.2403846153846154 0.14543269230769232 0.052884615384615384 0.051682692307692304
0 0.24158653846153846 0.09495192307692307 0.05889423076923077 0.05048076923076923
0 0.30649038461538464 0.0889423076923077 0.05889423076923077 0.04807692307692308
0 0.31009615384615385 0.038461538461538464 0.06129807692307692 0.05048076923076923
0 0.23557692307692307 0.04567307692307692 0.052884615384615384 0.052884615384615384
0 0.24158653846153846 0.009615384615384616 0.06490384615384616 0.019230769230769232
0 0.30528846153846156 0.007211538461538462 0.056490384615384616 0.014423076923076924
0 0.1201923076923077 0.19471153846153846 0.03125 0.109375
0 0.11899038461538461 0.056490384615384616 0.03245192307692308 0.10336538461538461
0 0.4519230769230769 0.140625 0.057692307692307696 0.055288461538461536
0 0.5240384615384616 0.13581730769230768 0.052884615384615384 0.04807692307692308
0 0.5252403846153846 0.0829326923076923 0.054086538461538464 0.055288461538461536
0 0.4519230769230769 0.08653846153846154 0.04927884615384615 0.052884615384615384
0 0.4579326923076923 0.030048076923076924 0.055288461538461536 0.056490384615384616
0 0.5276442307692307 0.03245192307692308 0.06129807692307692 0.046875
0 0.6646634615384616 0.030048076923076924 0.056490384615384616 0.04567307692307692
0 0.7331730769230769 0.030048076923076924 0.055288461538461536 0.054086538461538464
0 0.8930288461538461 0.35336538461538464 0.0625 0.051682692307692304
0 0.8870192307692307 0.296875 0.0625 0.05048076923076923
0 0.8882211538461539 0.24158653846153846 0.057692307692307696 0.054086538461538464
0 0.8846153846153846 0.1875 0.06129807692307692 0.051682692307692304
0 0.8834134615384616 0.13701923076923078 0.05889423076923077 0.05048076923076923
0 0.8858173076923077 0.08173076923076923 0.06850961538461539 0.052884615384615384
0 0.8786057692307693 0.038461538461538464 0.06009615384615385 0.04447115384615385
0 0.8737980769230769 0.006009615384615385 0.056490384615384616 0.01201923076923077
0 0.6887019230769231 0.7415865384615384 0.06370192307692307 0.04567307692307692
0 0.7584134615384616 0.7319711538461539 0.0625 0.046875
0 0.7572115384615384 0.7872596153846154 0.06129807692307692 0.04807692307692308
0 0.7572115384615384 0.8449519230769231 0.05889423076923077 0.04807692307692308
0 0.7584134615384616 0.9026442307692307 0.06009615384615385 0.04807692307692308
0 0.6935096153846154 0.9110576923076923 0.06129807692307692 0.05048076923076923
0 0.6862980769230769 0.8569711538461539 0.05889423076923077 0.05048076923076923
0 0.6862980769230769 0.7956730769230769 0.06129807692307692 0.052884615384615384