0 0.3918269230769231 0.36899038461538464 0.052884615384615384 0.09014423076923077
0 0.36899038461538464 0.40384615384615385 0.055288461538461536 0.09615384615384616
0 0.2956730769230769 0.36899038461538464 0.054086538461538464 0.09615384615384616
0 0.5432692307692307 0.4699519230769231 0.056490384615384616 0.1045673076923077
0 0.5216346153846154 0.5096153846153846 0.05048076923076923 0.0889423076923077
0 0.5769230769230769 0.5913461538461539 0.05048076923076923 0.09615384615384616
0 0.47475961538461536 0.5901442307692307 0.056490384615384616 0.0985576923076923
0 0.5492788461538461 0.6346153846153846 0.055288461538461536 0.10096153846153846
0 0.4519230769230769 0.6334134615384616 0.055288461538461536 0.09975961538461539
0 0.41466346153846156 0.32211538461538464 0.056490384615384616 0.1045673076923077
0 0.48677884615384615 0.19951923076923078 0.055288461538461536 0.09615384615384616
0 0.30288461538461536 0.5372596153846154 0.055288461538461536 0.0985576923076923
0 0.3161057692307692 0.32211538461538464 0.052884615384615384 0.08774038461538461
0 0.3389423076923077 0.2800480769230769 0.057692307692307696 0.09735576923076923
0 0.5036057692307693 0.7151442307692307 0.056490384615384616 0.10096153846153846
0 0.5276442307692307 0.6778846153846154 0.055288461538461536 0.09254807692307693
0 0.4987980769230769 0.5540865384615384 0.055288461538461536 0.10096153846153846
0 0.5649038461538461 0.4206730769230769 0.054086538461538464 0.09615384615384616
0 0.43149038461538464 0.6802884615384616 0.055288461538461536 0.09735576923076923
0 0.10336538461538461 0.3473557692307692 0.0625 0.09735576923076923
0 0.20673076923076922 0.17548076923076922 0.056490384615384616 0.09735576923076923
0 0.23798076923076922 0.109375 0.057692307692307696 0.09975961538461539
0 0.6394230769230769 0.46634615384615385 0.052884615384615384 0.10096153846153846
0 0.6165865384615384 0.5108173076923077 0.052884615384615384 0.09735576923076923
0 0.5949519230769231 0.5528846153846154 0.04807692307692308 0.0889423076923077
0 0.40384615384615385 0.7175480769230769 0.05889423076923077 0.10576923076923077
0 0.4795673076923077 0.7608173076923077 0.055288461538461536 0.09254807692307693
0 0.45913461538461536 0.8040865384615384 0.051682692307692304 0.0889423076923077
0 0.13341346153846154 0.2848557692307692 0.055288461538461536 0.08653846153846154
0 0.2668269230769231 0.06009615384615385 0.056490384615384616 0.10817307692307693
0 0.28846153846153844 0.027644230769230768 0.04807692307692308 0.055288461538461536
0 0.31971153846153844 0.010817307692307692 0.03125 0.021634615384615384
0 0.31850961538461536 0.16346153846153846 0.05889423076923077 0.1045673076923077
0 0.06610576923076923 0.4098557692307692 0.06129807692307692 0.10096153846153846
0 0.03125 0.4651442307692308 0.0625 0.0985576923076923
0 0.018028846153846152 0.5432692307692307 0.036057692307692304 0.08653846153846154
0 0.2692307692307692 0.4050480769230769 0.05048076923076923 0.09134615384615384
0 0.32211538461538464 0.49278846153846156 0.05889423076923077 0.1045673076923077
0 0.34615384615384615 0.4519230769230769 0.052884615384615384 0.09254807692307693
0 0.3629807692307692 0.23798076923076922 0.055288461538461536 0.09615384615384616
0 0.4651442307692308 0.25 0.055288461538461536 0.0985576923076923
0 0.4375 0.2800480769230769 0.056490384615384616 0.09975961538461539
0 0.3870192307692308 0.19831730769230768 0.052884615384615384 0.09014423076923077
0 0.4110576923076923 0.16346153846153846 0.055288461538461536 0.09735576923076923
0 0.43149038461538464 0.12139423076923077 0.055288461538461536 0.09615384615384616
0 0.4567307692307692 0.08653846153846154 0.055288461538461536 0.09735576923076923
0 0.47836538461538464 0.046875 0.051682692307692304 0.09254807692307693
0 0.5024038461538461 0.02403846153846154 0.04807692307692308 0.046875
0 0.5060096153846154 0.15865384615384615 0.052884615384615384 0.09495192307692307
0 0.53125 0.12740384615384615 0.055288461538461536 0.10096153846153846
0 0.5552884615384616 0.09134615384615384 0.04567307692307692 0.0829326923076923
0 0.5769230769230769 0.054086538461538464 0.052884615384615384 0.09735576923076923
0 0.5973557692307693 0.03125 0.055288461538461536 0.0625
0 0.6262019230769231 0.010817307692307692 0.03245192307692308 0.021634615384615384
0 0.4723557692307692 0.37259615384615385 0.056490384615384616 0.1045673076923077
0 0.27524038461538464 0.5769230769230769 0.05889423076923077 0.0985576923076923
0 0.24519230769230768 0.44471153846153844 0.055288461538461536 0.0985576923076923
0 0.22235576923076922 0.484375 0.055288461538461536 0.10096153846153846
0 0.25721153846153844 0.625 0.05889423076923077 0.0985576923076923
0 0.20793269230769232 0.5372596153846154 0.055288461538461536 0.10336538461538461
0 0.22716346153846154 0.6610576923076923 0.0625 0.10336538461538461
0 0.1814903846153846 0.5745192307692307 0.056490384615384616 0.10697115384615384
0 0.2091346153846154 0.6995192307692307 0.05889423076923077 0.0985576923076923
0 0.15865384615384615 0.6141826923076923 0.055288461538461536 0.0985576923076923
0 0.13942307692307693 0.6670673076923077 0.055288461538461536 0.0985576923076923
0 0.18629807692307693 0.7475961538461539 0.055288461538461536 0.09975961538461539
0 0.0985576923076923 0.953125 0.05889423076923077 0.09134615384615384
0 0.030048076923076924 0.8545673076923077 0.06009615384615385 0.09975961538461539
0 0.013221153846153846 0.7788461538461539 0.026442307692307692 0.078125
0 0.29086538461538464 0.9254807692307693 0.054086538461538464 0.09254807692307693
0 0.31009615384615385 0.8810096153846154 0.05048076923076923 0.0889423076923077
0 0.33774038461538464 0.8473557692307693 0.055288461538461536 0.09975961538461539
0 0.3557692307692308 0.8052884615384616 0.04807692307692308 0.08653846153846154
0 0.3798076923076923 0.7620192307692307 0.05889423076923077 0.09975961538461539
0 0.43509615384615385 0.8461538461538461 0.05889423076923077 0.09254807692307693
0 0.4098557692307692 0.8870192307692307 0.06009615384615385 0.09975961538461539
0 0.3858173076923077 0.9182692307692307 0.051682692307692304 0.09014423076923077
0 0.5240384615384616 0.984375 0.03485576923076923 0.027644230769230768
0 0.5516826923076923 0.9615384615384616 0.051682692307692304 0.0733173076923077
0 0.5769230769230769 0.9338942307692307 0.056490384615384616 0.10096153846153846
0 0.5973557692307693 0.8870192307692307 0.055288461538461536 0.09495192307692307
0 0.625 0.8545673076923077 0.055288461538461536 0.1045673076923077
0 0.6490384615384616 0.8112980769230769 0.05048076923076923 0.09134615384615384
0 0.6706730769230769 0.7704326923076923 0.054086538461538464 0.09495192307692307
0 0.6887019230769231 0.7199519230769231 0.052884615384615384 0.09495192307692307
0 0.7127403846153846 0.6838942307692307 0.056490384615384616 0.09975961538461539
0 0.7319711538461539 0.6358173076923077 0.052884615384615384 0.09254807692307693
0 0.7560096153846154 0.6033653846153846 0.054086538461538464 0.09735576923076923
0 0.7788461538461539 0.5649038461538461 0.054086538461538464 0.0985576923076923
0 0.7956730769230769 0.5264423076923077 0.055288461538461536 0.09975961538461539
0 0.8173076923076923 0.47596153846153844 0.055288461538461536 0.0985576923076923
0 0.8377403846153846 0.44711538461538464 0.05048076923076923 0.09615384615384616
0 0.8605769230769231 0.4098557692307692 0.055288461538461536 0.09615384615384616
0 0.8786057692307693 0.36899038461538464 0.052884615384615384 0.09735576923076923
0 0.9026442307692307 0.33052884615384615 0.05889423076923077 0.10096153846153846
0 0.9170673076923077 0.2920673076923077 0.052884615384615384 0.0889423076923077
0 0.9375 0.25961538461538464 0.04807692307692308 0.08413461538461539
0 0.9567307692307693 0.21634615384615385 0.056490384615384616 0.09254807692307693
0 0.9723557692307693 0.17548076923076922 0.052884615384615384 0.09134615384615384
0 0.9819711538461539 0.13581730769230768 0.03365384615384615 0.08653846153846154
0 0.9927884615384616 0.08413461538461539 0.013221153846153846 0.05048076923076923
0 0.5877403846153846 0.38221153846153844 0.052884615384615384 0.09134615384615384
0 0.6069711538461539 0.33653846153846156 0.054086538461538464 0.0889423076923077
0 0.6322115384615384 0.3004807692307692 0.046875 0.08413461538461539
0 0.6574519230769231 0.2692307692307692 0.055288461538461536 0.09735576923076923
0 0.6754807692307693 0.2283653846153846 0.055288461538461536 0.09735576923076923
0 0.6971153846153846 0.1875 0.056490384615384616 0.0985576923076923
0 0.7199519230769231 0.1502403846153846 0.054086538461538464 0.0985576923076923
0 0.7415865384615384 0.11057692307692307 0.052884615384615384 0.09254807692307693
0 0.7608173076923077 0.07932692307692307 0.052884615384615384 0.09495192307692307
0 0.7800480769230769 0.04567307692307692 0.054086538461538464 0.09014423076923077
0 0.8004807692307693 0.02403846153846154 0.04567307692307692 0.04807692307692308
0 0.6622596153846154 0.43028846153846156 0.05048076923076923 0.09254807692307693
0 0.6814903846153846 0.390625 0.04807692307692308 0.09014423076923077
0 0.7043269230769231 0.35096153846153844 0.05048076923076923 0.09254807692307693
0 0.7247596153846154 0.3088942307692308 0.056490384615384616 0.10096153846153846
0 0.7475961538461539 0.27524038461538464 0.052884615384615384 0.09735576923076923
0 0.7680288461538461 0.234375 0.05048076923076923 0.09615384615384616
0 0.7872596153846154 0.19591346153846154 0.051682692307692304 0.09975961538461539
0 0.8028846153846154 0.15985576923076922 0.04807692307692308 0.09615384615384616
0 0.8245192307692307 0.12379807692307693 0.04807692307692308 0.08653846153846154
0 0.8449519230769231 0.08052884615384616 0.04927884615384615 0.09014423076923077
0 0.8653846153846154 0.04567307692307692 0.04807692307692308 0.08653846153846154
0 0.8858173076923077 0.03125 0.046875 0.0625
0 0.9182692307692307 0.015625 0.03485576923076923 0.030048076923076924