0 0.6189903846153846 0.3161057692307692 0.03365384615384615 0.13701923076923078
0 0.5877403846153846 0.6081730769230769 0.051682692307692304 0.1346153846153846
0 0.5528846153846154 0.6129807692307693 0.04807692307692308 0.13701923076923078
0 0.6610576923076923 0.29447115384615385 0.038461538461538464 0.13701923076923078
0 0.5769230769230769 0.2956730769230769 0.03485576923076923 0.14302884615384615
0 0.5384615384615384 0.30288461538461536 0.03485576923076923 0.1346153846153846
0 0.4987980769230769 0.30288461538461536 0.03485576923076923 0.14543269230769232
0 0.5120192307692307 0.6141826923076923 0.05048076923076923 0.13581730769230768
0 0.6370192307692307 0.6141826923076923 0.05048076923076923 0.13581730769230768
0 0.4567307692307692 0.30649038461538464 0.037259615384615384 0.14423076923076922
0 0.7932692307692307 0.8894230769230769 0.055288461538461536 0.13581730769230768
0 0.6971153846153846 0.8858173076923077 0.056490384615384616 0.140625
0 0.6526442307692307 0.8870192307692307 0.05048076923076923 0.1310096153846154
0 0.4579326923076923 0.8990384615384616 0.046875 0.13341346153846154
0 0.36658653846153844 0.9002403846153846 0.05048076923076923 0.13581730769230768
0 0.41586538461538464 0.296875 0.03485576923076923 0.13942307692307693
0 0.3401442307692308 0.609375 0.04326923076923077 0.12259615384615384
0 0.8365384615384616 0.6105769230769231 0.04927884615384615 0.12860576923076922
0 0.9146634615384616 0.609375 0.04807692307692308 0.140625
0 0.9543269230769231 0.6153846153846154 0.04447115384615385 0.13221153846153846
0 0.5096153846153846 0.8930288461538461 0.05889423076923077 0.15985576923076922
0 0.3737980769230769 0.3088942307692308 0.037259615384615384 0.14423076923076922
0 0.3293269230769231 0.2980769230769231 0.03365384615384615 0.13701923076923078
0 0.28365384615384615 0.28725961538461536 0.03365384615384615 0.12139423076923077
0 0.24278846153846154 0.30649038461538464 0.037259615384615384 0.14423076923076922
0 0.19471153846153846 0.3137019230769231 0.038461538461538464 0.13341346153846154
0 0.19230769230769232 0.4639423076923077 0.04326923076923077 0.1466346153846154
0 0.25841346153846156 0.6081730769230769 0.040865384615384616 0.11778846153846154
0 0.29927884615384615 0.625 0.04927884615384615 0.1346153846153846
0 0.7019230769230769 0.30408653846153844 0.03485576923076923 0.13221153846153846
0 0.7391826923076923 0.3112980769230769 0.03485576923076923 0.13221153846153846
0 0.7872596153846154 0.3233173076923077 0.04807692307692308 0.15144230769230768
0 0.8197115384615384 0.31490384615384615 0.03245192307692308 0.13341346153846154
0 0.8545673076923077 0.31490384615384615 0.03485576923076923 0.11899038461538461
0 0.8918269230769231 0.31490384615384615 0.036057692307692304 0.14423076923076922
0 0.9338942307692307 0.33052884615384615 0.039663461538461536 0.13942307692307693
0 0.9711538461538461 0.3112980769230769 0.036057692307692304 0.12620192307692307
0 0.9927884615384616 0.3125 0.01201923076923077 0.125
0 0.9411057692307693 0.018028846153846152 0.07692307692307693 0.036057692307692304
0 0.10576923076923077 0.8665865384615384 0.05048076923076923 0.13341346153846154
0 0.14302884615384615 0.8810096153846154 0.052884615384615384 0.13221153846153846
0 0.18509615384615385 0.8942307692307693 0.04567307692307692 0.12620192307692307
0 0.23076923076923078 0.8858173076923077 0.04447115384615385 0.14903846153846154
0 0.27403846153846156 0.8954326923076923 0.05048076923076923 0.11899038461538461
0 0.41346153846153844 0.8954326923076923 0.04807692307692308 0.12740384615384615