0 0.40625 0.6262019230769231 0.06129807692307692 0.05048076923076923
0 0.34134615384615385 0.6286057692307693 0.06009615384615385 0.054086538461538464
0 0.43028846153846156 0.8834134615384616 0.028846153846153848 0.10817307692307693
0 0.5240384615384616 0.8737980769230769 0.030048076923076924 0.11658653846153846
0 0.5673076923076923 0.8665865384615384 0.030048076923076924 0.11658653846153846
0 0.6141826923076923 0.875 0.030048076923076924 0.11778846153846154
0 0.6622596153846154 0.8413461538461539 0.027644230769230768 0.11298076923076923
0 0.3425480769230769 0.8966346153846154 0.030048076923076924 0.11538461538461539
0 0.2956730769230769 0.8894230769230769 0.03245192307692308 0.11057692307692307
0 0.20552884615384615 0.9038461538461539 0.0673076923076923 0.08653846153846154
0 0.203125 0.7980769230769231 0.06850961538461539 0.05889423076923077
0 0.1971153846153846 0.7127403846153846 0.06850961538461539 0.056490384615384616
0 0.1935096153846154 0.6322115384615384 0.06610576923076923 0.054086538461538464
0 0.5504807692307693 0.6177884615384616 0.05889423076923077 0.051682692307692304
0 0.5432692307692307 0.5588942307692307 0.052884615384615384 0.05048076923076923
0 0.5480769230769231 0.5012019230769231 0.0625 0.05048076923076923
0 0.6105769230769231 0.49158653846153844 0.05889423076923077 0.052884615384615384
0 0.6153846153846154 0.4362980769230769 0.06370192307692307 0.05048076923076923
0 0.5444711538461539 0.44591346153846156 0.052884615384615384 0.04567307692307692
0 0.7512019230769231 0.37740384615384615 0.06009615384615385 0.056490384615384616
0 0.7415865384615384 0.3233173076923077 0.056490384615384616 0.04447115384615385
0 0.7415865384615384 0.27163461538461536 0.0625 0.052884615384615384
0 0.7367788461538461 0.21394230769230768 0.057692307692307696 0.055288461538461536
0 0.5408653846153846 0.22115384615384615 0.06129807692307692 0.054086538461538464
0 0.6081730769230769 0.21514423076923078 0.0625 0.054086538461538464
0 0.6105769230769231 0.2704326923076923 0.057692307692307696 0.051682692307692304
0 0.5456730769230769 0.27524038461538464 0.05889423076923077 0.052884615384615384
0 0.6141826923076923 0.3245192307692308 0.056490384615384616 0.052884615384615384
0 0.5408653846153846 0.3293269230769231 0.0673076923076923 0.054086538461538464
0 0.6177884615384616 0.3786057692307692 0.06129807692307692 0.054086538461538464
0 0.5444711538461539 0.3894230769230769 0.0625 0.055288461538461536
0 0.4050480769230769 0.3389423076923077 0.06009615384615385 0.054086538461538464
0 0.4026442307692308 0.3954326923076923 0.06610576923076923 0.054086538461538464
0 0.4074519230769231 0.4543269230769231 0.06490384615384616 0.054086538461538464
0 0.4026442307692308 0.5096153846153846 0.06610576923076923 0.054086538461538464
0 0.40384615384615385 0.5637019230769231 0.06370192307692307 0.051682692307692304
0 0.33533653846153844 0.5685096153846154 0.06370192307692307 0.052884615384615384
0 0.33413461538461536 0.5120192307692307 0.06490384615384616 0.051682692307692304
0 0.33774038461538464 0.4567307692307692 0.06129807692307692 0.05048076923076923
0 0.33052884615384615 0.4026442307692308 0.06129807692307692 0.052884615384615384
0 0.3293269230769231 0.3449519230769231 0.06009615384615385 0.051682692307692304
0 0.19591346153846154 0.546875 0.06850961538461539 0.054086538461538464
0 0.40024038461538464 0.2776442307692308 0.06370192307692307 0.05048076923076923
0 0.3293269230769231 0.2848557692307692 0.055288461538461536 0.05048076923076923
0 0.1935096153846154 0.4579326923076923 0.06129807692307692 0.052884615384615384
0 0.18990384615384615 0.3786057692307692 0.057692307692307696 0.056490384615384616
0 0.1971153846153846 0.22115384615384615 0.06129807692307692 0.054086538461538464
0 0.25721153846153844 0.13581730769230768 0.03245192307692308 0.1045673076923077
0 0.3329326923076923 0.23197115384615385 0.05889423076923077 0.052884615384615384
0 0.40024038461538464 0.2247596153846154 0.06009615384615385 0.054086538461538464
0 0.39783653846153844 0.16947115384615385 0.06370192307692307 0.06009615384615385
0 0.3293269230769231 0.1778846153846154 0.056490384615384616 0.054086538461538464
0 0.3293269230769231 0.12259615384615384 0.06129807692307692 0.05889423076923077
0 0.40024038461538464 0.11538461538461539 0.056490384615384616 0.04807692307692308
0 0.1935096153846154 0.13701923076923078 0.06490384615384616 0.06009615384615385
0 0.19471153846153846 0.06850961538461539 0.06850961538461539 0.05889423076923077
0 0.18629807692307693 0.019230769230769232 0.06370192307692307 0.038461538461538464
0 0.3269230769230769 0.06610576923076923 0.05889423076923077 0.052884615384615384
0 0.39663461538461536 0.06009615384615385 0.0673076923076923 0.054086538461538464
0 0.39663461538461536 0.016826923076923076 0.0625 0.03365384615384615
0 0.3293269230769231 0.019230769230769232 0.056490384615384616 0.038461538461538464
0 0.5396634615384616 0.16105769230769232 0.0625 0.055288461538461536
0 0.609375 0.15745192307692307 0.06009615384615385 0.052884615384615384
0 0.6057692307692307 0.10336538461538461 0.0625 0.052884615384615384
0 0.5408653846153846 0.10697115384615384 0.05889423076923077 0.052884615384615384
0 0.5384615384615384 0.052884615384615384 0.054086538461538464 0.06129807692307692
0 0.609375 0.04567307692307692 0.056490384615384616 0.056490384615384616
0 0.6033653846153846 0.009615384615384616 0.052884615384615384 0.019230769230769232
0 0.5372596153846154 0.009615384615384616 0.06370192307692307 0.019230769230769232
0 0.6706730769230769 0.039663461538461536 0.027644230769230768 0.07932692307692307
0 0.7319711538461539 0.013221153846153846 0.06009615384615385 0.026442307692307692
0 0.7355769230769231 0.051682692307692304 0.057692307692307696 0.051682692307692304
0 0.7391826923076923 0.10096153846153846 0.052884615384615384 0.04807692307692308
0 0.7415865384615384 0.15745192307692307 0.06009615384615385 0.055288461538461536