0 0.4735576923076923 0.4579326923076923 0.09134615384615384 0.07451923076923077
0 0.4855769230769231 0.38100961538461536 0.09014423076923077 0.07932692307692307
0 0.4855769230769231 0.30408653846153844 0.0733173076923077 0.07211538461538461
0 0.48197115384615385 0.234375 0.09254807692307693 0.06610576923076923
0 0.4891826923076923 0.1622596153846154 0.08653846153846154 0.06850961538461539
0 0.49038461538461536 0.07932692307692307 0.09014423076923077 0.07692307692307693
0 0.39302884615384615 0.0733173076923077 0.0889423076923077 0.07692307692307693
0 0.3870192307692308 0.14423076923076922 0.09975961538461539 0.0829326923076923
0 0.3870192307692308 0.22956730769230768 0.08653846153846154 0.06971153846153846
0 0.39302884615384615 0.3088942307692308 0.08413461538461539 0.07211538461538461
0 0.3713942307692308 0.5348557692307693 0.10096153846153846 0.07211538461538461
0 0.3713942307692308 0.6141826923076923 0.09615384615384616 0.07211538461538461
0 0.36778846153846156 0.6911057692307693 0.09254807692307693 0.07211538461538461
0 0.4699519230769231 0.6959134615384616 0.09975961538461539 0.0733173076923077
0 0.4675480769230769 0.6153846153846154 0.08173076923076923 0.06850961538461539
0 0.47596153846153844 0.5384615384615384 0.07451923076923077 0.06490384615384616
0 0.46634615384615385 0.7764423076923077 0.09495192307692307 0.078125
0 0.2091346153846154 0.0625 0.10096153846153846 0.08052884615384616
0 0.11177884615384616 0.054086538461538464 0.10336538461538461 0.07932692307692307
0 0.109375 0.13581730769230768 0.09735576923076923 0.0733173076923077
0 0.20432692307692307 0.14302884615384615 0.09975961538461539 0.07211538461538461
0 0.19471153846153846 0.2247596153846154 0.08774038461538461 0.06971153846153846
0 0.10697115384615384 0.21754807692307693 0.09134615384615384 0.07091346153846154
0 0.20192307692307693 0.2980769230769231 0.09735576923076923 0.07091346153846154
0 0.1971153846153846 0.37259615384615385 0.09254807692307693 0.06490384615384616
0 0.19471153846153846 0.43990384615384615 0.08774038461538461 0.06490384615384616
0 0.19110576923076922 0.5168269230769231 0.09975961538461539 0.07091346153846154
0 0.18028846153846154 0.5913461538461539 0.09735576923076923 0.07211538461538461
0 0.18509615384615385 0.6706730769230769 0.0985576923076923 0.07451923076923077
0 0.08774038461538461 0.7439903846153846 0.09975961538461539 0.06971153846153846
0 0.18389423076923078 0.7487980769230769 0.09254807692307693 0.06850961538461539
0 0.6682692307692307 0.10336538461538461 0.08774038461538461 0.07091346153846154
0 0.6658653846153846 0.17668269230769232 0.08413461538461539 0.0733173076923077
0 0.6658653846153846 0.2536057692307692 0.0829326923076923 0.06370192307692307
0 0.6538461538461539 0.3245192307692308 0.08173076923076923 0.07692307692307693
0 0.6646634615384616 0.4050480769230769 0.0889423076923077 0.07091346153846154
0 0.6682692307692307 0.47836538461538464 0.07572115384615384 0.06850961538461539
0 0.6634615384615384 0.5516826923076923 0.08653846153846154 0.07091346153846154
0 0.6574519230769231 0.625 0.09375 0.078125
0 0.6622596153846154 0.7019230769230769 0.09735576923076923 0.06850961538461539
0 0.6634615384615384 0.7788461538461539 0.09014423076923077 0.07692307692307693
0 0.6658653846153846 0.8557692307692307 0.07211538461538461 0.06971153846153846
0 0.8161057692307693 0.1045673076923077 0.078125 0.13942307692307693
0 0.8257211538461539 0.21754807692307693 0.07091346153846154 0.11899038461538461
0 0.8221153846153846 0.30528846153846156 0.06370192307692307 0.11057692307692307
0 0.8088942307692307 0.38341346153846156 0.08173076923076923 0.13341346153846154
0 0.8076923076923077 0.4735576923076923 0.07692307692307693 0.13581730769230768
0 0.8125 0.5685096153846154 0.07211538461538461 0.12620192307692307
0 0.8305288461538461 0.6850961538461539 0.051682692307692304 0.09014423076923077
0 0.8269230769230769 0.7692307692307693 0.07692307692307693 0.11899038461538461
0 0.8365384615384616 0.8822115384615384 0.07211538461538461 0.11298076923076923
0 0.0829326923076923 0.6694711538461539 0.10336538461538461 0.08052884615384616
0 0.15144230769230768 0.8341346153846154 0.09735576923076923 0.08052884615384616
0 0.375 0.8533653846153846 0.09014423076923077 0.0733173076923077
0 0.4651442307692308 0.8605769230769231 0.08774038461538461 0.08173076923076923
0 0.828125 0.9543269230769231 0.09014423076923077 0.08774038461538461