0 0.5 0.5913461538461539 0.03245192307692308 0.13221153846153846
0 0.5372596153846154 0.5877403846153846 0.03485576923076923 0.1346153846153846
0 0.5745192307692307 0.578125 0.03485576923076923 0.13221153846153846
0 0.6129807692307693 0.578125 0.030048076923076924 0.12139423076923077
0 0.6502403846153846 0.5709134615384616 0.03485576923076923 0.13341346153846154
0 0.6875 0.5697115384615384 0.03485576923076923 0.125
0 0.7235576923076923 0.5685096153846154 0.03485576923076923 0.11658653846153846
0 0.7584134615384616 0.5733173076923077 0.03125 0.12379807692307693
0 0.7932692307692307 0.5721153846153846 0.03245192307692308 0.11778846153846154
0 0.8653846153846154 0.5829326923076923 0.03245192307692308 0.12379807692307693
0 0.8990384615384616 0.5805288461538461 0.037259615384615384 0.125
0 0.9314903846153846 0.5769230769230769 0.038461538461538464 0.13341346153846154
0 0.9699519230769231 0.5769230769230769 0.038461538461538464 0.11057692307692307
0 0.6826923076923077 0.23798076923076922 0.037259615384615384 0.125
0 0.6466346153846154 0.22355769230769232 0.037259615384615384 0.1310096153846154
0 0.609375 0.20793269230769232 0.03125 0.12139423076923077
0 0.5721153846153846 0.19831730769230768 0.03125 0.12860576923076922
0 0.5372596153846154 0.21153846153846154 0.030048076923076924 0.12620192307692307
0 0.4963942307692308 0.22355769230769232 0.03125 0.140625
0 0.46274038461538464 0.5817307692307693 0.03485576923076923 0.1310096153846154
0 0.4230769230769231 0.5913461538461539 0.03485576923076923 0.12860576923076922
0 0.8677884615384616 0.9074519230769231 0.036057692307692304 0.11899038461538461
0 0.8341346153846154 0.9206730769230769 0.037259615384615384 0.13221153846153846
0 0.16826923076923078 0.4795673076923077 0.06610576923076923 0.05048076923076923
0 0.16346153846153846 0.4170673076923077 0.07451923076923077 0.056490384615384616
0 0.1622596153846154 0.3473557692307692 0.07211538461538461 0.06009615384615385
0 0.7199519230769231 0.22235576923076922 0.03125 0.12259615384615384
0 0.7884615384615384 0.2247596153846154 0.03485576923076923 0.1310096153846154
0 0.8245192307692307 0.2127403846153846 0.037259615384615384 0.11057692307692307
0 0.8930288461538461 0.21514423076923078 0.042067307692307696 0.11298076923076923
0 0.9591346153846154 0.21153846153846154 0.040865384615384616 0.12259615384615384
0 0.9879807692307693 0.21754807692307693 0.021634615384615384 0.11778846153846154
0 0.9939903846153846 0.5793269230769231 0.009615384615384616 0.125
0 0.8341346153846154 0.5769230769230769 0.03485576923076923 0.12139423076923077
0 0.9795673076923077 0.9134615384615384 0.038461538461538464 0.13581730769230768
0 0.9435096153846154 0.9182692307692307 0.039663461538461536 0.12860576923076922
0 0.9074519230769231 0.9278846153846154 0.036057692307692304 0.140625
0 0.7980769230769231 0.921875 0.03245192307692308 0.12740384615384615
0 0.7632211538461539 0.9266826923076923 0.03365384615384615 0.12379807692307693
0 0.7283653846153846 0.9194711538461539 0.030048076923076924 0.125
0 0.6911057692307693 0.9350961538461539 0.03485576923076923 0.12740384615384615
0 0.6165865384615384 0.9338942307692307 0.030048076923076924 0.11899038461538461
0 0.6502403846153846 0.9350961538461539 0.030048076923076924 0.12740384615384615
0 0.5793269230769231 0.9387019230769231 0.030048076923076924 0.11899038461538461
0 0.5396634615384616 0.9362980769230769 0.03245192307692308 0.125
0 0.5036057692307693 0.9459134615384616 0.030048076923076924 0.1045673076923077
0 0.46634615384615385 0.9387019230769231 0.028846153846153848 0.11778846153846154
0 0.42908653846153844 0.9230769230769231 0.027644230769230768 0.12379807692307693
0 0.3942307692307692 0.9375 0.03245192307692308 0.12139423076923077
0 0.3545673076923077 0.9375 0.03245192307692308 0.12259615384615384
0 0.17067307692307693 0.8834134615384616 0.06850961538461539 0.06490384615384616
0 0.16947115384615385 0.8125 0.07451923076923077 0.06009615384615385
0 0.16826923076923078 0.7463942307692307 0.06850961538461539 0.05889423076923077
0 0.1622596153846154 0.6778846153846154 0.07692307692307693 0.056490384615384616
0 0.1622596153846154 0.6141826923076923 0.07572115384615384 0.052884615384615384
0 0.1658653846153846 0.546875 0.07572115384615384 0.052884615384615384
0 0.9314903846153846 0.3870192307692308 0.07692307692307693 0.06129807692307692