0 0.7235576923076923 0.31490384615384615 0.028846153846153848 0.10697115384615384
0 0.6911057692307693 0.31850961538461536 0.030048076923076924 0.11057692307692307
0 0.6598557692307693 0.31850961538461536 0.030048076923076924 0.10096153846153846
0 0.6286057692307693 0.31850961538461536 0.026442307692307692 0.1045673076923077
0 0.5973557692307693 0.30528846153846156 0.027644230769230768 0.10697115384615384
0 0.5661057692307693 0.3016826923076923 0.027644230769230768 0.109375
0 0.53125 0.30649038461538464 0.027644230769230768 0.1045673076923077
0 0.4987980769230769 0.32091346153846156 0.027644230769230768 0.1045673076923077
0 0.4651442307692308 0.3161057692307692 0.028846153846153848 0.109375
0 0.4338942307692308 0.31971153846153844 0.027644230769230768 0.10817307692307693
0 0.6262019230769231 0.5685096153846154 0.027644230769230768 0.11057692307692307
0 0.5949519230769231 0.5793269230769231 0.026442307692307692 0.11057692307692307
0 0.5625 0.5769230769230769 0.027644230769230768 0.10096153846153846
0 0.5300480769230769 0.5745192307692307 0.027644230769230768 0.109375
0 0.49759615384615385 0.5769230769230769 0.027644230769230768 0.10096153846153846
0 0.4675480769230769 0.5697115384615384 0.025240384615384616 0.1045673076923077
0 0.5300480769230769 0.6947115384615384 0.026442307692307692 0.11298076923076923
0 0.4362980769230769 0.703125 0.028846153846153848 0.10096153846153846
0 0.4026442307692308 0.32211538461538464 0.026442307692307692 0.11057692307692307
0 0.4375 0.5733173076923077 0.027644230769230768 0.10336538461538461
0 0.4675480769230769 0.6959134615384616 0.027644230769230768 0.10697115384615384
0 0.4987980769230769 0.6875 0.025240384615384616 0.10576923076923077
0 0.5625 0.7019230769230769 0.02403846153846154 0.10096153846153846
0 0.5961538461538461 0.6983173076923077 0.027644230769230768 0.10697115384615384
0 0.6274038461538461 0.6947115384615384 0.025240384615384616 0.10096153846153846
0 0.6574519230769231 0.6983173076923077 0.026442307692307692 0.10697115384615384
0 0.6574519230769231 0.5769230769230769 0.028846153846153848 0.10697115384615384
0 0.6887019230769231 0.578125 0.030048076923076924 0.1045673076923077
0 0.7175480769230769 0.5661057692307693 0.027644230769230768 0.10336538461538461
0 0.6862980769230769 0.6947115384615384 0.027644230769230768 0.10336538461538461
0 0.7175480769230769 0.6971153846153846 0.027644230769230768 0.10817307692307693
0 0.8329326923076923 0.5552884615384616 0.03245192307692308 0.109375
0 0.8641826923076923 0.5564903846153846 0.030048076923076924 0.1045673076923077
0 0.8942307692307693 0.5685096153846154 0.030048076923076924 0.10096153846153846
0 0.9206730769230769 0.5600961538461539 0.030048076923076924 0.09975961538461539
0 0.9519230769230769 0.5552884615384616 0.030048076923076924 0.11298076923076923
0 0.9759615384615384 0.5637019230769231 0.03125 0.10697115384615384
0 0.9927884615384616 0.5733173076923077 0.01201923076923077 0.10697115384615384
0 0.8449519230769231 0.6586538461538461 0.06009615384615385 0.046875
0 0.8473557692307693 0.7127403846153846 0.06610576923076923 0.052884615384615384
0 0.8473557692307693 0.7644230769230769 0.06129807692307692 0.04326923076923077
0 0.8461538461538461 0.8689903846153846 0.06129807692307692 0.051682692307692304
0 0.8521634615384616 0.8149038461538461 0.06971153846153846 0.04447115384615385
0 0.8485576923076923 0.9278846153846154 0.06850961538461539 0.046875
0 0.8509615384615384 0.9795673076923077 0.06370192307692307 0.038461538461538464
0 0.4026442307692308 0.5769230769230769 0.026442307692307692 0.10817307692307693
0 0.4026442307692308 0.703125 0.026442307692307692 0.1045673076923077
0 0.36899038461538464 0.5817307692307693 0.027644230769230768 0.11778846153846154
0 0.3401442307692308 0.5841346153846154 0.028846153846153848 0.1141826923076923
0 0.30649038461538464 0.5829326923076923 0.028846153846153848 0.11057692307692307
0 0.3713942307692308 0.703125 0.027644230769230768 0.109375
0 0.3389423076923077 0.7067307692307693 0.026442307692307692 0.10817307692307693
0 0.30528846153846156 0.7055288461538461 0.027644230769230768 0.11057692307692307
0 0.2776442307692308 0.5805288461538461 0.027644230769230768 0.109375
0 0.27403846153846156 0.7043269230769231 0.027644230769230768 0.11057692307692307
0 0.24519230769230768 0.5877403846153846 0.030048076923076924 0.11658653846153846
0 0.24278846153846154 0.7127403846153846 0.028846153846153848 0.11538461538461539
0 0.2127403846153846 0.5925480769230769 0.027644230769230768 0.10576923076923077
0 0.2127403846153846 0.7163461538461539 0.025240384615384616 0.10697115384615384
0 0.1814903846153846 0.7127403846153846 0.03245192307692308 0.10817307692307693
0 0.1778846153846154 0.578125 0.030048076923076924 0.10336538461538461
0 0.1466346153846154 0.5841346153846154 0.03125 0.1045673076923077
0 0.1502403846153846 0.7199519230769231 0.030048076923076924 0.10697115384615384
0 0.11658653846153846 0.7019230769230769 0.03245192307692308 0.1141826923076923
0 0.10576923076923077 0.5829326923076923 0.03245192307692308 0.11057692307692307
0 0.08413461538461539 0.7055288461538461 0.03245192307692308 0.11057692307692307
0 0.052884615384615384 0.7163461538461539 0.03125 0.11899038461538461
0 0.021634615384615384 0.7259615384615384 0.030048076923076924 0.109375
0 0.025240384615384616 0.5769230769230769 0.037259615384615384 0.10697115384615384
0 0.003605769230769231 0.578125 0.006009615384615385 0.1045673076923077
0 0.18028846153846154 0.9639423076923077 0.026442307692307692 0.06971153846153846
0 0.21033653846153846 0.9615384615384616 0.027644230769230768 0.0733173076923077
0 0.24278846153846154 0.9627403846153846 0.030048076923076924 0.07211538461538461
0 0.27403846153846156 0.9555288461538461 0.027644230769230768 0.08653846153846154
0 0.30649038461538464 0.9591346153846154 0.028846153846153848 0.07692307692307693
0 0.3389423076923077 0.9555288461538461 0.027644230769230768 0.08413461538461539
0 0.36899038461538464 0.9555288461538461 0.028846153846153848 0.08653846153846154
0 0.40024038461538464 0.9495192307692307 0.027644230769230768 0.09615384615384616
0 0.4338942307692308 0.9543269230769231 0.027644230769230768 0.08774038461538461
0 0.4675480769230769 0.9591346153846154 0.025240384615384616 0.078125
0 0.4951923076923077 0.9567307692307693 0.02403846153846154 0.08173076923076923
0 0.5276442307692307 0.9627403846153846 0.026442307692307692 0.07091346153846154
0 0.5612980769230769 0.9519230769230769 0.028846153846153848 0.09254807692307693
0 0.5925480769230769 0.9519230769230769 0.028846153846153848 0.09254807692307693
0 0.6225961538461539 0.9543269230769231 0.030048076923076924 0.08774038461538461
0 0.6550480769230769 0.9567307692307693 0.027644230769230768 0.0829326923076923
0 0.6850961538461539 0.9555288461538461 0.028846153846153848 0.08413461538461539
0 0.7151442307692307 0.9519230769230769 0.026442307692307692 0.09495192307692307
0 0.8353365384615384 0.3016826923076923 0.030048076923076924 0.0985576923076923
0 0.8653846153846154 0.30408653846153844 0.026442307692307692 0.09615384615384616
0 0.8942307692307693 0.3004807692307692 0.030048076923076924 0.09975961538461539
0 0.9230769230769231 0.30288461538461536 0.027644230769230768 0.10697115384615384
0 0.9495192307692307 0.29447115384615385 0.028846153846153848 0.10576923076923077
0 0.9759615384615384 0.2956730769230769 0.027644230769230768 0.09615384615384616
0 0.9939903846153846 0.3161057692307692 0.008413461538461538 0.09975961538461539
0 0.9855769230769231 0.06370192307692307 0.027644230769230768 0.10576923076923077
0 0.9591346153846154 0.06490384615384616 0.030048076923076924 0.10336538461538461
0 0.9290865384615384 0.054086538461538464 0.03245192307692308 0.10697115384615384
0 0.8762019230769231 0.0625 0.030048076923076924 0.109375
0 0.8461538461538461 0.05889423076923077 0.030048076923076924 0.1045673076923077
0 0.8137019230769231 0.04807692307692308 0.03125 0.09615384615384616
0 0.7860576923076923 0.04927884615384615 0.026442307692307692 0.0985576923076923
0 0.7572115384615384 0.05048076923076923 0.03125 0.10096153846153846
0 0.7283653846153846 0.04807692307692308 0.026442307692307692 0.09615384615384616
0 0.6995192307692307 0.04927884615384615 0.03365384615384615 0.0985576923076923
0 0.6682692307692307 0.051682692307692304 0.027644230769230768 0.10336538461538461
0 0.6370192307692307 0.05048076923076923 0.027644230769230768 0.10096153846153846
0 0.6069711538461539 0.040865384615384616 0.027644230769230768 0.08173076923076923
0 0.5745192307692307 0.04447115384615385 0.028846153846153848 0.0889423076923077
0 0.5456730769230769 0.042067307692307696 0.027644230769230768 0.08413461538461539
0 0.5108173076923077 0.038461538461538464 0.027644230769230768 0.07692307692307693
0 0.47836538461538464 0.036057692307692304 0.02403846153846154 0.07211538461538461
0 0.44711538461538464 0.038461538461538464 0.026442307692307692 0.07692307692307693
0 0.4182692307692308 0.042067307692307696 0.026442307692307692 0.0829326923076923
0 0.3870192307692308 0.05048076923076923 0.026442307692307692 0.10096153846153846
0 0.35336538461538464 0.04567307692307692 0.028846153846153848 0.09014423076923077
0 0.3233173076923077 0.052884615384615384 0.030048076923076924 0.10576923076923077
0 0.28966346153846156 0.042067307692307696 0.028846153846153848 0.0829326923076923
0 0.25841346153846156 0.05048076923076923 0.030048076923076924 0.09975961538461539
0 0.2247596153846154 0.04567307692307692 0.030048076923076924 0.09014423076923077
0 0.1971153846153846 0.04927884615384615 0.027644230769230768 0.0985576923076923
0 0.1658653846153846 0.04567307692307692 0.03245192307692308 0.09014423076923077
0 0.1310096153846154 0.042067307692307696 0.03485576923076923 0.08413461538461539
0 0.09735576923076923 0.042067307692307696 0.03245192307692308 0.0829326923076923
0 0.06370192307692307 0.052884615384615384 0.036057692307692304 0.10576923076923077
0 0.030048076923076924 0.052884615384615384 0.03365384615384615 0.10576923076923077
0 0.36899038461538464 0.31971153846153844 0.027644230769230768 0.1141826923076923
0 0.33653846153846156 0.3245192307692308 0.027644230769230768 0.11298076923076923
0 0.30649038461538464 0.3269230769230769 0.027644230769230768 0.10817307692307693
0 0.27524038461538464 0.3245192307692308 0.030048076923076924 0.11538461538461539
0 0.24278846153846154 0.31971153846153844 0.030048076923076924 0.11538461538461539
0 0.2127403846153846 0.3245192307692308 0.028846153846153848 0.10096153846153846
0 0.1814903846153846 0.32091346153846156 0.030048076923076924 0.10096153846153846
0 0.1502403846153846 0.3137019230769231 0.030048076923076924 0.10096153846153846
0 0.11899038461538461 0.296875 0.030048076923076924 0.10096153846153846
0 0.08653846153846154 0.31009615384615385 0.03245192307692308 0.10697115384615384
0 0.054086538461538464 0.32091346153846156 0.03125 0.10576923076923077
0 0.018028846153846152 0.3161057692307692 0.03365384615384615 0.109375