0 0.6418269230769231 0.9519230769230769 0.07932692307692307 0.09254807692307693
0 0.6322115384615384 0.8533653846153846 0.08052884615384616 0.12379807692307693
0 0.6322115384615384 0.7716346153846154 0.052884615384615384 0.08774038461538461
0 0.6177884615384616 0.671875 0.06610576923076923 0.10096153846153846
0 0.59375 0.5697115384615384 0.07932692307692307 0.10697115384615384
0 0.5793269230769231 0.4675480769230769 0.08173076923076923 0.11778846153846154
0 0.5853365384615384 0.38221153846153844 0.0673076923076923 0.09975961538461539
0 0.5805288461538461 0.2920673076923077 0.07932692307692307 0.1141826923076923
0 0.5769230769230769 0.2127403846153846 0.06971153846153846 0.10096153846153846
0 0.46274038461538464 0.8497596153846154 0.07692307692307693 0.06971153846153846
0 0.44711538461538464 0.7091346153846154 0.08173076923076923 0.06610576923076923
0 0.44350961538461536 0.5637019230769231 0.08413461538461539 0.06370192307692307
0 0.43990384615384615 0.49278846153846156 0.09134615384615384 0.07211538461538461
0 0.4326923076923077 0.4110576923076923 0.08653846153846154 0.07091346153846154
0 0.42908653846153844 0.34615384615384615 0.0829326923076923 0.07211538461538461
0 0.4326923076923077 0.27163461538461536 0.08533653846153846 0.078125
0 0.4266826923076923 0.19831730769230768 0.08173076923076923 0.07091346153846154
0 0.4230769230769231 0.12620192307692307 0.08173076923076923 0.06129807692307692
0 0.2439903846153846 0.15144230769230768 0.09014423076923077 0.06971153846153846
0 0.24278846153846154 0.23076923076923078 0.08774038461538461 0.06610576923076923
0 0.24158653846153846 0.3016826923076923 0.07091346153846154 0.056490384615384616
0 0.04807692307692308 0.046875 0.09615384615384616 0.07932692307692307
0 0.21875 0.8774038461538461 0.07692307692307693 0.07091346153846154
0 0.265625 0.8064903846153846 0.0889423076923077 0.07211538461538461
0 0.17908653846153846 0.8112980769230769 0.08653846153846154 0.0733173076923077
0 0.028846153846153848 0.8269230769230769 0.056490384615384616 0.06370192307692307
0 0.018028846153846152 0.8966346153846154 0.03485576923076923 0.07091346153846154
0 0.26322115384615385 0.6598557692307693 0.08413461538461539 0.06009615384615385
0 0.25841346153846156 0.5817307692307693 0.08052884615384616 0.06850961538461539
0 0.2536057692307692 0.5108173076923077 0.07211538461538461 0.054086538461538464
0 0.24759615384615385 0.43990384615384615 0.09014423076923077 0.06971153846153846
0 0.24879807692307693 0.36658653846153844 0.07572115384615384 0.06971153846153846
0 0.15384615384615385 0.16105769230769232 0.08774038461538461 0.06850961538461539
0 0.15384615384615385 0.24158653846153846 0.09134615384615384 0.07932692307692307
0 0.1622596153846154 0.30649038461538464 0.08653846153846154 0.06490384615384616
0 0.16346153846153846 0.3762019230769231 0.08774038461538461 0.06009615384615385
0 0.15504807692307693 0.4483173076923077 0.08052884615384616 0.07091346153846154
0 0.1658653846153846 0.5204326923076923 0.07692307692307693 0.06971153846153846
0 0.16947115384615385 0.5961538461538461 0.08653846153846154 0.07211538461538461
0 0.1778846153846154 0.6682692307692307 0.08413461538461539 0.07451923076923077
0 0.02283653846153846 0.6081730769230769 0.04567307692307692 0.056490384615384616
0 0.02283653846153846 0.5372596153846154 0.04567307692307692 0.054086538461538464
0 0.020432692307692308 0.4735576923076923 0.040865384615384616 0.05889423076923077
0 0.019230769230769232 0.3317307692307692 0.037259615384615384 0.06850961538461539
0 0.019230769230769232 0.2512019230769231 0.038461538461538464 0.06490384615384616
0 0.020432692307692308 0.17548076923076922 0.039663461538461536 0.0625