0 0.8846153846153846 0.34975961538461536 0.06129807692307692 0.04807692307692308
0 0.7091346153846154 0.4026442307692308 0.030048076923076924 0.11778846153846154
0 0.7163461538461539 0.2439903846153846 0.03125 0.125
0 0.71875 0.10576923076923077 0.03485576923076923 0.12259615384615384
0 0.5697115384615384 0.1622596153846154 0.056490384615384616 0.04807692307692308
0 0.5733173076923077 0.22115384615384615 0.05889423076923077 0.05048076923076923
0 0.5745192307692307 0.27884615384615385 0.05889423076923077 0.05048076923076923
0 0.5721153846153846 0.33774038461538464 0.054086538461538464 0.05048076923076923
0 0.5697115384615384 0.3942307692307692 0.057692307692307696 0.04807692307692308
0 0.5709134615384616 0.4519230769230769 0.057692307692307696 0.052884615384615384
0 0.5637019230769231 0.5096153846153846 0.06129807692307692 0.051682692307692304
0 0.5637019230769231 0.5685096153846154 0.06009615384615385 0.042067307692307696
0 0.5637019230769231 0.6237980769230769 0.06490384615384616 0.05048076923076923
0 0.5612980769230769 0.6838942307692307 0.06009615384615385 0.046875
0 0.5612980769230769 0.7355769230769231 0.06850961538461539 0.04567307692307692
0 0.5552884615384616 0.7980769230769231 0.06490384615384616 0.04807692307692308
0 0.4230769230769231 0.7163461538461539 0.055288461538461536 0.0733173076923077
0 0.4254807692307692 0.6550480769230769 0.06129807692307692 0.06971153846153846
0 0.4254807692307692 0.5925480769230769 0.054086538461538464 0.06971153846153846
0 0.43028846153846156 0.296875 0.056490384615384616 0.07211538461538461
0 0.2956730769230769 0.43149038461538464 0.052884615384615384 0.0625
0 0.30649038461538464 0.5012019230769231 0.04447115384615385 0.07451923076923077
0 0.30649038461538464 0.5685096153846154 0.04927884615384615 0.06971153846153846
0 0.2980769230769231 0.6310096153846154 0.051682692307692304 0.07451923076923077
0 0.2956730769230769 0.6959134615384616 0.0625 0.08052884615384616
0 0.2932692307692308 0.7572115384615384 0.05889423076923077 0.07211538461538461
0 0.3016826923076923 0.8293269230769231 0.054086538461538464 0.06490384615384616
0 0.29086538461538464 0.8894230769230769 0.05889423076923077 0.07692307692307693
0 0.29447115384615385 0.9651442307692307 0.07091346153846154 0.06490384615384616
0 0.30288461538461536 0.3713942307692308 0.052884615384615384 0.0625
0 0.3076923076923077 0.30288461538461536 0.04807692307692308 0.06129807692307692
0 0.3076923076923077 0.22956730769230768 0.06009615384615385 0.08173076923076923
0 0.3076923076923077 0.15865384615384615 0.055288461538461536 0.08052884615384616
0 0.3076923076923077 0.09735576923076923 0.06490384615384616 0.08413461538461539
0 0.3125 0.042067307692307696 0.06009615384615385 0.07451923076923077
0 0.5745192307692307 0.013221153846153846 0.06370192307692307 0.026442307692307692