0 0.5516826923076923 0.234375 0.09254807692307693 0.07091346153846154
0 0.5480769230769231 0.33052884615384615 0.09014423076923077 0.08052884615384616
0 0.546875 0.4098557692307692 0.0733173076923077 0.07091346153846154
0 0.45072115384615385 0.4170673076923077 0.0985576923076923 0.07692307692307693
0 0.44471153846153844 0.49759615384615385 0.09495192307692307 0.07692307692307693
0 0.5444711538461539 0.5036057692307693 0.0985576923076923 0.0733173076923077
0 0.4519230769230769 0.23076923076923078 0.09375 0.07451923076923077
0 0.5504807692307693 0.15865384615384615 0.09014423076923077 0.078125
0 0.5408653846153846 0.08413461538461539 0.09254807692307693 0.08052884615384616
0 0.5540865384615384 0.02283653846153846 0.08413461538461539 0.04567307692307692
0 0.27163461538461536 0.02283653846153846 0.09134615384615384 0.04567307692307692
0 0.18028846153846154 0.07211538461538461 0.09254807692307693 0.07932692307692307
0 0.25721153846153844 0.14903846153846154 0.0985576923076923 0.07211538461538461
0 0.25961538461538464 0.22596153846153846 0.09495192307692307 0.07211538461538461
0 0.2620192307692308 0.3870192307692308 0.09975961538461539 0.078125
0 0.17067307692307693 0.37740384615384615 0.08774038461538461 0.07091346153846154
0 0.15384615384615385 0.4699519230769231 0.10096153846153846 0.07091346153846154
0 0.25961538461538464 0.47475961538461536 0.09014423076923077 0.06850961538461539
0 0.7463942307692307 0.018028846153846152 0.08052884615384616 0.036057692307692304
0 0.7451923076923077 0.06610576923076923 0.08533653846153846 0.08173076923076923
0 0.8389423076923077 0.12620192307692307 0.09014423076923077 0.07692307692307693
0 0.7379807692307693 0.14182692307692307 0.0889423076923077 0.07091346153846154
0 0.7427884615384616 0.2127403846153846 0.0889423076923077 0.07692307692307693
0 0.8401442307692307 0.22355769230769232 0.078125 0.07692307692307693
0 0.8365384615384616 0.3004807692307692 0.08413461538461539 0.07692307692307693
0 0.734375 0.2824519230769231 0.0889423076923077 0.07091346153846154
0 0.7355769230769231 0.35336538461538464 0.08052884615384616 0.07091346153846154
0 0.7415865384615384 0.43028846153846156 0.0673076923076923 0.0625
0 0.7319711538461539 0.5036057692307693 0.08653846153846154 0.06850961538461539
0 0.8257211538461539 0.5240384615384616 0.08653846153846154 0.06850961538461539
0 0.875 0.9086538461538461 0.08413461538461539 0.13701923076923078
0 0.7223557692307693 0.9230769230769231 0.08774038461538461 0.07692307692307693
0 0.71875 0.9819711538461539 0.08533653846153846 0.03245192307692308
0 0.5384615384615384 0.9182692307692307 0.09254807692307693 0.078125
0 0.4362980769230769 0.9110576923076923 0.09254807692307693 0.07091346153846154
0 0.24158653846153846 0.8990384615384616 0.09975961538461539 0.0829326923076923
0 0.14182692307692307 0.8858173076923077 0.10817307692307693 0.078125
0 0.13942307692307693 0.9699519230769231 0.10096153846153846 0.05889423076923077
0 0.23918269230769232 0.9711538461538461 0.10096153846153846 0.054086538461538464
0 0.4338942307692308 0.9783653846153846 0.10096153846153846 0.042067307692307696
0 0.5372596153846154 0.9831730769230769 0.08653846153846154 0.030048076923076924