0 0.7427884615384616 0.0829326923076923 0.037259615384615384 0.09254807692307693
0 0.7139423076923077 0.1141826923076923 0.039663461538461536 0.09735576923076923
0 0.6838942307692307 0.1310096153846154 0.038461538461538464 0.11298076923076923
0 0.6502403846153846 0.125 0.040865384615384616 0.1045673076923077
0 0.6213942307692307 0.140625 0.038461538461538464 0.09735576923076923
0 0.5925480769230769 0.1622596153846154 0.03485576923076923 0.09134615384615384
0 0.5600961538461539 0.16706730769230768 0.03245192307692308 0.09134615384615384
0 0.5336538461538461 0.1814903846153846 0.038461538461538464 0.10697115384615384
0 0.5012019230769231 0.19831730769230768 0.037259615384615384 0.08774038461538461
0 0.47596153846153844 0.23317307692307693 0.040865384615384616 0.10576923076923077
0 0.44711538461538464 0.25240384615384615 0.038461538461538464 0.10697115384615384
0 0.41586538461538464 0.25841346153846156 0.038461538461538464 0.10096153846153846
0 0.38100961538461536 0.27163461538461536 0.03485576923076923 0.0985576923076923
0 0.35096153846153844 0.28725961538461536 0.038461538461538464 0.109375
0 0.31971153846153844 0.3088942307692308 0.036057692307692304 0.10817307692307693
0 0.28725961538461536 0.3293269230769231 0.040865384615384616 0.11538461538461539
0 0.25721153846153844 0.35336538461538464 0.04326923076923077 0.1141826923076923
0 0.22355769230769232 0.36778846153846156 0.040865384615384616 0.11298076923076923
0 0.19230769230769232 0.39663461538461536 0.04326923076923077 0.09254807692307693
0 0.15745192307692307 0.4014423076923077 0.05048076923076923 0.11778846153846154
0 0.12139423076923077 0.41586538461538464 0.04927884615384615 0.11658653846153846
0 0.08774038461538461 0.43149038461538464 0.046875 0.10817307692307693
0 0.054086538461538464 0.46274038461538464 0.05048076923076923 0.11899038461538461
0 0.021634615384615384 0.4723557692307692 0.04326923076923077 0.109375
0 0.7439903846153846 0.4098557692307692 0.04567307692307692 0.09495192307692307
0 0.7055288461538461 0.41586538461538464 0.039663461538461536 0.10096153846153846
0 0.6814903846153846 0.4375 0.040865384615384616 0.09975961538461539
0 0.6502403846153846 0.4519230769230769 0.038461538461538464 0.10096153846153846
0 0.6213942307692307 0.47475961538461536 0.038461538461538464 0.10336538461538461
0 0.5925480769230769 0.5012019230769231 0.038461538461538464 0.10817307692307693
0 0.5649038461538461 0.5108173076923077 0.037259615384615384 0.0985576923076923
0 0.5336538461538461 0.5264423076923077 0.037259615384615384 0.10096153846153846
0 0.5012019230769231 0.5420673076923077 0.038461538461538464 0.109375
0 0.4723557692307692 0.5637019230769231 0.04326923076923077 0.10697115384615384
0 0.4411057692307692 0.5901442307692307 0.040865384615384616 0.11658653846153846
0 0.4098557692307692 0.5997596153846154 0.042067307692307696 0.11298076923076923
0 0.3798076923076923 0.6153846153846154 0.04326923076923077 0.109375
0 0.3449519230769231 0.640625 0.04326923076923077 0.10576923076923077
0 0.3125 0.6598557692307693 0.046875 0.1141826923076923
0 0.28125 0.6730769230769231 0.04326923076923077 0.11778846153846154
0 0.24759615384615385 0.6887019230769231 0.04567307692307692 0.11899038461538461
0 0.21033653846153846 0.7019230769230769 0.040865384615384616 0.10697115384615384
0 0.1778846153846154 0.7295673076923077 0.04567307692307692 0.11778846153846154
0 0.1466346153846154 0.7584134615384616 0.04927884615384615 0.1141826923076923
0 0.11658653846153846 0.7848557692307693 0.04326923076923077 0.1141826923076923
0 0.0829326923076923 0.8052884615384616 0.05048076923076923 0.11778846153846154
0 0.04927884615384615 0.8185096153846154 0.04807692307692308 0.11298076923076923
0 0.019230769230769232 0.8269230769230769 0.038461538461538464 0.12379807692307693
0 0.8389423076923077 0.6105769230769231 0.04567307692307692 0.10576923076923077
0 0.8076923076923077 0.6430288461538461 0.040865384615384616 0.10817307692307693
0 0.7824519230769231 0.6694711538461539 0.042067307692307696 0.10336538461538461
0 0.7536057692307693 0.6875 0.039663461538461536 0.1045673076923077
0 0.7247596153846154 0.7079326923076923 0.039663461538461536 0.109375
0 0.6983173076923077 0.7163461538461539 0.036057692307692304 0.0985576923076923
0 0.6706730769230769 0.7259615384615384 0.037259615384615384 0.0985576923076923
0 0.6454326923076923 0.7860576923076923 0.038461538461538464 0.10817307692307693
0 0.6105769230769231 0.7644230769230769 0.038461538461538464 0.10096153846153846
0 0.5841346153846154 0.8125 0.04326923076923077 0.11778846153846154
0 0.5528846153846154 0.8269230769230769 0.039663461538461536 0.1141826923076923
0 0.5204326923076923 0.8377403846153846 0.03485576923076923 0.09615384615384616
0 0.49038461538461536 0.8497596153846154 0.03485576923076923 0.0985576923076923
0 0.46153846153846156 0.8786057692307693 0.040865384615384616 0.109375
0 0.43028846153846156 0.8930288461538461 0.038461538461538464 0.10096153846153846
0 0.39903846153846156 0.9206730769230769 0.040865384615384616 0.1141826923076923
0 0.36778846153846156 0.9399038461538461 0.04447115384615385 0.109375
0 0.3401442307692308 0.9591346153846154 0.038461538461538464 0.078125
0 0.30288461538461536 0.9639423076923077 0.038461538461538464 0.06850961538461539
0 0.2692307692307692 0.9711538461538461 0.030048076923076924 0.054086538461538464
0 0.7355769230769231 0.49399038461538464 0.052884615384615384 0.06129807692307692
0 0.6802884615384616 0.5252403846153846 0.052884615384615384 0.06490384615384616
0 0.6225961538461539 0.5721153846153846 0.05889423076923077 0.07211538461538461
0 0.5588942307692307 0.609375 0.06370192307692307 0.0733173076923077
0 0.49399038461538464 0.6490384615384616 0.06009615384615385 0.06971153846153846
0 0.43509615384615385 0.6862980769230769 0.051682692307692304 0.0625
0 0.3762019230769231 0.7223557692307693 0.0625 0.07211538461538461
0 0.3137019230769231 0.7644230769230769 0.06370192307692307 0.0733173076923077
0 0.24519230769230768 0.8040865384615384 0.06610576923076923 0.078125
0 0.17307692307692307 0.8485576923076923 0.06971153846153846 0.08173076923076923
0 0.1045673076923077 0.8894230769230769 0.06490384615384616 0.08052884615384616
0 0.03365384615384615 0.9290865384615384 0.0673076923076923 0.08173076923076923