0 0.6598557692307693 0.06971153846153846 0.030048076923076924 0.1141826923076923
0 0.6574519230769231 0.21394230769230768 0.025240384615384616 0.11778846153846154
0 0.6550480769230769 0.3485576923076923 0.028846153846153848 0.11057692307692307
0 0.6574519230769231 0.4987980769230769 0.030048076923076924 0.11538461538461539
0 0.6538461538461539 0.6514423076923077 0.030048076923076924 0.11538461538461539
0 0.6514423076923077 0.7944711538461539 0.027644230769230768 0.11658653846153846
0 0.6466346153846154 0.9519230769230769 0.028846153846153848 0.09254807692307693
0 0.8245192307692307 0.8954326923076923 0.05889423076923077 0.05889423076923077
0 0.5108173076923077 0.0889423076923077 0.057692307692307696 0.06009615384615385
0 0.5012019230769231 0.15264423076923078 0.06129807692307692 0.055288461538461536
0 0.5096153846153846 0.38461538461538464 0.051682692307692304 0.052884615384615384
0 0.5060096153846154 0.5540865384615384 0.06009615384615385 0.054086538461538464
0 0.5036057692307693 0.7259615384615384 0.057692307692307696 0.046875
0 0.5036057692307693 0.7884615384615384 0.06009615384615385 0.046875
0 0.5072115384615384 0.8413461538461539 0.05889423076923077 0.05048076923076923
0 0.5048076923076923 0.9002403846153846 0.05889423076923077 0.04807692307692308
0 0.5036057692307693 0.9567307692307693 0.06129807692307692 0.054086538461538464
0 0.36778846153846156 0.3401442307692308 0.06370192307692307 0.06971153846153846
0 0.36778846153846156 0.4567307692307692 0.06610576923076923 0.08052884615384616
0 0.36177884615384615 0.8689903846153846 0.06009615384615385 0.078125
0 0.23557692307692307 0.8774038461538461 0.051682692307692304 0.07091346153846154
0 0.2283653846153846 0.9411057692307693 0.05889423076923077 0.07692307692307693
0 0.23798076923076922 0.8040865384615384 0.06129807692307692 0.07932692307692307
0 0.2283653846153846 0.7331730769230769 0.06971153846153846 0.08173076923076923
0 0.23317307692307693 0.671875 0.0673076923076923 0.09134615384615384
0 0.23557692307692307 0.609375 0.06610576923076923 0.07932692307692307
0 0.23798076923076922 0.5372596153846154 0.06610576923076923 0.078125
0 0.23918269230769232 0.47596153846153844 0.06129807692307692 0.06370192307692307
0 0.2403846153846154 0.40024038461538464 0.06610576923076923 0.07692307692307693
0 0.23918269230769232 0.3329326923076923 0.06610576923076923 0.07091346153846154
0 0.23677884615384615 0.2620192307692308 0.06370192307692307 0.08173076923076923
0 0.2403846153846154 0.20432692307692307 0.0625 0.07211538461538461
0 0.24278846153846154 0.13701923076923078 0.06610576923076923 0.078125
0 0.24278846153846154 0.0733173076923077 0.06370192307692307 0.06850961538461539
0 0.24519230769230768 0.018028846153846152 0.056490384615384616 0.036057692307692304