0 0.8533653846153846 0.6442307692307693 0.08413461538461539 0.06129807692307692
0 0.8485576923076923 0.5685096153846154 0.08173076923076923 0.06610576923076923
0 0.7596153846153846 0.5745192307692307 0.08173076923076923 0.06370192307692307
0 0.7524038461538461 0.49158653846153844 0.08533653846153846 0.06370192307692307
0 0.8449519230769231 0.49278846153846156 0.08052884615384616 0.0625
0 0.8425480769230769 0.40384615384615385 0.06971153846153846 0.06610576923076923
0 0.7572115384615384 0.41346153846153844 0.07692307692307693 0.06370192307692307
0 0.7536057692307693 0.3449519230769231 0.08774038461538461 0.07211538461538461
0 0.8401442307692307 0.31971153846153844 0.08533653846153846 0.07091346153846154
0 0.8449519230769231 0.2439903846153846 0.07211538461538461 0.0625
0 0.8341346153846154 0.17307692307692307 0.08173076923076923 0.06490384615384616
0 0.8293269230769231 0.10096153846153846 0.08413461538461539 0.06850961538461539
0 0.9831730769230769 0.1875 0.030048076923076924 0.06129807692307692
0 0.9855769230769231 0.26802884615384615 0.025240384615384616 0.06971153846153846
0 0.9831730769230769 0.12139423076923077 0.03125 0.07091346153846154
0 0.9831730769230769 0.04807692307692308 0.03125 0.07091346153846154
0 0.7439903846153846 0.13341346153846154 0.08653846153846154 0.06610576923076923
0 0.7451923076923077 0.203125 0.08774038461538461 0.07091346153846154
0 0.5685096153846154 0.07692307692307693 0.08413461538461539 0.07211538461538461
0 0.5637019230769231 0.1502403846153846 0.08533653846153846 0.07091346153846154
0 0.48197115384615385 0.22956730769230768 0.08413461538461539 0.0733173076923077
0 0.5757211538461539 0.2860576923076923 0.08774038461538461 0.07211538461538461
0 0.49038461538461536 0.30288461538461536 0.06971153846153846 0.06850961538461539
0 0.5721153846153846 0.35697115384615385 0.08774038461538461 0.0733173076923077
0 0.5793269230769231 0.4387019230769231 0.08653846153846154 0.06490384615384616
0 0.5757211538461539 0.515625 0.08653846153846154 0.06490384615384616
0 0.5805288461538461 0.5925480769230769 0.08052884615384616 0.06490384615384616
0 0.5865384615384616 0.6658653846153846 0.078125 0.06009615384615385
0 0.49038461538461536 0.6069711538461539 0.0829326923076923 0.0733173076923077
0 0.49399038461538464 0.6862980769230769 0.08413461538461539 0.06370192307692307
0 0.27403846153846156 0.08052884615384616 0.08413461538461539 0.07932692307692307
0 0.17548076923076922 0.09254807692307693 0.09254807692307693 0.08173076923076923
0 0.2920673076923077 0.46634615384615385 0.09735576923076923 0.07692307692307693
0 0.19110576923076922 0.4795673076923077 0.08413461538461539 0.06490384615384616
0 0.30288461538461536 0.6225961538461539 0.08413461538461539 0.06610576923076923
0 0.3137019230769231 0.7091346153846154 0.08774038461538461 0.06971153846153846
0 0.20432692307692307 0.6274038461538461 0.09735576923076923 0.07692307692307693
0 0.21514423076923078 0.7091346153846154 0.09254807692307693 0.06971153846153846
0 0.4879807692307692 0.5300480769230769 0.07692307692307693 0.06129807692307692