0 0.4891826923076923 0.07932692307692307 0.056490384615384616 0.04807692307692308
0 0.296875 0.03485576923076923 0.054086538461538464 0.054086538461538464
0 0.31009615384615385 0.0889423076923077 0.0625 0.052884615384615384
0 0.3112980769230769 0.14543269230769232 0.06009615384615385 0.055288461538461536
0 0.3088942307692308 0.20432692307692307 0.06009615384615385 0.04807692307692308
0 0.30649038461538464 0.2644230769230769 0.05889423076923077 0.05048076923076923
0 0.5492788461538461 0.3954326923076923 0.025240384615384616 0.109375
0 0.5444711538461539 0.17908653846153846 0.025240384615384616 0.11298076923076923
0 0.5480769230769231 0.29086538461538464 0.02403846153846154 0.0889423076923077
0 0.4987980769230769 0.25240384615384615 0.0625 0.046875
0 0.49038461538461536 0.13942307692307693 0.06129807692307692 0.04567307692307692
0 0.6586538461538461 0.2980769230769231 0.05889423076923077 0.04567307692307692
0 0.31009615384615385 0.38461538461538464 0.06129807692307692 0.051682692307692304
0 0.3112980769230769 0.4411057692307692 0.06490384615384616 0.04807692307692308
0 0.31850961538461536 0.5 0.06490384615384616 0.055288461538461536
0 0.31850961538461536 0.5588942307692307 0.06129807692307692 0.051682692307692304
0 0.32572115384615385 0.6105769230769231 0.051682692307692304 0.05048076923076923
0 0.49278846153846156 0.36778846153846156 0.0625 0.055288461538461536
0 0.49399038461538464 0.3125 0.06370192307692307 0.052884615384615384
0 0.6610576923076923 0.07692307692307693 0.06490384615384616 0.05048076923076923
0 0.6598557692307693 0.13341346153846154 0.05889423076923077 0.05048076923076923
0 0.65625 0.18990384615384615 0.052884615384615384 0.04567307692307692
0 0.6538461538461539 0.2439903846153846 0.055288461538461536 0.04326923076923077
0 0.6586538461538461 0.3557692307692308 0.055288461538461536 0.046875
0 0.3076923076923077 0.32211538461538464 0.06370192307692307 0.04807692307692308
0 0.49399038461538464 0.19471153846153846 0.06009615384615385 0.052884615384615384
0 0.6670673076923077 0.4723557692307692 0.06370192307692307 0.046875
0 0.6742788461538461 0.5264423076923077 0.06009615384615385 0.04567307692307692
0 0.6706730769230769 0.5841346153846154 0.06129807692307692 0.05048076923076923
0 0.6706730769230769 0.6370192307692307 0.06129807692307692 0.04807692307692308
0 0.6742788461538461 0.6971153846153846 0.06610576923076923 0.054086538461538464
0 0.3173076923076923 0.7295673076923077 0.06610576923076923 0.054086538461538464
0 0.3269230769230769 0.8509615384615384 0.0625 0.052884615384615384
0 0.31850961538461536 0.7908653846153846 0.05889423076923077 0.051682692307692304
0 0.32091346153846156 0.6730769230769231 0.06850961538461539 0.0625
0 0.4987980769230769 0.7235576923076923 0.06129807692307692 0.054086538461538464
0 0.5048076923076923 0.7764423076923077 0.06129807692307692 0.054086538461538464
0 0.5120192307692307 0.8317307692307693 0.057692307692307696 0.052884615384615384
0 0.5144230769230769 0.8894230769230769 0.06129807692307692 0.052884615384615384
0 0.5649038461538461 0.8713942307692307 0.025240384615384616 0.10697115384615384
0 0.6766826923076923 0.9170673076923077 0.06129807692307692 0.04567307692307692
0 0.6754807692307693 0.8653846153846154 0.0625 0.05048076923076923
0 0.6730769230769231 0.7560096153846154 0.06370192307692307 0.051682692307692304
0 0.6730769230769231 0.8100961538461539 0.06129807692307692 0.054086538461538464
0 0.4951923076923077 0.6634615384615384 0.057692307692307696 0.05048076923076923
0 0.4987980769230769 0.6009615384615384 0.0625 0.05048076923076923
0 0.5 0.5420673076923077 0.06610576923076923 0.04447115384615385
0 0.5012019230769231 0.4855769230769231 0.06370192307692307 0.054086538461538464
0 0.4987980769230769 0.4266826923076923 0.06129807692307692 0.051682692307692304
0 0.5637019230769231 0.7596153846153846 0.030048076923076924 0.11538461538461539
0 0.5600961538461539 0.6322115384615384 0.026442307692307692 0.10817307692307693
0 0.6646634615384616 0.4170673076923077 0.06370192307692307 0.046875
0 0.49158653846153844 0.02283653846153846 0.06009615384615385 0.04567307692307692
0 0.5432692307692307 0.057692307692307696 0.028846153846153848 0.11538461538461539
0 0.6394230769230769 0.020432692307692308 0.057692307692307696 0.040865384615384616
0 0.5564903846153846 0.5144230769230769 0.027644230769230768 0.10817307692307693
0 0.5144230769230769 0.9411057692307693 0.05889423076923077 0.051682692307692304
0 0.3269230769230769 0.9050480769230769 0.06009615384615385 0.054086538461538464
0 0.3245192307692308 0.9639423076923077 0.05889423076923077 0.055288461538461536
0 0.5649038461538461 0.9639423076923077 0.025240384615384616 0.06850961538461539
0 0.6754807692307693 0.9723557692307693 0.057692307692307696 0.052884615384615384
0 0.5096153846153846 0.9831730769230769 0.06490384615384616 0.030048076923076924