0 0.20673076923076922 0.21754807692307693 0.056490384615384616 0.09495192307692307
0 0.32091346153846156 0.18509615384615385 0.056490384615384616 0.09134615384615384
0 0.30649038461538464 0.23076923076923078 0.052884615384615384 0.09495192307692307
0 0.38822115384615385 0.45552884615384615 0.04807692307692308 0.09014423076923077
0 0.4098557692307692 0.4170673076923077 0.052884615384615384 0.09134615384615384
0 0.43509615384615385 0.3786057692307692 0.051682692307692304 0.09615384615384616
0 0.5072115384615384 0.42788461538461536 0.054086538461538464 0.09254807692307693
0 0.5252403846153846 0.37740384615384615 0.055288461538461536 0.09615384615384616
0 0.4891826923076923 0.46634615384615385 0.05048076923076923 0.08413461538461539
0 0.4651442307692308 0.5036057692307693 0.05048076923076923 0.08413461538461539
0 0.5649038461538461 0.6983173076923077 0.055288461538461536 0.09735576923076923
0 0.5865384615384616 0.6574519230769231 0.054086538461538464 0.09735576923076923
0 0.6057692307692307 0.6069711538461539 0.054086538461538464 0.09254807692307693
0 0.6286057692307693 0.5709134615384616 0.051682692307692304 0.09495192307692307
0 0.6502403846153846 0.5300480769230769 0.055288461538461536 0.09495192307692307
0 0.6177884615384616 0.7824519230769231 0.054086538461538464 0.09254807692307693
0 0.5240384615384616 0.7788461538461539 0.052884615384615384 0.09735576923076923
0 0.3473557692307692 0.15264423076923078 0.04807692307692308 0.09134615384615384
0 0.29927884615384615 0.8004807692307693 0.04807692307692308 0.08774038461538461
0 0.12860576923076922 0.5709134615384616 0.05889423076923077 0.09495192307692307
0 0.1466346153846154 0.5216346153846154 0.06129807692307692 0.09014423076923077
0 0.34615384615384615 0.5372596153846154 0.052884615384615384 0.0985576923076923
0 0.4230769230769231 0.5925480769230769 0.052884615384615384 0.09014423076923077
0 0.453125 0.33653846153846156 0.054086538461538464 0.09495192307692307
0 0.47475961538461536 0.2932692307692308 0.052884615384615384 0.09495192307692307
0 0.4963942307692308 0.24879807692307693 0.051682692307692304 0.09134615384615384
0 0.22956730769230768 0.18028846153846154 0.054086538461538464 0.0985576923076923
0 0.2536057692307692 0.13942307692307693 0.05048076923076923 0.09615384615384616
0 0.27524038461538464 0.1045673076923077 0.051682692307692304 0.09615384615384616
0 0.36778846153846156 0.10697115384615384 0.05048076923076923 0.09254807692307693
0 0.5901442307692307 0.8149038461538461 0.05048076923076923 0.09495192307692307
0 0.4963942307692308 0.8137019230769231 0.04807692307692308 0.0889423076923077
0 0.5492788461538461 0.33413461538461536 0.052884615384615384 0.09495192307692307
0 0.3954326923076923 0.6262019230769231 0.055288461538461536 0.09735576923076923
0 0.36538461538461536 0.49038461538461536 0.04807692307692308 0.09014423076923077
0 0.10576923076923077 0.609375 0.056490384615384616 0.09495192307692307
0 0.28365384615384615 0.27163461538461536 0.05048076923076923 0.09134615384615384
0 0.29927884615384615 0.0625 0.04807692307692308 0.09014423076923077
0 0.31850961538461536 0.03245192307692308 0.05048076923076923 0.06370192307692307
0 0.35216346153846156 0.018028846153846152 0.039663461538461536 0.036057692307692304
0 0.390625 0.07091346153846154 0.05048076923076923 0.09134615384615384
0 0.41346153846153844 0.038461538461538464 0.04927884615384615 0.07692307692307693
0 0.4411057692307692 0.02403846153846154 0.046875 0.046875
0 0.25841346153846156 0.30288461538461536 0.05048076923076923 0.09014423076923077
0 0.23918269230769232 0.3581730769230769 0.056490384615384616 0.09495192307692307
0 0.39663461538461536 0.28725961538461536 0.055288461538461536 0.09615384615384616
0 0.2548076923076923 0.4723557692307692 0.055288461538461536 0.078125
0 0.08533653846153846 0.13942307692307693 0.05889423076923077 0.10576923076923077
0 0.03365384615384615 0.38461538461538464 0.054086538461538464 0.09254807692307693
0 0.13221153846153846 0.04807692307692308 0.05889423076923077 0.09134615384615384
0 0.5721153846153846 0.8569711538461539 0.055288461538461536 0.09735576923076923
0 0.5456730769230769 0.8942307692307693 0.057692307692307696 0.0985576923076923
0 0.6394230769230769 0.7355769230769231 0.04927884615384615 0.08413461538461539
0 0.6598557692307693 0.6983173076923077 0.051682692307692304 0.09254807692307693
0 0.6778846153846154 0.6598557692307693 0.052884615384615384 0.09615384615384616
0 0.6971153846153846 0.6189903846153846 0.04807692307692308 0.09615384615384616
0 0.671875 0.484375 0.04567307692307692 0.08413461538461539
0 0.7247596153846154 0.5805288461538461 0.05048076923076923 0.09014423076923077
0 0.7247596153846154 0.38100961538461536 0.05048076923076923 0.09014423076923077
0 0.7740384615384616 0.46153846153846156 0.04807692307692308 0.09014423076923077
0 0.7956730769230769 0.4266826923076923 0.04326923076923077 0.08653846153846154
0 0.8197115384615384 0.390625 0.052884615384615384 0.09615384615384616
0 0.8425480769230769 0.3545673076923077 0.051682692307692304 0.0889423076923077
0 0.8605769230769231 0.31971153846153844 0.04927884615384615 0.08173076923076923
0 0.8786057692307693 0.27884615384615385 0.052884615384615384 0.09014423076923077
0 0.8966346153846154 0.23918269230769232 0.054086538461538464 0.08653846153846154
0 0.9134615384615384 0.203125 0.04807692307692308 0.09014423076923077
0 0.9326923076923077 0.1622596153846154 0.055288461538461536 0.0889423076923077
0 0.9459134615384616 0.12379807692307693 0.04567307692307692 0.07091346153846154
0 0.9699519230769231 0.0889423076923077 0.05889423076923077 0.0985576923076923
0 0.9807692307692307 0.04807692307692308 0.037259615384615384 0.0829326923076923
0 0.9182692307692307 0.02283653846153846 0.04807692307692308 0.04567307692307692
0 0.9026442307692307 0.04447115384615385 0.051682692307692304 0.08413461538461539
0 0.8798076923076923 0.078125 0.05048076923076923 0.0829326923076923
0 0.8677884615384616 0.12379807692307693 0.052884615384615384 0.09014423076923077
0 0.8509615384615384 0.15985576923076922 0.054086538461538464 0.08052884615384616
0 0.8341346153846154 0.19591346153846154 0.04927884615384615 0.08413461538461539
0 0.8112980769230769 0.23197115384615385 0.04807692307692308 0.08774038461538461
0 0.7872596153846154 0.265625 0.04567307692307692 0.0829326923076923
0 0.7716346153846154 0.30649038461538464 0.052884615384615384 0.09254807692307693
0 0.7536057692307693 0.34975961538461536 0.05048076923076923 0.08653846153846154
0 0.5060096153846154 0.6153846153846154 0.038461538461538464 0.09975961538461539
0 0.35096153846153844 0.7079326923076923 0.06370192307692307 0.06490384615384616
0 0.18870192307692307 0.2668269230769231 0.052884615384615384 0.09014423076923077
0 0.09735576923076923 0.43028846153846156 0.052884615384615384 0.0985576923076923
0 0.07211538461538461 0.4699519230769231 0.054086538461538464 0.09254807692307693
0 0.04927884615384615 0.5072115384615384 0.052884615384615384 0.09615384615384616
0 0.027644230769230768 0.5516826923076923 0.054086538461538464 0.09735576923076923
0 0.018028846153846152 0.5913461538461539 0.03485576923076923 0.08653846153846154
0 0.007211538461538462 0.6538461538461539 0.014423076923076924 0.04567307692307692
0 0.08413461538461539 0.6454326923076923 0.056490384615384616 0.09615384615384616
0 0.057692307692307696 0.6971153846153846 0.06850961538461539 0.09735576923076923
0 0.037259615384615384 0.7283653846153846 0.06129807692307692 0.09615384615384616
0 0.021634615384615384 0.7620192307692307 0.042067307692307696 0.09495192307692307
0 0.008413461538461538 0.8149038461538461 0.016826923076923076 0.052884615384615384
0 0.24278846153846154 0.7019230769230769 0.055288461538461536 0.09134615384615384
0 0.22115384615384615 0.7415865384615384 0.056490384615384616 0.0985576923076923
0 0.1971153846153846 0.7788461538461539 0.054086538461538464 0.09254807692307693
0 0.17668269230769232 0.8197115384615384 0.04807692307692308 0.08774038461538461
0 0.1622596153846154 0.8737980769230769 0.051682692307692304 0.09615384615384616
0 0.14182692307692307 0.9134615384615384 0.055288461538461536 0.0985576923076923
0 0.11778846153846154 0.9483173076923077 0.04326923076923077 0.08653846153846154
0 0.09014423076923077 0.9639423076923077 0.055288461538461536 0.06850961538461539
0 0.27524038461538464 0.8341346153846154 0.052884615384615384 0.09134615384615384
0 0.25 0.875 0.04567307692307692 0.0829326923076923
0 0.23076923076923078 0.9182692307692307 0.052884615384615384 0.0829326923076923
0 0.21394230769230768 0.9555288461538461 0.055288461538461536 0.08413461538461539
0 0.18870192307692307 0.9759615384615384 0.04927884615384615 0.04447115384615385
0 0.37259615384615385 0.9879807692307693 0.025240384615384616 0.020432692307692308
0 0.40625 0.9663461538461539 0.05048076923076923 0.06370192307692307
0 0.5216346153846154 0.21394230769230768 0.051682692307692304 0.08774038461538461
0 0.5697115384615384 0.2956730769230769 0.052884615384615384 0.09615384615384616
0 0.5901442307692307 0.25841346153846156 0.052884615384615384 0.09495192307692307
0 0.5408653846153846 0.17548076923076922 0.051682692307692304 0.09134615384615384
0 0.5612980769230769 0.140625 0.04927884615384615 0.0889423076923077
0 0.6129807692307693 0.22355769230769232 0.05048076923076923 0.09014423076923077
0 0.6322115384615384 0.18990384615384615 0.04447115384615385 0.08173076923076923
0 0.5865384615384616 0.11057692307692307 0.057692307692307696 0.1045673076923077
0 0.6057692307692307 0.06850961538461539 0.055288461538461536 0.09495192307692307
0 0.6237980769230769 0.03365384615384615 0.051682692307692304 0.06610576923076923
0 0.6466346153846154 0.14903846153846154 0.056490384615384616 0.1045673076923077
0 0.6742788461538461 0.11538461538461539 0.051682692307692304 0.10096153846153846
0 0.6947115384615384 0.08173076923076923 0.04927884615384615 0.09254807692307693
0 0.7151442307692307 0.04807692307692308 0.05048076923076923 0.09615384615384616
0 0.734375 0.03245192307692308 0.04567307692307692 0.06370192307692307
0 0.6502403846153846 0.021634615384615384 0.04567307692307692 0.04326923076923077
0 0.6802884615384616 0.006009615384615385 0.021634615384615384 0.010817307692307692
0 0.9927884615384616 0.35336538461538464 0.01201923076923077 0.04447115384615385
0 0.984375 0.4026442307692308 0.030048076923076924 0.0733173076923077
0 0.9747596153846154 0.4483173076923077 0.04807692307692308 0.08413461538461539
0 0.9603365384615384 0.4831730769230769 0.055288461538461536 0.08774038461538461
0 0.9399038461538461 0.5180288461538461 0.04807692307692308 0.0829326923076923
0 0.9158653846153846 0.5552884615384616 0.04807692307692308 0.08653846153846154
0 0.8990384615384616 0.5949519230769231 0.052884615384615384 0.0889423076923077
0 0.8810096153846154 0.6322115384615384 0.055288461538461536 0.09495192307692307
0 0.859375 0.6766826923076923 0.04927884615384615 0.0829326923076923
0 0.8377403846153846 0.7151442307692307 0.04567307692307692 0.078125
0 0.8028846153846154 0.7932692307692307 0.04807692307692308 0.0829326923076923
0 0.7836538461538461 0.8365384615384616 0.05048076923076923 0.09615384615384616
0 0.7596153846153846 0.8725961538461539 0.055288461538461536 0.09735576923076923
0 0.7415865384615384 0.9158653846153846 0.04807692307692308 0.09014423076923077
0 0.7211538461538461 0.9543269230769231 0.052884615384615384 0.0889423076923077
0 0.6959134615384616 0.9711538461538461 0.046875 0.054086538461538464
0 0.6658653846153846 0.9903846153846154 0.019230769230769232 0.016826923076923076