0 0.7692307692307693 0.9314903846153846 0.0889423076923077 0.08774038461538461
0 0.7932692307692307 0.8677884615384616 0.07692307692307693 0.09495192307692307
0 0.7860576923076923 0.7680288461538461 0.078125 0.12139423076923077
0 0.7872596153846154 0.6899038461538461 0.051682692307692304 0.0829326923076923
0 0.7740384615384616 0.5901442307692307 0.06370192307692307 0.10096153846153846
0 0.7524038461538461 0.49038461538461536 0.078125 0.10697115384615384
0 0.7403846153846154 0.3894230769230769 0.078125 0.11778846153846154
0 0.7475961538461539 0.30408653846153844 0.06370192307692307 0.09615384615384616
0 0.7403846153846154 0.21634615384615385 0.07932692307692307 0.11658653846153846
0 0.7403846153846154 0.13701923076923078 0.0673076923076923 0.09975961538461539
0 0.6165865384615384 0.7584134615384616 0.07932692307692307 0.06971153846153846
0 0.6021634615384616 0.6189903846153846 0.08173076923076923 0.06610576923076923
0 0.6021634615384616 0.4723557692307692 0.0829326923076923 0.056490384615384616
0 0.5973557692307693 0.4074519230769231 0.08774038461538461 0.05889423076923077
0 0.5949519230769231 0.3245192307692308 0.08173076923076923 0.0625
0 0.5901442307692307 0.25600961538461536 0.08413461538461539 0.06971153846153846
0 0.59375 0.1875 0.08413461538461539 0.06850961538461539
0 0.5913461538461539 0.11298076923076923 0.08173076923076923 0.06971153846153846
0 0.5877403846153846 0.040865384615384616 0.07692307692307693 0.06971153846153846
0 0.4098557692307692 0.055288461538461536 0.09014423076923077 0.07211538461538461
0 0.4074519230769231 0.13341346153846154 0.08413461538461539 0.06370192307692307
0 0.40384615384615385 0.20793269230769232 0.06850961538461539 0.06490384615384616
0 0.40865384615384615 0.27163461538461536 0.07572115384615384 0.06009615384615385
0 0.4050480769230769 0.3449519230769231 0.09014423076923077 0.06490384615384616
0 0.41346153846153844 0.41225961538461536 0.06850961538461539 0.054086538461538464
0 0.41586538461538464 0.4831730769230769 0.07932692307692307 0.06490384615384616
0 0.421875 0.5637019230769231 0.08653846153846154 0.056490384615384616
0 0.4230769230769231 0.7055288461538461 0.08533653846153846 0.06490384615384616
0 0.3737980769230769 0.7788461538461539 0.07692307692307693 0.06490384615384616
0 0.33653846153846156 0.7091346153846154 0.08653846153846154 0.05889423076923077
0 0.15865384615384615 0.7235576923076923 0.09975961538461539 0.056490384615384616
0 0.14182692307692307 0.7872596153846154 0.08653846153846154 0.05889423076923077
0 0.078125 0.6538461538461539 0.08774038461538461 0.07091346153846154
0 0.15745192307692307 0.5096153846153846 0.08653846153846154 0.05889423076923077
0 0.33413461538461536 0.5697115384615384 0.08173076923076923 0.0625
0 0.3269230769230769 0.49399038461538464 0.08653846153846154 0.06009615384615385
0 0.32572115384615385 0.4230769230769231 0.078125 0.055288461538461536
0 0.31490384615384615 0.3473557692307692 0.07932692307692307 0.06009615384615385
0 0.3245192307692308 0.27524038461538464 0.08774038461538461 0.06129807692307692
0 0.3245192307692308 0.20793269230769232 0.08413461538461539 0.06009615384615385
0 0.31490384615384615 0.14543269230769232 0.09014423076923077 0.06850961538461539
0 0.31850961538461536 0.0625 0.08413461538461539 0.07091346153846154
0 0.14783653846153846 0.07451923076923077 0.09735576923076923 0.07091346153846154
0 0.15625 0.15384615384615385 0.08653846153846154 0.0733173076923077
0 0.15504807692307693 0.2283653846153846 0.08653846153846154 0.06850961538461539
0 0.13701923076923078 0.2980769230769231 0.08774038461538461 0.06490384615384616
0 0.15504807692307693 0.36778846153846156 0.08533653846153846 0.05889423076923077
0 0.15745192307692307 0.4375 0.09014423076923077 0.06129807692307692
0 0.06370192307692307 0.39302884615384615 0.09375 0.06370192307692307
0 0.05889423076923077 0.24278846153846154 0.09014423076923077 0.06850961538461539
0 0.05889423076923077 0.08052884615384616 0.078125 0.06610576923076923
0 0.055288461538461536 0.16346153846153846 0.09615384615384616 0.06370192307692307