0 0.1622596153846154 0.5985576923076923 0.07692307692307693 0.07692307692307693
0 0.17067307692307693 0.27403846153846156 0.08173076923076923 0.06850961538461539
0 0.17307692307692307 0.3581730769230769 0.08413461538461539 0.06490384615384616
0 0.47836538461538464 0.6983173076923077 0.0889423076923077 0.0733173076923077
0 0.3786057692307692 0.8677884615384616 0.09254807692307693 0.07932692307692307
0 0.36538461538461536 0.953125 0.08173076923076923 0.07091346153846154
0 0.49158653846153844 0.36899038461538464 0.09014423076923077 0.07211538461538461
0 0.3918269230769231 0.125 0.08653846153846154 0.06850961538461539
0 0.18990384615384615 0.10576923076923077 0.08413461538461539 0.07692307692307693
0 0.19110576923076922 0.030048076923076924 0.06971153846153846 0.06009615384615385
0 0.703125 0.23076923076923078 0.09014423076923077 0.06971153846153846
0 0.7067307692307693 0.0625 0.07692307692307693 0.06850961538461539
0 0.8052884615384616 0.016826923076923076 0.09134615384615384 0.03365384615384615
0 0.8100961538461539 0.07091346153846154 0.0829326923076923 0.078125
0 0.8064903846153846 0.1466346153846154 0.07932692307692307 0.07091346153846154
0 0.9771634615384616 0.02403846153846154 0.04326923076923077 0.046875
0 0.9771634615384616 0.1466346153846154 0.04326923076923077 0.07451923076923077
0 0.9735576923076923 0.22235576923076922 0.04807692307692308 0.07451923076923077
0 0.9747596153846154 0.29447115384615385 0.04807692307692308 0.06850961538461539
0 0.9735576923076923 0.36778846153846156 0.051682692307692304 0.06971153846153846
0 0.9747596153846154 0.5096153846153846 0.04807692307692308 0.06610576923076923
0 0.9747596153846154 0.6538461538461539 0.04807692307692308 0.06850961538461539
0 0.9783653846153846 0.9639423076923077 0.042067307692307696 0.06971153846153846