0 0.31850961538461536 0.5372596153846154 0.03245192307692308 0.125
0 0.35216346153846156 0.5432692307692307 0.03245192307692308 0.125
0 0.390625 0.5360576923076923 0.03245192307692308 0.12259615384615384
0 0.42908653846153844 0.5685096153846154 0.03125 0.1310096153846154
0 0.4675480769230769 0.5637019230769231 0.03485576923076923 0.13221153846153846
0 0.4699519230769231 0.18509615384615385 0.03125 0.11899038461538461
0 0.5060096153846154 0.18870192307692307 0.03245192307692308 0.12620192307692307
0 0.5408653846153846 0.19591346153846154 0.030048076923076924 0.11658653846153846
0 0.5745192307692307 0.1971153846153846 0.03245192307692308 0.12259615384615384
0 0.4338942307692308 0.1658653846153846 0.030048076923076924 0.13221153846153846
0 0.3942307692307692 0.19591346153846154 0.030048076923076924 0.13221153846153846
0 0.35697115384615385 0.18870192307692307 0.03245192307692308 0.13221153846153846
0 0.6117788461538461 0.203125 0.03125 0.12259615384615384
0 0.6502403846153846 0.1935096153846154 0.03245192307692308 0.12379807692307693
0 0.6862980769230769 0.18509615384615385 0.03245192307692308 0.14182692307692307
0 0.7211538461538461 0.1971153846153846 0.03485576923076923 0.12379807692307693
0 0.7572115384615384 0.19591346153846154 0.03245192307692308 0.11298076923076923
0 0.7908653846153846 0.16706730769230768 0.036057692307692304 0.11538461538461539
0 0.765625 0.5456730769230769 0.037259615384615384 0.12620192307692307
0 0.7295673076923077 0.5432692307692307 0.03485576923076923 0.12379807692307693
0 0.6935096153846154 0.5384615384615384 0.030048076923076924 0.12620192307692307
0 0.6538461538461539 0.5516826923076923 0.03485576923076923 0.125
0 0.6177884615384616 0.5456730769230769 0.03245192307692308 0.12139423076923077
0 0.5793269230769231 0.5480769230769231 0.027644230769230768 0.10697115384615384
0 0.5432692307692307 0.5612980769230769 0.03125 0.13341346153846154
0 0.3245192307692308 0.1875 0.03245192307692308 0.1310096153846154
0 0.21754807692307693 0.19110576923076922 0.036057692307692304 0.10697115384615384
0 0.18269230769230768 0.19471153846153846 0.03365384615384615 0.11538461538461539
0 0.14423076923076922 0.203125 0.037259615384615384 0.11658653846153846
0 0.11057692307692307 0.19471153846153846 0.037259615384615384 0.12259615384615384
0 0.042067307692307696 0.19951923076923078 0.039663461538461536 0.10697115384615384
0 0.8088942307692307 0.8677884615384616 0.03485576923076923 0.12259615384615384
0 0.7632211538461539 0.8822115384615384 0.03245192307692308 0.12860576923076922
0 0.7259615384615384 0.8870192307692307 0.028846153846153848 0.10697115384615384
0 0.6935096153846154 0.8713942307692307 0.03485576923076923 0.13221153846153846
0 0.65625 0.8942307692307693 0.03125 0.125
0 0.6201923076923077 0.8894230769230769 0.030048076923076924 0.12860576923076922
0 0.5817307692307693 0.8990384615384616 0.028846153846153848 0.13581730769230768
0 0.5444711538461539 0.9026442307692307 0.03125 0.1310096153846154
0 0.5036057692307693 0.9002403846153846 0.03365384615384615 0.19591346153846154
0 0.4026442307692308 0.7800480769230769 0.05889423076923077 0.11658653846153846
0 0.3629807692307692 0.8834134615384616 0.03365384615384615 0.12740384615384615
0 0.24879807692307693 0.5408653846153846 0.03365384615384615 0.11899038461538461
0 0.2512019230769231 0.9134615384615384 0.038461538461538464 0.1310096153846154
0 0.2127403846153846 0.5480769230769231 0.03365384615384615 0.13341346153846154
0 0.1778846153846154 0.5420673076923077 0.03245192307692308 0.1045673076923077
0 0.14423076923076922 0.5588942307692307 0.03485576923076923 0.12620192307692307
0 0.18028846153846154 0.8894230769230769 0.037259615384615384 0.140625
0 0.10576923076923077 0.5516826923076923 0.03245192307692308 0.11899038461538461
0 0.109375 0.8894230769230769 0.037259615384615384 0.13341346153846154
0 0.06971153846153846 0.5528846153846154 0.036057692307692304 0.1310096153846154
0 0.03485576923076923 0.5552884615384616 0.03365384615384615 0.12860576923076922
0 0.009615384615384616 0.5564903846153846 0.019230769230769232 0.12139423076923077
0 0.07211538461538461 0.8954326923076923 0.03485576923076923 0.12620192307692307
0 0.036057692307692304 0.8966346153846154 0.037259615384615384 0.13341346153846154
0 0.009615384615384616 0.8786057692307693 0.019230769230769232 0.11538461538461539