0 0.2608173076923077 0.8401442307692307 0.05889423076923077 0.051682692307692304
0 0.2932692307692308 0.8942307692307693 0.06009615384615385 0.05048076923076923
0 0.2283653846153846 0.9002403846153846 0.05889423076923077 0.055288461538461536
0 0.234375 0.953125 0.055288461538461536 0.05048076923076923
0 0.3004807692307692 0.9483173076923077 0.06009615384615385 0.05048076923076923
0 0.2980769230769231 0.9891826923076923 0.056490384615384616 0.019230769230769232
0 0.23317307692307693 0.9879807692307693 0.06370192307692307 0.020432692307692308
0 0.4387019230769231 0.9483173076923077 0.055288461538461536 0.054086538461538464
0 0.4411057692307692 0.9879807692307693 0.06009615384615385 0.021634615384615384
0 0.5084134615384616 0.984375 0.06129807692307692 0.026442307692307692
0 0.5024038461538461 0.9447115384615384 0.06009615384615385 0.054086538461538464
0 0.5072115384615384 0.8846153846153846 0.052884615384615384 0.052884615384615384
0 0.4411057692307692 0.8918269230769231 0.06129807692307692 0.05048076923076923
0 0.46634615384615385 0.8329326923076923 0.06490384615384616 0.046875
0 0.6430288461538461 0.9783653846153846 0.056490384615384616 0.040865384615384616
0 0.6370192307692307 0.9254807692307693 0.056490384615384616 0.04807692307692308
0 0.6442307692307693 0.8725961538461539 0.05889423076923077 0.056490384615384616
0 0.6923076923076923 0.8737980769230769 0.026442307692307692 0.109375
0 0.7223557692307693 0.8713942307692307 0.028846153846153848 0.09495192307692307
0 0.7536057692307693 0.8725961538461539 0.027644230769230768 0.09014423076923077
0 0.7824519230769231 0.8786057692307693 0.026442307692307692 0.09975961538461539
0 0.8209134615384616 0.7848557692307693 0.056490384615384616 0.052884615384615384
0 0.8221153846153846 0.7283653846153846 0.055288461538461536 0.054086538461538464
0 0.8221153846153846 0.6730769230769231 0.056490384615384616 0.054086538461538464
0 0.8233173076923077 0.6213942307692307 0.056490384615384616 0.04567307692307692
0 0.8257211538461539 0.5709134615384616 0.06370192307692307 0.046875
0 0.8245192307692307 0.5180288461538461 0.05889423076923077 0.051682692307692304
0 0.8149038461538461 0.4639423076923077 0.055288461538461536 0.051682692307692304
0 0.8149038461538461 0.40865384615384615 0.057692307692307696 0.051682692307692304
0 0.8137019230769231 0.3557692307692308 0.05889423076923077 0.046875
0 0.8173076923076923 0.30408653846153844 0.05889423076923077 0.046875
0 0.8161057692307693 0.2512019230769231 0.06129807692307692 0.054086538461538464
0 0.8137019230769231 0.19951923076923078 0.04807692307692308 0.046875
0 0.8137019230769231 0.14903846153846154 0.056490384615384616 0.051682692307692304
0 0.8088942307692307 0.09735576923076923 0.05889423076923077 0.046875
0 0.8040865384615384 0.04326923076923077 0.057692307692307696 0.04807692307692308
0 0.8052884615384616 0.009615384615384616 0.052884615384615384 0.018028846153846152
0 0.6586538461538461 0.007211538461538462 0.056490384615384616 0.014423076923076924
0 0.5913461538461539 0.008413461538461538 0.057692307692307696 0.016826923076923076
0 0.6586538461538461 0.037259615384615384 0.055288461538461536 0.046875
0 0.5925480769230769 0.03485576923076923 0.052884615384615384 0.04567307692307692
0 0.6634615384615384 0.08774038461538461 0.056490384615384616 0.05048076923076923
0 0.5925480769230769 0.0829326923076923 0.06009615384615385 0.052884615384615384
0 0.5949519230769231 0.140625 0.056490384615384616 0.051682692307692304
0 0.6634615384615384 0.14182692307692307 0.054086538461538464 0.052884615384615384
0 0.6622596153846154 0.1971153846153846 0.04927884615384615 0.05048076923076923
0 0.5961538461538461 0.19831730769230768 0.06129807692307692 0.052884615384615384
0 0.6682692307692307 0.24759615384615385 0.05889423076923077 0.04567307692307692
0 0.6033653846153846 0.25 0.05889423076923077 0.05048076923076923
0 0.6658653846153846 0.296875 0.04807692307692308 0.046875
0 0.6045673076923077 0.30288461538461536 0.06370192307692307 0.052884615384615384
0 0.671875 0.34975961538461536 0.06129807692307692 0.051682692307692304
0 0.6033653846153846 0.3545673076923077 0.06129807692307692 0.05048076923076923
0 0.6045673076923077 0.4098557692307692 0.06370192307692307 0.052884615384615384
0 0.6730769230769231 0.4074519230769231 0.056490384615384616 0.051682692307692304
0 0.6754807692307693 0.46274038461538464 0.06129807692307692 0.05048076923076923
0 0.6766826923076923 0.515625 0.05889423076923077 0.04567307692307692
0 0.6045673076923077 0.5216346153846154 0.05889423076923077 0.05048076923076923
0 0.6069711538461539 0.46634615384615385 0.06129807692307692 0.04567307692307692
0 0.6742788461538461 0.5745192307692307 0.05889423076923077 0.04807692307692308
0 0.6778846153846154 0.6322115384615384 0.05889423076923077 0.051682692307692304
0 0.6129807692307693 0.6394230769230769 0.06129807692307692 0.046875
0 0.6033653846153846 0.5805288461538461 0.06009615384615385 0.05048076923076923
0 0.46274038461538464 0.6370192307692307 0.06129807692307692 0.052884615384615384
0 0.46634615384615385 0.5817307692307693 0.05048076923076923 0.05048076923076923
0 0.46153846153846156 0.5288461538461539 0.06129807692307692 0.05048076923076923
0 0.4567307692307692 0.4699519230769231 0.06370192307692307 0.04807692307692308
0 0.46033653846153844 0.41225961538461536 0.0625 0.04807692307692308
0 0.4579326923076923 0.359375 0.057692307692307696 0.052884615384615384
0 0.4519230769230769 0.30288461538461536 0.06129807692307692 0.052884615384615384
0 0.45072115384615385 0.24759615384615385 0.057692307692307696 0.04807692307692308
0 0.45072115384615385 0.19591346153846154 0.06009615384615385 0.055288461538461536
0 0.453125 0.140625 0.05889423076923077 0.04807692307692308
0 0.45552884615384615 0.08653846153846154 0.05889423076923077 0.054086538461538464
0 0.44711538461538464 0.03485576923076923 0.06129807692307692 0.04567307692307692
0 0.4495192307692308 0.006009615384615385 0.057692307692307696 0.01201923076923077
0 0.3762019230769231 0.007211538461538462 0.046875 0.014423076923076924
0 0.3786057692307692 0.038461538461538464 0.055288461538461536 0.04807692307692308
0 0.38100961538461536 0.09014423076923077 0.05889423076923077 0.051682692307692304
0 0.3786057692307692 0.14423076923076922 0.056490384615384616 0.052884615384615384
0 0.3762019230769231 0.1971153846153846 0.05889423076923077 0.052884615384615384
0 0.37740384615384615 0.2512019230769231 0.056490384615384616 0.052884615384615384
0 0.38341346153846156 0.30649038461538464 0.05048076923076923 0.04807692307692308
0 0.3870192307692308 0.3605769230769231 0.06370192307692307 0.052884615384615384
0 0.38461538461538464 0.4170673076923077 0.05889423076923077 0.051682692307692304
0 0.3870192307692308 0.4735576923076923 0.06370192307692307 0.052884615384615384
0 0.3918269230769231 0.5240384615384616 0.06129807692307692 0.04326923076923077
0 0.3870192307692308 0.5805288461538461 0.06370192307692307 0.052884615384615384
0 0.38100961538461536 0.6394230769230769 0.06370192307692307 0.054086538461538464
0 0.17067307692307693 0.009615384615384616 0.05889423076923077 0.018028846153846152
0 0.23798076923076922 0.008413461538461538 0.055288461538461536 0.016826923076923076
0 0.23557692307692307 0.040865384615384616 0.054086538461538464 0.05048076923076923
0 0.16346153846153846 0.04447115384615385 0.055288461538461536 0.05048076923076923
0 0.23677884615384615 0.09134615384615384 0.057692307692307696 0.04807692307692308
0 0.1658653846153846 0.09495192307692307 0.05889423076923077 0.051682692307692304
0 0.2283653846153846 0.14302884615384615 0.056490384615384616 0.05048076923076923
0 0.16466346153846154 0.14903846153846154 0.06370192307692307 0.051682692307692304
0 0.23557692307692307 0.19591346153846154 0.06610576923076923 0.055288461538461536
0 0.16105769230769232 0.19951923076923078 0.052884615384615384 0.04567307692307692
0 0.234375 0.25240384615384615 0.06009615384615385 0.054086538461538464
0 0.1658653846153846 0.25240384615384615 0.05889423076923077 0.051682692307692304
0 0.23677884615384615 0.3088942307692308 0.056490384615384616 0.05048076923076923
0 0.23557692307692307 0.359375 0.05048076923076923 0.046875
0 0.2403846153846154 0.4182692307692308 0.055288461538461536 0.05048076923076923
0 0.2403846153846154 0.4699519230769231 0.06129807692307692 0.04567307692307692
0 0.23197115384615385 0.5276442307692307 0.06370192307692307 0.055288461538461536
0 0.24278846153846154 0.5829326923076923 0.06370192307692307 0.04447115384615385
0 0.17307692307692307 0.5889423076923077 0.05889423076923077 0.05048076923076923
0 0.17427884615384615 0.6454326923076923 0.06129807692307692 0.04567307692307692
0 0.1658653846153846 0.5300480769230769 0.06129807692307692 0.046875
0 0.16466346153846154 0.47596153846153844 0.0625 0.05048076923076923
0 0.1622596153846154 0.421875 0.054086538461538464 0.05048076923076923
0 0.16706730769230768 0.36538461538461536 0.05889423076923077 0.04807692307692308
0 0.16346153846153846 0.3112980769230769 0.05889423076923077 0.051682692307692304
0 0.03485576923076923 0.30408653846153844 0.03365384615384615 0.09975961538461539
0 0.03365384615384615 0.17548076923076922 0.03245192307692308 0.109375
0 0.030048076923076924 0.054086538461538464 0.03485576923076923 0.10817307692307693
0 0.03245192307692308 0.4266826923076923 0.03245192307692308 0.09975961538461539