0 0.6694711538461539 0.5288461538461539 0.03485576923076923 0.09134615384615384
0 0.6394230769230769 0.5612980769230769 0.039663461538461536 0.1045673076923077
0 0.6081730769230769 0.5733173076923077 0.036057692307692304 0.11658653846153846
0 0.5745192307692307 0.5721153846153846 0.038461538461538464 0.10576923076923077
0 0.5456730769230769 0.5841346153846154 0.037259615384615384 0.1045673076923077
0 0.5180288461538461 0.6045673076923077 0.03125 0.09254807692307693
0 0.4807692307692308 0.6069711538461539 0.03245192307692308 0.09014423076923077
0 0.4543269230769231 0.6286057692307693 0.037259615384615384 0.10576923076923077
0 0.4206730769230769 0.6430288461538461 0.037259615384615384 0.09615384615384616
0 0.39302884615384615 0.6778846153846154 0.040865384615384616 0.10336538461538461
0 0.36538461538461536 0.6971153846153846 0.036057692307692304 0.10576923076923077
0 0.3317307692307692 0.7019230769230769 0.038461538461538464 0.11298076923076923
0 0.296875 0.7163461538461539 0.036057692307692304 0.0985576923076923
0 0.2644230769230769 0.7331730769230769 0.038461538461538464 0.11298076923076923
0 0.23076923076923078 0.75 0.038461538461538464 0.1141826923076923
0 0.19951923076923078 0.7692307692307693 0.040865384615384616 0.11899038461538461
0 0.1658653846153846 0.796875 0.04447115384615385 0.11057692307692307
0 0.13221153846153846 0.8125 0.042067307692307696 0.11057692307692307
0 0.10096153846153846 0.8377403846153846 0.039663461538461536 0.09495192307692307
0 0.06370192307692307 0.8461538461538461 0.05048076923076923 0.11658653846153846
0 0.026442307692307692 0.8581730769230769 0.04326923076923077 0.11658653846153846
0 0.6622596153846154 0.8629807692307693 0.040865384615384616 0.1045673076923077
0 0.6262019230769231 0.8641826923076923 0.038461538461538464 0.1045673076923077
0 0.5973557692307693 0.8834134615384616 0.036057692307692304 0.1045673076923077
0 0.5661057692307693 0.9014423076923077 0.03485576923076923 0.109375
0 0.5372596153846154 0.9254807692307693 0.038461538461538464 0.09975961538461539
0 0.5060096153846154 0.9459134615384616 0.038461538461538464 0.1045673076923077
0 0.47716346153846156 0.9543269230769231 0.037259615384615384 0.08774038461538461
0 0.44350961538461536 0.9639423076923077 0.03245192307692308 0.06971153846153846
0 0.40865384615384615 0.9675480769230769 0.030048076923076924 0.06129807692307692
0 0.6526442307692307 0.9435096153846154 0.05048076923076923 0.06490384615384616
0 0.59375 0.9675480769230769 0.05048076923076923 0.06129807692307692