0 0.65625 0.6081730769230769 0.03485576923076923 0.09134615384615384
0 0.625 0.6418269230769231 0.038461538461538464 0.10096153846153846
0 0.5949519230769231 0.6538461538461539 0.03485576923076923 0.11658653846153846
0 0.5612980769230769 0.6514423076923077 0.037259615384615384 0.10336538461538461
0 0.5300480769230769 0.6634615384615384 0.03485576923076923 0.10697115384615384
0 0.5024038461538461 0.6875 0.03365384615384615 0.09134615384615384
0 0.4651442307692308 0.6887019230769231 0.03245192307692308 0.09014423076923077
0 0.4387019230769231 0.7079326923076923 0.036057692307692304 0.10817307692307693
0 0.40384615384615385 0.7235576923076923 0.037259615384615384 0.09495192307692307
0 0.3786057692307692 0.7572115384615384 0.038461538461538464 0.10697115384615384
0 0.3473557692307692 0.7776442307692307 0.038461538461538464 0.10096153846153846
0 0.3137019230769231 0.7824519230769231 0.039663461538461536 0.109375
0 0.2800480769230769 0.7944711538461539 0.037259615384615384 0.1045673076923077
0 0.24639423076923078 0.8125 0.040865384615384616 0.10817307692307693
0 0.2127403846153846 0.8293269230769231 0.037259615384615384 0.11899038461538461
0 0.1778846153846154 0.8497596153846154 0.04326923076923077 0.11899038461538461
0 0.14543269230769232 0.8725961538461539 0.04326923076923077 0.11298076923076923
0 0.11057692307692307 0.8894230769230769 0.042067307692307696 0.10817307692307693
0 0.078125 0.9170673076923077 0.037259615384615384 0.09254807692307693
0 0.038461538461538464 0.9230769230769231 0.052884615384615384 0.11658653846153846
0 0.013221153846153846 0.9362980769230769 0.026442307692307692 0.11658653846153846
0 0.6466346153846154 0.9447115384615384 0.038461538461538464 0.10817307692307693
0 0.6081730769230769 0.9483173076923077 0.037259615384615384 0.09975961538461539
0 0.5817307692307693 0.9567307692307693 0.03485576923076923 0.0829326923076923
0 0.5480769230769231 0.9651442307692307 0.030048076923076924 0.06610576923076923