0 0.6442307692307693 0.7764423076923077 0.037259615384615384 0.15745192307692307
0 0.6045673076923077 0.7788461538461539 0.03245192307692308 0.12860576923076922
0 0.5637019230769231 0.7860576923076923 0.03365384615384615 0.1466346153846154
0 0.47716346153846156 0.7848557692307693 0.037259615384615384 0.14182692307692307
0 0.4375 0.7788461538461539 0.03485576923076923 0.13942307692307693
0 0.3942307692307692 0.7776442307692307 0.038461538461538464 0.14423076923076922
0 0.18870192307692307 0.7908653846153846 0.04326923076923077 0.1466346153846154
0 0.08413461538461539 0.43990384615384615 0.08653846153846154 0.06129807692307692
0 0.2692307692307692 0.7800480769230769 0.03245192307692308 0.14302884615384615
0 0.3088942307692308 0.7752403846153846 0.03485576923076923 0.1466346153846154
0 0.1466346153846154 0.7788461538461539 0.038461538461538464 0.15264423076923078
0 0.10576923076923077 0.7920673076923077 0.039663461538461536 0.14543269230769232
0 0.06129807692307692 0.7848557692307693 0.04567307692307692 0.1466346153846154
0 0.22956730769230768 0.7800480769230769 0.037259615384615384 0.14903846153846154
0 0.5240384615384616 0.8028846153846154 0.037259615384615384 0.171875
0 0.35096153846153844 0.7980769230769231 0.03485576923076923 0.14182692307692307
0 0.17668269230769232 0.4387019230769231 0.0733173076923077 0.05889423076923077
0 0.31850961538461536 0.4411057692307692 0.08052884615384616 0.06009615384615385
0 0.6971153846153846 0.4375 0.07692307692307693 0.06490384615384616
0 0.7860576923076923 0.43990384615384615 0.07692307692307693 0.05889423076923077
0 0.9771634615384616 0.43028846153846156 0.04326923076923077 0.06129807692307692
0 0.013221153846153846 0.4495192307692308 0.025240384615384616 0.05889423076923077
0 0.019230769230769232 0.7788461538461539 0.038461538461538464 0.13942307692307693
0 0.6887019230769231 0.7872596153846154 0.037259615384615384 0.14543269230769232
0 0.7283653846153846 0.7596153846153846 0.03365384615384615 0.1346153846153846
0 0.7668269230769231 0.7608173076923077 0.03245192307692308 0.13581730769230768
0 0.8064903846153846 0.7572115384615384 0.03245192307692308 0.0889423076923077
0 0.8449519230769231 0.7512019230769231 0.03485576923076923 0.13221153846153846
0 0.8846153846153846 0.7608173076923077 0.038461538461538464 0.12740384615384615
0 0.9242788461538461 0.7524038461538461 0.038461538461538464 0.14182692307692307
0 0.9627403846153846 0.7560096153846154 0.037259615384615384 0.13581730769230768
0 0.9903846153846154 0.7608173076923077 0.016826923076923076 0.10817307692307693