0 0.7668269230769231 0.078125 0.0625 0.07451923076923077
0 0.7632211538461539 0.13942307692307693 0.0625 0.06850961538461539
0 0.7596153846153846 0.18990384615384615 0.06129807692307692 0.06971153846153846
0 0.7512019230769231 0.2403846153846154 0.05889423076923077 0.0733173076923077
0 0.7439903846153846 0.29447115384615385 0.06490384615384616 0.06971153846153846
0 0.7307692307692307 0.3401442307692308 0.056490384615384616 0.07211538461538461
0 0.71875 0.38341346153846156 0.056490384615384616 0.06850961538461539
0 0.7295673076923077 0.4543269230769231 0.06009615384615385 0.07211538461538461
0 0.6959134615384616 0.49158653846153844 0.06009615384615385 0.06610576923076923
0 0.7043269230769231 0.5564903846153846 0.06971153846153846 0.07211538461538461
0 0.6923076923076923 0.6105769230769231 0.0625 0.06610576923076923
0 0.6778846153846154 0.6658653846153846 0.055288461538461536 0.0625
0 0.6658653846153846 0.7139423076923077 0.056490384615384616 0.06610576923076923
0 0.6598557692307693 0.7704326923076923 0.06370192307692307 0.06971153846153846
0 0.6502403846153846 0.8233173076923077 0.056490384615384616 0.06490384615384616
0 0.6430288461538461 0.8846153846153846 0.06610576923076923 0.07211538461538461
0 0.6358173076923077 0.9411057692307693 0.06490384615384616 0.07692307692307693
0 0.6322115384615384 0.9819711538461539 0.06129807692307692 0.03365384615384615
0 0.6502403846153846 0.15384615384615385 0.036057692307692304 0.09735576923076923
0 0.6310096153846154 0.25240384615384615 0.037259615384615384 0.09615384615384616
0 0.6177884615384616 0.3605769230769231 0.040865384615384616 0.10817307692307693
0 0.5973557692307693 0.47475961538461536 0.040865384615384616 0.109375
0 0.5757211538461539 0.5913461538461539 0.040865384615384616 0.10817307692307693
0 0.5564903846153846 0.6959134615384616 0.03485576923076923 0.0889423076923077
0 0.5384615384615384 0.8016826923076923 0.038461538461538464 0.1141826923076923
0 0.5216346153846154 0.9158653846153846 0.038461538461538464 0.11057692307692307
0 0.6165865384615384 0.09254807692307693 0.057692307692307696 0.07211538461538461
0 0.5973557692307693 0.14903846153846154 0.06009615384615385 0.06850961538461539
0 0.5901442307692307 0.19831730769230768 0.056490384615384616 0.06971153846153846
0 0.5793269230769231 0.25 0.05889423076923077 0.06610576923076923
0 0.5721153846153846 0.30288461538461536 0.056490384615384616 0.06610576923076923
0 0.5685096153846154 0.359375 0.06009615384615385 0.06850961538461539
0 0.5552884615384616 0.4074519230769231 0.057692307692307696 0.06610576923076923
0 0.5432692307692307 0.46153846153846156 0.05889423076923077 0.06610576923076923
0 0.5324519230769231 0.5120192307692307 0.06009615384615385 0.07091346153846154
0 0.5252403846153846 0.5661057692307693 0.06129807692307692 0.06490384615384616
0 0.5180288461538461 0.625 0.06370192307692307 0.0733173076923077
0 0.5036057692307693 0.6802884615384616 0.06129807692307692 0.06610576923076923
0 0.49158653846153844 0.7319711538461539 0.06009615384615385 0.06370192307692307
0 0.48197115384615385 0.7932692307692307 0.06370192307692307 0.07211538461538461
0 0.4735576923076923 0.8509615384615384 0.06490384615384616 0.07451923076923077
0 0.46153846153846156 0.9026442307692307 0.06610576923076923 0.07692307692307693
0 0.4495192307692308 0.9579326923076923 0.06610576923076923 0.07692307692307693
0 0.4543269230769231 0.026442307692307692 0.06129807692307692 0.052884615384615384
0 0.4326923076923077 0.05889423076923077 0.05889423076923077 0.06370192307692307
0 0.4206730769230769 0.10697115384615384 0.05889423076923077 0.06610576923076923
0 0.41586538461538464 0.15985576923076922 0.05048076923076923 0.06610576923076923
0 0.39783653846153844 0.2091346153846154 0.04807692307692308 0.056490384615384616
0 0.3894230769230769 0.25841346153846156 0.05889423076923077 0.07091346153846154
0 0.3786057692307692 0.3137019230769231 0.05048076923076923 0.06009615384615385
0 0.37740384615384615 0.36899038461538464 0.05889423076923077 0.06850961538461539
0 0.36778846153846156 0.4206730769230769 0.057692307692307696 0.0625
0 0.35336538461538464 0.47115384615384615 0.057692307692307696 0.06850961538461539
0 0.3401442307692308 0.5240384615384616 0.056490384615384616 0.07091346153846154
0 0.3293269230769231 0.5805288461538461 0.0625 0.07211538461538461
0 0.31850961538461536 0.6334134615384616 0.0625 0.0733173076923077
0 0.3088942307692308 0.6911057692307693 0.06129807692307692 0.07091346153846154
0 0.3016826923076923 0.7487980769230769 0.06370192307692307 0.07211538461538461
0 0.29086538461538464 0.8040865384615384 0.06370192307692307 0.07211538461538461
0 0.2848557692307692 0.8605769230769231 0.056490384615384616 0.07091346153846154
0 0.2668269230769231 0.9122596153846154 0.07211538461538461 0.06850961538461539
0 0.2536057692307692 0.9651442307692307 0.06850961538461539 0.06610576923076923