0 0.8870192307692307 0.3425480769230769 0.055288461538461536 0.056490384615384616
0 0.7103365384615384 0.3942307692307692 0.03245192307692308 0.11658653846153846
0 0.7175480769230769 0.23557692307692307 0.03125 0.12139423076923077
0 0.7199519230769231 0.09615384615384616 0.03365384615384615 0.12139423076923077
0 0.5685096153846154 0.15745192307692307 0.056490384615384616 0.054086538461538464
0 0.5721153846153846 0.21514423076923078 0.057692307692307696 0.04567307692307692
0 0.5733173076923077 0.27163461538461536 0.05889423076923077 0.055288461538461536
0 0.5721153846153846 0.33052884615384615 0.05889423076923077 0.046875
0 0.5697115384615384 0.3858173076923077 0.06009615384615385 0.04807692307692308
0 0.5697115384615384 0.44350961538461536 0.06129807692307692 0.054086538461538464
0 0.5649038461538461 0.5 0.06370192307692307 0.04447115384615385
0 0.5661057692307693 0.5637019230769231 0.06610576923076923 0.05048076923076923
0 0.5637019230769231 0.6165865384615384 0.06009615384615385 0.054086538461538464
0 0.5637019230769231 0.6730769230769231 0.057692307692307696 0.05048076923076923
0 0.5625 0.7295673076923077 0.06370192307692307 0.054086538461538464
0 0.5564903846153846 0.7884615384615384 0.06129807692307692 0.05048076923076923
0 0.4230769230769231 0.7091346153846154 0.06009615384615385 0.07211538461538461
0 0.4266826923076923 0.6418269230769231 0.05889423076923077 0.06490384615384616
0 0.42427884615384615 0.5877403846153846 0.055288461538461536 0.06971153846153846
0 0.43028846153846156 0.28846153846153844 0.057692307692307696 0.07692307692307693
0 0.2956730769230769 0.9591346153846154 0.07091346153846154 0.07451923076923077
0 0.2932692307692308 0.8774038461538461 0.055288461538461536 0.08173076923076923
0 0.3016826923076923 0.8233173076923077 0.054086538461538464 0.06009615384615385
0 0.2920673076923077 0.75 0.06129807692307692 0.07692307692307693
0 0.2956730769230769 0.6887019230769231 0.06129807692307692 0.07091346153846154
0 0.2956730769230769 0.6225961538461539 0.054086538461538464 0.07211538461538461
0 0.30408653846153844 0.5612980769230769 0.052884615384615384 0.07091346153846154
0 0.30528846153846156 0.49399038461538464 0.04807692307692308 0.07091346153846154
0 0.2956730769230769 0.4230769230769231 0.056490384615384616 0.06610576923076923
0 0.30408653846153844 0.359375 0.052884615384615384 0.0733173076923077
0 0.30528846153846156 0.2932692307692308 0.052884615384615384 0.07091346153846154
0 0.3088942307692308 0.22355769230769232 0.05889423076923077 0.07692307692307693
0 0.3088942307692308 0.15865384615384615 0.05048076923076923 0.07932692307692307
0 0.30649038461538464 0.0889423076923077 0.06129807692307692 0.08774038461538461
0 0.3125 0.036057692307692304 0.0625 0.07211538461538461