0 0.6502403846153846 0.13942307692307693 0.026442307692307692 0.11899038461538461
0 0.6490384615384616 0.2860576923076923 0.030048076923076924 0.11778846153846154
0 0.6430288461538461 0.4182692307692308 0.028846153846153848 0.11538461538461539
0 0.6454326923076923 0.5685096153846154 0.028846153846153848 0.12139423076923077
0 0.6742788461538461 0.8185096153846154 0.04567307692307692 0.11899038461538461
0 0.8137019230769231 0.9639423076923077 0.05889423076923077 0.05889423076923077
0 0.6418269230769231 0.8689903846153846 0.030048076923076924 0.109375
0 0.49399038461538464 0.9699519230769231 0.05889423076923077 0.051682692307692304
0 0.49399038461538464 0.9122596153846154 0.05889423076923077 0.055288461538461536
0 0.4951923076923077 0.8545673076923077 0.052884615384615384 0.04807692307692308
0 0.49278846153846156 0.796875 0.057692307692307696 0.052884615384615384
0 0.34975961538461536 0.9362980769230769 0.05889423076923077 0.07692307692307693
0 0.2247596153846154 0.9447115384615384 0.054086538461538464 0.07692307692307693
0 0.22596153846153846 0.8689903846153846 0.06370192307692307 0.08052884615384616
0 0.21995192307692307 0.7980769230769231 0.06610576923076923 0.0829326923076923
0 0.22235576923076922 0.7403846153846154 0.0673076923076923 0.09134615384615384
0 0.2247596153846154 0.6778846153846154 0.06610576923076923 0.08052884615384616
0 0.22596153846153846 0.6057692307692307 0.06850961538461539 0.07692307692307693
0 0.23076923076923078 0.5384615384615384 0.056490384615384616 0.0733173076923077
0 0.22956730769230768 0.46634615384615385 0.0673076923076923 0.07932692307692307
0 0.2283653846153846 0.39903846153846156 0.06129807692307692 0.07451923076923077
0 0.2247596153846154 0.328125 0.06370192307692307 0.08173076923076923
0 0.2283653846153846 0.2692307692307692 0.06129807692307692 0.07451923076923077
0 0.23317307692307693 0.20552884615384615 0.06610576923076923 0.0733173076923077
0 0.23076923076923078 0.14182692307692307 0.06850961538461539 0.07692307692307693
0 0.22956730769230768 0.06009615384615385 0.06129807692307692 0.07692307692307693
0 0.2403846153846154 0.021634615384615384 0.052884615384615384 0.04326923076923077
0 0.36778846153846156 0.05048076923076923 0.05889423076923077 0.07692307692307693
0 0.359375 0.016826923076923076 0.055288461538461536 0.03365384615384615
0 0.5048076923076923 0.04326923076923077 0.056490384615384616 0.05889423076923077
0 0.5012019230769231 0.15504807692307693 0.055288461538461536 0.054086538461538464
0 0.49278846153846156 0.21995192307692307 0.05889423076923077 0.056490384615384616
0 0.4987980769230769 0.453125 0.05048076923076923 0.046875
0 0.4963942307692308 0.6274038461538461 0.06370192307692307 0.051682692307692304
0 0.3557692307692308 0.5240384615384616 0.06490384615384616 0.08173076923076923
0 0.3557692307692308 0.4074519230769231 0.06129807692307692 0.078125