0 0.7259615384615384 0.9110576923076923 0.08653846153846154 0.08413461538461539
0 0.7536057692307693 0.8449519230769231 0.07451923076923077 0.09254807692307693
0 0.7427884615384616 0.7463942307692307 0.078125 0.11778846153846154
0 0.7439903846153846 0.6682692307692307 0.05048076923076923 0.07932692307692307
0 0.7307692307692307 0.5697115384615384 0.06370192307692307 0.09495192307692307
0 0.7091346153846154 0.4675480769230769 0.08173076923076923 0.11057692307692307
0 0.6995192307692307 0.36778846153846156 0.07692307692307693 0.11057692307692307
0 0.7043269230769231 0.28365384615384615 0.06610576923076923 0.09495192307692307
0 0.6995192307692307 0.19591346153846154 0.078125 0.11057692307692307
0 0.6971153846153846 0.11298076923076923 0.06610576923076923 0.10336538461538461
0 0.5444711538461539 0.027644230769230768 0.07451923076923077 0.055288461538461536
0 0.5504807692307693 0.09495192307692307 0.07932692307692307 0.06971153846153846
0 0.5528846153846154 0.1658653846153846 0.0829326923076923 0.06610576923076923
0 0.5504807692307693 0.23557692307692307 0.078125 0.06370192307692307
0 0.5528846153846154 0.30649038461538464 0.08413461538461539 0.06370192307692307
0 0.5564903846153846 0.38461538461538464 0.08774038461538461 0.06370192307692307
0 0.5600961538461539 0.4495192307692308 0.08173076923076923 0.05889423076923077
0 0.5612980769230769 0.5973557692307693 0.08052884615384616 0.06490384615384616
0 0.5757211538461539 0.7355769230769231 0.07451923076923077 0.0625
0 0.33413461538461536 0.7596153846153846 0.07451923076923077 0.05889423076923077
0 0.38221153846153844 0.6814903846153846 0.08653846153846154 0.06610576923076923
0 0.2956730769230769 0.6862980769230769 0.0889423076923077 0.05889423076923077
0 0.1201923076923077 0.703125 0.10096153846153846 0.054086538461538464
0 0.10216346153846154 0.765625 0.0889423076923077 0.0625
0 0.040865384615384616 0.6358173076923077 0.08173076923076923 0.06971153846153846
0 0.11899038461538461 0.4879807692307692 0.08653846153846154 0.055288461538461536
0 0.2920673076923077 0.5420673076923077 0.08533653846153846 0.05889423076923077
0 0.38221153846153844 0.5360576923076923 0.08413461538461539 0.056490384615384616
0 0.3762019230769231 0.46274038461538464 0.078125 0.06490384615384616
0 0.28725961538461536 0.4735576923076923 0.08413461538461539 0.0625
0 0.2848557692307692 0.4014423076923077 0.07932692307692307 0.06129807692307692
0 0.3737980769230769 0.3918269230769231 0.0673076923076923 0.054086538461538464
0 0.36538461538461536 0.32211538461538464 0.0889423076923077 0.0625
0 0.36778846153846156 0.2512019230769231 0.07451923076923077 0.06129807692307692
0 0.36538461538461536 0.1875 0.06971153846153846 0.06129807692307692
0 0.36658653846153844 0.1141826923076923 0.08413461538461539 0.06610576923076923
0 0.36899038461538464 0.03485576923076923 0.08774038461538461 0.06971153846153846
0 0.2776442307692308 0.04447115384615385 0.08173076923076923 0.07451923076923077
0 0.27524038461538464 0.12379807692307693 0.08774038461538461 0.07091346153846154
0 0.2860576923076923 0.18870192307692307 0.0829326923076923 0.06129807692307692
0 0.28725961538461536 0.25600961538461536 0.08413461538461539 0.06009615384615385
0 0.2764423076923077 0.3293269230769231 0.07932692307692307 0.06370192307692307
0 0.11658653846153846 0.41225961538461536 0.09014423076923077 0.06490384615384616
0 0.037259615384615384 0.3713942307692308 0.0733173076923077 0.06850961538461539
0 0.11778846153846154 0.3485576923076923 0.0889423076923077 0.054086538461538464
0 0.09495192307692307 0.2764423076923077 0.09134615384615384 0.06850961538461539
0 0.03125 0.22235576923076922 0.0625 0.07091346153846154
0 0.11298076923076923 0.20552884615384615 0.09014423076923077 0.0625
0 0.11538461538461539 0.1310096153846154 0.0889423076923077 0.07451923076923077
0 0.03125 0.14182692307692307 0.0625 0.06850961538461539
0 0.028846153846153848 0.05889423076923077 0.057692307692307696 0.07091346153846154
0 0.10817307692307693 0.052884615384615384 0.09735576923076923 0.0733173076923077