0 0.7992788461538461 0.203125 0.028846153846153848 0.09495192307692307
0 0.7668269230769231 0.2247596153846154 0.030048076923076924 0.10336538461538461
0 0.734375 0.22355769230769232 0.03125 0.1141826923076923
0 0.7043269230769231 0.20432692307692307 0.03485576923076923 0.1045673076923077
0 0.6754807692307693 0.20432692307692307 0.03365384615384615 0.09735576923076923
0 0.6442307692307693 0.21634615384615385 0.030048076923076924 0.09254807692307693
0 0.6105769230769231 0.20432692307692307 0.027644230769230768 0.09014423076923077
0 0.5817307692307693 0.21153846153846154 0.030048076923076924 0.1045673076923077
0 0.5504807692307693 0.2127403846153846 0.03245192307692308 0.09134615384615384
0 0.5216346153846154 0.234375 0.030048076923076924 0.10817307692307693
0 0.49158653846153844 0.23798076923076922 0.03245192307692308 0.10096153846153846
0 0.45913461538461536 0.23317307692307693 0.030048076923076924 0.09975961538461539
0 0.42427884615384615 0.22956730769230768 0.027644230769230768 0.10096153846153846
0 0.3918269230769231 0.23076923076923078 0.028846153846153848 0.10697115384615384
0 0.3605769230769231 0.234375 0.028846153846153848 0.109375
0 0.3269230769230769 0.24278846153846154 0.03125 0.109375
0 0.2932692307692308 0.2512019230769231 0.03245192307692308 0.11057692307692307
0 0.25841346153846156 0.25721153846153844 0.03245192307692308 0.109375
0 0.22596153846153846 0.26802884615384615 0.03365384615384615 0.0889423076923077
0 0.19110576923076922 0.25600961538461536 0.039663461538461536 0.12139423076923077
0 0.15504807692307693 0.25841346153846156 0.03365384615384615 0.11899038461538461
0 0.1201923076923077 0.25721153846153844 0.037259615384615384 0.10576923076923077
0 0.08413461538461539 0.27524038461538464 0.038461538461538464 0.1141826923076923
0 0.046875 0.26802884615384615 0.038461538461538464 0.11298076923076923
0 0.016826923076923076 0.2644230769230769 0.03245192307692308 0.10576923076923077
0 0.7548076923076923 0.5192307692307693 0.038461538461538464 0.0985576923076923
0 0.7175480769230769 0.5144230769230769 0.027644230769230768 0.10576923076923077
0 0.6911057692307693 0.5180288461538461 0.03125 0.10096153846153846
0 0.6574519230769231 0.5240384615384616 0.028846153846153848 0.10817307692307693
0 0.6262019230769231 0.5324519230769231 0.030048076923076924 0.10576923076923077
0 0.5973557692307693 0.5444711538461539 0.028846153846153848 0.109375
0 0.5649038461538461 0.5432692307692307 0.028846153846153848 0.10336538461538461
0 0.5336538461538461 0.5432692307692307 0.026442307692307692 0.10336538461538461
0 0.5024038461538461 0.5456730769230769 0.028846153846153848 0.10817307692307693
0 0.47115384615384615 0.5540865384615384 0.030048076923076924 0.10817307692307693
0 0.4375 0.5612980769230769 0.027644230769230768 0.11298076923076923
0 0.4050480769230769 0.5564903846153846 0.030048076923076924 0.11298076923076923
0 0.3737980769230769 0.5600961538461539 0.03245192307692308 0.11298076923076923
0 0.33774038461538464 0.5661057692307693 0.03245192307692308 0.11057692307692307
0 0.30528846153846156 0.5745192307692307 0.03485576923076923 0.11778846153846154
0 0.27163461538461536 0.5733173076923077 0.03245192307692308 0.12139423076923077
0 0.23918269230769232 0.5769230769230769 0.030048076923076924 0.11658653846153846
0 0.19951923076923078 0.5721153846153846 0.03245192307692308 0.10817307692307693
0 0.1658653846153846 0.5817307692307693 0.036057692307692304 0.1141826923076923
0 0.13221153846153846 0.5985576923076923 0.03365384615384615 0.11298076923076923
0 0.09735576923076923 0.6069711538461539 0.03485576923076923 0.109375
0 0.0625 0.6141826923076923 0.036057692307692304 0.11298076923076923
0 0.028846153846153848 0.6129807692307693 0.037259615384615384 0.11538461538461539
0 0.7355769230769231 0.5997596153846154 0.054086538461538464 0.04807692307692308
0 0.6778846153846154 0.6057692307692307 0.054086538461538464 0.042067307692307696
0 0.6153846153846154 0.6262019230769231 0.06129807692307692 0.04447115384615385
0 0.5492788461538461 0.6334134615384616 0.06009615384615385 0.04807692307692308
0 0.47836538461538464 0.6466346153846154 0.06370192307692307 0.052884615384615384
0 0.4182692307692308 0.6538461538461539 0.05048076923076923 0.04807692307692308
0 0.3557692307692308 0.6622596153846154 0.06370192307692307 0.05048076923076923
0 0.29086538461538464 0.6754807692307693 0.06129807692307692 0.051682692307692304
0 0.21995192307692307 0.6850961538461539 0.06850961538461539 0.052884615384615384
0 0.14302884615384615 0.6983173076923077 0.07211538461538461 0.06129807692307692
0 0.07451923076923077 0.7055288461538461 0.06850961538461539 0.05048076923076923
0 0.018028846153846152 0.7103365384615384 0.036057692307692304 0.055288461538461536
0 0.8173076923076923 0.7572115384615384 0.03485576923076923 0.109375
0 0.7836538461538461 0.7752403846153846 0.03245192307692308 0.10576923076923077
0 0.7560096153846154 0.7884615384615384 0.03245192307692308 0.1045673076923077
0 0.7259615384615384 0.7920673076923077 0.03125 0.10336538461538461
0 0.6947115384615384 0.8040865384615384 0.030048076923076924 0.11057692307692307
0 0.6682692307692307 0.7980769230769231 0.030048076923076924 0.10336538461538461
0 0.6394230769230769 0.7980769230769231 0.027644230769230768 0.10096153846153846
0 0.6057692307692307 0.8425480769230769 0.027644230769230768 0.10817307692307693
0 0.5769230769230769 0.8064903846153846 0.027644230769230768 0.10336538461538461
0 0.5432692307692307 0.8425480769230769 0.03245192307692308 0.1141826923076923
0 0.5120192307692307 0.8425480769230769 0.030048076923076924 0.11057692307692307
0 0.4795673076923077 0.8377403846153846 0.026442307692307692 0.0985576923076923
0 0.4483173076923077 0.8389423076923077 0.025240384615384616 0.09735576923076923
0 0.41586538461538464 0.8497596153846154 0.03125 0.11057692307692307
0 0.38461538461538464 0.8533653846153846 0.028846153846153848 0.10096153846153846
0 0.35096153846153844 0.8665865384615384 0.030048076923076924 0.11658653846153846
0 0.31850961538461536 0.8713942307692307 0.030048076923076924 0.11899038461538461
0 0.28725961538461536 0.8918269230769231 0.03125 0.109375
0 0.25240384615384615 0.8834134615384616 0.03245192307692308 0.11538461538461539
0 0.21875 0.890625 0.03245192307692308 0.1141826923076923
0 0.18269230769230768 0.9026442307692307 0.037259615384615384 0.125
0 0.14903846153846154 0.9002403846153846 0.03485576923076923 0.12259615384615384
0 0.11658653846153846 0.9014423076923077 0.036057692307692304 0.12379807692307693
0 0.07932692307692307 0.9086538461538461 0.03485576923076923 0.12139423076923077
0 0.04447115384615385 0.9182692307692307 0.037259615384615384 0.11778846153846154
0 0.013221153846153846 0.9194711538461539 0.026442307692307692 0.11778846153846154