0 0.4807692307692308 0.9086538461538461 0.06009615384615385 0.04447115384615385
0 0.47836538461538464 0.8545673076923077 0.06129807692307692 0.05048076923076923
0 0.2620192307692308 0.9735576923076923 0.06009615384615385 0.05048076923076923
0 0.6983173076923077 0.9086538461538461 0.06009615384615385 0.04567307692307692
0 0.6286057692307693 0.859375 0.056490384615384616 0.05048076923076923
0 0.2608173076923077 0.8100961538461539 0.05889423076923077 0.051682692307692304
0 0.25721153846153844 0.7536057692307693 0.054086538461538464 0.05048076923076923
0 0.25961538461538464 0.7019230769230769 0.055288461538461536 0.04567307692307692
0 0.39903846153846156 0.6358173076923077 0.05889423076923077 0.052884615384615384
0 0.47475961538461536 0.6334134615384616 0.055288461538461536 0.05048076923076923
0 0.4735576923076923 0.6862980769230769 0.054086538461538464 0.04447115384615385
0 0.4014423076923077 0.6935096153846154 0.05889423076923077 0.055288461538461536
0 0.40384615384615385 0.7463942307692307 0.054086538461538464 0.046875
0 0.47596153846153844 0.7391826923076923 0.06370192307692307 0.051682692307692304
0 0.625 0.7487980769230769 0.057692307692307696 0.05048076923076923
0 0.6262019230769231 0.7980769230769231 0.055288461538461536 0.046875
0 0.40625 0.8581730769230769 0.06370192307692307 0.04807692307692308
0 0.47836538461538464 0.9639423076923077 0.06370192307692307 0.051682692307692304
0 0.4050480769230769 0.9711538461538461 0.05889423076923077 0.046875
0 0.4110576923076923 0.9122596153846154 0.052884615384615384 0.05048076923076923
0 0.47836538461538464 0.8004807692307693 0.06009615384615385 0.04807692307692308
0 0.41225961538461536 0.8064903846153846 0.055288461538461536 0.04567307692307692
0 0.6911057692307693 0.6899038461538461 0.05889423076923077 0.04807692307692308
0 0.6911057692307693 0.7487980769230769 0.06129807692307692 0.05048076923076923
0 0.6947115384615384 0.7980769230769231 0.06129807692307692 0.04326923076923077
0 0.6983173076923077 0.8557692307692307 0.06009615384615385 0.05048076923076923
0 0.6237980769230769 0.9170673076923077 0.056490384615384616 0.04326923076923077
0 0.39783653846153844 0.5829326923076923 0.052884615384615384 0.04807692307692308
0 0.6826923076923077 0.5192307692307693 0.06129807692307692 0.05048076923076923
0 0.6105769230769231 0.5252403846153846 0.052884615384615384 0.04567307692307692
0 0.4699519230769231 0.5733173076923077 0.05889423076923077 0.052884615384615384
0 0.4651442307692308 0.5192307692307693 0.06370192307692307 0.046875
0 0.39903846153846156 0.5264423076923077 0.06129807692307692 0.046875
0 0.4026442307692308 0.4675480769230769 0.05889423076923077 0.04567307692307692
0 0.46875 0.46153846153846156 0.06129807692307692 0.04807692307692308
0 0.13701923076923078 0.46274038461538464 0.057692307692307696 0.046875
0 0.25961538461538464 0.5336538461538461 0.05889423076923077 0.04567307692307692
0 0.265625 0.47475961538461536 0.05048076923076923 0.05048076923076923
0 0.2608173076923077 0.5865384615384616 0.06610576923076923 0.04567307692307692
0 0.25721153846153844 0.6418269230769231 0.05889423076923077 0.04807692307692308
0 0.625 0.6947115384615384 0.0625 0.046875
0 0.6899038461538461 0.6334134615384616 0.057692307692307696 0.054086538461538464
0 0.6814903846153846 0.578125 0.04807692307692308 0.05048076923076923
0 0.8269230769230769 0.4579326923076923 0.04807692307692308 0.046875
0 0.8293269230769231 0.5144230769230769 0.06009615384615385 0.04447115384615385
0 0.8377403846153846 0.5661057692307693 0.06129807692307692 0.046875
0 0.8377403846153846 0.6189903846153846 0.055288461538461536 0.05048076923076923
0 0.8365384615384616 0.6706730769230769 0.06129807692307692 0.046875
0 0.8377403846153846 0.7259615384615384 0.06370192307692307 0.052884615384615384
0 0.8389423076923077 0.7836538461538461 0.06129807692307692 0.05048076923076923
0 0.8401442307692307 0.8377403846153846 0.06129807692307692 0.052884615384615384
0 0.8389423076923077 0.8918269230769231 0.057692307692307696 0.05048076923076923
0 0.8377403846153846 0.9435096153846154 0.05889423076923077 0.046875
0 0.6153846153846154 0.5817307692307693 0.056490384615384616 0.052884615384615384
0 0.2692307692307692 0.8605769230769231 0.052884615384615384 0.04807692307692308
0 0.2668269230769231 0.9182692307692307 0.052884615384615384 0.046875
0 0.6814903846153846 0.4651442307692308 0.06129807692307692 0.05048076923076923
0 0.8161057692307693 0.3473557692307692 0.055288461538461536 0.04807692307692308
0 0.8197115384615384 0.39663461538461536 0.05889423076923077 0.04807692307692308
0 0.8185096153846154 0.2956730769230769 0.06610576923076923 0.054086538461538464
0 0.8233173076923077 0.2439903846153846 0.06129807692307692 0.04807692307692308
0 0.8221153846153846 0.18870192307692307 0.06129807692307692 0.051682692307692304
0 0.8185096153846154 0.13341346153846154 0.04567307692307692 0.04807692307692308
0 0.8197115384615384 0.08653846153846154 0.05889423076923077 0.05048076923076923
0 0.6754807692307693 0.40865384615384615 0.055288461538461536 0.05048076923076923
0 0.6129807692307693 0.47115384615384615 0.04927884615384615 0.051682692307692304
0 0.6105769230769231 0.41225961538461536 0.056490384615384616 0.04567307692307692
0 0.6778846153846154 0.35336538461538464 0.0625 0.05048076923076923
0 0.6105769230769231 0.359375 0.06370192307692307 0.05048076923076923
0 0.6802884615384616 0.3004807692307692 0.06129807692307692 0.05048076923076923
0 0.6069711538461539 0.30288461538461536 0.0625 0.04807692307692308
0 0.6754807692307693 0.24759615384615385 0.056490384615384616 0.046875
0 0.6129807692307693 0.2512019230769231 0.06129807692307692 0.054086538461538464
0 0.6754807692307693 0.18990384615384615 0.056490384615384616 0.051682692307692304
0 0.6081730769230769 0.1971153846153846 0.04927884615384615 0.046875
0 0.6730769230769231 0.13942307692307693 0.04807692307692308 0.04567307692307692
0 0.6682692307692307 0.0889423076923077 0.057692307692307696 0.051682692307692304
0 0.6081730769230769 0.14423076923076922 0.056490384615384616 0.052884615384615384
0 0.6045673076923077 0.09014423076923077 0.056490384615384616 0.04807692307692308
0 0.6802884615384616 0.037259615384615384 0.055288461538461536 0.04447115384615385
0 0.4675480769230769 0.4074519230769231 0.06370192307692307 0.052884615384615384
0 0.39903846153846156 0.41586538461538464 0.055288461538461536 0.04567307692307692
0 0.3918269230769231 0.35697115384615385 0.056490384615384616 0.052884615384615384
0 0.4699519230769231 0.34975961538461536 0.056490384615384616 0.04326923076923077
0 0.6033653846153846 0.038461538461538464 0.05889423076923077 0.04807692307692308
0 0.6045673076923077 0.006009615384615385 0.057692307692307696 0.01201923076923077
0 0.4050480769230769 0.3016826923076923 0.056490384615384616 0.05048076923076923
0 0.4699519230769231 0.3004807692307692 0.055288461538461536 0.052884615384615384
0 0.4651442307692308 0.2439903846153846 0.06009615384615385 0.05048076923076923
0 0.39663461538461536 0.24759615384615385 0.05889423076923077 0.051682692307692304
0 0.4675480769230769 0.19110576923076922 0.05889423076923077 0.05048076923076923
0 0.39663461538461536 0.19471153846153846 0.057692307692307696 0.04807692307692308
0 0.39783653846153844 0.14302884615384615 0.052884615384615384 0.04567307692307692
0 0.4675480769230769 0.13701923076923078 0.05889423076923077 0.052884615384615384
0 0.4699519230769231 0.08653846153846154 0.06129807692307692 0.05048076923076923
0 0.3942307692307692 0.09495192307692307 0.055288461538461536 0.051682692307692304
0 0.39663461538461536 0.037259615384615384 0.0625 0.052884615384615384
0 0.4699519230769231 0.03485576923076923 0.055288461538461536 0.051682692307692304
0 0.1201923076923077 0.007211538461538462 0.04807692307692308 0.014423076923076924
0 0.11778846153846154 0.037259615384615384 0.06610576923076923 0.051682692307692304
0 0.1201923076923077 0.0889423076923077 0.06610576923076923 0.051682692307692304
0 0.125 0.14182692307692307 0.06370192307692307 0.04807692307692308
0 0.13221153846153846 0.4074519230769231 0.056490384615384616 0.04567307692307692
0 0.26802884615384615 0.15264423076923078 0.055288461538461536 0.04447115384615385
0 0.2644230769230769 0.20793269230769232 0.056490384615384616 0.054086538461538464
0 0.25961538461538464 0.2620192307692308 0.046875 0.04807692307692308
0 0.265625 0.31490384615384615 0.057692307692307696 0.04567307692307692
0 0.2536057692307692 0.36538461538461536 0.056490384615384616 0.05048076923076923
0 0.2644230769230769 0.4230769230769231 0.06490384615384616 0.04807692307692308
0 0.2127403846153846 0.9158653846153846 0.030048076923076924 0.10817307692307693
0 0.21754807692307693 0.9891826923076923 0.025240384615384616 0.018028846153846152
0 0.8377403846153846 0.984375 0.06490384615384616 0.027644230769230768
0 0.6274038461538461 0.9675480769230769 0.06129807692307692 0.051682692307692304
0 0.6983173076923077 0.9615384615384616 0.06129807692307692 0.051682692307692304
0 0.6141826923076923 0.6394230769230769 0.057692307692307696 0.051682692307692304