0 0.9026442307692307 0.1778846153846154 0.055288461538461536 0.04567307692307692
0 0.8425480769230769 0.17067307692307693 0.051682692307692304 0.04567307692307692
0 0.5925480769230769 0.15264423076923078 0.055288461538461536 0.046875
0 0.49038461538461536 0.14543269230769232 0.052884615384615384 0.04807692307692308
0 0.4254807692307692 0.14423076923076922 0.056490384615384616 0.046875
0 0.34975961538461536 0.14423076923076922 0.06129807692307692 0.04807692307692308
0 0.16346153846153846 0.14543269230769232 0.056490384615384616 0.04447115384615385
0 0.21634615384615385 0.15144230769230768 0.055288461538461536 0.05048076923076923
0 0.9903846153846154 0.39903846153846156 0.018028846153846152 0.10336538461538461
0 0.9699519230769231 0.4026442307692308 0.030048076923076924 0.0889423076923077
0 0.9435096153846154 0.39302884615384615 0.027644230769230768 0.0889423076923077
0 0.9158653846153846 0.3954326923076923 0.02403846153846154 0.05889423076923077
0 0.8894230769230769 0.3942307692307692 0.026442307692307692 0.09254807692307693
0 0.8629807692307693 0.390625 0.028846153846153848 0.09254807692307693
0 0.8365384615384616 0.4050480769230769 0.028846153846153848 0.1045673076923077
0 0.8052884615384616 0.3942307692307692 0.025240384615384616 0.109375
0 0.7800480769230769 0.3918269230769231 0.027644230769230768 0.09014423076923077
0 0.7536057692307693 0.39302884615384615 0.025240384615384616 0.0985576923076923
0 0.7307692307692307 0.40024038461538464 0.03125 0.109375
0 0.6971153846153846 0.3918269230769231 0.025240384615384616 0.0985576923076923
0 0.671875 0.3858173076923077 0.026442307692307692 0.0985576923076923
0 0.6418269230769231 0.38100961538461536 0.026442307692307692 0.1045673076923077
0 0.6117788461538461 0.39663461538461536 0.02403846153846154 0.1045673076923077
0 0.5817307692307693 0.38100961538461536 0.025240384615384616 0.10336538461538461
0 0.5552884615384616 0.38341346153846156 0.02403846153846154 0.09615384615384616
0 0.5240384615384616 0.38341346153846156 0.025240384615384616 0.10576923076923077
0 0.4951923076923077 0.3858173076923077 0.025240384615384616 0.10336538461538461
0 0.4651442307692308 0.3786057692307692 0.025240384615384616 0.10576923076923077
0 0.4362980769230769 0.38461538461538464 0.025240384615384616 0.10336538461538461
0 0.40384615384615385 0.37740384615384615 0.025240384615384616 0.1045673076923077
0 0.3713942307692308 0.3713942307692308 0.025240384615384616 0.08653846153846154
0 0.3401442307692308 0.38221153846153844 0.025240384615384616 0.10817307692307693
0 0.3076923076923077 0.3870192307692308 0.027644230769230768 0.0985576923076923
0 0.30649038461538464 0.4963942307692308 0.030048076923076924 0.109375
0 0.9543269230769231 0.6153846153846154 0.037259615384615384 0.09014423076923077
0 0.9819711538461539 0.6129807692307693 0.03485576923076923 0.0985576923076923
0 0.9807692307692307 0.7980769230769231 0.037259615384615384 0.09134615384615384
0 0.8473557692307693 0.6129807692307693 0.03245192307692308 0.09735576923076923
0 0.8185096153846154 0.6069711538461539 0.03365384615384615 0.09735576923076923
0 0.7644230769230769 0.6069711538461539 0.03365384615384615 0.09615384615384616
0 0.6213942307692307 0.6069711538461539 0.03365384615384615 0.09735576923076923
0 0.5877403846153846 0.6009615384615384 0.036057692307692304 0.09975961538461539
0 0.5612980769230769 0.6057692307692307 0.03365384615384615 0.09975961538461539
0 0.5324519230769231 0.6045673076923077 0.03485576923076923 0.10096153846153846
0 0.4098557692307692 0.6009615384615384 0.03485576923076923 0.09014423076923077
0 0.38221153846153844 0.6105769230769231 0.03485576923076923 0.09735576923076923
0 0.35336538461538464 0.5985576923076923 0.028846153846153848 0.08653846153846154
0 0.9170673076923077 0.8004807692307693 0.040865384615384616 0.08774038461538461
0 0.8942307692307693 0.7932692307692307 0.04567307692307692 0.10336538461538461
0 0.7295673076923077 0.8040865384615384 0.040865384615384616 0.09254807692307693
0 0.6634615384615384 0.8004807692307693 0.042067307692307696 0.10336538461538461
0 0.6322115384615384 0.8004807692307693 0.037259615384615384 0.09254807692307693
0 0.53125 0.8028846153846154 0.04326923076923077 0.11298076923076923
0 0.49399038461538464 0.8125 0.03485576923076923 0.1045673076923077
0 0.46153846153846156 0.8064903846153846 0.037259615384615384 0.09615384615384616
0 0.4266826923076923 0.8100961538461539 0.038461538461538464 0.0985576923076923
0 0.3629807692307692 0.8052884615384616 0.037259615384615384 0.09254807692307693
0 0.33052884615384615 0.796875 0.03485576923076923 0.10576923076923077
0 0.2980769230769231 0.8040865384615384 0.03245192307692308 0.09495192307692307
0 0.26802884615384615 0.7956730769230769 0.038461538461538464 0.0985576923076923
0 0.23918269230769232 0.7824519230769231 0.03485576923076923 0.09495192307692307