0 0.5168269230769231 0.4963942307692308 0.042067307692307696 0.1622596153846154
0 0.5637019230769231 0.484375 0.042067307692307696 0.12620192307692307
0 0.6009615384615384 0.45913461538461536 0.05048076923076923 0.15985576923076922
0 0.4254807692307692 0.5072115384615384 0.04326923076923077 0.16105769230769232
0 0.38100961538461536 0.5120192307692307 0.04326923076923077 0.15384615384615385
0 0.33533653846153844 0.5240384615384616 0.042067307692307696 0.15745192307692307
0 0.2848557692307692 0.5420673076923077 0.04567307692307692 0.1658653846153846
0 0.0673076923076923 0.9399038461538461 0.07692307692307693 0.07211538461538461
0 0.2848557692307692 0.8112980769230769 0.0889423076923077 0.078125
0 0.38461538461538464 0.8209134615384616 0.08533653846153846 0.06850961538461539
0 0.037259615384615384 0.06129807692307692 0.07451923076923077 0.0829326923076923
0 0.08774038461538461 0.4411057692307692 0.0829326923076923 0.07692307692307693
0 0.24639423076923078 0.09615384615384616 0.040865384615384616 0.13701923076923078
0 0.29086538461538464 0.0733173076923077 0.038461538461538464 0.14543269230769232
0 0.3317307692307692 0.06370192307692307 0.038461538461538464 0.12740384615384615
0 0.3701923076923077 0.05889423076923077 0.042067307692307696 0.11778846153846154
0 0.4110576923076923 0.054086538461538464 0.04326923076923077 0.10817307692307693
0 0.4951923076923077 0.05048076923076923 0.038461538461538464 0.10096153846153846
0 0.5348557692307693 0.040865384615384616 0.037259615384615384 0.08052884615384616
0 0.5757211538461539 0.03485576923076923 0.037259615384615384 0.06971153846153846
0 0.6189903846153846 0.04447115384615385 0.038461538461538464 0.0889423076923077
0 0.7019230769230769 0.36538461538461536 0.04326923076923077 0.1502403846153846
0 0.7487980769230769 0.35336538461538464 0.04326923076923077 0.15384615384615385
0 0.7860576923076923 0.3425480769230769 0.04807692307692308 0.15745192307692307
0 0.8605769230769231 0.3317307692307692 0.05048076923076923 0.1502403846153846
0 0.8978365384615384 0.3233173076923077 0.05048076923076923 0.15264423076923078
0 0.9362980769230769 0.3125 0.05048076923076923 0.13581730769230768
0 0.9711538461538461 0.3088942307692308 0.055288461538461536 0.1502403846153846
0 0.5925480769230769 0.7463942307692307 0.0985576923076923 0.06971153846153846
0 0.7019230769230769 0.7560096153846154 0.08774038461538461 0.0733173076923077
0 0.7019230769230769 0.8377403846153846 0.0889423076923077 0.0733173076923077
0 0.7007211538461539 0.9182692307692307 0.08533653846153846 0.06971153846153846
0 0.7019230769230769 0.9783653846153846 0.0889423076923077 0.040865384615384616
0 0.5925480769230769 0.9795673076923077 0.07932692307692307 0.038461538461538464
0 0.8942307692307693 0.6971153846153846 0.07932692307692307 0.06370192307692307
0 0.9675480769230769 0.7043269230769231 0.0625 0.06971153846153846
0 0.8978365384615384 0.7752403846153846 0.08774038461538461 0.0625
0 0.9699519230769231 0.7824519230769231 0.056490384615384616 0.06971153846153846
0 0.8978365384615384 0.8485576923076923 0.08774038461538461 0.06370192307692307
0 0.9675480769230769 0.8557692307692307 0.06129807692307692 0.07091346153846154
0 0.8966346153846154 0.9206730769230769 0.07572115384615384 0.07091346153846154
0 0.9699519230769231 0.9290865384615384 0.056490384615384616 0.07211538461538461