0 0.5036057692307693 0.2247596153846154 0.0625 0.051682692307692304
0 0.5012019230769231 0.2776442307692308 0.05889423076923077 0.04807692307692308
0 0.5072115384615384 0.3293269230769231 0.0625 0.046875
0 0.5132211538461539 0.38341346153846156 0.05889423076923077 0.04807692307692308
0 0.5120192307692307 0.43990384615384615 0.056490384615384616 0.04326923076923077
0 0.5144230769230769 0.49399038461538464 0.0625 0.051682692307692304
0 0.5168269230769231 0.5528846153846154 0.0625 0.04567307692307692
0 0.5180288461538461 0.609375 0.0625 0.04807692307692308
0 0.5192307692307693 0.6670673076923077 0.05889423076923077 0.04447115384615385
0 0.5252403846153846 0.7223557692307693 0.06370192307692307 0.051682692307692304
0 0.5288461538461539 0.7776442307692307 0.06129807692307692 0.05048076923076923
0 0.5264423076923077 0.8293269230769231 0.06129807692307692 0.054086538461538464
0 0.5324519230769231 0.8858173076923077 0.05889423076923077 0.05048076923076923
0 0.5228365384615384 0.9411057692307693 0.0625 0.051682692307692304
0 0.5252403846153846 0.984375 0.06129807692307692 0.026442307692307692
0 0.75 0.9783653846153846 0.052884615384615384 0.040865384615384616
0 0.8846153846153846 0.9675480769230769 0.056490384615384616 0.04447115384615385
0 0.8810096153846154 0.9158653846153846 0.05889423076923077 0.04807692307692308
0 0.8810096153846154 0.8605769230769231 0.0625 0.054086538461538464
0 0.8822115384615384 0.8100961538461539 0.05889423076923077 0.05048076923076923
0 0.8798076923076923 0.7584134615384616 0.052884615384615384 0.05048076923076923
0 0.8822115384615384 0.6959134615384616 0.06610576923076923 0.052884615384615384
0 0.8822115384615384 0.640625 0.06129807692307692 0.05048076923076923
0 0.8810096153846154 0.5841346153846154 0.05889423076923077 0.04807692307692308
0 0.8737980769230769 0.3269230769230769 0.06610576923076923 0.046875
0 0.8713942307692307 0.2692307692307692 0.0625 0.04807692307692308
0 0.8653846153846154 0.21754807692307693 0.056490384615384616 0.04447115384615385
0 0.8581730769230769 0.16826923076923078 0.05889423076923077 0.051682692307692304
0 0.8509615384615384 0.11899038461538461 0.055288461538461536 0.046875
0 0.8509615384615384 0.06490384615384616 0.056490384615384616 0.054086538461538464
0 0.8497596153846154 0.021634615384615384 0.06009615384615385 0.04326923076923077
0 0.7151442307692307 0.021634615384615384 0.057692307692307696 0.04326923076923077
0 0.7223557692307693 0.07091346153846154 0.056490384615384616 0.052884615384615384
0 0.7247596153846154 0.12379807692307693 0.054086538461538464 0.05048076923076923
0 0.7295673076923077 0.2283653846153846 0.056490384615384616 0.04807692307692308
0 0.7355769230769231 0.27884615384615385 0.05889423076923077 0.04807692307692308
0 0.734375 0.3317307692307692 0.051682692307692304 0.046875
0 0.7259615384615384 0.4362980769230769 0.052884615384615384 0.046875
0 0.7355769230769231 0.4891826923076923 0.057692307692307696 0.046875
0 0.7331730769230769 0.5444711538461539 0.055288461538461536 0.051682692307692304
0 0.7331730769230769 0.5997596153846154 0.055288461538461536 0.052884615384615384
0 0.6634615384615384 0.6057692307692307 0.05048076923076923 0.052884615384615384
0 0.6658653846153846 0.6622596153846154 0.06009615384615385 0.05048076923076923
0 0.6706730769230769 0.7199519230769231 0.056490384615384616 0.04807692307692308
0 0.6646634615384616 0.5480769230769231 0.06370192307692307 0.046875
0 0.6598557692307693 0.4963942307692308 0.052884615384615384 0.05048076923076923
0 0.6574519230769231 0.44350961538461536 0.06009615384615385 0.051682692307692304
0 0.6550480769230769 0.38461538461538464 0.052884615384615384 0.055288461538461536
0 0.6574519230769231 0.3293269230769231 0.04927884615384615 0.040865384615384616
0 0.5072115384615384 0.17307692307692307 0.054086538461538464 0.04447115384615385
0 0.5048076923076923 0.11658653846153846 0.057692307692307696 0.056490384615384616
0 0.5036057692307693 0.06370192307692307 0.055288461538461536 0.04567307692307692
0 0.5036057692307693 0.020432692307692308 0.057692307692307696 0.040865384615384616
0 0.6574519230769231 0.2800480769230769 0.05889423076923077 0.04567307692307692
0 0.6622596153846154 0.22596153846153846 0.054086538461538464 0.046875
0 0.6490384615384616 0.1658653846153846 0.056490384615384616 0.054086538461538464
0 0.6502403846153846 0.11658653846153846 0.06370192307692307 0.046875
0 0.6550480769230769 0.06490384615384616 0.06370192307692307 0.055288461538461536
0 0.6502403846153846 0.019230769230769232 0.05889423076923077 0.038461538461538464
0 0.7415865384615384 0.9266826923076923 0.055288461538461536 0.04807692307692308
0 0.7451923076923077 0.8677884615384616 0.055288461538461536 0.051682692307692304
0 0.4579326923076923 0.9639423076923077 0.0625 0.054086538461538464
0 0.4567307692307692 0.890625 0.056490384615384616 0.05048076923076923
0 0.4519230769230769 0.8377403846153846 0.057692307692307696 0.05048076923076923
0 0.45913461538461536 0.7776442307692307 0.057692307692307696 0.04447115384615385
0 0.4519230769230769 0.7223557692307693 0.0625 0.052884615384615384
0 0.4495192307692308 0.6634615384615384 0.06129807692307692 0.04807692307692308
0 0.4495192307692308 0.6129807692307693 0.06129807692307692 0.052884615384615384
0 0.4495192307692308 0.5540865384615384 0.06129807692307692 0.04567307692307692
0 0.44711538461538464 0.5 0.06370192307692307 0.05048076923076923
0 0.44350961538461536 0.44350961538461536 0.05889423076923077 0.046875
0 0.4387019230769231 0.3858173076923077 0.052884615384615384 0.05048076923076923
0 0.4362980769230769 0.3317307692307692 0.056490384615384616 0.051682692307692304
0 0.43990384615384615 0.27884615384615385 0.055288461538461536 0.054086538461538464
0 0.43990384615384615 0.2283653846153846 0.06129807692307692 0.052884615384615384
0 0.4387019230769231 0.17307692307692307 0.055288461538461536 0.052884615384615384
0 0.4387019230769231 0.11899038461538461 0.057692307692307696 0.052884615384615384
0 0.43149038461538464 0.06610576923076923 0.06129807692307692 0.051682692307692304
0 0.4362980769230769 0.019230769230769232 0.057692307692307696 0.038461538461538464
0 0.296875 0.026442307692307692 0.055288461538461536 0.052884615384615384
0 0.2980769230769231 0.07692307692307693 0.056490384615384616 0.051682692307692304
0 0.2920673076923077 0.12860576923076922 0.057692307692307696 0.051682692307692304
0 0.28846153846153844 0.18028846153846154 0.06009615384615385 0.05048076923076923
0 0.2932692307692308 0.23317307692307693 0.056490384615384616 0.04807692307692308
0 0.3004807692307692 0.28846153846153844 0.056490384615384616 0.05048076923076923
0 0.3016826923076923 0.3425480769230769 0.06370192307692307 0.05048076923076923
0 0.3016826923076923 0.39903846153846156 0.06129807692307692 0.05048076923076923
0 0.30288461538461536 0.453125 0.06129807692307692 0.051682692307692304
0 0.30408653846153844 0.5096153846153846 0.06370192307692307 0.051682692307692304
0 0.30649038461538464 0.5637019230769231 0.06129807692307692 0.04807692307692308
0 0.3076923076923077 0.6177884615384616 0.06009615384615385 0.04807692307692308
0 0.3088942307692308 0.6730769230769231 0.06370192307692307 0.054086538461538464
0 0.30649038461538464 0.7307692307692307 0.06490384615384616 0.04807692307692308
0 0.3125 0.7824519230769231 0.057692307692307696 0.04326923076923077
0 0.3088942307692308 0.8377403846153846 0.054086538461538464 0.051682692307692304
0 0.3076923076923077 0.8942307692307693 0.057692307692307696 0.05048076923076923
0 0.2980769230769231 0.9459134615384616 0.055288461538461536 0.046875
0 0.30649038461538464 0.9879807692307693 0.06009615384615385 0.021634615384615384
0 0.1502403846153846 0.9819711538461539 0.06490384615384616 0.03365384615384615
0 0.1502403846153846 0.9338942307692307 0.06129807692307692 0.05889423076923077
0 0.15384615384615385 0.875 0.06009615384615385 0.054086538461538464
0 0.15745192307692307 0.8209134615384616 0.05889423076923077 0.055288461538461536
0 0.14903846153846154 0.7680288461538461 0.0625 0.055288461538461536
0 0.1466346153846154 0.7127403846153846 0.0733173076923077 0.056490384615384616
0 0.14423076923076922 0.6550480769230769 0.06490384615384616 0.052884615384615384
0 0.15745192307692307 0.6033653846153846 0.06129807692307692 0.052884615384615384
0 0.1466346153846154 0.546875 0.06370192307692307 0.054086538461538464
0 0.15985576923076922 0.49278846153846156 0.056490384615384616 0.051682692307692304
0 0.14423076923076922 0.4362980769230769 0.05889423076923077 0.051682692307692304
0 0.13701923076923078 0.33413461538461536 0.06009615384615385 0.04807692307692308
0 0.13822115384615385 0.2800480769230769 0.0625 0.052884615384615384
0 0.13942307692307693 0.22235576923076922 0.06610576923076923 0.054086538461538464
0 0.140625 0.16826923076923078 0.06129807692307692 0.05048076923076923
0 0.13701923076923078 0.11538461538461539 0.0625 0.051682692307692304
0 0.1466346153846154 0.06009615384615385 0.05889423076923077 0.04807692307692308
0 0.1466346153846154 0.016826923076923076 0.06370192307692307 0.03365384615384615