0 0.3449519230769231 0.2620192307692308 0.03245192307692308 0.12259615384615384
0 0.3088942307692308 0.2620192307692308 0.03125 0.13701923076923078
0 0.38461538461538464 0.265625 0.036057692307692304 0.14423076923076922
0 0.3161057692307692 0.5600961538461539 0.04447115384615385 0.12860576923076922
0 0.42908653846153844 0.28365384615384615 0.038461538461538464 0.13942307692307693
0 0.4675480769230769 0.2644230769230769 0.03365384615384615 0.12259615384615384
0 0.5072115384615384 0.26802884615384615 0.030048076923076924 0.12860576923076922
0 0.2644230769230769 0.27403846153846156 0.040865384615384616 0.15264423076923078
0 0.5 0.8377403846153846 0.06490384615384616 0.15264423076923078
0 0.39663461538461536 0.5649038461538461 0.04567307692307692 0.140625
0 0.4387019230769231 0.5745192307692307 0.038461538461538464 0.13221153846153846
0 0.6009615384615384 0.5877403846153846 0.04447115384615385 0.125
0 0.6418269230769231 0.5841346153846154 0.04927884615384615 0.13701923076923078
0 0.7199519230769231 0.6045673076923077 0.04326923076923077 0.12379807692307693
0 0.7584134615384616 0.5973557692307693 0.042067307692307696 0.12860576923076922
0 0.7980769230769231 0.5829326923076923 0.04447115384615385 0.12740384615384615
0 0.8341346153846154 0.5841346153846154 0.046875 0.14423076923076922
0 0.8737980769230769 0.5913461538461539 0.04807692307692308 0.12860576923076922
0 0.9651442307692307 0.32211538461538464 0.037259615384615384 0.12379807692307693
0 0.9206730769230769 0.018028846153846152 0.07932692307692307 0.036057692307692304
0 0.7415865384615384 0.014423076923076924 0.07091346153846154 0.027644230769230768
0 0.9290865384615384 0.3112980769230769 0.040865384615384616 0.11658653846153846
0 0.8918269230769231 0.296875 0.037259615384615384 0.12860576923076922
0 0.8557692307692307 0.3004807692307692 0.03485576923076923 0.13701923076923078
0 0.8161057692307693 0.3088942307692308 0.038461538461538464 0.1310096153846154
0 0.7788461538461539 0.296875 0.03485576923076923 0.12259615384615384
0 0.7415865384615384 0.3004807692307692 0.03245192307692308 0.1045673076923077
0 0.703125 0.29086538461538464 0.03245192307692308 0.1310096153846154
0 0.6634615384615384 0.2824519230769231 0.03485576923076923 0.13581730769230768
0 0.6262019230769231 0.2848557692307692 0.03245192307692308 0.12139423076923077
0 0.5877403846153846 0.27163461538461536 0.030048076923076924 0.12620192307692307
0 0.5480769230769231 0.27163461538461536 0.028846153846153848 0.08052884615384616
0 0.22956730769230768 0.2644230769230769 0.03485576923076923 0.1310096153846154
0 0.19591346153846154 0.25721153846153844 0.03485576923076923 0.1310096153846154
0 0.15504807692307693 0.25 0.037259615384615384 0.1346153846153846
0 0.11538461538461539 0.2704326923076923 0.037259615384615384 0.12860576923076922
0 0.07932692307692307 0.24879807692307693 0.039663461538461536 0.1310096153846154
0 0.042067307692307696 0.25240384615384615 0.038461538461538464 0.12740384615384615
0 0.01201923076923077 0.24759615384615385 0.02403846153846154 0.1346153846153846
0 0.12139423076923077 0.5528846153846154 0.052884615384615384 0.12740384615384615
0 0.07932692307692307 0.5432692307692307 0.05048076923076923 0.1310096153846154
0 0.04326923076923077 0.5456730769230769 0.05048076923076923 0.12860576923076922
0 0.018028846153846152 0.5432692307692307 0.036057692307692304 0.1346153846153846
0 0.015625 0.8064903846153846 0.03125 0.1466346153846154
0 0.13341346153846154 0.8137019230769231 0.055288461538461536 0.125
0 0.17548076923076922 0.8161057692307693 0.056490384615384616 0.13581730769230768
0 0.26322115384615385 0.8305288461538461 0.054086538461538464 0.13341346153846154
0 0.5396634615384616 0.8425480769230769 0.05048076923076923 0.12139423076923077
0 0.6346153846153846 0.8509615384615384 0.05889423076923077 0.1346153846153846
0 0.6778846153846154 0.8497596153846154 0.057692307692307696 0.13221153846153846
0 0.7295673076923077 0.8377403846153846 0.057692307692307696 0.13221153846153846
0 0.7620192307692307 0.8629807692307693 0.052884615384615384 0.12860576923076922
0 0.8076923076923077 0.8557692307692307 0.055288461538461536 0.12740384615384615
0 0.8509615384615384 0.8629807692307693 0.06370192307692307 0.14302884615384615
0 0.9026442307692307 0.859375 0.06610576923076923 0.14302884615384615
0 0.9387019230769231 0.8713942307692307 0.052884615384615384 0.12139423076923077
0 0.9735576923076923 0.8762019230769231 0.05048076923076923 0.14182692307692307