0 0.49158653846153844 0.036057692307692304 0.056490384615384616 0.04807692307692308
0 0.3125 0.04567307692307692 0.0625 0.052884615384615384
0 0.3137019230769231 0.10336538461538461 0.06009615384615385 0.055288461538461536
0 0.3112980769230769 0.16105769230769232 0.06009615384615385 0.04807692307692308
0 0.3088942307692308 0.22115384615384615 0.05889423076923077 0.05048076923076923
0 0.5516826923076923 0.35336538461538464 0.025240384615384616 0.109375
0 0.546875 0.13581730769230768 0.025240384615384616 0.11298076923076923
0 0.5504807692307693 0.24759615384615385 0.02403846153846154 0.0889423076923077
0 0.5012019230769231 0.2091346153846154 0.0625 0.046875
0 0.49278846153846156 0.09615384615384616 0.06129807692307692 0.04567307692307692
0 0.6610576923076923 0.25600961538461536 0.05889423076923077 0.04567307692307692
0 0.3125 0.34134615384615385 0.06129807692307692 0.051682692307692304
0 0.3137019230769231 0.39903846153846156 0.06490384615384616 0.04807692307692308
0 0.31971153846153844 0.4567307692307692 0.06490384615384616 0.055288461538461536
0 0.31971153846153844 0.515625 0.06129807692307692 0.051682692307692304
0 0.328125 0.5685096153846154 0.051682692307692304 0.05048076923076923
0 0.4951923076923077 0.3245192307692308 0.0625 0.055288461538461536
0 0.4963942307692308 0.2692307692307692 0.06370192307692307 0.052884615384615384
0 0.6634615384615384 0.03365384615384615 0.06490384615384616 0.05048076923076923
0 0.6622596153846154 0.09014423076923077 0.05889423076923077 0.05048076923076923
0 0.6586538461538461 0.1466346153846154 0.052884615384615384 0.04567307692307692
0 0.65625 0.20192307692307693 0.055288461538461536 0.04326923076923077
0 0.6610576923076923 0.3125 0.055288461538461536 0.046875
0 0.31009615384615385 0.27884615384615385 0.06370192307692307 0.04807692307692308
0 0.4963942307692308 0.15144230769230768 0.06009615384615385 0.052884615384615384
0 0.6694711538461539 0.42908653846153844 0.06370192307692307 0.046875
0 0.6766826923076923 0.4831730769230769 0.06009615384615385 0.04567307692307692
0 0.6730769230769231 0.5420673076923077 0.06129807692307692 0.05048076923076923
0 0.6730769230769231 0.5949519230769231 0.06129807692307692 0.04807692307692308
0 0.6766826923076923 0.6538461538461539 0.06610576923076923 0.054086538461538464
0 0.31971153846153844 0.6862980769230769 0.06610576923076923 0.054086538461538464
0 0.3293269230769231 0.8088942307692307 0.0625 0.052884615384615384
0 0.32091346153846156 0.7475961538461539 0.05889423076923077 0.051682692307692304
0 0.3233173076923077 0.6310096153846154 0.06850961538461539 0.0625
0 0.5012019230769231 0.6802884615384616 0.06129807692307692 0.054086538461538464
0 0.5072115384615384 0.7331730769230769 0.06129807692307692 0.054086538461538464
0 0.5144230769230769 0.7884615384615384 0.057692307692307696 0.052884615384615384
0 0.5168269230769231 0.8461538461538461 0.06129807692307692 0.052884615384615384
0 0.5673076923076923 0.828125 0.025240384615384616 0.10697115384615384
0 0.6790865384615384 0.8737980769230769 0.06129807692307692 0.04567307692307692
0 0.6778846153846154 0.8221153846153846 0.0625 0.05048076923076923
0 0.6754807692307693 0.7127403846153846 0.06370192307692307 0.051682692307692304
0 0.6754807692307693 0.7668269230769231 0.06129807692307692 0.054086538461538464
0 0.49759615384615385 0.6213942307692307 0.057692307692307696 0.05048076923076923
0 0.5012019230769231 0.5588942307692307 0.0625 0.05048076923076923
0 0.5024038461538461 0.4987980769230769 0.06610576923076923 0.04447115384615385
0 0.5036057692307693 0.44350961538461536 0.06370192307692307 0.054086538461538464
0 0.5012019230769231 0.38341346153846156 0.06129807692307692 0.051682692307692304
0 0.5661057692307693 0.7163461538461539 0.030048076923076924 0.11538461538461539
0 0.5625 0.5889423076923077 0.026442307692307692 0.10817307692307693
0 0.6670673076923077 0.3737980769230769 0.06370192307692307 0.046875
0 0.5456730769230769 0.036057692307692304 0.028846153846153848 0.07211538461538461
0 0.5588942307692307 0.47115384615384615 0.027644230769230768 0.10817307692307693
0 0.5168269230769231 0.8990384615384616 0.05889423076923077 0.051682692307692304
0 0.3293269230769231 0.8629807692307693 0.06009615384615385 0.054086538461538464
0 0.3269230769230769 0.9206730769230769 0.05889423076923077 0.055288461538461536
0 0.6778846153846154 0.9290865384615384 0.057692307692307696 0.052884615384615384
0 0.29927884615384615 0.010817307692307692 0.055288461538461536 0.021634615384615384
0 0.6838942307692307 0.9795673076923077 0.06490384615384616 0.037259615384615384
0 0.5685096153846154 0.9435096153846154 0.025240384615384616 0.10697115384615384
0 0.5132211538461539 0.9591346153846154 0.0673076923076923 0.06370192307692307
0 0.32211538461538464 0.9747596153846154 0.06370192307692307 0.04567307692307692