0 0.29086538461538464 0.014423076923076924 0.06129807692307692 0.028846153846153848
0 0.29447115384615385 0.05889423076923077 0.06129807692307692 0.052884615384615384
0 0.3004807692307692 0.11538461538461539 0.0625 0.055288461538461536
0 0.3016826923076923 0.17307692307692307 0.0625 0.051682692307692304
0 0.3076923076923077 0.23197115384615385 0.051682692307692304 0.04807692307692308
0 0.3004807692307692 0.28725961538461536 0.06850961538461539 0.05889423076923077
0 0.3004807692307692 0.3473557692307692 0.06850961538461539 0.04807692307692308
0 0.3004807692307692 0.4074519230769231 0.05889423076923077 0.04807692307692308
0 0.3088942307692308 0.4675480769230769 0.06610576923076923 0.05048076923076923
0 0.30528846153846156 0.5264423076923077 0.06370192307692307 0.052884615384615384
0 0.30408653846153844 0.5817307692307693 0.06129807692307692 0.051682692307692304
0 0.29927884615384615 0.6442307692307693 0.06490384615384616 0.051682692307692304
0 0.3004807692307692 0.6983173076923077 0.06850961538461539 0.051682692307692304
0 0.3112980769230769 0.7560096153846154 0.078125 0.0625
0 0.31850961538461536 0.8161057692307693 0.06129807692307692 0.05048076923076923
0 0.32091346153846156 0.8725961538461539 0.055288461538461536 0.051682692307692304
0 0.3173076923076923 0.9302884615384616 0.06971153846153846 0.056490384615384616
0 0.3245192307692308 0.9807692307692307 0.06610576923076923 0.036057692307692304
0 0.47716346153846156 0.009615384615384616 0.06129807692307692 0.019230769230769232
0 0.4795673076923077 0.05048076923076923 0.0625 0.056490384615384616
0 0.48197115384615385 0.109375 0.0625 0.05889423076923077
0 0.4807692307692308 0.1658653846153846 0.06610576923076923 0.046875
0 0.47836538461538464 0.22235576923076922 0.06370192307692307 0.052884615384615384
0 0.47596153846153844 0.28725961538461536 0.05889423076923077 0.051682692307692304
0 0.4807692307692308 0.3449519230769231 0.0625 0.051682692307692304
0 0.48677884615384615 0.40024038461538464 0.06370192307692307 0.05048076923076923
0 0.49399038461538464 0.4567307692307692 0.0625 0.04807692307692308
0 0.4951923076923077 0.5120192307692307 0.06370192307692307 0.051682692307692304
0 0.49278846153846156 0.5661057692307693 0.06009615384615385 0.04807692307692308
0 0.49038461538461536 0.6274038461538461 0.0673076923076923 0.055288461538461536
0 0.4879807692307692 0.6862980769230769 0.06129807692307692 0.051682692307692304
0 0.49038461538461536 0.7427884615384616 0.06129807692307692 0.055288461538461536
0 0.5 0.7956730769230769 0.06009615384615385 0.056490384615384616
0 0.49759615384615385 0.8581730769230769 0.057692307692307696 0.055288461538461536
0 0.4987980769230769 0.9182692307692307 0.04927884615384615 0.051682692307692304
0 0.49759615384615385 0.9723557692307693 0.04927884615384615 0.051682692307692304
0 0.5336538461538461 0.042067307692307696 0.027644230769230768 0.0829326923076923
0 0.5372596153846154 0.140625 0.026442307692307692 0.10697115384615384
0 0.5408653846153846 0.25600961538461536 0.027644230769230768 0.11298076923076923
0 0.5432692307692307 0.38221153846153844 0.030048076923076924 0.1141826923076923
0 0.5456730769230769 0.49759615384615385 0.026442307692307692 0.1045673076923077
0 0.5456730769230769 0.6177884615384616 0.027644230769230768 0.109375
0 0.5480769230769231 0.7379807692307693 0.027644230769230768 0.10697115384615384
0 0.5492788461538461 0.8509615384615384 0.02403846153846154 0.1045673076923077
0 0.5528846153846154 0.9579326923076923 0.028846153846153848 0.08052884615384616
0 0.6394230769230769 0.008413461538461538 0.057692307692307696 0.016826923076923076
0 0.6442307692307693 0.046875 0.06370192307692307 0.055288461538461536
0 0.6490384615384616 0.10576923076923077 0.06129807692307692 0.052884615384615384
0 0.65625 0.15865384615384615 0.05889423076923077 0.051682692307692304
0 0.6526442307692307 0.21634615384615385 0.0625 0.051682692307692304
0 0.6514423076923077 0.27163461538461536 0.06370192307692307 0.04807692307692308
0 0.65625 0.3293269230769231 0.0673076923076923 0.055288461538461536
0 0.6526442307692307 0.3894230769230769 0.06370192307692307 0.054086538461538464
0 0.6550480769230769 0.4411057692307692 0.06610576923076923 0.051682692307692304
0 0.6574519230769231 0.4987980769230769 0.06370192307692307 0.04807692307692308
0 0.6574519230769231 0.5540865384615384 0.0625 0.04567307692307692
0 0.65625 0.6129807692307693 0.05889423076923077 0.051682692307692304
0 0.6634615384615384 0.6706730769230769 0.0625 0.05048076923076923
0 0.6730769230769231 0.7259615384615384 0.06370192307692307 0.052884615384615384
0 0.6682692307692307 0.7824519230769231 0.051682692307692304 0.05048076923076923
0 0.6706730769230769 0.8365384615384616 0.0625 0.06009615384615385
0 0.6550480769230769 0.8966346153846154 0.06129807692307692 0.055288461538461536
0 0.6622596153846154 0.9543269230769231 0.06009615384615385 0.05048076923076923