0 0.20673076923076922 0.5096153846153846 0.06370192307692307 0.15384615384615385
0 0.25 0.4675480769230769 0.06009615384615385 0.1502403846153846
0 0.29086538461538464 0.43149038461538464 0.05889423076923077 0.1466346153846154
0 0.3293269230769231 0.40384615384615385 0.06490384615384616 0.15504807692307693
0 0.41225961538461536 0.3449519230769231 0.05889423076923077 0.15865384615384615
0 0.4543269230769231 0.3112980769230769 0.055288461538461536 0.11658653846153846
0 0.4855769230769231 0.265625 0.06370192307692307 0.15745192307692307
0 0.0985576923076923 0.10697115384615384 0.055288461538461536 0.1466346153846154
0 0.13341346153846154 0.06850961538461539 0.056490384615384616 0.13701923076923078
0 0.171875 0.052884615384615384 0.06009615384615385 0.10576923076923077
0 0.5661057692307693 0.12259615384615384 0.05889423076923077 0.1466346153846154
0 0.6081730769230769 0.08774038461538461 0.05889423076923077 0.1466346153846154
0 0.6418269230769231 0.06850961538461539 0.06610576923076923 0.13581730769230768
0 0.2512019230769231 0.7608173076923077 0.08653846153846154 0.09134615384615384
0 0.3449519230769231 0.7175480769230769 0.08173076923076923 0.09014423076923077
0 0.5252403846153846 0.5360576923076923 0.09495192307692307 0.0985576923076923
0 0.6322115384615384 0.49038461538461536 0.08774038461538461 0.0985576923076923
0 0.6466346153846154 0.5721153846153846 0.09014423076923077 0.0985576923076923
0 0.6610576923076923 0.6454326923076923 0.08653846153846154 0.09014423076923077
0 0.6838942307692307 0.796875 0.08413461538461539 0.09615384615384616
0 0.5709134615384616 0.7788461538461539 0.07692307692307693 0.08774038461538461
0 0.8858173076923077 0.2980769230769231 0.0829326923076923 0.08653846153846154
0 0.8064903846153846 0.33413461538461536 0.08173076923076923 0.07692307692307693
0 0.8990384615384616 0.36899038461538464 0.08173076923076923 0.08653846153846154
0 0.9134615384615384 0.4411057692307692 0.08774038461538461 0.08774038461538461
0 0.9242788461538461 0.5084134615384616 0.08052884615384616 0.0889423076923077
0 0.8221153846153846 0.4110576923076923 0.08653846153846154 0.0889423076923077
0 0.8341346153846154 0.4795673076923077 0.0829326923076923 0.09134615384615384
0 0.8449519230769231 0.5528846153846154 0.07211538461538461 0.06971153846153846
0 0.8629807692307693 0.6862980769230769 0.07572115384615384 0.08052884615384616
0 0.8762019230769231 0.7524038461538461 0.09014423076923077 0.08413461538461539
0 0.8846153846153846 0.8221153846153846 0.08533653846153846 0.08653846153846154
0 0.8942307692307693 0.8954326923076923 0.09014423076923077 0.09495192307692307
0 0.20552884615384615 0.036057692307692304 0.052884615384615384 0.07211538461538461
0 0.24879807692307693 0.018028846153846152 0.040865384615384616 0.036057692307692304
0 0.02283653846153846 0.5192307692307693 0.04447115384615385 0.08653846153846154
0 0.06129807692307692 0.9735576923076923 0.07211538461538461 0.04807692307692308
0 0.27524038461538464 0.9747596153846154 0.08052884615384616 0.046875
0 0.5925480769230769 0.9447115384615384 0.08774038461538461 0.09975961538461539
0 0.7331730769230769 0.3425480769230769 0.055288461538461536 0.15985576923076922
0 0.9639423076923077 0.8569711538461539 0.06971153846153846 0.09014423076923077
0 0.9591346153846154 0.7199519230769231 0.07572115384615384 0.09134615384615384
0 0.9435096153846154 0.6442307692307693 0.08774038461538461 0.09134615384615384
0 0.9759615384615384 0.9350961538461539 0.04567307692307692 0.0829326923076923
0 0.7151442307692307 0.04567307692307692 0.05889423076923077 0.09134615384615384
0 0.7536057692307693 0.03125 0.051682692307692304 0.0625
0 0.7944711538461539 0.018028846153846152 0.036057692307692304 0.036057692307692304
0 0.9783653846153846 0.984375 0.039663461538461536 0.027644230769230768