0 0.03485576923076923 0.5925480769230769 0.06971153846153846 0.07091346153846154
0 0.1875 0.6009615384615384 0.09735576923076923 0.06850961538461539
0 0.6394230769230769 0.6057692307692307 0.09254807692307693 0.07211538461538461
0 0.7487980769230769 0.6045673076923077 0.09254807692307693 0.06850961538461539
0 0.9771634615384616 0.5973557692307693 0.04326923076923077 0.078125
0 0.9591346153846154 0.9471153846153846 0.04807692307692308 0.10336538461538461
0 0.9903846153846154 0.9627403846153846 0.016826923076923076 0.07091346153846154
0 0.9098557692307693 0.9435096153846154 0.046875 0.109375
0 0.8617788461538461 0.9519230769230769 0.042067307692307696 0.09254807692307693
0 0.8149038461538461 0.9471153846153846 0.039663461538461536 0.10096153846153846
0 0.7680288461538461 0.9627403846153846 0.038461538461538464 0.07091346153846154
0 0.7199519230769231 0.9495192307692307 0.042067307692307696 0.09735576923076923
0 0.6730769230769231 0.9519230769230769 0.038461538461538464 0.09254807692307693
0 0.6262019230769231 0.9651442307692307 0.04567307692307692 0.06490384615384616
0 0.5697115384615384 0.9495192307692307 0.040865384615384616 0.09615384615384616
0 0.5228365384615384 0.9615384615384616 0.038461538461538464 0.07451923076923077
0 0.47475961538461536 0.9567307692307693 0.037259615384615384 0.08173076923076923
0 0.4230769230769231 0.9615384615384616 0.039663461538461536 0.0733173076923077
0 0.3713942307692308 0.9591346153846154 0.04326923076923077 0.078125
0 0.32572115384615385 0.9555288461538461 0.04326923076923077 0.08413461538461539
0 0.27524038461538464 0.953125 0.04567307692307692 0.09014423076923077
0 0.22596153846153846 0.9663461538461539 0.040865384615384616 0.0625
0 0.1778846153846154 0.9483173076923077 0.04447115384615385 0.09975961538461539
0 0.12860576923076922 0.9555288461538461 0.04567307692307692 0.08413461538461539
0 0.08052884615384616 0.9495192307692307 0.04927884615384615 0.09735576923076923
0 0.027644230769230768 0.9567307692307693 0.052884615384615384 0.08173076923076923