0 0.6225961538461539 0.5901442307692307 0.051682692307692304 0.08653846153846154
0 0.5721153846153846 0.6682692307692307 0.055288461538461536 0.09134615384615384
0 0.5024038461538461 0.6334134615384616 0.054086538461538464 0.0985576923076923
0 0.5240384615384616 0.5889423076923077 0.055288461538461536 0.09495192307692307
0 0.546875 0.5456730769230769 0.055288461538461536 0.10096153846153846
0 0.2956730769230769 0.453125 0.055288461538461536 0.0985576923076923
0 0.25600961538461536 0.5420673076923077 0.05889423076923077 0.10576923076923077
0 0.3293269230769231 0.5841346153846154 0.057692307692307696 0.09735576923076923
0 0.30649038461538464 0.6189903846153846 0.055288461538461536 0.10576923076923077
0 0.28725961538461536 0.6622596153846154 0.056490384615384616 0.0985576923076923
0 0.23798076923076922 0.7439903846153846 0.056490384615384616 0.09134615384615384
0 0.47836538461538464 0.6730769230769231 0.052884615384615384 0.09495192307692307
0 0.4387019230769231 0.36538461538461536 0.056490384615384616 0.10336538461538461
0 0.27403846153846156 0.49399038461538464 0.051682692307692304 0.09134615384615384
0 0.20673076923076922 0.6213942307692307 0.052884615384615384 0.09495192307692307
0 0.234375 0.5793269230769231 0.057692307692307696 0.10336538461538461
0 0.25721153846153844 0.6971153846153846 0.056490384615384616 0.09615384615384616
0 0.5528846153846154 0.7175480769230769 0.06009615384615385 0.10336538461538461
0 0.18990384615384615 0.6610576923076923 0.046875 0.0829326923076923
0 0.21514423076923078 0.7884615384615384 0.056490384615384616 0.09735576923076923
0 0.453125 0.7199519230769231 0.054086538461538464 0.09495192307692307
0 0.4338942307692308 0.7560096153846154 0.056490384615384616 0.09014423076923077
0 0.4831730769230769 0.8377403846153846 0.055288461538461536 0.09254807692307693
0 0.5060096153846154 0.7980769230769231 0.052884615384615384 0.08653846153846154
0 0.5288461538461539 0.7584134615384616 0.056490384615384616 0.0985576923076923
0 0.6442307692307693 0.5528846153846154 0.052884615384615384 0.09975961538461539
0 0.6622596153846154 0.5036057692307693 0.05048076923076923 0.09735576923076923
0 0.5997596153846154 0.6334134615384616 0.056490384615384616 0.10096153846153846
0 0.5721153846153846 0.5072115384615384 0.055288461538461536 0.0985576923076923
0 0.5961538461538461 0.4651442307692308 0.05889423076923077 0.10096153846153846
0 0.41346153846153844 0.8004807692307693 0.055288461538461536 0.0985576923076923
0 0.3425480769230769 0.36538461538461536 0.052884615384615384 0.09495192307692307
0 0.32211538461538464 0.4050480769230769 0.052884615384615384 0.09014423076923077
0 0.41947115384615385 0.4074519230769231 0.052884615384615384 0.09735576923076923
0 0.3954326923076923 0.44591346153846156 0.055288461538461536 0.0985576923076923
0 0.36899038461538464 0.48197115384615385 0.06129807692307692 0.1045673076923077
0 0.35096153846153844 0.5408653846153846 0.056490384615384616 0.09735576923076923
0 0.6141826923076923 0.42788461538461536 0.052884615384615384 0.09254807692307693
0 0.6177884615384616 0.3557692307692308 0.05048076923076923 0.08653846153846154
0 0.6826923076923077 0.4675480769230769 0.051682692307692304 0.09495192307692307
0 0.7067307692307693 0.42908653846153844 0.05048076923076923 0.0889423076923077
0 0.7307692307692307 0.3894230769230769 0.05048076923076923 0.09495192307692307
0 0.6574519230769231 0.3401442307692308 0.056490384615384616 0.09975961538461539
0 0.6742788461538461 0.30288461538461536 0.052884615384615384 0.09014423076923077
0 0.6947115384615384 0.25961538461538464 0.055288461538461536 0.09735576923076923
0 0.71875 0.22235576923076922 0.04927884615384615 0.09014423076923077
0 0.7403846153846154 0.18629807692307693 0.056490384615384616 0.09495192307692307
0 0.390625 0.8461538461538461 0.055288461538461536 0.09735576923076923
0 0.4375 0.9266826923076923 0.054086538461538464 0.09495192307692307
0 0.46274038461538464 0.8822115384615384 0.052884615384615384 0.08774038461538461
0 0.36778846153846156 0.8846153846153846 0.056490384615384616 0.10096153846153846
0 0.4182692307692308 0.9567307692307693 0.056490384615384616 0.08173076923076923
0 0.390625 0.9795673076923077 0.04567307692307692 0.038461538461538464
0 0.3449519230769231 0.9254807692307693 0.052884615384615384 0.0985576923076923
0 0.32211538461538464 0.9579326923076923 0.056490384615384616 0.08052884615384616
0 0.28966346153846156 0.9795673076923077 0.04326923076923077 0.038461538461538464
0 0.3545673076923077 0.6875 0.056490384615384616 0.10336538461538461
0 0.19471153846153846 0.8329326923076923 0.056490384615384616 0.09615384615384616
0 0.16826923076923078 0.6995192307692307 0.055288461538461536 0.10096153846153846
0 0.14423076923076922 0.7463942307692307 0.056490384615384616 0.09495192307692307
0 0.12139423076923077 0.7836538461538461 0.04567307692307692 0.08413461538461539
0 0.09495192307692307 0.8293269230769231 0.056490384615384616 0.0985576923076923
0 0.07091346153846154 0.8737980769230769 0.056490384615384616 0.09975961538461539
0 0.04567307692307692 0.9110576923076923 0.05889423076923077 0.0985576923076923
0 0.026442307692307692 0.953125 0.052884615384615384 0.09134615384615384
0 0.14903846153846154 0.9110576923076923 0.05889423076923077 0.0985576923076923
0 0.12259615384615384 0.9471153846153846 0.056490384615384616 0.09975961538461539
0 0.10096153846153846 0.9735576923076923 0.06009615384615385 0.05048076923076923
0 0.013221153846153846 0.6526442307692307 0.026442307692307692 0.06490384615384616
0 0.026442307692307692 0.5973557692307693 0.052884615384615384 0.10336538461538461
0 0.08052884615384616 0.4891826923076923 0.057692307692307696 0.09615384615384616
0 0.10576923076923077 0.44591346153846156 0.057692307692307696 0.09615384615384616
0 0.12259615384615384 0.39663461538461536 0.055288461538461536 0.08774038461538461
0 0.14783653846153846 0.359375 0.055288461538461536 0.09134615384615384
0 0.16947115384615385 0.3125 0.057692307692307696 0.09615384615384616
0 0.20192307692307693 0.28725961538461536 0.051682692307692304 0.0889423076923077
0 0.21754807692307693 0.23918269230769232 0.056490384615384616 0.09254807692307693
0 0.2403846153846154 0.18990384615384615 0.055288461538461536 0.09735576923076923
0 0.26322115384615385 0.15144230769230768 0.055288461538461536 0.10096153846153846
0 0.2848557692307692 0.10576923076923077 0.056490384615384616 0.10336538461538461
0 0.3076923076923077 0.06370192307692307 0.056490384615384616 0.10096153846153846
0 0.36899038461538464 0.037259615384615384 0.055288461538461536 0.07451923076923077
0 0.36899038461538464 0.3245192307692308 0.055288461538461536 0.0985576923076923
0 0.3870192307692308 0.2764423076923077 0.054086538461538464 0.09615384615384616
0 0.4098557692307692 0.23918269230769232 0.04927884615384615 0.0889423076923077
0 0.43509615384615385 0.203125 0.052884615384615384 0.09134615384615384
0 0.4579326923076923 0.16105769230769232 0.054086538461538464 0.0985576923076923
0 0.4831730769230769 0.125 0.05048076923076923 0.09014423076923077
0 0.5072115384615384 0.09254807692307693 0.054086538461538464 0.09134615384615384
0 0.5276442307692307 0.046875 0.056490384615384616 0.09254807692307693
0 0.5504807692307693 0.027644230769230768 0.04927884615384615 0.055288461538461536
0 0.5805288461538461 0.01201923076923077 0.036057692307692304 0.02403846153846154
0 0.6177884615384616 0.055288461538461536 0.054086538461538464 0.09134615384615384
0 0.6382211538461539 0.027644230769230768 0.04807692307692308 0.055288461538461536
0 0.6682692307692307 0.013221153846153846 0.040865384615384616 0.026442307692307692
0 0.5973557692307693 0.09615384615384616 0.052884615384615384 0.09134615384615384
0 0.5769230769230769 0.12860576923076922 0.04807692307692308 0.08052884615384616
0 0.5564903846153846 0.16947115384615385 0.055288461538461536 0.09134615384615384
0 0.5348557692307693 0.20673076923076922 0.052884615384615384 0.09254807692307693
0 0.5108173076923077 0.24639423076923078 0.052884615384615384 0.10096153846153846
0 0.49038461538461536 0.28846153846153844 0.056490384615384616 0.09975961538461539
0 0.4639423076923077 0.3233173076923077 0.052884615384615384 0.09975961538461539
0 0.6706730769230769 0.14182692307692307 0.04447115384615385 0.09975961538461539
0 0.7560096153846154 0.14423076923076922 0.04567307692307692 0.08653846153846154
0 0.7776442307692307 0.11298076923076923 0.052884615384615384 0.09254807692307693
0 0.7980769230769231 0.078125 0.051682692307692304 0.09254807692307693
0 0.7512019230769231 0.35336538461538464 0.04927884615384615 0.09615384615384616
0 0.7692307692307693 0.31009615384615385 0.05048076923076923 0.0985576923076923
0 0.7884615384615384 0.27403846153846156 0.052884615384615384 0.09615384615384616
0 0.8100961538461539 0.23918269230769232 0.04927884615384615 0.09014423076923077
0 0.8269230769230769 0.1971153846153846 0.055288461538461536 0.09134615384615384
0 0.8461538461538461 0.16105769230769232 0.04807692307692308 0.08774038461538461
0 0.8689903846153846 0.12740384615384615 0.04567307692307692 0.08653846153846154
0 0.8882211538461539 0.09134615384615384 0.05048076923076923 0.0985576923076923
0 0.9026442307692307 0.04807692307692308 0.05048076923076923 0.09254807692307693
0 0.9230769230769231 0.030048076923076924 0.052884615384615384 0.06009615384615385
0 0.9495192307692307 0.010817307692307692 0.025240384615384616 0.021634615384615384
0 0.8209134615384616 0.04567307692307692 0.051682692307692304 0.09014423076923077
0 0.8377403846153846 0.02403846153846154 0.05048076923076923 0.046875
0 0.8653846153846154 0.008413461538461538 0.028846153846153848 0.016826923076923076
0 0.9939903846153846 0.15985576923076922 0.009615384615384616 0.04807692307692308
0 0.9819711538461539 0.20673076923076922 0.03365384615384615 0.07932692307692307
0 0.9747596153846154 0.25240384615384615 0.04927884615384615 0.10096153846153846
0 0.9579326923076923 0.2920673076923077 0.057692307692307696 0.09014423076923077
0 0.9375 0.3245192307692308 0.052884615384615384 0.09254807692307693
0 0.9182692307692307 0.36899038461538464 0.04927884615384615 0.08653846153846154
0 0.9002403846153846 0.39903846153846156 0.054086538461538464 0.08774038461538461
0 0.8774038461538461 0.4375 0.054086538461538464 0.09615384615384616
0 0.8581730769230769 0.4795673076923077 0.051682692307692304 0.09495192307692307
0 0.8425480769230769 0.5216346153846154 0.052884615384615384 0.09495192307692307
0 0.8185096153846154 0.5540865384615384 0.052884615384615384 0.09495192307692307
0 0.7992788461538461 0.5961538461538461 0.054086538461538464 0.09254807692307693
0 0.7824519230769231 0.6358173076923077 0.057692307692307696 0.0985576923076923
0 0.7596153846153846 0.6730769230769231 0.055288461538461536 0.08774038461538461
0 0.7367788461538461 0.7211538461538461 0.055288461538461536 0.09615384615384616
0 0.7163461538461539 0.7620192307692307 0.055288461538461536 0.09615384615384616
0 0.6947115384615384 0.7956730769230769 0.052884615384615384 0.09254807692307693
0 0.6730769230769231 0.8425480769230769 0.051682692307692304 0.0889423076923077
0 0.6526442307692307 0.8774038461538461 0.054086538461538464 0.09615384615384616
0 0.6298076923076923 0.9206730769230769 0.055288461538461536 0.09495192307692307
0 0.6081730769230769 0.9579326923076923 0.055288461538461536 0.08052884615384616
0 0.5817307692307693 0.9831730769230769 0.036057692307692304 0.030048076923076924