0 0.3713942307692308 0.2824519230769231 0.04807692307692308 0.171875
0 0.5625 0.32211538461538464 0.04326923076923077 0.15264423076923078
0 0.5432692307692307 0.7836538461538461 0.04447115384615385 0.16706730769230768
0 0.49759615384615385 0.7800480769230769 0.04447115384615385 0.16105769230769232
0 0.4495192307692308 0.7668269230769231 0.04567307692307692 0.16826923076923078
0 0.4206730769230769 0.28846153846153844 0.039663461538461536 0.1658653846153846
0 0.46875 0.296875 0.038461538461538464 0.15985576923076922
0 0.515625 0.3112980769230769 0.040865384615384616 0.15504807692307693
0 0.6141826923076923 0.3389423076923077 0.042067307692307696 0.15745192307692307
0 0.6574519230769231 0.34975961538461536 0.039663461538461536 0.16105769230769232
0 0.5925480769230769 0.7908653846153846 0.04567307692307692 0.16826923076923078
0 0.6394230769230769 0.7776442307692307 0.04326923076923077 0.14903846153846154
0 0.39903846153846156 0.7740384615384616 0.042067307692307696 0.16826923076923078
0 0.3449519230769231 0.7668269230769231 0.040865384615384616 0.171875
0 0.3004807692307692 0.7487980769230769 0.040865384615384616 0.1502403846153846
0 0.2548076923076923 0.7439903846153846 0.04326923076923077 0.1502403846153846
0 0.20673076923076922 0.7331730769230769 0.04807692307692308 0.16706730769230768
0 0.16105769230769232 0.7355769230769231 0.04326923076923077 0.12860576923076922
0 0.11538461538461539 0.7235576923076923 0.04807692307692308 0.15985576923076922
0 0.06971153846153846 0.6911057692307693 0.04567307692307692 0.15985576923076922
0 0.02403846153846154 0.703125 0.04807692307692308 0.16105769230769232
0 0.3245192307692308 0.2920673076923077 0.04326923076923077 0.1466346153846154
0 0.2776442307692308 0.2824519230769231 0.04807692307692308 0.1622596153846154
0 0.2283653846153846 0.29086538461538464 0.04807692307692308 0.16346153846153846
0 0.18389423076923078 0.2860576923076923 0.04807692307692308 0.15865384615384615
0 0.14302884615384615 0.2668269230769231 0.04807692307692308 0.16105769230769232
0 0.09254807692307693 0.2692307692307692 0.05048076923076923 0.1622596153846154
0 0.7067307692307693 0.3545673076923077 0.042067307692307696 0.16706730769230768
0 0.75 0.3581730769230769 0.04326923076923077 0.17548076923076922
0 0.7980769230769231 0.3641826923076923 0.040865384615384616 0.15384615384615385
0 0.8473557692307693 0.38461538461538464 0.046875 0.16105769230769232
0 0.8918269230769231 0.3713942307692308 0.04326923076923077 0.1346153846153846
0 0.9362980769230769 0.38341346153846156 0.04927884615384615 0.1658653846153846
0 0.9795673076923077 0.38221153846153844 0.038461538461538464 0.15144230769230768
0 0.9675480769230769 0.8629807692307693 0.052884615384615384 0.17548076923076922
0 0.8762019230769231 0.8221153846153846 0.051682692307692304 0.18028846153846154
0 0.7824519230769231 0.8100961538461539 0.04807692307692308 0.16947115384615385
0 0.6887019230769231 0.8052884615384616 0.05048076923076923 0.1622596153846154
0 0.7355769230769231 0.8112980769230769 0.04567307692307692 0.16105769230769232