0 0.7055288461538461 0.3581730769230769 0.036057692307692304 0.13942307692307693
0 0.7415865384615384 0.36658653846153844 0.03485576923076923 0.12860576923076922
0 0.7764423076923077 0.3641826923076923 0.03125 0.13942307692307693
0 0.30288461538461536 0.037259615384615384 0.0733173076923077 0.06129807692307692
0 0.6262019230769231 0.35697115384615385 0.03365384615384615 0.12860576923076922
0 0.5829326923076923 0.34615384615384615 0.030048076923076924 0.12139423076923077
0 0.5432692307692307 0.3581730769230769 0.03365384615384615 0.14182692307692307
0 0.8125 0.36658653846153844 0.03245192307692308 0.12259615384615384
0 0.8473557692307693 0.3641826923076923 0.03485576923076923 0.13221153846153846
0 0.375 0.04326923076923077 0.07211538461538461 0.06610576923076923
0 0.4987980769230769 0.3629807692307692 0.03245192307692308 0.1310096153846154
0 0.5 0.5096153846153846 0.03485576923076923 0.14543269230769232
0 0.8942307692307693 0.6538461538461539 0.04567307692307692 0.12259615384615384
0 0.8509615384615384 0.6442307692307693 0.042067307692307696 0.12379807692307693
0 0.9855769230769231 0.38341346153846156 0.027644230769230768 0.12379807692307693
0 0.9555288461538461 0.375 0.038461538461538464 0.12379807692307693
0 0.9206730769230769 0.36899038461538464 0.038461538461538464 0.12620192307692307
0 0.8834134615384616 0.3870192307692308 0.037259615384615384 0.125
0 0.8605769230769231 0.06971153846153846 0.0673076923076923 0.06850961538461539
0 0.7355769230769231 0.056490384615384616 0.06610576923076923 0.06850961538461539
0 0.6502403846153846 0.046875 0.07211538461538461 0.06850961538461539
0 0.5528846153846154 0.04447115384615385 0.07451923076923077 0.06850961538461539
0 0.6694711538461539 0.36538461538461536 0.030048076923076924 0.13581730769230768
0 0.8221153846153846 0.6490384615384616 0.040865384615384616 0.11899038461538461
0 0.7860576923076923 0.6490384615384616 0.04326923076923077 0.12259615384615384
0 0.6334134615384616 0.6454326923076923 0.039663461538461536 0.1141826923076923
0 0.5961538461538461 0.6586538461538461 0.040865384615384616 0.12620192307692307
0 0.5600961538461539 0.6430288461538461 0.038461538461538464 0.11057692307692307
0 0.9435096153846154 0.8990384615384616 0.051682692307692304 0.12860576923076922
0 0.9038461538461539 0.9002403846153846 0.05048076923076923 0.11778846153846154
0 0.7800480769230769 0.9002403846153846 0.056490384615384616 0.13701923076923078
0 0.734375 0.9158653846153846 0.046875 0.12259615384615384
0 0.6947115384615384 0.9074519230769231 0.042067307692307696 0.11778846153846154
0 0.6490384615384616 0.9170673076923077 0.05048076923076923 0.125
0 0.5661057692307693 0.9110576923076923 0.046875 0.11538461538461539
0 0.5276442307692307 0.9026442307692307 0.04326923076923077 0.13341346153846154
0 0.48197115384615385 0.9158653846153846 0.04447115384615385 0.12259615384615384
0 0.4423076923076923 0.9002403846153846 0.04326923076923077 0.11538461538461539
0 0.4026442307692308 0.8846153846153846 0.04447115384615385 0.12259615384615384