0 0.7163461538461539 0.7055288461538461 0.03485576923076923 0.15264423076923078
0 0.6730769230769231 0.7163461538461539 0.03485576923076923 0.15384615384615385
0 0.6274038461538461 0.7067307692307693 0.037259615384615384 0.14543269230769232
0 0.5408653846153846 0.3581730769230769 0.09014423076923077 0.06490384615384616
0 0.5372596153846154 0.7151442307692307 0.039663461538461536 0.15144230769230768
0 0.5793269230769231 0.7019230769230769 0.03485576923076923 0.1346153846153846
0 0.3425480769230769 0.36778846153846156 0.08413461538461539 0.06370192307692307
0 0.26322115384615385 0.36538461538461536 0.08173076923076923 0.06009615384615385
0 0.4855769230769231 0.7247596153846154 0.039663461538461536 0.14302884615384615
0 0.7572115384615384 0.7115384615384616 0.040865384615384616 0.14423076923076922
0 0.7980769230769231 0.703125 0.03245192307692308 0.14302884615384615
0 0.8377403846153846 0.6995192307692307 0.036057692307692304 0.13581730769230768
0 0.875 0.6935096153846154 0.03485576923076923 0.14543269230769232
0 0.9134615384615384 0.7175480769230769 0.037259615384615384 0.13701923076923078
0 0.9555288461538461 0.6959134615384616 0.04326923076923077 0.14423076923076922
0 0.6526442307692307 0.35697115384615385 0.07932692307692307 0.06370192307692307
0 0.7475961538461539 0.359375 0.07211538461538461 0.06370192307692307
0 0.9867788461538461 0.6971153846153846 0.021634615384615384 0.14423076923076922
0 0.8846153846153846 0.36899038461538464 0.07451923076923077 0.05889423076923077
0 0.49038461538461536 0.8834134615384616 0.037259615384615384 0.15144230769230768
0 0.5528846153846154 0.9795673076923077 0.03365384615384615 0.038461538461538464
0 0.59375 0.9783653846153846 0.03485576923076923 0.040865384615384616
0 0.6322115384615384 0.9783653846153846 0.03485576923076923 0.042067307692307696
0 0.8016826923076923 0.9699519230769231 0.039663461538461536 0.056490384615384616
0 0.8449519230769231 0.9699519230769231 0.037259615384615384 0.056490384615384616
0 0.8786057692307693 0.9663461538461539 0.039663461538461536 0.0625
0 0.9278846153846154 0.9675480769230769 0.04927884615384615 0.06009615384615385