0 0.31850961538461536 0.03365384615384615 0.06009615384615385 0.055288461538461536
0 0.3137019230769231 0.15144230769230768 0.05889423076923077 0.05048076923076923
0 0.5564903846153846 0.28365384615384615 0.025240384615384616 0.109375
0 0.5552884615384616 0.1778846153846154 0.02403846153846154 0.0889423076923077
0 0.5060096153846154 0.140625 0.0625 0.046875
0 0.3173076923076923 0.27163461538461536 0.06129807692307692 0.051682692307692304
0 0.31850961538461536 0.3293269230769231 0.06490384615384616 0.04807692307692308
0 0.3245192307692308 0.3870192307692308 0.06490384615384616 0.055288461538461536
0 0.3245192307692308 0.44591346153846156 0.06129807692307692 0.051682692307692304
0 0.3329326923076923 0.4987980769230769 0.051682692307692304 0.05048076923076923
0 0.5 0.25600961538461536 0.0625 0.055288461538461536
0 0.5012019230769231 0.19951923076923078 0.06370192307692307 0.052884615384615384
0 0.31490384615384615 0.2091346153846154 0.06370192307692307 0.04807692307692308
0 0.5012019230769231 0.08173076923076923 0.06009615384615385 0.052884615384615384
0 0.6742788461538461 0.359375 0.06370192307692307 0.046875
0 0.6814903846153846 0.41346153846153844 0.06009615384615385 0.04567307692307692
0 0.6778846153846154 0.4723557692307692 0.06129807692307692 0.05048076923076923
0 0.6778846153846154 0.5252403846153846 0.06129807692307692 0.04807692307692308
0 0.6814903846153846 0.5841346153846154 0.06610576923076923 0.054086538461538464
0 0.5060096153846154 0.6105769230769231 0.06129807692307692 0.054086538461538464
0 0.5120192307692307 0.6634615384615384 0.06129807692307692 0.054086538461538464
0 0.5192307692307693 0.7199519230769231 0.057692307692307696 0.052884615384615384
0 0.5216346153846154 0.7764423076923077 0.06129807692307692 0.052884615384615384
0 0.5721153846153846 0.7584134615384616 0.025240384615384616 0.10697115384615384
0 0.6838942307692307 0.8040865384615384 0.06129807692307692 0.04567307692307692
0 0.6814903846153846 0.7524038461538461 0.0625 0.05048076923076923
0 0.6802884615384616 0.6430288461538461 0.06370192307692307 0.051682692307692304
0 0.6802884615384616 0.6971153846153846 0.06129807692307692 0.054086538461538464
0 0.5024038461538461 0.5516826923076923 0.057692307692307696 0.05048076923076923
0 0.5060096153846154 0.4891826923076923 0.0625 0.05048076923076923
0 0.5072115384615384 0.42908653846153844 0.06610576923076923 0.04447115384615385
0 0.5072115384615384 0.3737980769230769 0.06370192307692307 0.054086538461538464
0 0.5060096153846154 0.3137019230769231 0.06129807692307692 0.051682692307692304
0 0.5697115384615384 0.6466346153846154 0.030048076923076924 0.11538461538461539
0 0.5673076923076923 0.5192307692307693 0.026442307692307692 0.10817307692307693
0 0.671875 0.30408653846153844 0.06370192307692307 0.046875
0 0.5637019230769231 0.4014423076923077 0.027644230769230768 0.10817307692307693
0 0.5216346153846154 0.8293269230769231 0.05889423076923077 0.051682692307692304
0 0.33413461538461536 0.7932692307692307 0.06009615384615385 0.054086538461538464
0 0.3317307692307692 0.8509615384615384 0.05889423076923077 0.055288461538461536
0 0.5721153846153846 0.8737980769230769 0.025240384615384616 0.10697115384615384
0 0.31490384615384615 0.09495192307692307 0.06009615384615385 0.051682692307692304
0 0.49399038461538464 0.027644230769230768 0.06129807692307692 0.055288461538461536
0 0.5492788461538461 0.07211538461538461 0.02403846153846154 0.109375
0 0.6598557692307693 0.08052884615384616 0.052884615384615384 0.046875
0 0.6622596153846154 0.026442307692307692 0.06129807692307692 0.052884615384615384
0 0.6814903846153846 0.8641826923076923 0.057692307692307696 0.052884615384615384
0 0.6887019230769231 0.9194711538461539 0.06370192307692307 0.054086538461538464
0 0.515625 0.8858173076923077 0.06370192307692307 0.056490384615384616
0 0.5144230769230769 0.9435096153846154 0.06009615384615385 0.051682692307692304
0 0.328125 0.9098557692307693 0.0625 0.051682692307692304
0 0.6574519230769231 0.1346153846153846 0.054086538461538464 0.04807692307692308
0 0.6634615384615384 0.19110576923076922 0.05889423076923077 0.054086538461538464
0 0.6622596153846154 0.24639423076923078 0.055288461538461536 0.046875
0 0.33052884615384615 0.9675480769230769 0.06370192307692307 0.06009615384615385
0 0.5180288461538461 0.984375 0.06129807692307692 0.027644230769230768
0 0.5745192307692307 0.9675480769230769 0.027644230769230768 0.06129807692307692
0 0.6995192307692307 0.9747596153846154 0.06370192307692307 0.046875
0 0.3293269230769231 0.5564903846153846 0.0673076923076923 0.054086538461538464
0 0.328125 0.6177884615384616 0.06610576923076923 0.051682692307692304
0 0.328125 0.6754807692307693 0.05889423076923077 0.04567307692307692
0 0.33774038461538464 0.734375 0.06610576923076923 0.04807692307692308