0 0.5973557692307693 0.3605769230769231 0.026442307692307692 0.11658653846153846
0 0.5661057692307693 0.3737980769230769 0.027644230769230768 0.11298076923076923
0 0.5 0.3641826923076923 0.028846153846153848 0.11538461538461539
0 0.5336538461538461 0.49038461538461536 0.027644230769230768 0.11899038461538461
0 0.5024038461538461 0.49158653846153844 0.030048076923076924 0.1141826923076923
0 0.3161057692307692 0.6959134615384616 0.06850961538461539 0.055288461538461536
0 0.42427884615384615 0.10817307692307693 0.026442307692307692 0.11899038461538461
0 0.5661057692307693 0.5024038461538461 0.028846153846153848 0.11057692307692307
0 0.5997596153846154 0.49399038461538464 0.027644230769230768 0.11538461538461539
0 0.5612980769230769 0.7536057692307693 0.025240384615384616 0.09495192307692307
0 0.53125 0.7608173076923077 0.027644230769230768 0.11057692307692307
0 0.4963942307692308 0.75 0.026442307692307692 0.09735576923076923
0 0.46153846153846156 0.7584134615384616 0.027644230769230768 0.11057692307692307
0 0.31850961538461536 0.7776442307692307 0.06850961538461539 0.052884615384615384
0 0.5348557692307693 0.8737980769230769 0.027644230769230768 0.10096153846153846
0 0.3161057692307692 0.5276442307692307 0.06129807692307692 0.055288461538461536
0 0.3112980769230769 0.36538461538461536 0.06370192307692307 0.04807692307692308
0 0.6947115384615384 0.37259615384615385 0.030048076923076924 0.10817307692307693
0 0.5697115384615384 0.11298076923076923 0.027644230769230768 0.11057692307692307
0 0.6622596153846154 0.8822115384615384 0.028846153846153848 0.10817307692307693
0 0.3293269230769231 0.9459134615384616 0.06129807692307692 0.051682692307692304
0 0.3112980769230769 0.859375 0.06490384615384616 0.055288461538461536
0 0.3161057692307692 0.11778846153846154 0.04567307692307692 0.1141826923076923
0 0.3762019230769231 0.11778846153846154 0.027644230769230768 0.11778846153846154
0 0.4723557692307692 0.09975961538461539 0.025240384615384616 0.11298076923076923
0 0.5192307692307693 0.1141826923076923 0.026442307692307692 0.12139423076923077
0 0.6153846153846154 0.10576923076923077 0.027644230769230768 0.1045673076923077
0 0.7067307692307693 0.125 0.026442307692307692 0.109375
0 0.4639423076923077 0.3762019230769231 0.027644230769230768 0.109375
0 0.46274038461538464 0.49399038461538464 0.026442307692307692 0.10817307692307693
0 0.5324519230769231 0.36538461538461536 0.027644230769230768 0.11899038461538461
0 0.6634615384615384 0.36658653846153844 0.030048076923076924 0.10336538461538461
0 0.6310096153846154 0.359375 0.027644230769230768 0.10576923076923077
0 0.7584134615384616 0.36778846153846156 0.03245192307692308 0.11298076923076923
0 0.7908653846153846 0.36899038461538464 0.028846153846153848 0.10697115384615384
0 0.8221153846153846 0.3713942307692308 0.030048076923076924 0.09735576923076923
0 0.8521634615384616 0.3762019230769231 0.03245192307692308 0.109375
0 0.8822115384615384 0.37259615384615385 0.027644230769230768 0.10576923076923077
0 0.9134615384615384 0.3786057692307692 0.03125 0.10576923076923077
0 0.9447115384615384 0.3786057692307692 0.03245192307692308 0.1045673076923077
0 0.9759615384615384 0.3786057692307692 0.030048076923076924 0.0889423076923077
0 0.9939903846153846 0.38221153846153844 0.008413461538461538 0.09615384615384616
0 0.5961538461538461 0.7560096153846154 0.027644230769230768 0.11538461538461539
0 0.5637019230769231 0.8834134615384616 0.025240384615384616 0.11538461538461539
0 0.6298076923076923 0.8870192307692307 0.025240384615384616 0.1045673076923077
0 0.5997596153846154 0.8858173076923077 0.027644230769230768 0.109375
0 0.6322115384615384 0.5012019230769231 0.027644230769230768 0.11057692307692307
0 0.6658653846153846 0.49399038461538464 0.028846153846153848 0.11778846153846154
0 0.6983173076923077 0.4963942307692308 0.027644230769230768 0.1045673076923077
0 0.7307692307692307 0.49399038461538464 0.028846153846153848 0.1141826923076923
0 0.7608173076923077 0.49759615384615385 0.028846153846153848 0.1045673076923077
0 0.7932692307692307 0.49399038461538464 0.03125 0.1141826923076923
0 0.8221153846153846 0.49278846153846156 0.030048076923076924 0.11298076923076923
0 0.8557692307692307 0.5036057692307693 0.03245192307692308 0.1045673076923077
0 0.8870192307692307 0.5024038461538461 0.03485576923076923 0.10336538461538461
0 0.9158653846153846 0.49278846153846156 0.030048076923076924 0.1045673076923077
0 0.9459134615384616 0.5036057692307693 0.03245192307692308 0.10817307692307693
0 0.9783653846153846 0.5072115384615384 0.030048076923076924 0.09254807692307693
0 0.9807692307692307 0.7620192307692307 0.03485576923076923 0.11057692307692307
0 0.9831730769230769 0.8810096153846154 0.03245192307692308 0.10096153846153846
0 0.9963942307692307 0.5084134615384616 0.006009615384615385 0.09495192307692307
0 0.9495192307692307 0.7487980769230769 0.036057692307692304 0.09254807692307693
0 0.9495192307692307 0.8774038461538461 0.03365384615384615 0.09735576923076923
0 0.9182692307692307 0.8774038461538461 0.028846153846153848 0.10817307692307693
0 0.9182692307692307 0.7427884615384616 0.03245192307692308 0.10336538461538461
0 0.8846153846153846 0.75 0.03245192307692308 0.10576923076923077
0 0.8557692307692307 0.75 0.030048076923076924 0.10576923076923077
0 0.8870192307692307 0.875 0.03485576923076923 0.10697115384615384
0 0.8533653846153846 0.8762019230769231 0.030048076923076924 0.10096153846153846
0 0.8233173076923077 0.8786057692307693 0.030048076923076924 0.09254807692307693
0 0.7932692307692307 0.8894230769230769 0.03125 0.10336538461538461
0 0.7596153846153846 0.8810096153846154 0.030048076923076924 0.1141826923076923
0 0.7283653846153846 0.8834134615384616 0.028846153846153848 0.10817307692307693
0 0.6971153846153846 0.8822115384615384 0.03245192307692308 0.1141826923076923
0 0.6322115384615384 0.7536057692307693 0.027644230769230768 0.12379807692307693
0 0.6634615384615384 0.7620192307692307 0.027644230769230768 0.11298076923076923
0 0.6959134615384616 0.7584134615384616 0.030048076923076924 0.11057692307692307
0 0.7283653846153846 0.7560096153846154 0.030048076923076924 0.1141826923076923
0 0.7596153846153846 0.7584134615384616 0.027644230769230768 0.109375
0 0.7908653846153846 0.7608173076923077 0.028846153846153848 0.1045673076923077
0 0.8233173076923077 0.7572115384615384 0.03245192307692308 0.11658653846153846
0 0.9807692307692307 0.13341346153846154 0.03485576923076923 0.11899038461538461
0 0.9495192307692307 0.12620192307692307 0.028846153846153848 0.10697115384615384
0 0.9182692307692307 0.13341346153846154 0.03245192307692308 0.10697115384615384
0 0.8858173076923077 0.1310096153846154 0.030048076923076924 0.11658653846153846
0 0.8581730769230769 0.11899038461538461 0.027644230769230768 0.11298076923076923
0 0.8269230769230769 0.11658653846153846 0.028846153846153848 0.109375
0 0.7956730769230769 0.12740384615384615 0.03245192307692308 0.11658653846153846
0 0.7560096153846154 0.12259615384615384 0.03125 0.109375
0 0.31850961538461536 0.2824519230769231 0.06370192307692307 0.05048076923076923