0 0.4411057692307692 0.4831730769230769 0.03485576923076923 0.13942307692307693
0 0.40024038461538464 0.4579326923076923 0.037259615384615384 0.14302884615384615
0 0.4855769230769231 0.4639423076923077 0.037259615384615384 0.140625
0 0.5276442307692307 0.4735576923076923 0.03365384615384615 0.13942307692307693
0 0.4519230769230769 0.7848557692307693 0.04927884615384615 0.1346153846153846
0 0.4026442307692308 0.7776442307692307 0.04927884615384615 0.13942307692307693
0 0.36538461538461536 0.7800480769230769 0.04567307692307692 0.1346153846153846
0 0.3245192307692308 0.7752403846153846 0.04567307692307692 0.13701923076923078
0 0.3173076923076923 0.46153846153846156 0.038461538461538464 0.14543269230769232
0 0.359375 0.46274038461538464 0.03365384615384615 0.13701923076923078
0 0.5661057692307693 0.4807692307692308 0.03485576923076923 0.140625
0 0.6141826923076923 0.4963942307692308 0.038461538461538464 0.1622596153846154
0 0.6526442307692307 0.484375 0.03365384615384615 0.14423076923076922
0 0.6911057692307693 0.484375 0.03365384615384615 0.125
0 0.7307692307692307 0.4855769230769231 0.036057692307692304 0.15264423076923078
0 0.7752403846153846 0.5036057692307693 0.037259615384615384 0.13701923076923078
0 0.8125 0.4831730769230769 0.03245192307692308 0.12860576923076922
0 0.8509615384615384 0.4891826923076923 0.037259615384615384 0.13581730769230768
0 0.890625 0.4891826923076923 0.03485576923076923 0.08173076923076923
0 0.9290865384615384 0.49158653846153844 0.03485576923076923 0.125
0 0.9675480769230769 0.5012019230769231 0.038461538461538464 0.12139423076923077
0 0.9927884615384616 0.5 0.01201923076923077 0.13581730769230768
0 0.8737980769230769 0.17908653846153846 0.07572115384615384 0.06610576923076923
0 0.7872596153846154 0.16706730769230768 0.07211538461538461 0.0733173076923077
0 0.4206730769230769 0.13581730769230768 0.07932692307692307 0.06850961538461539
0 0.27884615384615385 0.12620192307692307 0.07572115384615384 0.06971153846153846
0 0.18870192307692307 0.12259615384615384 0.08173076923076923 0.06610576923076923
0 0.08653846153846154 0.12259615384615384 0.09014423076923077 0.06971153846153846
0 0.2776442307692308 0.4651442307692308 0.039663461538461536 0.140625
0 0.23557692307692307 0.4567307692307692 0.037259615384615384 0.14423076923076922
0 0.19591346153846154 0.4639423076923077 0.037259615384615384 0.14543269230769232
0 0.15264423076923078 0.4519230769230769 0.038461538461538464 0.13341346153846154
0 0.109375 0.4375 0.040865384615384616 0.11899038461538461
0 0.06971153846153846 0.4543269230769231 0.038461538461538464 0.14423076923076922
0 0.02283653846153846 0.45913461538461536 0.04447115384615385 0.13221153846153846
0 0.021634615384615384 0.6105769230769231 0.042067307692307696 0.14543269230769232
0 0.15865384615384615 0.7596153846153846 0.04567307692307692 0.12620192307692307
0 0.12139423076923077 0.7740384615384616 0.04807692307692308 0.13581730769230768
0 0.08052884615384616 0.7584134615384616 0.04567307692307692 0.11658653846153846
0 0.05048076923076923 0.9783653846153846 0.04567307692307692 0.042067307692307696
0 0.6610576923076923 0.7932692307692307 0.04567307692307692 0.1346153846153846
0 0.7427884615384616 0.7944711538461539 0.046875 0.14423076923076922
0 0.7860576923076923 0.8052884615384616 0.040865384615384616 0.13341346153846154
0 0.9435096153846154 0.8125 0.05048076923076923 0.12740384615384615
0 0.9771634615384616 0.8112980769230769 0.04326923076923077 0.14182692307692307
0 0.3317307692307692 0.984375 0.038461538461538464 0.027644230769230768