0 0.6634615384615384 0.027644230769230768 0.027644230769230768 0.055288461538461536
0 0.6682692307692307 0.11298076923076923 0.030048076923076924 0.10697115384615384
0 0.6550480769230769 0.42788461538461536 0.03245192307692308 0.10817307692307693
0 0.6490384615384616 0.5745192307692307 0.03125 0.1045673076923077
0 0.6430288461538461 0.7055288461538461 0.03245192307692308 0.11298076923076923
0 0.6430288461538461 0.8545673076923077 0.03125 0.1141826923076923
0 0.7043269230769231 0.9639423076923077 0.052884615384615384 0.06971153846153846
0 0.5216346153846154 0.010817307692307692 0.056490384615384616 0.021634615384615384
0 0.515625 0.04567307692307692 0.06009615384615385 0.052884615384615384
0 0.5120192307692307 0.09615384615384616 0.055288461538461536 0.051682692307692304
0 0.5036057692307693 0.15504807692307693 0.057692307692307696 0.052884615384615384
0 0.5096153846153846 0.2127403846153846 0.054086538461538464 0.052884615384615384
0 0.5168269230769231 0.27163461538461536 0.046875 0.046875
0 0.5132211538461539 0.328125 0.055288461538461536 0.05048076923076923
0 0.5072115384615384 0.43990384615384615 0.055288461538461536 0.0625
0 0.4963942307692308 0.5 0.06129807692307692 0.056490384615384616
0 0.4987980769230769 0.7307692307692307 0.054086538461538464 0.052884615384615384
0 0.49038461538461536 0.9002403846153846 0.06370192307692307 0.06009615384615385
0 0.35336538461538464 0.7944711538461539 0.0625 0.0733173076923077
0 0.35697115384615385 0.6778846153846154 0.06129807692307692 0.06971153846153846
0 0.3786057692307692 0.3233173076923077 0.06129807692307692 0.06490384615384616
0 0.37259615384615385 0.2668269230769231 0.055288461538461536 0.06850961538461539
0 0.3762019230769231 0.10096153846153846 0.06009615384615385 0.06971153846153846
0 0.37740384615384615 0.038461538461538464 0.06370192307692307 0.0625
0 0.25600961538461536 0.07692307692307693 0.06610576923076923 0.08052884615384616
0 0.2548076923076923 0.02403846153846154 0.055288461538461536 0.04807692307692308
0 0.24879807692307693 0.13942307692307693 0.06370192307692307 0.0733173076923077
0 0.2512019230769231 0.2127403846153846 0.0673076923076923 0.07451923076923077
0 0.24759615384615385 0.2704326923076923 0.05889423076923077 0.07692307692307693
0 0.24278846153846154 0.33052884615384615 0.05889423076923077 0.0733173076923077
0 0.24278846153846154 0.40865384615384615 0.06490384615384616 0.06971153846153846
0 0.24278846153846154 0.47475961538461536 0.06370192307692307 0.07451923076923077
0 0.23557692307692307 0.5348557692307693 0.06129807692307692 0.07692307692307693
0 0.23076923076923078 0.5901442307692307 0.05889423076923077 0.08052884615384616
0 0.23317307692307693 0.6622596153846154 0.0625 0.06850961538461539
0 0.23197115384615385 0.7247596153846154 0.06610576923076923 0.07692307692307693
0 0.23076923076923078 0.8028846153846154 0.05889423076923077 0.06610576923076923
0 0.22596153846153846 0.8665865384615384 0.06610576923076923 0.07692307692307693
0 0.22355769230769232 0.9362980769230769 0.06370192307692307 0.078125
0 0.21634615384615385 0.9747596153846154 0.06129807692307692 0.04567307692307692