0 0.5384615384615384 0.3557692307692308 0.028846153846153848 0.11298076923076923
0 0.5060096153846154 0.36538461538461536 0.025240384615384616 0.11057692307692307
0 0.47475961538461536 0.36658653846153844 0.028846153846153848 0.11057692307692307
0 0.4423076923076923 0.3641826923076923 0.027644230769230768 0.11778846153846154
0 0.4074519230769231 0.3713942307692308 0.027644230769230768 0.1141826923076923
0 0.3786057692307692 0.3641826923076923 0.027644230769230768 0.1141826923076923
0 0.3473557692307692 0.359375 0.027644230769230768 0.10697115384615384
0 0.3161057692307692 0.34975961538461536 0.028846153846153848 0.109375
0 0.28365384615384615 0.35096153846153844 0.025240384615384616 0.10817307692307693
0 0.2536057692307692 0.3449519230769231 0.027644230769230768 0.0985576923076923
0 0.22355769230769232 0.3581730769230769 0.030048076923076924 0.10576923076923077
0 0.19471153846153846 0.35096153846153844 0.027644230769230768 0.10096153846153846
0 0.16706730769230768 0.35697115384615385 0.030048076923076924 0.09975961538461539
0 0.13341346153846154 0.36778846153846156 0.03245192307692308 0.10697115384615384
0 0.10576923076923077 0.36899038461538464 0.03245192307692308 0.10817307692307693
0 0.07692307692307693 0.37259615384615385 0.027644230769230768 0.1045673076923077
0 0.04807692307692308 0.3713942307692308 0.03245192307692308 0.10096153846153846
0 0.016826923076923076 0.35697115384615385 0.03365384615384615 0.0985576923076923
0 0.019230769230769232 0.24759615384615385 0.03245192307692308 0.10576923076923077
0 0.04807692307692308 0.24879807692307693 0.03245192307692308 0.10336538461538461
0 0.07932692307692307 0.24639423076923078 0.027644230769230768 0.09735576923076923
0 0.10817307692307693 0.25 0.03245192307692308 0.10336538461538461
0 0.13822115384615385 0.24639423076923078 0.03125 0.10697115384615384
0 0.16706730769230768 0.23557692307692307 0.028846153846153848 0.09735576923076923
0 0.19831730769230768 0.234375 0.030048076923076924 0.10096153846153846
0 0.22956730769230768 0.22115384615384615 0.027644230769230768 0.0889423076923077
0 0.25841346153846156 0.23076923076923078 0.027644230769230768 0.11057692307692307
0 0.28725961538461536 0.22355769230769232 0.028846153846153848 0.08653846153846154
0 0.3173076923076923 0.2283653846153846 0.026442307692307692 0.09735576923076923
0 0.3473557692307692 0.22596153846153846 0.030048076923076924 0.09134615384615384
0 0.3798076923076923 0.23798076923076922 0.026442307692307692 0.10576923076923077
0 0.4098557692307692 0.22596153846153846 0.027644230769230768 0.09975961538461539
0 0.44350961538461536 0.22235576923076922 0.025240384615384616 0.109375
0 0.47475961538461536 0.22115384615384615 0.025240384615384616 0.1045673076923077
0 0.5084134615384616 0.22355769230769232 0.027644230769230768 0.10576923076923077
0 0.5408653846153846 0.2283653846153846 0.025240384615384616 0.11057692307692307
0 0.671875 0.3581730769230769 0.028846153846153848 0.11298076923076923
0 0.7079326923076923 0.34615384615384615 0.026442307692307692 0.10576923076923077
0 0.6706730769230769 0.22956730769230768 0.030048076923076924 0.11057692307692307
0 0.7043269230769231 0.21634615384615385 0.030048076923076924 0.10576923076923077
0 0.7355769230769231 0.21995192307692307 0.028846153846153848 0.10576923076923077
0 0.7379807692307693 0.35697115384615385 0.026442307692307692 0.10576923076923077
0 0.7704326923076923 0.35336538461538464 0.030048076923076924 0.1045673076923077
0 0.7668269230769231 0.22115384615384615 0.030048076923076924 0.109375
0 0.7980769230769231 0.2247596153846154 0.028846153846153848 0.10336538461538461
0 0.8269230769230769 0.22355769230769232 0.028846153846153848 0.09615384615384616
0 0.8569711538461539 0.22115384615384615 0.028846153846153848 0.10096153846153846
0 0.2824519230769231 0.12259615384615384 0.05889423076923077 0.054086538461538464
0 0.45072115384615385 0.019230769230769232 0.06009615384615385 0.038461538461538464
0 0.3798076923076923 0.018028846153846152 0.06129807692307692 0.036057692307692304
0 0.29927884615384615 0.02283653846153846 0.06009615384615385 0.04567307692307692
0 0.2283653846153846 0.021634615384615384 0.06129807692307692 0.04326923076923077
0 0.02403846153846154 0.025240384615384616 0.046875 0.05048076923076923
0 0.08052884615384616 0.02403846153846154 0.06610576923076923 0.04807692307692308
0 0.15144230769230768 0.026442307692307692 0.0673076923076923 0.052884615384615384
0 0.6466346153846154 0.018028846153846152 0.06490384615384616 0.036057692307692304
0 0.7151442307692307 0.018028846153846152 0.05889423076923077 0.036057692307692304
0 0.7884615384615384 0.018028846153846152 0.06610576923076923 0.036057692307692304
0 0.8653846153846154 0.018028846153846152 0.05889423076923077 0.036057692307692304
0 0.9314903846153846 0.018028846153846152 0.06610576923076923 0.036057692307692304
0 0.984375 0.016826923076923076 0.026442307692307692 0.03365384615384615
0 0.8509615384615384 0.11538461538461539 0.052884615384615384 0.051682692307692304
0 0.8894230769230769 0.23076923076923078 0.03485576923076923 0.109375
0 0.9206730769230769 0.23197115384615385 0.030048076923076924 0.09014423076923077
0 0.9495192307692307 0.23557692307692307 0.030048076923076924 0.10817307692307693
0 0.9831730769230769 0.23076923076923078 0.03245192307692308 0.09615384615384616
0 0.9831730769230769 0.3545673076923077 0.03125 0.10336538461538461
0 0.9507211538461539 0.35697115384615385 0.03365384615384615 0.10096153846153846
0 0.9194711538461539 0.35096153846153844 0.03125 0.1045673076923077
0 0.8894230769230769 0.3473557692307692 0.028846153846153848 0.10576923076923077
0 0.859375 0.3449519230769231 0.03125 0.09735576923076923
0 0.828125 0.3545673076923077 0.028846153846153848 0.10096153846153846
0 0.7992788461538461 0.3449519230769231 0.027644230769230768 0.1045673076923077
0 0.9831730769230769 0.6141826923076923 0.030048076923076924 0.09735576923076923
0 0.9555288461538461 0.6141826923076923 0.03485576923076923 0.10576923076923077
0 0.9254807692307693 0.6165865384615384 0.03365384615384615 0.1045673076923077
0 0.8954326923076923 0.6105769230769231 0.028846153846153848 0.1045673076923077
0 0.8629807692307693 0.6165865384615384 0.030048076923076924 0.10336538461538461
0 0.8329326923076923 0.6189903846153846 0.028846153846153848 0.10817307692307693
0 0.8028846153846154 0.6262019230769231 0.030048076923076924 0.109375
0 0.7728365384615384 0.6237980769230769 0.030048076923076924 0.10817307692307693
0 0.7403846153846154 0.6213942307692307 0.027644230769230768 0.10096153846153846
0 0.7103365384615384 0.6225961538461539 0.027644230769230768 0.10817307692307693
0 0.6778846153846154 0.6262019230769231 0.027644230769230768 0.1141826923076923
0 0.9855769230769231 0.7415865384615384 0.025240384615384616 0.10817307692307693
0 0.9567307692307693 0.7355769230769231 0.03365384615384615 0.11057692307692307
0 0.9266826923076923 0.7379807692307693 0.03365384615384615 0.10697115384615384
0 0.8990384615384616 0.7391826923076923 0.03485576923076923 0.10576923076923077
0 0.8677884615384616 0.7415865384615384 0.03485576923076923 0.11057692307692307
0 0.8341346153846154 0.7524038461538461 0.030048076923076924 0.109375
0 0.8052884615384616 0.7584134615384616 0.027644230769230768 0.09975961538461539
0 0.7728365384615384 0.7536057692307693 0.027644230769230768 0.09975961538461539
0 0.7415865384615384 0.7487980769230769 0.027644230769230768 0.10096153846153846
0 0.7091346153846154 0.7692307692307693 0.027644230769230768 0.09975961538461539
0 0.6766826923076923 0.7584134615384616 0.030048076923076924 0.11057692307692307
0 0.9939903846153846 0.9783653846153846 0.008413461538461538 0.040865384615384616
0 0.9266826923076923 0.9783653846153846 0.03125 0.042067307692307696
0 0.8918269230769231 0.9735576923076923 0.030048076923076924 0.04807692307692308
0 0.8605769230769231 0.9759615384615384 0.03245192307692308 0.04447115384615385
0 0.828125 0.9747596153846154 0.028846153846153848 0.046875
0 0.796875 0.9807692307692307 0.027644230769230768 0.03485576923076923
0 0.7632211538461539 0.9819711538461539 0.03245192307692308 0.03365384615384615
0 0.7331730769230769 0.9807692307692307 0.028846153846153848 0.03485576923076923
0 0.7019230769230769 0.984375 0.028846153846153848 0.027644230769230768
0 0.6706730769230769 0.9831730769230769 0.027644230769230768 0.030048076923076924
0 0.5348557692307693 0.9855769230769231 0.02403846153846154 0.025240384615384616
0 0.4987980769230769 0.984375 0.02403846153846154 0.026442307692307692
0 0.4699519230769231 0.9855769230769231 0.02403846153846154 0.025240384615384616
0 0.43509615384615385 0.9879807692307693 0.025240384615384616 0.021634615384615384
0 0.4050480769230769 0.9783653846153846 0.027644230769230768 0.042067307692307696
0 0.3713942307692308 0.9807692307692307 0.026442307692307692 0.036057692307692304
0 0.3389423076923077 0.9819711538461539 0.027644230769230768 0.03365384615384615
0 0.3076923076923077 0.9879807692307693 0.027644230769230768 0.020432692307692308
0 0.2776442307692308 0.9819711538461539 0.027644230769230768 0.03365384615384615
0 0.24759615384615385 0.9819711538461539 0.027644230769230768 0.03365384615384615
0 0.21514423076923078 0.9807692307692307 0.025240384615384616 0.036057692307692304
0 0.18629807692307693 0.9819711538461539 0.027644230769230768 0.03365384615384615
0 0.15625 0.9795673076923077 0.026442307692307692 0.038461538461538464
0 0.12259615384615384 0.9819711538461539 0.03245192307692308 0.03365384615384615
0 0.09014423076923077 0.9795673076923077 0.03125 0.038461538461538464
0 0.05889423076923077 0.9819711538461539 0.028846153846153848 0.03365384615384615
0 0.025240384615384616 0.9807692307692307 0.038461538461538464 0.036057692307692304
0 0.004807692307692308 0.9807692307692307 0.009615384615384616 0.03485576923076923
0 0.5348557692307693 0.6105769230769231 0.027644230769230768 0.11057692307692307
0 0.5324519230769231 0.7560096153846154 0.027644230769230768 0.0985576923076923
0 0.5024038461538461 0.6105769230769231 0.026442307692307692 0.11778846153846154
0 0.5024038461538461 0.7487980769230769 0.027644230769230768 0.10697115384615384
0 0.4699519230769231 0.6069711538461539 0.027644230769230768 0.109375
0 0.4675480769230769 0.7439903846153846 0.025240384615384616 0.09254807692307693
0 0.4362980769230769 0.6105769230769231 0.027644230769230768 0.10576923076923077
0 0.4362980769230769 0.7536057692307693 0.026442307692307692 0.09975961538461539
0 0.40384615384615385 0.6286057692307693 0.025240384615384616 0.109375
0 0.3737980769230769 0.6310096153846154 0.025240384615384616 0.1141826923076923
0 0.3425480769230769 0.625 0.027644230769230768 0.09735576923076923
0 0.3112980769230769 0.6165865384615384 0.030048076923076924 0.11057692307692307
0 0.3737980769230769 0.7572115384615384 0.027644230769230768 0.10336538461538461
0 0.40384615384615385 0.7608173076923077 0.027644230769230768 0.11538461538461539
0 0.34134615384615385 0.7560096153846154 0.025240384615384616 0.10817307692307693
0 0.3088942307692308 0.7463942307692307 0.028846153846153848 0.0985576923076923
0 0.2776442307692308 0.6358173076923077 0.027644230769230768 0.10697115384615384
0 0.28125 0.7536057692307693 0.027644230769230768 0.10576923076923077
0 0.24879807692307693 0.6274038461538461 0.028846153846153848 0.10697115384615384
0 0.24879807692307693 0.75 0.027644230769230768 0.0889423076923077
0 0.21875 0.6310096153846154 0.027644230769230768 0.10817307692307693
0 0.21634615384615385 0.7608173076923077 0.028846153846153848 0.12139423076923077
0 0.18389423076923078 0.6213942307692307 0.028846153846153848 0.0889423076923077
0 0.18629807692307693 0.7536057692307693 0.030048076923076924 0.09975961538461539
0 0.15264423076923078 0.6189903846153846 0.03125 0.10336538461538461
0 0.12620192307692307 0.6189903846153846 0.03125 0.10336538461538461
0 0.09735576923076923 0.6225961538461539 0.03125 0.09975961538461539
0 0.15745192307692307 0.7487980769230769 0.030048076923076924 0.09495192307692307
0 0.12620192307692307 0.7512019230769231 0.028846153846153848 0.10817307692307693
0 0.09254807692307693 0.7524038461538461 0.03245192307692308 0.1141826923076923
0 0.06490384615384616 0.7512019230769231 0.030048076923076924 0.11057692307692307
0 0.06610576923076923 0.6262019230769231 0.030048076923076924 0.10096153846153846
0 0.03365384615384615 0.6286057692307693 0.037259615384615384 0.10817307692307693
0 0.01201923076923077 0.6262019230769231 0.02403846153846154 0.10096153846153846
0 0.03125 0.7620192307692307 0.037259615384615384 0.11298076923076923
0 0.009615384615384616 0.7608173076923077 0.019230769230769232 0.09975961538461539