0 0.5396634615384616 0.4651442307692308 0.06370192307692307 0.04567307692307692
0 0.6911057692307693 0.7067307692307693 0.05889423076923077 0.052884615384615384
0 0.6911057692307693 0.6514423076923077 0.06129807692307692 0.04567307692307692
0 0.7524038461538461 0.4891826923076923 0.06370192307692307 0.052884615384615384
0 0.6802884615384616 0.5985576923076923 0.056490384615384616 0.05048076923076923
0 0.6850961538461539 0.5408653846153846 0.056490384615384616 0.046875
0 0.6814903846153846 0.4855769230769231 0.055288461538461536 0.04567307692307692
0 0.5444711538461539 0.35697115384615385 0.06370192307692307 0.051682692307692304
0 0.5444711538461539 0.4098557692307692 0.057692307692307696 0.05048076923076923
0 0.47716346153846156 0.4098557692307692 0.06129807692307692 0.051682692307692304
0 0.47596153846153844 0.3557692307692308 0.057692307692307696 0.05048076923076923
0 0.3401442307692308 0.24639423076923078 0.055288461538461536 0.04567307692307692
0 0.33653846153846156 0.19110576923076922 0.04567307692307692 0.04807692307692308
0 0.6862980769230769 0.16346153846153846 0.04807692307692308 0.05048076923076923
0 0.7512019230769231 0.4338942307692308 0.06129807692307692 0.046875
0 0.6850961538461539 0.4338942307692308 0.05048076923076923 0.04447115384615385
0 0.4723557692307692 0.6358173076923077 0.06009615384615385 0.04447115384615385
0 0.5444711538461539 0.6346153846153846 0.056490384615384616 0.04567307692307692
0 0.47115384615384615 0.5793269230769231 0.05889423076923077 0.04807692307692308
0 0.4699519230769231 0.5264423076923077 0.052884615384615384 0.046875
0 0.546875 0.5817307692307693 0.055288461538461536 0.05048076923076923
0 0.5432692307692307 0.5216346153846154 0.056490384615384616 0.046875
0 0.3401442307692308 0.13942307692307693 0.055288461538461536 0.046875
0 0.19591346153846154 0.11298076923076923 0.055288461538461536 0.042067307692307696
0 0.20673076923076922 0.38461538461538464 0.056490384615384616 0.05048076923076923
0 0.19951923076923078 0.06129807692307692 0.06129807692307692 0.054086538461538464
0 0.1971153846153846 0.016826923076923076 0.0625 0.03365384615384615
0 0.3269230769230769 0.296875 0.057692307692307696 0.05048076923076923
0 0.33653846153846156 0.3557692307692308 0.06370192307692307 0.04567307692307692
0 0.33774038461538464 0.40865384615384615 0.051682692307692304 0.04807692307692308
0 0.3293269230769231 0.4651442307692308 0.057692307692307696 0.04567307692307692
0 0.3293269230769231 0.5180288461538461 0.06370192307692307 0.05048076923076923
0 0.3245192307692308 0.5769230769230769 0.06009615384615385 0.04447115384615385
0 0.3269230769230769 0.6322115384615384 0.057692307692307696 0.04807692307692308
0 0.32211538461538464 0.6875 0.052884615384615384 0.05048076923076923
0 0.3269230769230769 0.7427884615384616 0.06009615384615385 0.046875
0 0.33052884615384615 0.796875 0.055288461538461536 0.046875
0 0.3293269230769231 0.8533653846153846 0.052884615384615384 0.051682692307692304
0 0.32572115384615385 0.9074519230769231 0.06129807692307692 0.05048076923076923
0 0.3245192307692308 0.9579326923076923 0.05889423076923077 0.046875
0 0.2764423076923077 0.9555288461538461 0.027644230769230768 0.08413461538461539
0 0.27403846153846156 0.8485576923076923 0.027644230769230768 0.11057692307692307
0 0.12860576923076922 0.9795673076923077 0.03125 0.037259615384615384
0 0.4723557692307692 0.9639423076923077 0.06009615384615385 0.055288461538461536
0 0.5384615384615384 0.9699519230769231 0.0625 0.052884615384615384
0 0.5432692307692307 0.9098557692307693 0.0625 0.051682692307692304
0 0.4699519230769231 0.9122596153846154 0.05889423076923077 0.046875
0 0.5456730769230769 0.8569711538461539 0.057692307692307696 0.04807692307692308
0 0.47716346153846156 0.8557692307692307 0.054086538461538464 0.04567307692307692
0 0.5456730769230769 0.8028846153846154 0.05889423076923077 0.05048076923076923
0 0.4735576923076923 0.8028846153846154 0.0625 0.05048076923076923
0 0.3329326923076923 0.9927884615384616 0.054086538461538464 0.010817307692307692
0 0.4723557692307692 0.4675480769230769 0.06009615384615385 0.04807692307692308
0 0.4735576923076923 0.6899038461538461 0.057692307692307696 0.04326923076923077
0 0.546875 0.6899038461538461 0.0625 0.046875
0 0.546875 0.7475961538461539 0.05889423076923077 0.046875
0 0.4795673076923077 0.75 0.057692307692307696 0.04807692307692308
0 0.5480769230769231 0.3016826923076923 0.056490384615384616 0.04447115384615385
0 0.46875 0.3004807692307692 0.06129807692307692 0.051682692307692304
0 0.5492788461538461 0.24879807692307693 0.055288461538461536 0.04807692307692308
0 0.4831730769230769 0.24759615384615385 0.05889423076923077 0.04807692307692308
0 0.5456730769230769 0.1971153846153846 0.06129807692307692 0.04567307692307692
0 0.546875 0.14543269230769232 0.05889423076923077 0.055288461538461536
0 0.47475961538461536 0.19110576923076922 0.05889423076923077 0.051682692307692304
0 0.47596153846153844 0.140625 0.05889423076923077 0.04807692307692308
0 0.5480769230769231 0.09134615384615384 0.05889423076923077 0.051682692307692304
0 0.47716346153846156 0.09254807692307693 0.052884615384615384 0.046875
0 0.5504807692307693 0.040865384615384616 0.05889423076923077 0.051682692307692304
0 0.5504807692307693 0.008413461538461538 0.057692307692307696 0.016826923076923076
0 0.47716346153846156 0.008413461538461538 0.06009615384615385 0.016826923076923076
0 0.47596153846153844 0.040865384615384616 0.056490384615384616 0.04807692307692308
0 0.6838942307692307 0.016826923076923076 0.06009615384615385 0.03365384615384615
0 0.7572115384615384 0.018028846153846152 0.056490384615384616 0.036057692307692304
0 0.7463942307692307 0.06370192307692307 0.057692307692307696 0.04807692307692308
0 0.6838942307692307 0.06009615384615385 0.056490384615384616 0.052884615384615384
0 0.6862980769230769 0.11298076923076923 0.05889423076923077 0.05048076923076923
0 0.7487980769230769 0.11538461538461539 0.04567307692307692 0.046875
0 0.75 0.16346153846153846 0.055288461538461536 0.04807692307692308
0 0.7487980769230769 0.21754807692307693 0.054086538461538464 0.05048076923076923
0 0.7536057692307693 0.2704326923076923 0.06129807692307692 0.046875
0 0.7487980769230769 0.32211538461538464 0.06129807692307692 0.05048076923076923
0 0.7451923076923077 0.3737980769230769 0.054086538461538464 0.042067307692307696
0 0.6838942307692307 0.3737980769230769 0.054086538461538464 0.04807692307692308
0 0.6838942307692307 0.32091346153846156 0.06129807692307692 0.04567307692307692
0 0.6826923076923077 0.26802884615384615 0.05889423076923077 0.04447115384615385
0 0.6887019230769231 0.21754807692307693 0.06129807692307692 0.05048076923076923
0 0.7487980769230769 0.5384615384615384 0.04927884615384615 0.042067307692307696
0 0.7572115384615384 0.6502403846153846 0.05889423076923077 0.04807692307692308
0 0.7548076923076923 0.5925480769230769 0.05889423076923077 0.04807692307692308
0 0.7572115384615384 0.7055288461538461 0.05889423076923077 0.04807692307692308
0 0.7572115384615384 0.7572115384615384 0.06009615384615385 0.04807692307692308
0 0.6911057692307693 0.7572115384615384 0.056490384615384616 0.046875
0 0.6911057692307693 0.8137019230769231 0.057692307692307696 0.05048076923076923
0 0.7608173076923077 0.8125 0.057692307692307696 0.051682692307692304
0 0.7596153846153846 0.8665865384615384 0.06129807692307692 0.04807692307692308
0 0.7572115384615384 0.9194711538461539 0.06009615384615385 0.04567307692307692
0 0.7524038461538461 0.9759615384615384 0.052884615384615384 0.04447115384615385
0 0.6899038461538461 0.9759615384615384 0.056490384615384616 0.04447115384615385
0 0.6887019230769231 0.9230769230769231 0.06129807692307692 0.04447115384615385
0 0.6850961538461539 0.8689903846153846 0.055288461538461536 0.04567307692307692
0 0.8918269230769231 0.9915865384615384 0.05889423076923077 0.01201923076923077
0 0.8942307692307693 0.9627403846153846 0.06370192307692307 0.051682692307692304
0 0.8918269230769231 0.9110576923076923 0.05889423076923077 0.04807692307692308
0 0.8942307692307693 0.8569711538461539 0.056490384615384616 0.05048076923076923
0 0.8978365384615384 0.8040865384615384 0.0625 0.04807692307692308
0 0.8966346153846154 0.7512019230769231 0.06009615384615385 0.05048076923076923
0 0.8978365384615384 0.6959134615384616 0.06610576923076923 0.04567307692307692
0 0.8966346153846154 0.6430288461538461 0.06129807692307692 0.042067307692307696
0 0.9002403846153846 0.5925480769230769 0.055288461538461536 0.046875
0 0.9002403846153846 0.5432692307692307 0.06129807692307692 0.04567307692307692
0 0.8942307692307693 0.4891826923076923 0.0625 0.04447115384615385
0 0.8918269230769231 0.4338942307692308 0.05048076923076923 0.04807692307692308
0 0.8870192307692307 0.3762019230769231 0.06009615384615385 0.04567307692307692
0 0.8846153846153846 0.328125 0.055288461538461536 0.04447115384615385
0 0.8858173076923077 0.2776442307692308 0.06610576923076923 0.04807692307692308
0 0.8942307692307693 0.2283653846153846 0.06129807692307692 0.046875
0 0.8942307692307693 0.17307692307692307 0.06129807692307692 0.05048076923076923
0 0.890625 0.11899038461538461 0.04567307692307692 0.04807692307692308
0 0.8942307692307693 0.06971153846153846 0.056490384615384616 0.051682692307692304