0 0.5324519230769231 0.4375 0.05889423076923077 0.055288461538461536
0 0.5300480769230769 0.5 0.0625 0.052884615384615384
0 0.5288461538461539 0.36778846153846156 0.06850961538461539 0.06129807692307692
0 0.5348557692307693 0.5528846153846154 0.07692307692307693 0.06490384615384616
0 0.5240384615384616 0.32091346153846156 0.046875 0.05048076923076923
0 0.5793269230769231 0.3293269230769231 0.026442307692307692 0.12139423076923077
0 0.5841346153846154 0.453125 0.030048076923076924 0.10817307692307693
0 0.5240384615384616 0.265625 0.05048076923076923 0.04807692307692308
0 0.3473557692307692 0.21153846153846154 0.05048076923076923 0.051682692307692304
0 0.3425480769230769 0.26802884615384615 0.06850961538461539 0.054086538461538464
0 0.34975961538461536 0.3293269230769231 0.06490384615384616 0.05048076923076923
0 0.3473557692307692 0.38461538461538464 0.054086538461538464 0.046875
0 0.3485576923076923 0.4411057692307692 0.06490384615384616 0.051682692307692304
0 0.33413461538461536 0.5060096153846154 0.05889423076923077 0.04567307692307692
0 0.33413461538461536 0.5697115384615384 0.06971153846153846 0.06009615384615385
0 0.3245192307692308 0.7283653846153846 0.07451923076923077 0.06490384615384616
0 0.2283653846153846 0.7740384615384616 0.05889423076923077 0.0985576923076923
0 0.3317307692307692 0.8245192307692307 0.07091346153846154 0.05889423076923077
0 0.3317307692307692 0.875 0.0673076923076923 0.056490384615384616
0 0.33052884615384615 0.9350961538461539 0.07211538461538461 0.056490384615384616
0 0.7115384615384616 0.8966346153846154 0.030048076923076924 0.11538461538461539
0 0.6983173076923077 0.6995192307692307 0.06370192307692307 0.052884615384615384
0 0.6995192307692307 0.6430288461538461 0.057692307692307696 0.046875
0 0.6995192307692307 0.5877403846153846 0.06129807692307692 0.046875
0 0.6971153846153846 0.5336538461538461 0.06129807692307692 0.055288461538461536
0 0.6995192307692307 0.47475961538461536 0.06129807692307692 0.052884615384615384
0 0.6887019230769231 0.421875 0.06129807692307692 0.054086538461538464
0 0.6887019230769231 0.3629807692307692 0.06370192307692307 0.054086538461538464
0 0.6862980769230769 0.3088942307692308 0.06370192307692307 0.046875
0 0.6802884615384616 0.2512019230769231 0.06129807692307692 0.05048076923076923
0 0.6935096153846154 0.19110576923076922 0.06370192307692307 0.055288461538461536
0 0.6911057692307693 0.13221153846153846 0.05048076923076923 0.04807692307692308
0 0.6947115384615384 0.08173076923076923 0.0625 0.05889423076923077
0 0.6838942307692307 0.025240384615384616 0.06129807692307692 0.05048076923076923
0 0.5721153846153846 0.08653846153846154 0.027644230769230768 0.11298076923076923
0 0.5745192307692307 0.20192307692307693 0.02403846153846154 0.10576923076923077
0 0.3449519230769231 0.15384615384615385 0.06370192307692307 0.051682692307692304
0 0.33413461538461536 0.09014423076923077 0.07211538461538461 0.0625
0 0.32572115384615385 0.03245192307692308 0.06490384615384616 0.04567307692307692
0 0.5132211538461539 0.027644230769230768 0.0625 0.051682692307692304
0 0.515625 0.08653846153846154 0.06129807692307692 0.054086538461538464
0 0.5264423076923077 0.1310096153846154 0.06129807692307692 0.06610576923076923
0 0.5216346153846154 0.20192307692307693 0.056490384615384616 0.055288461538461536
0 0.6766826923076923 0.9278846153846154 0.027644230769230768 0.09975961538461539
0 0.6466346153846154 0.9411057692307693 0.03485576923076923 0.11298076923076923
0 0.6165865384615384 0.9483173076923077 0.030048076923076924 0.09975961538461539
0 0.5853365384615384 0.9471153846153846 0.027644230769230768 0.10336538461538461
0 0.5492788461538461 0.953125 0.028846153846153848 0.09014423076923077
0 0.5204326923076923 0.9579326923076923 0.026442307692307692 0.07932692307692307
0 0.4879807692307692 0.9543269230769231 0.027644230769230768 0.08774038461538461
0 0.45552884615384615 0.9579326923076923 0.030048076923076924 0.07932692307692307
0 0.4230769230769231 0.9675480769230769 0.027644230769230768 0.06009615384615385