0 0.38341346153846156 0.5829326923076923 0.09254807692307693 0.07451923076923077
0 0.38100961538461536 0.6622596153846154 0.0985576923076923 0.078125
0 0.3798076923076923 0.75 0.09014423076923077 0.07692307692307693
0 0.3870192307692308 0.8269230769230769 0.07932692307692307 0.07091346153846154
0 0.4795673076923077 0.7524038461538461 0.09014423076923077 0.08052884615384616
0 0.4807692307692308 0.8269230769230769 0.07451923076923077 0.07211538461538461
0 0.48677884615384615 0.6766826923076923 0.0889423076923077 0.07692307692307693
0 0.48677884615384615 0.5877403846153846 0.09495192307692307 0.078125
0 0.6706730769230769 0.6033653846153846 0.08653846153846154 0.07091346153846154
0 0.6658653846153846 0.6802884615384616 0.08413461538461539 0.0733173076923077
0 0.6634615384615384 0.7584134615384616 0.08413461538461539 0.07091346153846154
0 0.18389423076923078 0.7355769230769231 0.09014423076923077 0.06610576923076923
0 0.19230769230769232 0.6454326923076923 0.09975961538461539 0.0733173076923077
0 0.1971153846153846 0.5661057692307693 0.0985576923076923 0.07932692307692307
0 0.0985576923076923 0.5552884615384616 0.10216346153846154 0.06850961538461539
0 0.09495192307692307 0.640625 0.09014423076923077 0.0625
0 0.09495192307692307 0.7247596153846154 0.0889423076923077 0.06971153846153846
0 0.19110576923076922 0.8112980769230769 0.09735576923076923 0.078125
0 0.1875 0.8858173076923077 0.09134615384615384 0.06490384615384616
0 0.1875 0.9567307692307693 0.0889423076923077 0.07091346153846154
0 0.48197115384615385 0.9026442307692307 0.09014423076923077 0.0733173076923077
0 0.4699519230769231 0.9699519230769231 0.09254807692307693 0.05889423076923077
0 0.6514423076923077 0.8377403846153846 0.0829326923076923 0.08173076923076923
0 0.6598557692307693 0.9158653846153846 0.08774038461538461 0.07091346153846154
0 0.6634615384615384 0.9759615384615384 0.07692307692307693 0.04447115384615385
0 0.8028846153846154 0.9519230769230769 0.07692307692307693 0.09495192307692307
0 0.8064903846153846 0.8810096153846154 0.08052884615384616 0.13221153846153846
0 0.8221153846153846 0.8040865384615384 0.06490384615384616 0.1141826923076923
0 0.8257211538461539 0.7163461538461539 0.07451923076923077 0.11778846153846154
0 0.8185096153846154 0.5949519230769231 0.07692307692307693 0.13341346153846154
0 0.13221153846153846 0.06610576923076923 0.08653846153846154 0.0829326923076923
0 0.22355769230769232 0.07451923076923077 0.09375 0.0829326923076923
0 0.11778846153846154 0.15384615384615385 0.09975961538461539 0.08052884615384616
0 0.21995192307692307 0.15985576923076922 0.08653846153846154 0.07211538461538461
0 0.4014423076923077 0.09735576923076923 0.09134615384615384 0.0733173076923077
0 0.3942307692307692 0.17307692307692307 0.0889423076923077 0.07091346153846154
0 0.49038461538461536 0.18629807692307693 0.09254807692307693 0.078125
0 0.49399038461538464 0.1045673076923077 0.0733173076923077 0.07451923076923077
0 0.49278846153846156 0.03245192307692308 0.08774038461538461 0.06370192307692307
0 0.6766826923076923 0.051682692307692304 0.07932692307692307 0.08052884615384616
0 0.7776442307692307 0.021634615384615384 0.08533653846153846 0.04326923076923077
0 0.6850961538461539 0.12740384615384615 0.06610576923076923 0.06610576923076923
0 0.6742788461538461 0.1971153846153846 0.08653846153846154 0.07932692307692307
0 0.7692307692307693 0.21634615384615385 0.08413461538461539 0.06490384615384616