0 0.8401442307692307 0.6237980769230769 0.056490384615384616 0.046875
0 0.6634615384615384 0.6838942307692307 0.025240384615384616 0.11298076923076923
0 0.6682692307692307 0.5252403846153846 0.026442307692307692 0.11298076923076923
0 0.671875 0.38461538461538464 0.030048076923076924 0.11658653846153846
0 0.6730769230769231 0.22596153846153846 0.028846153846153848 0.11298076923076923
0 0.6670673076923077 0.0829326923076923 0.030048076923076924 0.10817307692307693
0 0.5252403846153846 0.11778846153846154 0.04927884615384615 0.052884615384615384
0 0.5240384615384616 0.2860576923076923 0.06009615384615385 0.051682692307692304
0 0.5216346153846154 0.45552884615384615 0.057692307692307696 0.04447115384615385
0 0.5264423076923077 0.5168269230769231 0.056490384615384616 0.051682692307692304
0 0.5252403846153846 0.5709134615384616 0.06009615384615385 0.04807692307692308
0 0.5252403846153846 0.625 0.05889423076923077 0.04326923076923077
0 0.5240384615384616 0.6814903846153846 0.06009615384615385 0.054086538461538464
0 0.5228365384615384 0.7391826923076923 0.0625 0.052884615384615384
0 0.5204326923076923 0.7956730769230769 0.06490384615384616 0.04567307692307692
0 0.5192307692307693 0.8545673076923077 0.06370192307692307 0.052884615384615384
0 0.5180288461538461 0.9122596153846154 0.06370192307692307 0.052884615384615384
0 0.5168269230769231 0.9675480769230769 0.05889423076923077 0.04567307692307692
0 0.3870192307692308 0.07692307692307693 0.05889423076923077 0.07451923076923077
0 0.3858173076923077 0.18990384615384615 0.06370192307692307 0.08653846153846154
0 0.38341346153846156 0.5949519230769231 0.06129807692307692 0.07091346153846154
0 0.38100961538461536 0.8846153846153846 0.05889423076923077 0.06850961538461539
0 0.3798076923076923 0.9459134615384616 0.06129807692307692 0.07211538461538461
0 0.38100961538461536 0.9819711538461539 0.052884615384615384 0.03365384615384615
0 0.2536057692307692 0.9735576923076923 0.06129807692307692 0.04807692307692308
0 0.2536057692307692 0.921875 0.055288461538461536 0.07451923076923077
0 0.25961538461538464 0.8629807692307693 0.052884615384615384 0.06370192307692307
0 0.25600961538461536 0.7944711538461539 0.057692307692307696 0.08052884615384616
0 0.2512019230769231 0.7307692307692307 0.054086538461538464 0.06129807692307692
0 0.2536057692307692 0.6658653846153846 0.05889423076923077 0.07692307692307693
0 0.25961538461538464 0.5985576923076923 0.054086538461538464 0.06009615384615385
0 0.2620192307692308 0.5324519230769231 0.06129807692307692 0.07451923076923077
0 0.2536057692307692 0.46274038461538464 0.06850961538461539 0.08173076923076923
0 0.25721153846153844 0.39903846153846156 0.06490384615384616 0.08413461538461539
0 0.2608173076923077 0.3389423076923077 0.06370192307692307 0.07692307692307693
0 0.2620192307692308 0.26802884615384615 0.0673076923076923 0.08052884615384616
0 0.2620192307692308 0.2091346153846154 0.06490384615384616 0.06971153846153846
0 0.26802884615384615 0.13581730769230768 0.05889423076923077 0.07091346153846154
0 0.26322115384615385 0.07091346153846154 0.06490384615384616 0.07451923076923077
0 0.265625 0.020432692307692308 0.055288461538461536 0.040865384615384616