0 0.5456730769230769 0.24759615384615385 0.054086538461538464 0.0985576923076923
0 0.6105769230769231 0.2848557692307692 0.056490384615384616 0.09254807692307693
0 0.5925480769230769 0.3317307692307692 0.055288461538461536 0.09134615384615384
0 0.5192307692307693 0.2800480769230769 0.054086538461538464 0.09495192307692307
0 0.546875 0.4074519230769231 0.054086538461538464 0.09254807692307693
0 0.4723557692307692 0.3605769230769231 0.052884615384615384 0.09615384615384616
0 0.43028846153846156 0.4495192307692308 0.052884615384615384 0.09495192307692307
0 0.4519230769230769 0.4014423076923077 0.05889423076923077 0.09975961538461539
0 0.4987980769230769 0.4831730769230769 0.054086538461538464 0.09495192307692307
0 0.47836538461538464 0.5276442307692307 0.056490384615384616 0.09254807692307693
0 0.19591346153846154 0.037259615384615384 0.052884615384615384 0.07211538461538461
0 0.15264423076923078 0.10576923076923077 0.05048076923076923 0.09134615384615384
0 0.43990384615384615 0.06971153846153846 0.04807692307692308 0.08413461538461539
0 0.4182692307692308 0.10697115384615384 0.05048076923076923 0.0889423076923077
0 0.3942307692307692 0.14903846153846154 0.055288461538461536 0.09735576923076923
0 0.3485576923076923 0.22235576923076922 0.051682692307692304 0.09134615384615384
0 0.3004807692307692 0.14182692307692307 0.04567307692307692 0.09014423076923077
0 0.3713942307692308 0.7439903846153846 0.051682692307692304 0.0889423076923077
0 0.39663461538461536 0.6983173076923077 0.055288461538461536 0.09615384615384616
0 0.41225961538461536 0.6514423076923077 0.054086538461538464 0.09254807692307693
0 0.43509615384615385 0.609375 0.054086538461538464 0.09495192307692307
0 0.4519230769230769 0.5685096153846154 0.052884615384615384 0.0985576923076923
0 0.4050480769230769 0.49038461538461536 0.054086538461538464 0.09495192307692307
0 0.38221153846153844 0.5288461538461539 0.05048076923076923 0.0889423076923077
0 0.5252403846153846 0.44471153846153844 0.046875 0.08653846153846154
0 0.5685096153846154 0.36778846153846156 0.052884615384615384 0.09495192307692307
0 0.5637019230769231 0.21153846153846154 0.04927884615384615 0.08653846153846154
0 0.5877403846153846 0.17548076923076922 0.052884615384615384 0.09134615384615384
0 0.6370192307692307 0.2512019230769231 0.04447115384615385 0.08173076923076923
0 0.4987980769230769 0.328125 0.052884615384615384 0.0889423076923077
0 0.359375 0.5661057692307693 0.052884615384615384 0.0889423076923077
0 0.3713942307692308 0.036057692307692304 0.055288461538461536 0.07211538461538461
0 0.3449519230769231 0.06971153846153846 0.052884615384615384 0.09014423076923077
0 0.3245192307692308 0.11057692307692307 0.05048076923076923 0.08173076923076923
0 0.25961538461538464 0.23197115384615385 0.046875 0.078125
0 0.2764423076923077 0.18509615384615385 0.052884615384615384 0.09495192307692307
0 0.30528846153846156 0.3088942307692308 0.05048076923076923 0.09014423076923077
0 0.3245192307692308 0.2620192307692308 0.052884615384615384 0.09014423076923077
0 0.23557692307692307 0.27403846153846156 0.054086538461538464 0.09495192307692307
0 0.3713942307692308 0.1814903846153846 0.057692307692307696 0.09495192307692307
0 0.09375 0.20432692307692307 0.06009615384615385 0.0985576923076923
0 0.046875 0.2956730769230769 0.052884615384615384 0.08173076923076923
0 0.013221153846153846 0.38341346153846156 0.026442307692307692 0.08052884615384616
0 0.39903846153846156 0.021634615384615384 0.04447115384615385 0.04326923076923077
0 0.46274038461538464 0.042067307692307696 0.04927884615384615 0.08413461538461539
0 0.4879807692307692 0.018028846153846152 0.040865384615384616 0.036057692307692304
0 0.5552884615384616 0.015625 0.03365384615384615 0.030048076923076924
0 0.42908653846153844 0.23557692307692307 0.051682692307692304 0.08413461538461539
0 0.6971153846153846 0.042067307692307696 0.05048076923076923 0.08413461538461539
0 0.7211538461538461 0.02403846153846154 0.04326923076923077 0.046875
0 0.7620192307692307 0.09014423076923077 0.04927884615384615 0.09495192307692307
0 0.8004807692307693 0.22355769230769232 0.05048076923076923 0.09254807692307693
0 0.8149038461538461 0.17548076923076922 0.054086538461538464 0.09134615384615384
0 0.8461538461538461 0.30288461538461536 0.052884615384615384 0.09134615384615384
0 0.8641826923076923 0.25841346153846156 0.054086538461538464 0.08774038461538461
0 0.8870192307692307 0.22355769230769232 0.05048076923076923 0.08653846153846154
0 0.8353365384615384 0.13942307692307693 0.052884615384615384 0.09014423076923077
0 0.8557692307692307 0.10817307692307693 0.052884615384615384 0.0889423076923077
0 0.8774038461538461 0.06850961538461539 0.055288461538461536 0.09134615384615384
0 0.8942307692307693 0.036057692307692304 0.05889423076923077 0.07211538461538461
0 0.9266826923076923 0.021634615384615384 0.04567307692307692 0.04326923076923077
0 0.9771634615384616 0.039663461538461536 0.04326923076923077 0.07932692307692307
0 0.9603365384615384 0.06610576923076923 0.046875 0.07211538461538461
0 0.9459134615384616 0.109375 0.06009615384615385 0.09615384615384616
0 0.9242788461538461 0.1502403846153846 0.05048076923076923 0.08173076923076923
0 0.90625 0.1875 0.055288461538461536 0.09014423076923077
0 0.9879807692307693 0.3545673076923077 0.021634615384615384 0.06971153846153846
0 0.9807692307692307 0.41586538461538464 0.037259615384615384 0.09254807692307693
0 0.9711538461538461 0.4519230769230769 0.055288461538461536 0.09615384615384616
0 0.9519230769230769 0.4879807692307692 0.05048076923076923 0.08774038461538461
0 0.9314903846153846 0.5204326923076923 0.04807692307692308 0.08774038461538461
0 0.9122596153846154 0.5588942307692307 0.046875 0.09014423076923077
0 0.890625 0.5961538461538461 0.04807692307692308 0.09134615384615384
0 0.8269230769230769 0.6153846153846154 0.04447115384615385 0.09134615384615384
0 0.8088942307692307 0.5745192307692307 0.04447115384615385 0.0829326923076923
0 0.7884615384615384 0.5264423076923077 0.040865384615384616 0.0829326923076923
0 0.7668269230769231 0.49158653846153844 0.04807692307692308 0.09134615384615384
0 0.7355769230769231 0.421875 0.055288461538461536 0.09495192307692307
0 0.7091346153846154 0.45552884615384615 0.05048076923076923 0.09495192307692307
0 0.6911057692307693 0.5012019230769231 0.04807692307692308 0.08653846153846154
0 0.6694711538461539 0.5420673076923077 0.051682692307692304 0.09254807692307693
0 0.6442307692307693 0.5841346153846154 0.05048076923076923 0.09134615384615384
0 0.20673076923076922 0.3016826923076923 0.05048076923076923 0.0829326923076923
0 0.25961538461538464 0.3870192307692308 0.055288461538461536 0.09615384615384616
0 0.2824519230769231 0.3545673076923077 0.052884615384615384 0.09615384615384616
0 0.1875 0.3473557692307692 0.055288461538461536 0.09615384615384616
0 0.23677884615384615 0.42908653846153844 0.054086538461538464 0.09735576923076923
0 0.21514423076923078 0.47475961538461536 0.052884615384615384 0.09254807692307693
0 0.1658653846153846 0.390625 0.054086538461538464 0.09735576923076923
0 0.14543269230769232 0.43149038461538464 0.051682692307692304 0.09134615384615384
0 0.19230769230769232 0.5120192307692307 0.055288461538461536 0.09014423076923077
0 0.11658653846153846 0.4639423076923077 0.052884615384615384 0.09495192307692307
0 0.1622596153846154 0.5456730769230769 0.055288461538461536 0.09495192307692307
0 0.21995192307692307 0.6838942307692307 0.055288461538461536 0.09975961538461539
0 0.0985576923076923 0.5120192307692307 0.054086538461538464 0.09495192307692307
0 0.1466346153846154 0.5973557692307693 0.056490384615384616 0.09735576923076923
0 0.07572115384615384 0.5516826923076923 0.057692307692307696 0.09495192307692307
0 0.12259615384615384 0.6322115384615384 0.04807692307692308 0.08774038461538461
0 0.052884615384615384 0.5949519230769231 0.06129807692307692 0.09735576923076923
0 0.10096153846153846 0.6754807692307693 0.055288461538461536 0.0985576923076923
0 0.13701923076923078 0.7596153846153846 0.055288461538461536 0.10336538461538461
0 0.07692307692307693 0.7199519230769231 0.052884615384615384 0.09254807692307693
0 0.056490384615384616 0.7572115384615384 0.052884615384615384 0.08413461538461539
0 0.030048076923076924 0.6346153846153846 0.055288461538461536 0.09014423076923077
0 0.018028846153846152 0.6790865384615384 0.036057692307692304 0.0985576923076923
0 0.006009615384615385 0.7415865384615384 0.01201923076923077 0.037259615384615384
0 0.03245192307692308 0.8064903846153846 0.05889423076923077 0.09014423076923077
0 0.019230769230769232 0.8461538461538461 0.038461538461538464 0.09495192307692307
0 0.008413461538461538 0.9038461538461539 0.016826923076923076 0.06009615384615385
0 0.3401442307692308 0.609375 0.05048076923076923 0.08774038461538461
0 0.31850961538461536 0.6538461538461539 0.052884615384615384 0.0985576923076923
0 0.2932692307692308 0.6887019230769231 0.055288461538461536 0.0985576923076923
0 0.27163461538461536 0.7295673076923077 0.054086538461538464 0.0985576923076923
0 0.32211538461538464 0.8197115384615384 0.057692307692307696 0.0985576923076923
0 0.3473557692307692 0.7800480769230769 0.04807692307692308 0.0889423076923077
0 0.24519230769230768 0.765625 0.05048076923076923 0.08653846153846154
0 0.30528846153846156 0.8641826923076923 0.054086538461538464 0.09254807692307693
0 0.2800480769230769 0.9014423076923077 0.05889423076923077 0.09735576923076923
0 0.25721153846153844 0.9387019230769231 0.056490384615384616 0.09495192307692307
0 0.17548076923076922 0.8894230769230769 0.056490384615384616 0.10096153846153846
0 0.20432692307692307 0.8497596153846154 0.04927884615384615 0.09254807692307693
0 0.22596153846153846 0.8137019230769231 0.055288461538461536 0.10096153846153846
0 0.15625 0.9338942307692307 0.051682692307692304 0.09254807692307693
0 0.23677884615384615 0.9699519230769231 0.056490384615384616 0.056490384615384616
0 0.20072115384615385 0.9855769230769231 0.030048076923076924 0.02403846153846154
0 0.1346153846153846 0.9627403846153846 0.05889423076923077 0.07211538461538461
0 0.10336538461538461 0.9879807692307693 0.03125 0.020432692307692308
0 0.6201923076923077 0.6189903846153846 0.05048076923076923 0.09615384615384616
0 0.6009615384615384 0.6670673076923077 0.052884615384615384 0.10096153846153846
0 0.5757211538461539 0.7043269230769231 0.04807692307692308 0.09134615384615384
0 0.5600961538461539 0.75 0.046875 0.078125
0 0.5348557692307693 0.7872596153846154 0.04567307692307692 0.08653846153846154
0 0.5132211538461539 0.828125 0.056490384615384616 0.10096153846153846
0 0.49278846153846156 0.8689903846153846 0.055288461538461536 0.10576923076923077
0 0.46875 0.9122596153846154 0.055288461538461536 0.0985576923076923
0 0.44591346153846156 0.9483173076923077 0.055288461538461536 0.0985576923076923
0 0.4230769230769231 0.9735576923076923 0.04567307692307692 0.04807692307692308
0 0.3894230769230769 0.9891826923076923 0.025240384615384616 0.018028846153846152
0 0.6286057692307693 0.16826923076923078 0.052884615384615384 0.10096153846153846