0 0.6694711538461539 0.9819711538461539 0.05889423076923077 0.03245192307692308
0 0.6646634615384616 0.9350961538461539 0.057692307692307696 0.04807692307692308
0 0.7403846153846154 0.9338942307692307 0.05889423076923077 0.05048076923076923
0 0.734375 0.875 0.056490384615384616 0.052884615384615384
0 0.7355769230769231 0.8185096153846154 0.055288461538461536 0.04807692307692308
0 0.7391826923076923 0.7620192307692307 0.057692307692307696 0.051682692307692304
0 0.7307692307692307 0.7127403846153846 0.052884615384615384 0.04807692307692308
0 0.8713942307692307 0.7139423076923077 0.06009615384615385 0.05048076923076923
0 0.8713942307692307 0.6586538461538461 0.05889423076923077 0.04807692307692308
0 0.8810096153846154 0.6033653846153846 0.06129807692307692 0.052884615384615384
0 0.8810096153846154 0.546875 0.05889423076923077 0.05048076923076923
0 0.8786057692307693 0.49158653846153844 0.055288461538461536 0.04326923076923077
0 0.8725961538461539 0.43990384615384615 0.06009615384615385 0.046875
0 0.8677884615384616 0.3870192307692308 0.057692307692307696 0.042067307692307696
0 0.8653846153846154 0.33052884615384615 0.056490384615384616 0.04807692307692308
0 0.8677884615384616 0.2824519230769231 0.056490384615384616 0.04567307692307692
0 0.8725961538461539 0.23197115384615385 0.06129807692307692 0.052884615384615384
0 0.8653846153846154 0.1778846153846154 0.05889423076923077 0.046875
0 0.8725961538461539 0.12259615384615384 0.056490384615384616 0.052884615384615384
0 0.8689903846153846 0.07091346153846154 0.054086538461538464 0.051682692307692304
0 0.8713942307692307 0.019230769230769232 0.06610576923076923 0.038461538461538464
0 0.7247596153846154 0.16346153846153846 0.046875 0.04447115384615385
0 0.7283653846153846 0.21514423076923078 0.051682692307692304 0.051682692307692304
0 0.7319711538461539 0.2764423076923077 0.05889423076923077 0.05048076923076923
0 0.7379807692307693 0.3317307692307692 0.05889423076923077 0.051682692307692304
0 0.7391826923076923 0.38341346153846156 0.056490384615384616 0.051682692307692304
0 0.7415865384615384 0.4963942307692308 0.055288461538461536 0.046875
0 0.7439903846153846 0.5504807692307693 0.06009615384615385 0.04807692307692308
0 0.7415865384615384 0.6009615384615384 0.052884615384615384 0.04447115384615385
0 0.6622596153846154 0.7163461538461539 0.06129807692307692 0.05048076923076923
0 0.6622596153846154 0.7692307692307693 0.056490384615384616 0.046875
0 0.6658653846153846 0.8245192307692307 0.06370192307692307 0.052884615384615384
0 0.6634615384615384 0.8786057692307693 0.051682692307692304 0.04567307692307692
0 0.6634615384615384 0.6550480769230769 0.052884615384615384 0.046875
0 0.6658653846153846 0.5985576923076923 0.04927884615384615 0.04447115384615385
0 0.6682692307692307 0.5480769230769231 0.05889423076923077 0.04807692307692308
0 0.6730769230769231 0.49399038461538464 0.055288461538461536 0.04447115384615385
0 0.6598557692307693 0.43028846153846156 0.06009615384615385 0.05048076923076923
0 0.6670673076923077 0.37740384615384615 0.0625 0.05048076923076923
0 0.6694711538461539 0.3245192307692308 0.0625 0.052884615384615384
0 0.6694711538461539 0.2692307692307692 0.06129807692307692 0.051682692307692304
0 0.6670673076923077 0.21394230769230768 0.056490384615384616 0.051682692307692304
0 0.6646634615384616 0.16346153846153846 0.06009615384615385 0.04807692307692308
0 0.5192307692307693 0.15264423076923078 0.05889423076923077 0.054086538461538464
0 0.5180288461538461 0.20793269230769232 0.057692307692307696 0.052884615384615384
0 0.5192307692307693 0.2608173076923077 0.057692307692307696 0.05048076923076923
0 0.5168269230769231 0.3137019230769231 0.056490384615384616 0.04807692307692308
0 0.5180288461538461 0.36899038461538464 0.06129807692307692 0.052884615384615384
0 0.5192307692307693 0.42788461538461536 0.055288461538461536 0.04447115384615385
0 0.5144230769230769 0.484375 0.05889423076923077 0.051682692307692304
0 0.5108173076923077 0.5408653846153846 0.05889423076923077 0.046875
0 0.515625 0.5925480769230769 0.06009615384615385 0.051682692307692304
0 0.5192307692307693 0.6490384615384616 0.055288461538461536 0.04807692307692308
0 0.5192307692307693 0.7079326923076923 0.055288461538461536 0.046875
0 0.5192307692307693 0.7620192307692307 0.06129807692307692 0.05048076923076923
0 0.5204326923076923 0.8209134615384616 0.06129807692307692 0.04807692307692308
0 0.5216346153846154 0.875 0.05889423076923077 0.051682692307692304
0 0.5192307692307693 0.9314903846153846 0.05889423076923077 0.05048076923076923
0 0.5240384615384616 0.9795673076923077 0.06370192307692307 0.038461538461538464
0 0.4543269230769231 0.9759615384615384 0.06129807692307692 0.04326923076923077
0 0.4495192307692308 0.9230769230769231 0.056490384615384616 0.04567307692307692
0 0.4519230769230769 0.8725961538461539 0.05889423076923077 0.054086538461538464
0 0.453125 0.8161057692307693 0.06129807692307692 0.046875
0 0.4519230769230769 0.7644230769230769 0.06370192307692307 0.05048076923076923
0 0.4483173076923077 0.7067307692307693 0.05889423076923077 0.04447115384615385
0 0.44591346153846156 0.6466346153846154 0.056490384615384616 0.05048076923076923
0 0.44591346153846156 0.5913461538461539 0.05889423076923077 0.046875
0 0.4483173076923077 0.5360576923076923 0.055288461538461536 0.04807692307692308
0 0.44711538461538464 0.4807692307692308 0.05889423076923077 0.04807692307692308
0 0.4495192307692308 0.4266826923076923 0.057692307692307696 0.051682692307692304
0 0.45072115384615385 0.36778846153846156 0.05889423076923077 0.05048076923076923
0 0.44471153846153844 0.31490384615384615 0.06129807692307692 0.05048076923076923
0 0.45072115384615385 0.25841346153846156 0.06009615384615385 0.052884615384615384
0 0.453125 0.20552884615384615 0.05889423076923077 0.05048076923076923
0 0.44711538461538464 0.15264423076923078 0.05889423076923077 0.05048076923076923
0 0.3088942307692308 0.14903846153846154 0.05889423076923077 0.054086538461538464
0 0.3088942307692308 0.203125 0.06009615384615385 0.054086538461538464
0 0.3088942307692308 0.25841346153846156 0.054086538461538464 0.05048076923076923
0 0.31009615384615385 0.3125 0.05889423076923077 0.04567307692307692
0 0.30288461538461536 0.36658653846153844 0.05889423076923077 0.05048076923076923
0 0.29927884615384615 0.41947115384615385 0.06009615384615385 0.05048076923076923
0 0.3016826923076923 0.47836538461538464 0.055288461538461536 0.051682692307692304
0 0.3088942307692308 0.5348557692307693 0.056490384615384616 0.04567307692307692
0 0.30649038461538464 0.5913461538461539 0.06129807692307692 0.051682692307692304
0 0.3088942307692308 0.6490384615384616 0.06009615384615385 0.046875
0 0.3088942307692308 0.703125 0.05889423076923077 0.04807692307692308
0 0.3076923076923077 0.7620192307692307 0.06370192307692307 0.051682692307692304
0 0.3088942307692308 0.8149038461538461 0.06009615384615385 0.052884615384615384
0 0.3137019230769231 0.8689903846153846 0.06129807692307692 0.05048076923076923
0 0.3112980769230769 0.9266826923076923 0.06370192307692307 0.052884615384615384
0 0.31009615384615385 0.9759615384615384 0.0625 0.04447115384615385
0 0.15504807692307693 0.9903846153846154 0.052884615384615384 0.016826923076923076
0 0.14903846153846154 0.9543269230769231 0.07572115384615384 0.051682692307692304
0 0.14903846153846154 0.8954326923076923 0.0625 0.05048076923076923
0 0.16105769230769232 0.8401442307692307 0.05889423076923077 0.05048076923076923
0 0.1502403846153846 0.7860576923076923 0.06370192307692307 0.04807692307692308
0 0.16346153846153846 0.7295673076923077 0.055288461538461536 0.04447115384615385
0 0.1502403846153846 0.6730769230769231 0.06009615384615385 0.046875
0 0.14423076923076922 0.5697115384615384 0.05889423076923077 0.04567307692307692
0 0.1466346153846154 0.5108173076923077 0.0625 0.046875
0 0.14903846153846154 0.4519230769230769 0.06610576923076923 0.05048076923076923
0 0.15264423076923078 0.40024038461538464 0.0625 0.04807692307692308
0 0.14783653846153846 0.34134615384615385 0.06009615384615385 0.04807692307692308
0 0.15985576923076922 0.29086538461538464 0.05889423076923077 0.05048076923076923
0 0.16105769230769232 0.23317307692307693 0.06129807692307692 0.046875
0 0.15745192307692307 0.17908653846153846 0.0625 0.055288461538461536
0 0.15865384615384615 0.12620192307692307 0.0625 0.051682692307692304
0 0.15745192307692307 0.07211538461538461 0.06129807692307692 0.051682692307692304
0 0.15504807692307693 0.02403846153846154 0.06850961538461539 0.04807692307692308