0 0.39903846153846156 0.8088942307692307 0.057692307692307696 0.051682692307692304
0 0.39903846153846156 0.8677884615384616 0.06610576923076923 0.051682692307692304
0 0.7439903846153846 0.9266826923076923 0.056490384615384616 0.05048076923076923
0 0.7536057692307693 0.9783653846153846 0.06370192307692307 0.042067307692307696
0 0.7475961538461539 0.8677884615384616 0.06490384615384616 0.052884615384615384
0 0.7439903846153846 0.8064903846153846 0.057692307692307696 0.054086538461538464
0 0.75 0.7487980769230769 0.06370192307692307 0.04807692307692308
0 0.6129807692307693 0.7524038461538461 0.06129807692307692 0.056490384615384616
0 0.5432692307692307 0.8100961538461539 0.06009615384615385 0.054086538461538464
0 0.5432692307692307 0.7512019230769231 0.06610576923076923 0.051682692307692304
0 0.5384615384615384 0.5192307692307693 0.06009615384615385 0.054086538461538464
0 0.609375 0.5192307692307693 0.057692307692307696 0.05048076923076923
0 0.6129807692307693 0.5733173076923077 0.055288461538461536 0.051682692307692304
0 0.5420673076923077 0.578125 0.06490384615384616 0.056490384615384616
0 0.5444711538461539 0.6346153846153846 0.057692307692307696 0.052884615384615384
0 0.6153846153846154 0.6274038461538461 0.06129807692307692 0.054086538461538464
0 0.6129807692307693 0.6899038461538461 0.06370192307692307 0.055288461538461536
0 0.5432692307692307 0.6935096153846154 0.06129807692307692 0.055288461538461536
0 0.328125 0.47115384615384615 0.06129807692307692 0.05048076923076923
0 0.39903846153846156 0.46274038461538464 0.06129807692307692 0.052884615384615384
0 0.4026442307692308 0.5192307692307693 0.06129807692307692 0.052884615384615384
0 0.33052884615384615 0.5264423076923077 0.06009615384615385 0.054086538461538464
0 0.39663461538461536 0.5769230769230769 0.0625 0.052884615384615384
0 0.3293269230769231 0.5829326923076923 0.057692307692307696 0.054086538461538464
0 0.39663461538461536 0.6346153846153846 0.06610576923076923 0.052884615384615384
0 0.39903846153846156 0.6959134615384616 0.055288461538461536 0.04807692307692308
0 0.3269230769230769 0.6394230769230769 0.06129807692307692 0.04807692307692308
0 0.3269230769230769 0.6959134615384616 0.06129807692307692 0.052884615384615384
0 0.39663461538461536 0.7475961538461539 0.06370192307692307 0.054086538461538464
0 0.3269230769230769 0.7536057692307693 0.056490384615384616 0.052884615384615384
0 0.18990384615384615 0.7019230769230769 0.06370192307692307 0.055288461538461536
0 0.1935096153846154 0.7908653846153846 0.06370192307692307 0.04807692307692308
0 0.18509615384615385 0.9519230769230769 0.057692307692307696 0.04807692307692308
0 0.6141826923076923 0.9723557692307693 0.0625 0.052884615384615384
0 0.5408653846153846 0.9783653846153846 0.06490384615384616 0.042067307692307696
0 0.6141826923076923 0.9194711538461539 0.057692307692307696 0.051682692307692304
0 0.5408653846153846 0.9278846153846154 0.06850961538461539 0.054086538461538464
0 0.5456730769230769 0.8689903846153846 0.06129807692307692 0.04807692307692308
0 0.6129807692307693 0.8629807692307693 0.057692307692307696 0.054086538461538464
0 0.6105769230769231 0.8040865384615384 0.06370192307692307 0.046875
0 0.3293269230769231 0.8137019230769231 0.0625 0.05048076923076923
0 0.3269230769230769 0.8713942307692307 0.056490384615384616 0.05048076923076923
0 0.40024038461538464 0.9230769230769231 0.06009615384615385 0.054086538461538464
0 0.39903846153846156 0.9783653846153846 0.06610576923076923 0.042067307692307696
0 0.3245192307692308 0.9783653846153846 0.06129807692307692 0.040865384615384616
0 0.3245192307692308 0.9278846153846154 0.06129807692307692 0.052884615384615384
0 0.19110576923076922 0.6286057692307693 0.06610576923076923 0.046875
0 0.3317307692307692 0.4110576923076923 0.05889423076923077 0.052884615384615384
0 0.3942307692307692 0.40384615384615385 0.05889423076923077 0.051682692307692304
0 0.4014423076923077 0.35096153846153844 0.0625 0.055288461538461536
0 0.3317307692307692 0.3557692307692308 0.057692307692307696 0.052884615384615384
0 0.5384615384615384 0.46274038461538464 0.06009615384615385 0.052884615384615384
0 0.6081730769230769 0.4567307692307692 0.05889423076923077 0.054086538461538464
0 0.6105769230769231 0.40384615384615385 0.05889423076923077 0.05048076923076923
0 0.5348557692307693 0.4050480769230769 0.056490384615384616 0.054086538461538464
0 0.6778846153846154 0.9266826923076923 0.03245192307692308 0.109375
0 0.7475961538461539 0.6887019230769231 0.055288461538461536 0.04807692307692308
0 0.7463942307692307 0.6322115384615384 0.05889423076923077 0.046875
0 0.7427884615384616 0.5709134615384616 0.05889423076923077 0.054086538461538464
0 0.7451923076923077 0.515625 0.06370192307692307 0.04807692307692308
0 0.7427884615384616 0.45913461538461536 0.05889423076923077 0.04807692307692308
0 0.7451923076923077 0.4074519230769231 0.06490384615384616 0.05048076923076923
0 0.7463942307692307 0.34975961538461536 0.06129807692307692 0.056490384615384616
0 0.7439903846153846 0.29447115384615385 0.06129807692307692 0.06009615384615385
0 0.7379807692307693 0.234375 0.06370192307692307 0.056490384615384616
0 0.7427884615384616 0.18629807692307693 0.057692307692307696 0.046875
0 0.7439903846153846 0.12860576923076922 0.05889423076923077 0.051682692307692304
0 0.7403846153846154 0.07451923076923077 0.05889423076923077 0.051682692307692304
0 0.7403846153846154 0.026442307692307692 0.0673076923076923 0.052884615384615384
0 0.609375 0.34615384615384615 0.056490384615384616 0.051682692307692304
0 0.5384615384615384 0.34615384615384615 0.052884615384615384 0.051682692307692304
0 0.5456730769230769 0.2920673076923077 0.06370192307692307 0.052884615384615384
0 0.6117788461538461 0.28846153846153844 0.056490384615384616 0.046875
0 0.609375 0.23317307692307693 0.06490384615384616 0.055288461538461536
0 0.5420673076923077 0.23798076923076922 0.06370192307692307 0.056490384615384616
0 0.5408653846153846 0.18028846153846154 0.06129807692307692 0.055288461538461536
0 0.6117788461538461 0.1778846153846154 0.06370192307692307 0.056490384615384616
0 0.6105769230769231 0.12379807692307693 0.06129807692307692 0.054086538461538464
0 0.5420673076923077 0.125 0.06009615384615385 0.056490384615384616
0 0.5408653846153846 0.0733173076923077 0.06370192307692307 0.05889423076923077
0 0.6081730769230769 0.07091346153846154 0.0625 0.055288461538461536
0 0.6045673076923077 0.02283653846153846 0.06009615384615385 0.04567307692307692
0 0.5432692307692307 0.02283653846153846 0.06009615384615385 0.04567307692307692
0 0.40384615384615385 0.02283653846153846 0.0625 0.04567307692307692
0 0.3389423076923077 0.02403846153846154 0.056490384615384616 0.04807692307692308
0 0.40384615384615385 0.2920673076923077 0.054086538461538464 0.051682692307692304
0 0.3329326923076923 0.2920673076923077 0.04807692307692308 0.054086538461538464
0 0.33413461538461536 0.23317307692307693 0.05889423076923077 0.05889423076923077
0 0.39903846153846156 0.18028846153846154 0.06009615384615385 0.06009615384615385
0 0.4026442307692308 0.234375 0.06370192307692307 0.05048076923076923
0 0.33533653846153844 0.1778846153846154 0.06009615384615385 0.056490384615384616
0 0.33653846153846156 0.12620192307692307 0.05048076923076923 0.05048076923076923
0 0.40024038461538464 0.12379807692307693 0.06009615384615385 0.051682692307692304
0 0.39663461538461536 0.07211538461538461 0.05889423076923077 0.055288461538461536
0 0.3329326923076923 0.07692307692307693 0.057692307692307696 0.04807692307692308
0 0.19831730769230768 0.03245192307692308 0.054086538461538464 0.054086538461538464
0 0.20072115384615385 0.08413461538461539 0.06129807692307692 0.054086538461538464
0 0.19951923076923078 0.13701923076923078 0.057692307692307696 0.052884615384615384
0 0.19471153846153846 0.2824519230769231 0.0673076923076923 0.054086538461538464
0 0.19110576923076922 0.3401442307692308 0.05889423076923077 0.051682692307692304
0 0.19471153846153846 0.3954326923076923 0.06009615384615385 0.05048076923076923
0 0.19110576923076922 0.45552884615384615 0.06850961538461539 0.055288461538461536
0 0.18629807692307693 0.5108173076923077 0.06370192307692307 0.05048076923076923
0 0.18269230769230768 0.5649038461538461 0.06370192307692307 0.052884615384615384