0 0.9795673076923077 0.32211538461538464 0.030048076923076924 0.0985576923076923
0 0.9855769230769231 0.4338942307692308 0.027644230769230768 0.10576923076923077
0 0.9567307692307693 0.43149038461538464 0.03245192307692308 0.09975961538461539
0 0.9266826923076923 0.43990384615384615 0.030048076923076924 0.10336538461538461
0 0.9002403846153846 0.43990384615384615 0.03125 0.09254807692307693
0 0.8713942307692307 0.43990384615384615 0.030048076923076924 0.10817307692307693
0 0.8401442307692307 0.43509615384615385 0.030048076923076924 0.10817307692307693
0 0.8100961538461539 0.44350961538461536 0.030048076923076924 0.11057692307692307
0 0.8028846153846154 0.5384615384615384 0.055288461538461536 0.04447115384615385
0 0.953125 0.3233173076923077 0.030048076923076924 0.09975961538461539
0 0.9266826923076923 0.3233173076923077 0.03365384615384615 0.10817307692307693
0 0.8954326923076923 0.32211538461538464 0.030048076923076924 0.10697115384615384
0 0.8677884615384616 0.31850961538461536 0.028846153846153848 0.1045673076923077
0 0.8377403846153846 0.31850961538461536 0.027644230769230768 0.1045673076923077
0 0.8088942307692307 0.32091346153846156 0.027644230769230768 0.10336538461538461
0 0.7788461538461539 0.32091346153846156 0.030048076923076924 0.10576923076923077
0 0.7463942307692307 0.31850961538461536 0.027644230769230768 0.10336538461538461
0 0.7800480769230769 0.43990384615384615 0.028846153846153848 0.11538461538461539
0 0.7524038461538461 0.4387019230769231 0.025240384615384616 0.10096153846153846
0 0.7199519230769231 0.4387019230769231 0.028846153846153848 0.10697115384615384
0 0.6899038461538461 0.44471153846153844 0.030048076923076924 0.10096153846153846
0 0.6574519230769231 0.43990384615384615 0.027644230769230768 0.109375
0 0.6286057692307693 0.44711538461538464 0.027644230769230768 0.1141826923076923
0 0.5949519230769231 0.44711538461538464 0.030048076923076924 0.1141826923076923
0 0.5612980769230769 0.4543269230769231 0.027644230769230768 0.11538461538461539
0 0.7175480769230769 0.31971153846153844 0.030048076923076924 0.10817307692307693
0 0.6875 0.3245192307692308 0.027644230769230768 0.109375
0 0.65625 0.3245192307692308 0.03245192307692308 0.10817307692307693
0 0.6262019230769231 0.3233173076923077 0.030048076923076924 0.11298076923076923
0 0.5913461538461539 0.3233173076923077 0.030048076923076924 0.11298076923076923
0 0.5612980769230769 0.3233173076923077 0.027644230769230768 0.11899038461538461
0 0.5252403846153846 0.32211538461538464 0.030048076923076924 0.11298076923076923
0 0.49278846153846156 0.328125 0.030048076923076924 0.11298076923076923
0 0.5288461538461539 0.4483173076923077 0.028846153846153848 0.11899038461538461
0 0.49759615384615385 0.453125 0.027644230769230768 0.10817307692307693
0 0.46153846153846156 0.32211538461538464 0.026442307692307692 0.09735576923076923
0 0.46274038461538464 0.4519230769230769 0.027644230769230768 0.10576923076923077
0 0.42788461538461536 0.3161057692307692 0.026442307692307692 0.10817307692307693
0 0.43028846153846156 0.453125 0.026442307692307692 0.11658653846153846
0 0.3942307692307692 0.32211538461538464 0.028846153846153848 0.10817307692307693
0 0.39783653846153844 0.4495192307692308 0.030048076923076924 0.11298076923076923
0 0.3605769230769231 0.3233173076923077 0.027644230769230768 0.11298076923076923
0 0.3629807692307692 0.4543269230769231 0.027644230769230768 0.109375
0 0.32572115384615385 0.3293269230769231 0.027644230769230768 0.11899038461538461
0 0.33052884615384615 0.4567307692307692 0.028846153846153848 0.09975961538461539
0 0.2932692307692308 0.33413461538461536 0.026442307692307692 0.109375
0 0.3004807692307692 0.46634615384615385 0.026442307692307692 0.11057692307692307
0 0.2608173076923077 0.33413461538461536 0.028846153846153848 0.109375
0 0.2644230769230769 0.4579326923076923 0.030048076923076924 0.11658653846153846
0 0.23197115384615385 0.46274038461538464 0.030048076923076924 0.11057692307692307
0 0.2283653846153846 0.3329326923076923 0.030048076923076924 0.11658653846153846
0 0.19471153846153846 0.33413461538461536 0.030048076923076924 0.11057692307692307
0 0.1622596153846154 0.3425480769230769 0.027644230769230768 0.11057692307692307
0 0.1310096153846154 0.33653846153846156 0.03125 0.12259615384615384
0 0.09615384615384616 0.33774038461538464 0.03365384615384615 0.11538461538461539
0 0.1658653846153846 0.4639423076923077 0.03365384615384615 0.10576923076923077
0 0.19951923076923078 0.45913461538461536 0.03125 0.11658653846153846
0 0.1346153846153846 0.4675480769230769 0.028846153846153848 0.10096153846153846
0 0.10096153846153846 0.47115384615384615 0.037259615384615384 0.11658653846153846
0 0.0673076923076923 0.46274038461538464 0.03245192307692308 0.11298076923076923
0 0.03485576923076923 0.4579326923076923 0.03125 0.09975961538461539
0 0.06129807692307692 0.33653846153846156 0.030048076923076924 0.09495192307692307
0 0.028846153846153848 0.3425480769230769 0.03485576923076923 0.11298076923076923
0 0.007211538461538462 0.33413461538461536 0.013221153846153846 0.09615384615384616
0 0.9855769230769231 0.671875 0.027644230769230768 0.1141826923076923
0 0.9579326923076923 0.6730769230769231 0.03365384615384615 0.10336538461538461
0 0.9278846153846154 0.6778846153846154 0.03245192307692308 0.10817307692307693
0 0.8990384615384616 0.6790865384615384 0.03245192307692308 0.10336538461538461
0 0.8689903846153846 0.6766826923076923 0.027644230769230768 0.10336538461538461
0 0.8425480769230769 0.6778846153846154 0.028846153846153848 0.10096153846153846
0 0.8137019230769231 0.6790865384615384 0.028846153846153848 0.109375
0 0.7824519230769231 0.6814903846153846 0.027644230769230768 0.11298076923076923
0 0.7536057692307693 0.6875 0.030048076923076924 0.11298076923076923
0 0.7223557692307693 0.6947115384615384 0.030048076923076924 0.09254807692307693
0 0.6911057692307693 0.6911057692307693 0.027644230769230768 0.10576923076923077
0 0.6634615384615384 0.6971153846153846 0.030048076923076924 0.1141826923076923
0 0.6310096153846154 0.6983173076923077 0.030048076923076924 0.11298076923076923
0 0.5973557692307693 0.703125 0.030048076923076924 0.11298076923076923
0 0.5637019230769231 0.703125 0.025240384615384616 0.11057692307692307
0 0.5348557692307693 0.6947115384615384 0.027644230769230768 0.11538461538461539
0 0.4963942307692308 0.7055288461538461 0.027644230769230768 0.11538461538461539
0 0.4651442307692308 0.7079326923076923 0.027644230769230768 0.11057692307692307
0 0.43149038461538464 0.7067307692307693 0.027644230769230768 0.1141826923076923
0 0.40024038461538464 0.6995192307692307 0.026442307692307692 0.11057692307692307
0 0.36778846153846156 0.7079326923076923 0.030048076923076924 0.1141826923076923
0 0.33653846153846156 0.703125 0.030048076923076924 0.11057692307692307
0 0.3004807692307692 0.7127403846153846 0.030048076923076924 0.109375
0 0.2692307692307692 0.7151442307692307 0.030048076923076924 0.10336538461538461
0 0.23557692307692307 0.7163461538461539 0.028846153846153848 0.11057692307692307
0 0.20072115384615385 0.7067307692307693 0.03245192307692308 0.10576923076923077
0 0.16947115384615385 0.7139423076923077 0.03245192307692308 0.11778846153846154
0 0.13581730769230768 0.7067307692307693 0.027644230769230768 0.09975961538461539
0 0.10096153846153846 0.7247596153846154 0.037259615384615384 0.11298076923076923
0 0.3137019230769231 0.16947115384615385 0.0625 0.05048076923076923
0 0.9771634615384616 0.008413461538461538 0.03125 0.016826923076923076
0 0.9807692307692307 0.08052884615384616 0.030048076923076924 0.109375
0 0.9507211538461539 0.07692307692307693 0.030048076923076924 0.1141826923076923
0 0.9206730769230769 0.08052884615384616 0.030048076923076924 0.109375
0 0.9459134615384616 0.006009615384615385 0.02403846153846154 0.010817307692307692
0 0.9146634615384616 0.004807692307692308 0.026442307692307692 0.009615384615384616
0 0.8305288461538461 0.007211538461538462 0.026442307692307692 0.014423076923076924
0 0.6814903846153846 0.004807692307692308 0.026442307692307692 0.009615384615384616
0 0.6502403846153846 0.006009615384615385 0.027644230769230768 0.01201923076923077
0 0.5552884615384616 0.006009615384615385 0.025240384615384616 0.010817307692307692
0 0.19110576923076922 0.006009615384615385 0.025240384615384616 0.01201923076923077
0 0.05889423076923077 0.009615384615384616 0.036057692307692304 0.019230769230769232
0 0.02403846153846154 0.009615384615384616 0.027644230769230768 0.019230769230769232
0 0.8918269230769231 0.07211538461538461 0.030048076923076924 0.11057692307692307
0 0.8617788461538461 0.0733173076923077 0.030048076923076924 0.11057692307692307
0 0.8317307692307693 0.07211538461538461 0.027644230769230768 0.0985576923076923
0 0.8040865384615384 0.06971153846153846 0.030048076923076924 0.109375
0 0.7716346153846154 0.06129807692307692 0.03245192307692308 0.11658653846153846
0 0.7403846153846154 0.0733173076923077 0.030048076923076924 0.10576923076923077
0 0.7127403846153846 0.07692307692307693 0.026442307692307692 0.10817307692307693
0 0.6838942307692307 0.0733173076923077 0.027644230769230768 0.11658653846153846
0 0.6526442307692307 0.07211538461538461 0.027644230769230768 0.11298076923076923
0 0.6177884615384616 0.06129807692307692 0.03245192307692308 0.109375
0 0.5877403846153846 0.06850961538461539 0.025240384615384616 0.109375
0 0.5552884615384616 0.06610576923076923 0.03125 0.10336538461538461
0 0.5228365384615384 0.07211538461538461 0.026442307692307692 0.109375
0 0.49038461538461536 0.0733173076923077 0.027644230769230768 0.09615384615384616
0 0.4567307692307692 0.07091346153846154 0.027644230769230768 0.11538461538461539
0 0.42427884615384615 0.06129807692307692 0.026442307692307692 0.1045673076923077
0 0.39302884615384615 0.06971153846153846 0.03245192307692308 0.11298076923076923
0 0.3581730769230769 0.07692307692307693 0.03245192307692308 0.10697115384615384
0 0.3245192307692308 0.06610576923076923 0.030048076923076924 0.11658653846153846
0 0.2932692307692308 0.07091346153846154 0.03125 0.11538461538461539
0 0.25841346153846156 0.07451923076923077 0.027644230769230768 0.10576923076923077
0 0.22716346153846154 0.07451923076923077 0.030048076923076924 0.11658653846153846
0 0.19471153846153846 0.07932692307692307 0.030048076923076924 0.109375
0 0.1622596153846154 0.07932692307692307 0.030048076923076924 0.11899038461538461
0 0.12860576923076922 0.08653846153846154 0.030048076923076924 0.109375
0 0.09495192307692307 0.08052884615384616 0.03245192307692308 0.12379807692307693
0 0.05889423076923077 0.09014423076923077 0.03485576923076923 0.11899038461538461
0 0.02403846153846154 0.07692307692307693 0.037259615384615384 0.12379807692307693
0 0.004807692307692308 0.08173076923076923 0.009615384615384616 0.11899038461538461