0 0.3894230769230769 0.35697115384615385 0.03485576923076923 0.13942307692307693
0 0.34975961538461536 0.3473557692307692 0.03125 0.125
0 0.43149038461538464 0.3473557692307692 0.03245192307692308 0.13581730769230768
0 0.4266826923076923 0.9170673076923077 0.052884615384615384 0.13221153846153846
0 0.3112980769230769 0.3545673076923077 0.03365384615384615 0.10336538461538461
0 0.27163461538461536 0.34134615384615385 0.03245192307692308 0.1310096153846154
0 0.23197115384615385 0.33653846153846156 0.03365384615384615 0.13221153846153846
0 0.1935096153846154 0.3425480769230769 0.030048076923076924 0.12139423076923077
0 0.47115384615384615 0.34134615384615385 0.03245192307692308 0.13341346153846154
0 0.5096153846153846 0.3545673076923077 0.03245192307692308 0.125
0 0.5492788461538461 0.36778846153846156 0.03245192307692308 0.1310096153846154
0 0.6105769230769231 0.5384615384615384 0.03485576923076923 0.13942307692307693
0 0.6442307692307693 0.15384615384615385 0.07932692307692307 0.06850961538461539
0 0.15745192307692307 0.3329326923076923 0.03485576923076923 0.12620192307692307
0 0.11899038461538461 0.33413461538461536 0.03245192307692308 0.07451923076923077
0 0.08173076923076923 0.3317307692307692 0.038461538461538464 0.12740384615384615
0 0.04567307692307692 0.33052884615384615 0.040865384615384616 0.12259615384615384
0 0.014423076923076924 0.3485576923076923 0.028846153846153848 0.1346153846153846
0 0.4519230769230769 0.6490384615384616 0.05048076923076923 0.12860576923076922
0 0.6935096153846154 0.9314903846153846 0.04567307692307692 0.12139423076923077
0 0.6526442307692307 0.9110576923076923 0.046875 0.11658653846153846
0 0.6141826923076923 0.9086538461538461 0.05048076923076923 0.125
0 0.5216346153846154 0.9290865384615384 0.04927884615384615 0.11899038461538461
0 0.47596153846153844 0.9194711538461539 0.05889423076923077 0.13341346153846154
0 0.38221153846153844 0.9134615384615384 0.05048076923076923 0.125
0 0.3317307692307692 0.9182692307692307 0.054086538461538464 0.12740384615384615
0 0.2980769230769231 0.8942307692307693 0.054086538461538464 0.12620192307692307
0 0.24759615384615385 0.9014423076923077 0.052884615384615384 0.125
0 0.20552884615384615 0.9014423076923077 0.051682692307692304 0.1310096153846154
0 0.11298076923076923 0.8918269230769231 0.051682692307692304 0.11899038461538461
0 0.5612980769230769 0.9314903846153846 0.056490384615384616 0.13221153846153846
0 0.4050480769230769 0.6418269230769231 0.04807692307692308 0.1466346153846154
0 0.36658653846153844 0.6430288461538461 0.04567307692307692 0.13221153846153846
0 0.3269230769230769 0.6526442307692307 0.04326923076923077 0.13221153846153846
0 0.28725961538461536 0.6610576923076923 0.04447115384615385 0.12259615384615384
0 0.20793269230769232 0.640625 0.05048076923076923 0.13581730769230768
0 0.17067307692307693 0.6442307692307693 0.05048076923076923 0.12139423076923077
0 0.020432692307692308 0.6322115384615384 0.040865384615384616 0.13341346153846154
0 0.5024038461538461 0.036057692307692304 0.07932692307692307 0.07211538461538461
0 0.31971153846153844 0.036057692307692304 0.07692307692307693 0.06850961538461539
0 0.11298076923076923 0.038461538461538464 0.08173076923076923 0.06490384615384616
0 0.03365384615384615 0.036057692307692304 0.0673076923076923 0.07211538461538461
0 0.0733173076923077 0.8846153846153846 0.06370192307692307 0.1502403846153846