0 0.2956730769230769 0.44471153846153844 0.08173076923076923 0.056490384615384616
0 0.6766826923076923 0.43990384615384615 0.07932692307692307 0.0625
0 0.7692307692307693 0.44350961538461536 0.08173076923076923 0.05889423076923077
0 0.9699519230769231 0.43028846153846156 0.056490384615384616 0.0625
0 0.7475961538461539 0.765625 0.03485576923076923 0.14543269230769232
0 0.7079326923076923 0.765625 0.03245192307692308 0.13221153846153846
0 0.6682692307692307 0.7956730769230769 0.036057692307692304 0.14543269230769232
0 0.6189903846153846 0.7788461538461539 0.037259615384615384 0.15745192307692307
0 0.5805288461538461 0.7824519230769231 0.03245192307692308 0.12860576923076922
0 0.5396634615384616 0.7884615384615384 0.03365384615384615 0.1466346153846154
0 0.453125 0.7872596153846154 0.037259615384615384 0.14182692307692307
0 0.41346153846153844 0.7824519230769231 0.03485576923076923 0.13942307692307693
0 0.36899038461538464 0.7800480769230769 0.038461538461538464 0.14423076923076922
0 0.328125 0.8004807692307693 0.03485576923076923 0.13942307692307693
0 0.16466346153846154 0.7932692307692307 0.04326923076923077 0.1466346153846154
0 0.15264423076923078 0.4411057692307692 0.08052884615384616 0.05889423076923077
0 0.4963942307692308 0.8125 0.038461538461538464 0.1778846153846154
0 0.06009615384615385 0.44350961538461536 0.08653846153846154 0.06129807692307692
0 0.7872596153846154 0.7620192307692307 0.03245192307692308 0.08653846153846154
0 0.8245192307692307 0.7560096153846154 0.03485576923076923 0.13701923076923078
0 0.8629807692307693 0.765625 0.038461538461538464 0.1310096153846154
0 0.9026442307692307 0.7560096153846154 0.039663461538461536 0.14423076923076922
0 0.9435096153846154 0.7584134615384616 0.038461538461538464 0.1310096153846154
0 0.9807692307692307 0.7668269230769231 0.036057692307692304 0.1045673076923077
0 0.006009615384615385 0.7752403846153846 0.01201923076923077 0.11899038461538461
0 0.24519230769230768 0.7836538461538461 0.03245192307692308 0.14302884615384615
0 0.2848557692307692 0.7776442307692307 0.03485576923076923 0.1466346153846154
0 0.12259615384615384 0.7824519230769231 0.038461538461538464 0.15264423076923078
0 0.08173076923076923 0.7944711538461539 0.039663461538461536 0.14543269230769232
0 0.037259615384615384 0.7872596153846154 0.04567307692307692 0.1466346153846154
0 0.20552884615384615 0.7836538461538461 0.037259615384615384 0.14903846153846154