0 0.49158653846153844 0.5733173076923077 0.03245192307692308 0.13221153846153846
0 0.5276442307692307 0.5697115384615384 0.03485576923076923 0.1346153846153846
0 0.6742788461538461 0.21995192307692307 0.037259615384615384 0.125
0 0.6382211538461539 0.20552884615384615 0.037259615384615384 0.1310096153846154
0 0.6009615384615384 0.18990384615384615 0.03125 0.12139423076923077
0 0.5637019230769231 0.18028846153846154 0.03125 0.12860576923076922
0 0.5288461538461539 0.1935096153846154 0.030048076923076924 0.12620192307692307
0 0.4879807692307692 0.20552884615384615 0.03125 0.140625
0 0.4543269230769231 0.5637019230769231 0.03485576923076923 0.1310096153846154
0 0.41466346153846156 0.5733173076923077 0.03485576923076923 0.12860576923076922
0 0.15504807692307693 0.39903846153846156 0.07451923076923077 0.056490384615384616
0 0.7115384615384616 0.20432692307692307 0.03125 0.12259615384615384
0 0.6081730769230769 0.9158653846153846 0.030048076923076924 0.11899038461538461
0 0.4951923076923077 0.9278846153846154 0.030048076923076924 0.1045673076923077
0 0.3858173076923077 0.9194711538461539 0.03245192307692308 0.12139423076923077
0 0.34615384615384615 0.9194711538461539 0.03245192307692308 0.12259615384615384
0 0.15384615384615385 0.5961538461538461 0.07572115384615384 0.052884615384615384
0 0.16346153846153846 0.8677884615384616 0.06850961538461539 0.05889423076923077
0 0.15384615384615385 0.33413461538461536 0.0733173076923077 0.06129807692307692
0 0.15985576923076922 0.4651442307692308 0.06490384615384616 0.052884615384615384
0 0.15745192307692307 0.5336538461538461 0.07211538461538461 0.055288461538461536
0 0.15384615384615385 0.6634615384615384 0.07572115384615384 0.05889423076923077
0 0.15985576923076922 0.7295673076923077 0.0673076923076923 0.05048076923076923
0 0.1622596153846154 0.7980769230769231 0.0733173076923077 0.05889423076923077
0 0.7824519230769231 0.20552884615384615 0.03365384615384615 0.13221153846153846
0 0.8185096153846154 0.19471153846153846 0.037259615384615384 0.11057692307692307
0 0.8846153846153846 0.19591346153846154 0.042067307692307696 0.11298076923076923
0 0.953125 0.18990384615384615 0.038461538461538464 0.12379807692307693
0 0.9651442307692307 0.5504807692307693 0.037259615384615384 0.11538461538461539
0 0.9290865384615384 0.5528846153846154 0.038461538461538464 0.1346153846153846
0 0.8942307692307693 0.5564903846153846 0.036057692307692304 0.12740384615384615
0 0.8605769230769231 0.5600961538461539 0.03365384615384615 0.12379807692307693
0 0.828125 0.5588942307692307 0.037259615384615384 0.12259615384615384
0 0.7884615384615384 0.5528846153846154 0.03245192307692308 0.11778846153846154
0 0.7536057692307693 0.5528846153846154 0.03365384615384615 0.125
0 0.71875 0.5480769230769231 0.038461538461538464 0.12379807692307693
0 0.6814903846153846 0.5504807692307693 0.030048076923076924 0.12620192307692307
0 0.6442307692307693 0.5480769230769231 0.03485576923076923 0.13341346153846154
0 0.6057692307692307 0.5612980769230769 0.03245192307692308 0.12259615384615384
0 0.5697115384615384 0.5600961538461539 0.03245192307692308 0.1346153846153846
0 0.9002403846153846 0.9050480769230769 0.037259615384615384 0.13581730769230768
0 0.9362980769230769 0.8990384615384616 0.037259615384615384 0.1346153846153846
0 0.9747596153846154 0.8942307692307693 0.038461538461538464 0.13942307692307693
0 0.828125 0.9026442307692307 0.03365384615384615 0.1346153846153846
0 0.8641826923076923 0.8870192307692307 0.03245192307692308 0.11538461538461539
0 0.7932692307692307 0.9038461538461539 0.03125 0.12620192307692307
0 0.7584134615384616 0.9086538461538461 0.03245192307692308 0.12379807692307693
0 0.7223557692307693 0.9038461538461539 0.03245192307692308 0.12740384615384615
0 0.6850961538461539 0.9182692307692307 0.03245192307692308 0.12860576923076922
0 0.6442307692307693 0.9206730769230769 0.03245192307692308 0.1346153846153846
0 0.46033653846153844 0.9266826923076923 0.030048076923076924 0.12740384615384615
0 0.4230769230769231 0.9098557692307693 0.03245192307692308 0.12259615384615384
0 0.5348557692307693 0.9206730769230769 0.03245192307692308 0.12860576923076922
0 0.5721153846153846 0.9254807692307693 0.030048076923076924 0.12620192307692307
0 0.984375 0.19951923076923078 0.028846153846153848 0.12379807692307693
0 0.8329326923076923 0.3762019230769231 0.0733173076923077 0.0625