0 0.6274038461538461 0.08653846153846154 0.027644230769230768 0.12620192307692307
0 0.6262019230769231 0.22235576923076922 0.030048076923076924 0.1141826923076923
0 0.6177884615384616 0.4098557692307692 0.03125 0.11298076923076923
0 0.6129807692307693 0.5540865384615384 0.026442307692307692 0.09615384615384616
0 0.6177884615384616 0.6670673076923077 0.027644230769230768 0.11658653846153846
0 0.6045673076923077 0.9639423076923077 0.03125 0.06971153846153846
0 0.45913461538461536 0.4170673076923077 0.06370192307692307 0.056490384615384616
0 0.4675480769230769 0.48197115384615385 0.0625 0.046875
0 0.46875 0.5420673076923077 0.06370192307692307 0.052884615384615384
0 0.46153846153846156 0.5997596153846154 0.06009615384615385 0.052884615384615384
0 0.45552884615384615 0.6514423076923077 0.056490384615384616 0.05889423076923077
0 0.4495192307692308 0.7139423076923077 0.06129807692307692 0.052884615384615384
0 0.45552884615384615 0.7740384615384616 0.055288461538461536 0.052884615384615384
0 0.4651442307692308 0.8305288461538461 0.04807692307692308 0.04567307692307692
0 0.45913461538461536 0.8894230769230769 0.056490384615384616 0.052884615384615384
0 0.45072115384615385 0.984375 0.06370192307692307 0.027644230769230768
0 0.3918269230769231 0.33413461538461536 0.06370192307692307 0.054086538461538464
0 0.2980769230769231 0.12259615384615384 0.0673076923076923 0.06009615384615385
0 0.2091346153846154 0.17307692307692307 0.0625 0.07091346153846154
0 0.2091346153846154 0.23076923076923078 0.0673076923076923 0.07692307692307693
0 0.20673076923076922 0.30288461538461536 0.05889423076923077 0.08413461538461539
0 0.19471153846153846 0.3581730769230769 0.06490384615384616 0.08173076923076923
0 0.1971153846153846 0.43149038461538464 0.06129807692307692 0.08052884615384616
0 0.19230769230769232 0.4987980769230769 0.06610576923076923 0.07692307692307693
0 0.1935096153846154 0.5661057692307693 0.06370192307692307 0.07211538461538461
0 0.1935096153846154 0.6310096153846154 0.0673076923076923 0.07932692307692307
0 0.1875 0.6983173076923077 0.06610576923076923 0.078125
0 0.19110576923076922 0.7692307692307693 0.0673076923076923 0.07932692307692307
0 0.18509615384615385 0.8329326923076923 0.0625 0.07211538461538461
0 0.18028846153846154 0.8942307692307693 0.06850961538461539 0.07932692307692307
0 0.18269230769230768 0.9699519230769231 0.06129807692307692 0.05889423076923077
0 0.3317307692307692 0.46634615384615385 0.05889423076923077 0.07451923076923077
0 0.3293269230769231 0.5336538461538461 0.052884615384615384 0.06009615384615385
0 0.32211538461538464 0.5925480769230769 0.06370192307692307 0.07091346153846154
0 0.31850961538461536 0.6586538461538461 0.06129807692307692 0.06610576923076923
0 0.3161057692307692 0.828125 0.05889423076923077 0.06971153846153846
0 0.31850961538461536 0.8894230769230769 0.06129807692307692 0.06490384615384616