0 0.5649038461538461 0.10697115384615384 0.028846153846153848 0.11658653846153846
0 0.4206730769230769 0.13942307692307693 0.03485576923076923 0.1141826923076923
0 0.37740384615384615 0.4014423076923077 0.06370192307692307 0.052884615384615384
0 0.7235576923076923 0.33052884615384615 0.03245192307692308 0.10096153846153846
0 0.6935096153846154 0.33052884615384615 0.03125 0.109375
0 0.6610576923076923 0.3389423076923077 0.03245192307692308 0.1141826923076923
0 0.6310096153846154 0.3581730769230769 0.03245192307692308 0.1141826923076923
0 0.5961538461538461 0.35697115384615385 0.03245192307692308 0.11899038461538461
0 0.5649038461538461 0.359375 0.03365384615384615 0.109375
0 0.5300480769230769 0.37740384615384615 0.03245192307692308 0.109375
0 0.765625 0.453125 0.030048076923076924 0.10096153846153846
0 0.7355769230769231 0.4567307692307692 0.03245192307692308 0.11778846153846154
0 0.7043269230769231 0.4699519230769231 0.028846153846153848 0.109375
0 0.6706730769230769 0.4699519230769231 0.03245192307692308 0.11538461538461539
0 0.6370192307692307 0.484375 0.03245192307692308 0.11538461538461539
0 0.6045673076923077 0.4795673076923077 0.03245192307692308 0.11899038461538461
0 0.5733173076923077 0.4855769230769231 0.03245192307692308 0.11298076923076923
0 0.5372596153846154 0.4963942307692308 0.030048076923076924 0.10817307692307693
0 0.7980769230769231 0.44591346153846156 0.03125 0.11298076923076923
0 0.8257211538461539 0.44471153846153844 0.030048076923076924 0.10336538461538461
0 0.8581730769230769 0.43509615384615385 0.03365384615384615 0.11298076923076923
0 0.8870192307692307 0.42788461538461536 0.03365384615384615 0.10697115384615384
0 0.9230769230769231 0.43149038461538464 0.036057692307692304 0.1045673076923077
0 0.9519230769230769 0.4230769230769231 0.037259615384615384 0.1045673076923077
0 0.9807692307692307 0.4050480769230769 0.03485576923076923 0.1045673076923077
0 0.9915865384615384 0.29086538461538464 0.01201923076923077 0.10576923076923077
0 0.9723557692307693 0.29447115384615385 0.037259615384615384 0.1045673076923077
0 0.9375 0.29447115384615385 0.037259615384615384 0.10697115384615384
0 0.9110576923076923 0.30649038461538464 0.036057692307692304 0.10697115384615384
0 0.8798076923076923 0.3088942307692308 0.03485576923076923 0.09975961538461539
0 0.8485576923076923 0.31009615384615385 0.03485576923076923 0.10697115384615384
0 0.8185096153846154 0.3137019230769231 0.037259615384615384 0.109375
0 0.7560096153846154 0.3317307692307692 0.030048076923076924 0.10697115384615384
0 0.6598557692307693 0.0829326923076923 0.03245192307692308 0.09975961538461539
0 0.7512019230769231 0.08413461538461539 0.03245192307692308 0.109375
0 0.7980769230769231 0.0733173076923077 0.03245192307692308 0.11057692307692307
0 0.8377403846153846 0.06850961538461539 0.03365384615384615 0.109375
0 0.8689903846153846 0.052884615384615384 0.03125 0.10576923076923077
0 0.8990384615384616 0.052884615384615384 0.03365384615384615 0.10576923076923077
0 0.9302884615384616 0.056490384615384616 0.030048076923076924 0.11298076923076923
0 0.9639423076923077 0.05048076923076923 0.03125 0.10096153846153846
0 0.9879807692307693 0.04927884615384615 0.021634615384615384 0.0985576923076923
0 0.36538461538461536 0.1466346153846154 0.046875 0.11057692307692307
0 0.4723557692307692 0.11899038461538461 0.03125 0.11658653846153846
0 0.5192307692307693 0.10336538461538461 0.030048076923076924 0.1141826923076923
0 0.6177884615384616 0.09615384615384616 0.028846153846153848 0.109375
0 0.3786057692307692 0.3125 0.0625 0.06129807692307692
0 0.3918269230769231 0.5564903846153846 0.06129807692307692 0.05889423076923077
0 0.4026442307692308 0.7247596153846154 0.0673076923076923 0.06129807692307692
0 0.4098557692307692 0.8052884615384616 0.06850961538461539 0.06490384615384616
0 0.4098557692307692 0.890625 0.06610576923076923 0.06129807692307692
0 0.43028846153846156 0.9723557692307693 0.06129807692307692 0.052884615384615384
0 0.5516826923076923 0.7584134615384616 0.030048076923076924 0.11298076923076923
0 0.5853365384615384 0.7415865384615384 0.030048076923076924 0.09615384615384616
0 0.6189903846153846 0.7475961538461539 0.030048076923076924 0.11298076923076923
0 0.6490384615384616 0.7355769230769231 0.028846153846153848 0.09254807692307693
0 0.6826923076923077 0.7307692307692307 0.03245192307692308 0.11778846153846154
0 0.7175480769230769 0.7211538461538461 0.03245192307692308 0.12259615384615384
0 0.75 0.7235576923076923 0.03245192307692308 0.109375
0 0.7800480769230769 0.7139423076923077 0.03485576923076923 0.1141826923076923
0 0.8112980769230769 0.7043269230769231 0.03485576923076923 0.1141826923076923
0 0.8425480769230769 0.7019230769230769 0.03125 0.109375
0 0.875 0.6959134615384616 0.03365384615384615 0.10096153846153846
0 0.9050480769230769 0.6862980769230769 0.038461538461538464 0.11658653846153846
0 0.9362980769230769 0.671875 0.03485576923076923 0.1045673076923077
0 0.9675480769230769 0.6670673076923077 0.037259615384615384 0.10576923076923077
0 0.9891826923076923 0.6550480769230769 0.016826923076923076 0.10336538461538461
0 0.9759615384615384 0.7920673076923077 0.037259615384615384 0.109375
0 0.9435096153846154 0.7980769230769231 0.03365384615384615 0.10697115384615384
0 0.9122596153846154 0.8088942307692307 0.030048076923076924 0.09495192307692307
0 0.8834134615384616 0.8209134615384616 0.03125 0.10336538461538461
0 0.8497596153846154 0.8197115384615384 0.03245192307692308 0.1141826923076923
0 0.8197115384615384 0.828125 0.03365384615384615 0.109375
0 0.7896634615384616 0.8317307692307693 0.03245192307692308 0.11538461538461539
0 0.7560096153846154 0.8413461538461539 0.03245192307692308 0.10576923076923077
0 0.7247596153846154 0.8533653846153846 0.028846153846153848 0.10336538461538461
0 0.6935096153846154 0.8581730769230769 0.03245192307692308 0.109375
0 0.6598557692307693 0.8605769230769231 0.03365384615384615 0.11538461538461539
0 0.6286057692307693 0.8581730769230769 0.027644230769230768 0.10096153846153846
0 0.8605769230769231 0.9579326923076923 0.06610576923076923 0.055288461538461536
0 0.9867788461538461 0.9891826923076923 0.025240384615384616 0.019230769230769232
0 0.9543269230769231 0.9915865384615384 0.027644230769230768 0.014423076923076924