0 0.39663461538461536 0.9230769230769231 0.057692307692307696 0.051682692307692304
0 0.39663461538461536 0.9783653846153846 0.06610576923076923 0.040865384615384616
0 0.7427884615384616 0.921875 0.057692307692307696 0.054086538461538464
0 0.6105769230769231 0.8677884615384616 0.06129807692307692 0.056490384615384616
0 0.5408653846153846 0.9254807692307693 0.06009615384615385 0.054086538461538464
0 0.5408653846153846 0.8665865384615384 0.06610576923076923 0.051682692307692304
0 0.5360576923076923 0.6346153846153846 0.06009615384615385 0.054086538461538464
0 0.6069711538461539 0.6346153846153846 0.057692307692307696 0.05048076923076923
0 0.5420673076923077 0.75 0.057692307692307696 0.052884615384615384
0 0.32572115384615385 0.5865384615384616 0.06129807692307692 0.05048076923076923
0 0.39663461538461536 0.578125 0.06129807692307692 0.052884615384615384
0 0.40024038461538464 0.6346153846153846 0.06129807692307692 0.052884615384615384
0 0.328125 0.6418269230769231 0.06009615384615385 0.054086538461538464
0 0.3942307692307692 0.6911057692307693 0.0625 0.052884615384615384
0 0.3269230769230769 0.6983173076923077 0.057692307692307696 0.054086538461538464
0 0.3942307692307692 0.75 0.06610576923076923 0.052884615384615384
0 0.39663461538461536 0.8112980769230769 0.055288461538461536 0.04807692307692308
0 0.3245192307692308 0.7536057692307693 0.06129807692307692 0.04807692307692308
0 0.3245192307692308 0.8112980769230769 0.06129807692307692 0.052884615384615384
0 0.3942307692307692 0.8629807692307693 0.06370192307692307 0.054086538461538464
0 0.3245192307692308 0.8689903846153846 0.056490384615384616 0.052884615384615384
0 0.5432692307692307 0.9795673076923077 0.06129807692307692 0.037259615384615384
0 0.6105769230769231 0.9747596153846154 0.057692307692307696 0.046875
0 0.6081730769230769 0.9194711538461539 0.06370192307692307 0.046875
0 0.3269230769230769 0.9290865384615384 0.0625 0.05048076923076923
0 0.3293269230769231 0.5264423076923077 0.05889423076923077 0.052884615384615384
0 0.3918269230769231 0.5192307692307693 0.05889423076923077 0.051682692307692304
0 0.39903846153846156 0.46634615384615385 0.0625 0.055288461538461536
0 0.3293269230769231 0.47115384615384615 0.057692307692307696 0.052884615384615384
0 0.5372596153846154 0.578125 0.06009615384615385 0.052884615384615384
0 0.6057692307692307 0.5721153846153846 0.05889423076923077 0.054086538461538464
0 0.6081730769230769 0.5192307692307693 0.05889423076923077 0.05048076923076923
0 0.5324519230769231 0.5204326923076923 0.056490384615384616 0.054086538461538464
0 0.7451923076923077 0.8040865384615384 0.055288461538461536 0.04807692307692308
0 0.7439903846153846 0.7475961538461539 0.05889423076923077 0.046875
0 0.7403846153846154 0.6862980769230769 0.05889423076923077 0.054086538461538464
0 0.7427884615384616 0.6310096153846154 0.06370192307692307 0.04807692307692308
0 0.7403846153846154 0.5745192307692307 0.05889423076923077 0.04807692307692308
0 0.7427884615384616 0.5216346153846154 0.06490384615384616 0.05048076923076923
0 0.7439903846153846 0.4651442307692308 0.06129807692307692 0.056490384615384616
0 0.7415865384615384 0.4098557692307692 0.06129807692307692 0.06009615384615385
0 0.6069711538461539 0.46153846153846156 0.056490384615384616 0.051682692307692304
0 0.5360576923076923 0.46153846153846156 0.052884615384615384 0.051682692307692304
0 0.5432692307692307 0.4074519230769231 0.06370192307692307 0.052884615384615384
0 0.609375 0.40384615384615385 0.056490384615384616 0.046875
0 0.6069711538461539 0.3485576923076923 0.06490384615384616 0.055288461538461536
0 0.5396634615384616 0.35336538461538464 0.06370192307692307 0.056490384615384616
0 0.18870192307692307 0.45552884615384615 0.05889423076923077 0.051682692307692304
0 0.1935096153846154 0.5108173076923077 0.06009615384615385 0.05048076923076923
0 0.18870192307692307 0.5709134615384616 0.06850961538461539 0.055288461538461536
0 0.18389423076923078 0.6262019230769231 0.06370192307692307 0.05048076923076923
0 0.18028846153846154 0.6802884615384616 0.06370192307692307 0.052884615384615384
0 0.40024038461538464 0.3473557692307692 0.06129807692307692 0.05048076923076923
0 0.40024038461538464 0.40384615384615385 0.052884615384615384 0.04807692307692308
0 0.328125 0.4074519230769231 0.04927884615384615 0.046875
0 0.3317307692307692 0.34975961538461536 0.05889423076923077 0.05048076923076923
0 0.19110576923076922 0.3954326923076923 0.06850961538461539 0.054086538461538464
0 0.1875 0.7415865384615384 0.06850961538461539 0.05048076923076923
0 0.18629807692307693 0.8149038461538461 0.06490384615384616 0.055288461538461536
0 0.18990384615384615 0.8990384615384616 0.0625 0.051682692307692304
0 0.3245192307692308 0.9759615384615384 0.057692307692307696 0.04326923076923077
0 0.6081730769230769 0.8064903846153846 0.0625 0.051682692307692304
0 0.5408653846153846 0.8112980769230769 0.06129807692307692 0.051682692307692304
0 0.7427884615384616 0.9747596153846154 0.06490384615384616 0.04567307692307692
0 0.7391826923076923 0.3485576923076923 0.06009615384615385 0.052884615384615384
0 0.7403846153846154 0.2956730769230769 0.06009615384615385 0.04807692307692308
0 0.7427884615384616 0.2403846153846154 0.06129807692307692 0.05048076923076923
0 0.7415865384615384 0.18509615384615385 0.056490384615384616 0.052884615384615384
0 0.7403846153846154 0.12860576923076922 0.06370192307692307 0.052884615384615384
0 0.7367788461538461 0.078125 0.056490384615384616 0.04567307692307692
0 0.7379807692307693 0.028846153846153848 0.05048076923076923 0.051682692307692304
0 0.6033653846153846 0.02403846153846154 0.05889423076923077 0.046875
0 0.6117788461538461 0.28846153846153844 0.06370192307692307 0.054086538461538464
0 0.6081730769230769 0.23557692307692307 0.0625 0.052884615384615384
0 0.6069711538461539 0.17908653846153846 0.06009615384615385 0.054086538461538464
0 0.6033653846153846 0.12860576923076922 0.057692307692307696 0.046875
0 0.6057692307692307 0.07451923076923077 0.055288461538461536 0.05048076923076923
0 0.5384615384615384 0.2920673076923077 0.06370192307692307 0.052884615384615384
0 0.5408653846153846 0.234375 0.0625 0.055288461538461536
0 0.5408653846153846 0.12740384615384615 0.05889423076923077 0.054086538461538464
0 0.5396634615384616 0.17908653846153846 0.06370192307692307 0.04807692307692308
0 0.5396634615384616 0.0733173076923077 0.0625 0.051682692307692304
0 0.5384615384615384 0.02283653846153846 0.05889423076923077 0.04567307692307692
0 0.40384615384615385 0.02283653846153846 0.06129807692307692 0.04567307692307692
0 0.3954326923076923 0.2920673076923077 0.06009615384615385 0.052884615384615384
0 0.33052884615384615 0.29086538461538464 0.06009615384615385 0.054086538461538464
0 0.3317307692307692 0.23798076923076922 0.04927884615384615 0.05048076923076923
0 0.39903846153846156 0.23557692307692307 0.06009615384615385 0.05048076923076923
0 0.39302884615384615 0.1814903846153846 0.0625 0.05048076923076923
0 0.3269230769230769 0.1875 0.056490384615384616 0.05048076923076923
0 0.33533653846153844 0.12860576923076922 0.06129807692307692 0.054086538461538464
0 0.40024038461538464 0.12620192307692307 0.05889423076923077 0.052884615384615384
0 0.40024038461538464 0.07211538461538461 0.06370192307692307 0.052884615384615384
0 0.33533653846153844 0.07451923076923077 0.0625 0.056490384615384616
0 0.3329326923076923 0.02403846153846154 0.055288461538461536 0.04807692307692308
0 0.19591346153846154 0.24759615384615385 0.05889423076923077 0.051682692307692304
0 0.1971153846153846 0.19471153846153846 0.0625 0.055288461538461536
0 0.19471153846153846 0.140625 0.056490384615384616 0.052884615384615384
0 0.19591346153846154 0.08774038461538461 0.06129807692307692 0.05048076923076923
0 0.19471153846153846 0.027644230769230768 0.0625 0.055288461538461536
0 0.7451923076923077 0.8629807692307693 0.06370192307692307 0.051682692307692304
0 0.609375 0.6899038461538461 0.055288461538461536 0.046875
0 0.6129807692307693 0.7439903846153846 0.057692307692307696 0.05048076923076923
0 0.5396634615384616 0.6959134615384616 0.06490384615384616 0.05048076923076923