0 0.5372596153846154 0.35697115384615385 0.026442307692307692 0.11658653846153846
0 0.5060096153846154 0.36899038461538464 0.027644230769230768 0.11298076923076923
0 0.43990384615384615 0.359375 0.028846153846153848 0.11538461538461539
0 0.5384615384615384 0.49038461538461536 0.027644230769230768 0.11538461538461539
0 0.5012019230769231 0.75 0.025240384615384616 0.09495192307692307
0 0.47115384615384615 0.7572115384615384 0.027644230769230768 0.11057692307692307
0 0.4362980769230769 0.7463942307692307 0.026442307692307692 0.09735576923076923
0 0.4014423076923077 0.7536057692307693 0.027644230769230768 0.11057692307692307
0 0.47475961538461536 0.8689903846153846 0.027644230769230768 0.10096153846153846
0 0.6346153846153846 0.36778846153846156 0.030048076923076924 0.10817307692307693
0 0.5096153846153846 0.10817307692307693 0.027644230769230768 0.11057692307692307
0 0.5552884615384616 0.10096153846153846 0.027644230769230768 0.1045673076923077
0 0.40384615384615385 0.37259615384615385 0.027644230769230768 0.109375
0 0.4026442307692308 0.49038461538461536 0.026442307692307692 0.10817307692307693
0 0.4723557692307692 0.3605769230769231 0.027644230769230768 0.11899038461538461
0 0.6033653846153846 0.3629807692307692 0.030048076923076924 0.10336538461538461
0 0.5709134615384616 0.3557692307692308 0.027644230769230768 0.10576923076923077
0 0.5360576923076923 0.7512019230769231 0.027644230769230768 0.11538461538461539
0 0.5036057692307693 0.8786057692307693 0.025240384615384616 0.11538461538461539
0 0.6057692307692307 0.49038461538461536 0.028846153846153848 0.11778846153846154
0 0.5721153846153846 0.75 0.027644230769230768 0.12379807692307693
0 0.6033653846153846 0.7584134615384616 0.027644230769230768 0.11298076923076923
0 0.6971153846153846 0.11538461538461539 0.03125 0.1141826923076923
0 0.6466346153846154 0.11658653846153846 0.028846153846153848 0.109375
0 0.6394230769230769 0.49158653846153844 0.027644230769230768 0.1045673076923077
0 0.5733173076923077 0.4963942307692308 0.027644230769230768 0.1141826923076923
0 0.5060096153846154 0.4987980769230769 0.026442307692307692 0.11658653846153846
0 0.47115384615384615 0.484375 0.026442307692307692 0.11778846153846154
0 0.43990384615384615 0.4879807692307692 0.028846153846153848 0.11298076923076923
0 0.5396634615384616 0.8834134615384616 0.03125 0.109375
0 0.5733173076923077 0.8846153846153846 0.027644230769230768 0.10336538461538461
0 0.6057692307692307 0.8786057692307693 0.030048076923076924 0.1045673076923077
0 0.6394230769230769 0.8762019230769231 0.027644230769230768 0.11538461538461539
0 0.6706730769230769 0.8786057692307693 0.028846153846153848 0.10697115384615384
0 0.7019230769230769 0.875 0.028846153846153848 0.109375
0 0.6382211538461539 0.7560096153846154 0.027644230769230768 0.1141826923076923
0 0.6706730769230769 0.75 0.027644230769230768 0.11538461538461539
0 0.7019230769230769 0.7536057692307693 0.026442307692307692 0.11057692307692307
0 0.7355769230769231 0.7560096153846154 0.030048076923076924 0.10697115384615384
0 0.7367788461538461 0.8822115384615384 0.030048076923076924 0.1045673076923077
0 0.7668269230769231 0.8737980769230769 0.027644230769230768 0.0985576923076923
0 0.7668269230769231 0.7512019230769231 0.03245192307692308 0.11899038461538461
0 0.7980769230769231 0.7427884615384616 0.030048076923076924 0.10576923076923077
0 0.8293269230769231 0.7415865384615384 0.03125 0.10697115384615384
0 0.7980769230769231 0.8689903846153846 0.028846153846153848 0.1045673076923077
0 0.8317307692307693 0.8677884615384616 0.03485576923076923 0.109375
0 0.8605769230769231 0.734375 0.030048076923076924 0.1045673076923077
0 0.8617788461538461 0.8689903846153846 0.027644230769230768 0.1045673076923077
0 0.8930288461538461 0.8677884615384616 0.03245192307692308 0.1045673076923077
0 0.9254807692307693 0.8725961538461539 0.03125 0.10336538461538461
0 0.9579326923076923 0.8689903846153846 0.037259615384615384 0.1141826923076923
0 0.9879807692307693 0.8762019230769231 0.02283653846153846 0.11538461538461539
0 0.8930288461538461 0.7427884615384616 0.03125 0.09495192307692307
0 0.9254807692307693 0.7536057692307693 0.03245192307692308 0.109375
0 0.9555288461538461 0.7463942307692307 0.036057692307692304 0.11298076923076923
0 0.984375 0.7487980769230769 0.030048076923076924 0.11658653846153846
0 0.7379807692307693 0.11778846153846154 0.030048076923076924 0.11538461538461539
0 0.7680288461538461 0.10697115384615384 0.027644230769230768 0.10817307692307693
0 0.7980769230769231 0.109375 0.027644230769230768 0.109375
0 0.828125 0.11899038461538461 0.028846153846153848 0.11298076923076923
0 0.8605769230769231 0.125 0.030048076923076924 0.10576923076923077
0 0.8918269230769231 0.12259615384615384 0.028846153846153848 0.10817307692307693
0 0.9254807692307693 0.125 0.03365384615384615 0.11538461538461539
0 0.9831730769230769 0.375 0.03125 0.11057692307692307
0 0.9831730769230769 0.49158653846153844 0.03245192307692308 0.10576923076923077
0 0.9507211538461539 0.3762019230769231 0.03485576923076923 0.10817307692307693
0 0.9519230769230769 0.5 0.030048076923076924 0.10576923076923077
0 0.9206730769230769 0.5012019230769231 0.03245192307692308 0.09134615384615384
0 0.9182692307692307 0.37259615384615385 0.030048076923076924 0.08774038461538461
0 0.8870192307692307 0.36899038461538464 0.03245192307692308 0.1045673076923077
0 0.8894230769230769 0.49399038461538464 0.030048076923076924 0.11298076923076923
0 0.8557692307692307 0.3713942307692308 0.030048076923076924 0.109375
0 0.8605769230769231 0.484375 0.030048076923076924 0.10576923076923077
0 0.8245192307692307 0.3641826923076923 0.030048076923076924 0.11057692307692307
0 0.8293269230769231 0.49399038461538464 0.03125 0.10697115384615384
0 0.7956730769230769 0.36899038461538464 0.028846153846153848 0.109375
0 0.7992788461538461 0.4963942307692308 0.03125 0.10817307692307693
0 0.7644230769230769 0.36538461538461536 0.027644230769230768 0.10576923076923077
0 0.7668269230769231 0.4855769230769231 0.028846153846153848 0.11538461538461539
0 0.734375 0.3605769230769231 0.030048076923076924 0.10817307692307693
0 0.7355769230769231 0.4891826923076923 0.028846153846153848 0.11538461538461539
0 0.7007211538461539 0.359375 0.03125 0.1141826923076923
0 0.703125 0.49158653846153844 0.027644230769230768 0.10336538461538461
0 0.671875 0.4891826923076923 0.030048076923076924 0.11057692307692307
0 0.45913461538461536 0.10817307692307693 0.028846153846153848 0.11298076923076923
0 0.41346153846153844 0.0985576923076923 0.027644230769230768 0.11298076923076923
0 0.36538461538461536 0.11057692307692307 0.026442307692307692 0.11778846153846154
0 0.3173076923076923 0.11778846153846154 0.027644230769230768 0.11538461538461539
0 0.25721153846153844 0.11899038461538461 0.04567307692307692 0.11538461538461539
0 0.2608173076923077 0.28365384615384615 0.06370192307692307 0.052884615384615384
0 0.25600961538461536 0.36778846153846156 0.0625 0.052884615384615384
0 0.25841346153846156 0.5264423076923077 0.06129807692307692 0.046875
0 0.25961538461538464 0.6911057692307693 0.06610576923076923 0.05048076923076923
0 0.2620192307692308 0.7692307692307693 0.06850961538461539 0.04567307692307692
0 0.25600961538461536 0.8545673076923077 0.06610576923076923 0.054086538461538464
0 0.27163461538461536 0.9399038461538461 0.06129807692307692 0.051682692307692304
0 0.9939903846153846 0.12860576923076922 0.010817307692307692 0.10096153846153846