0 0.9206730769230769 0.2956730769230769 0.04447115384615385 0.1658653846153846
0 0.9795673076923077 0.10576923076923077 0.038461538461538464 0.06850961538461539
0 0.9807692307692307 0.18629807692307693 0.03485576923076923 0.06370192307692307
0 0.9819711538461539 0.2608173076923077 0.03365384615384615 0.06370192307692307
0 0.9807692307692307 0.3329326923076923 0.036057692307692304 0.06370192307692307
0 0.8317307692307693 0.3557692307692308 0.08774038461538461 0.06370192307692307
0 0.8221153846153846 0.27884615384615385 0.08413461538461539 0.06610576923076923
0 0.8185096153846154 0.20192307692307693 0.08413461538461539 0.07091346153846154
0 0.8125 0.11658653846153846 0.07091346153846154 0.07692307692307693
0 0.8088942307692307 0.039663461538461536 0.09014423076923077 0.07932692307692307
0 0.7175480769230769 0.06370192307692307 0.08413461538461539 0.078125
0 0.7271634615384616 0.1310096153846154 0.07451923076923077 0.0733173076923077
0 0.7259615384615384 0.21153846153846154 0.08653846153846154 0.078125
0 0.7355769230769231 0.2932692307692308 0.08413461538461539 0.06490384615384616
0 0.5420673076923077 0.03125 0.0889423076923077 0.0625
0 0.45552884615384615 0.04326923076923077 0.07211538461538461 0.07451923076923077
0 0.5384615384615384 0.09735576923076923 0.09014423076923077 0.07451923076923077
0 0.546875 0.171875 0.08173076923076923 0.06971153846153846
0 0.5480769230769231 0.24879807692307693 0.08653846153846154 0.0733173076923077
0 0.5540865384615384 0.31850961538461536 0.08173076923076923 0.06850961538461539
0 0.5637019230769231 0.3954326923076923 0.08052884615384616 0.06850961538461539
0 0.45913461538461536 0.265625 0.07572115384615384 0.07091346153846154
0 0.4651442307692308 0.3425480769230769 0.0829326923076923 0.078125
0 0.4723557692307692 0.41947115384615385 0.08653846153846154 0.06850961538461539
0 0.5288461538461539 0.5420673076923077 0.08774038461538461 0.0985576923076923
0 0.2644230769230769 0.21754807692307693 0.09615384615384616 0.08653846153846154
0 0.2800480769230769 0.36899038461538464 0.08413461538461539 0.0733173076923077
0 0.29086538461538464 0.4579326923076923 0.08774038461538461 0.06971153846153846
0 0.1658653846153846 0.24158653846153846 0.08173076923076923 0.07211538461538461
0 0.18269230769230768 0.3858173076923077 0.09495192307692307 0.078125
0 0.19471153846153846 0.4651442307692308 0.0889423076923077 0.07451923076923077
0 0.5877403846153846 0.7872596153846154 0.09014423076923077 0.07692307692307693
0 0.859375 0.7439903846153846 0.09014423076923077 0.078125
0 0.8569711538461539 0.8293269230769231 0.0889423076923077 0.06610576923076923
0 0.8617788461538461 0.9074519230769231 0.07211538461538461 0.07211538461538461
0 0.8653846153846154 0.9675480769230769 0.07932692307692307 0.06129807692307692
0 0.7596153846153846 0.7584134615384616 0.0889423076923077 0.07451923076923077
0 0.7668269230769231 0.8461538461538461 0.08653846153846154 0.08052884615384616
0 0.7752403846153846 0.9098557692307693 0.08173076923076923 0.07211538461538461
0 0.7776442307692307 0.9723557692307693 0.0889423076923077 0.052884615384615384
0 0.5949519230769231 0.8653846153846154 0.0829326923076923 0.08052884615384616
0 0.5949519230769231 0.9435096153846154 0.0829326923076923 0.07692307692307693
0 0.49278846153846156 0.8004807692307693 0.078125 0.06610576923076923
0 0.4987980769230769 0.890625 0.08173076923076923 0.0733173076923077
0 0.4987980769230769 0.9627403846153846 0.08653846153846154 0.07091346153846154
0 0.3004807692307692 0.8401442307692307 0.09014423076923077 0.08052884615384616
0 0.1971153846153846 0.8557692307692307 0.09134615384615384 0.07211538461538461
0 0.20432692307692307 0.9338942307692307 0.0889423076923077 0.07451923076923077
0 0.02403846153846154 0.9591346153846154 0.04807692307692308 0.07692307692307693