0 0.5108173076923077 0.6009615384615384 0.06370192307692307 0.04807692307692308
0 0.5084134615384616 0.6574519230769231 0.06009615384615385 0.051682692307692304
0 0.5084134615384616 0.7151442307692307 0.06129807692307692 0.046875
0 0.5072115384615384 0.7704326923076923 0.06129807692307692 0.051682692307692304
0 0.5108173076923077 0.8269230769230769 0.056490384615384616 0.051682692307692304
0 0.5120192307692307 0.8786057692307693 0.056490384615384616 0.04807692307692308
0 0.5096153846153846 0.9375 0.06370192307692307 0.06009615384615385
0 0.5108173076923077 0.9831730769230769 0.06129807692307692 0.028846153846153848
0 0.4411057692307692 0.9855769230769231 0.0625 0.02403846153846154
0 0.43990384615384615 0.9435096153846154 0.05889423076923077 0.051682692307692304
0 0.43028846153846156 0.8870192307692307 0.06009615384615385 0.055288461538461536
0 0.44350961538461536 0.8293269230769231 0.05889423076923077 0.051682692307692304
0 0.4338942307692308 0.7716346153846154 0.06129807692307692 0.04807692307692308
0 0.4338942307692308 0.7175480769230769 0.06129807692307692 0.05048076923076923
0 0.4326923076923077 0.6658653846153846 0.055288461538461536 0.046875
0 0.43028846153846156 0.328125 0.06009615384615385 0.051682692307692304
0 0.4254807692307692 0.27163461538461536 0.057692307692307696 0.052884615384615384
0 0.5012019230769231 0.21394230769230768 0.055288461538461536 0.046875
0 0.4326923076923077 0.21394230769230768 0.056490384615384616 0.05048076923076923
0 0.5084134615384616 0.5444711538461539 0.06370192307692307 0.05048076923076923
0 0.5072115384615384 0.49038461538461536 0.057692307692307696 0.046875
0 0.49759615384615385 0.16105769230769232 0.06129807692307692 0.04807692307692308
0 0.49278846153846156 0.10697115384615384 0.056490384615384616 0.05048076923076923
0 0.49158653846153844 0.054086538461538464 0.05889423076923077 0.046875
0 0.49158653846153844 0.014423076923076924 0.05889423076923077 0.028846153846153848
0 0.4230769230769231 0.014423076923076924 0.056490384615384616 0.028846153846153848
0 0.42427884615384615 0.054086538461538464 0.057692307692307696 0.051682692307692304
0 0.4230769230769231 0.10697115384615384 0.056490384615384616 0.05048076923076923
0 0.42788461538461536 0.15985576923076922 0.0625 0.055288461538461536
0 0.28725961538461536 0.6153846153846154 0.06610576923076923 0.04807692307692308
0 0.3004807692307692 0.9519230769230769 0.0625 0.052884615384615384
0 0.3004807692307692 0.9879807692307693 0.051682692307692304 0.021634615384615384
0 0.65625 0.9831730769230769 0.05048076923076923 0.030048076923076924
0 0.7235576923076923 0.9783653846153846 0.06009615384615385 0.040865384615384616
0 0.7199519230769231 0.9266826923076923 0.056490384615384616 0.052884615384615384
0 0.6538461538461539 0.9362980769230769 0.055288461538461536 0.046875
0 0.7211538461538461 0.8725961538461539 0.06370192307692307 0.051682692307692304
0 0.6550480769230769 0.8822115384615384 0.06370192307692307 0.052884615384615384
0 0.7271634615384616 0.8197115384615384 0.06610576923076923 0.052884615384615384
0 0.6526442307692307 0.828125 0.06370192307692307 0.052884615384615384
0 0.7235576923076923 0.7668269230769231 0.057692307692307696 0.055288461538461536
0 0.6586538461538461 0.7716346153846154 0.06370192307692307 0.051682692307692304
0 0.7235576923076923 0.7079326923076923 0.056490384615384616 0.055288461538461536
0 0.6538461538461539 0.7163461538461539 0.052884615384615384 0.046875
0 0.7235576923076923 0.6526442307692307 0.05048076923076923 0.046875
0 0.6550480769230769 0.6610576923076923 0.0625 0.051682692307692304
0 0.71875 0.5985576923076923 0.06009615384615385 0.054086538461538464
0 0.6526442307692307 0.6009615384615384 0.06129807692307692 0.051682692307692304
0 0.7283653846153846 0.5432692307692307 0.057692307692307696 0.052884615384615384
0 0.6526442307692307 0.5444711538461539 0.05889423076923077 0.054086538461538464
0 0.7247596153846154 0.484375 0.05889423076923077 0.051682692307692304
0 0.6514423076923077 0.49038461538461536 0.06129807692307692 0.052884615384615384
0 0.7271634615384616 0.43028846153846156 0.056490384615384616 0.04567307692307692
0 0.6514423076923077 0.43509615384615385 0.0625 0.054086538461538464
0 0.6550480769230769 0.3762019230769231 0.0625 0.054086538461538464
0 0.7211538461538461 0.3762019230769231 0.054086538461538464 0.04567307692307692
0 0.7199519230769231 0.3233173076923077 0.05889423076923077 0.05048076923076923
0 0.65625 0.32091346153846156 0.06129807692307692 0.054086538461538464
0 0.6538461538461539 0.2692307692307692 0.06370192307692307 0.04807692307692308
0 0.7199519230769231 0.2668269230769231 0.052884615384615384 0.04807692307692308
0 0.7223557692307693 0.21394230769230768 0.052884615384615384 0.04326923076923077
0 0.7163461538461539 0.10697115384615384 0.055288461538461536 0.046875
0 0.14903846153846154 0.8810096153846154 0.0625 0.056490384615384616
0 0.1466346153846154 0.8221153846153846 0.05889423076923077 0.05889423076923077
0 0.1502403846153846 0.765625 0.06129807692307692 0.04807692307692308
0 0.14423076923076922 0.7055288461538461 0.06490384615384616 0.04807692307692308
0 0.14302884615384615 0.6538461538461539 0.06850961538461539 0.051682692307692304
0 0.13701923076923078 0.5961538461538461 0.06610576923076923 0.052884615384615384
0 0.13341346153846154 0.5432692307692307 0.06850961538461539 0.04807692307692308
0 0.13221153846153846 0.4855769230769231 0.06610576923076923 0.051682692307692304
0 0.12379807692307693 0.43149038461538464 0.06370192307692307 0.054086538461538464
0 0.12379807692307693 0.37740384615384615 0.06370192307692307 0.05889423076923077
0 0.12379807692307693 0.31971153846153844 0.06610576923076923 0.056490384615384616
0 0.1310096153846154 0.2644230769230769 0.05889423076923077 0.051682692307692304
0 0.12379807692307693 0.2091346153846154 0.06370192307692307 0.056490384615384616
0 0.12259615384615384 0.15264423076923078 0.07451923076923077 0.052884615384615384
0 0.12139423076923077 0.10096153846153846 0.06490384615384616 0.05048076923076923
0 0.13341346153846154 0.05048076923076923 0.05889423076923077 0.052884615384615384
0 0.12620192307692307 0.01201923076923077 0.0673076923076923 0.02403846153846154
0 0.2848557692307692 0.019230769230769232 0.05889423076923077 0.038461538461538464
0 0.2848557692307692 0.06490384615384616 0.05889423076923077 0.046875
0 0.2860576923076923 0.11658653846153846 0.0625 0.055288461538461536
0 0.2824519230769231 0.16947115384615385 0.06370192307692307 0.04807692307692308
0 0.28725961538461536 0.22115384615384615 0.056490384615384616 0.054086538461538464
0 0.2824519230769231 0.2764423076923077 0.052884615384615384 0.051682692307692304
0 0.2800480769230769 0.33052884615384615 0.055288461538461536 0.04807692307692308
0 0.27163461538461536 0.38461538461538464 0.056490384615384616 0.052884615384615384
0 0.2776442307692308 0.44591346153846156 0.06009615384615385 0.051682692307692304
0 0.28365384615384615 0.5 0.06009615384615385 0.05048076923076923
0 0.2824519230769231 0.5588942307692307 0.06129807692307692 0.04567307692307692
0 0.8497596153846154 0.014423076923076924 0.06370192307692307 0.027644230769230768
0 0.8533653846153846 0.055288461538461536 0.06129807692307692 0.05048076923076923
0 0.8581730769230769 0.10697115384615384 0.06610576923076923 0.052884615384615384
0 0.8569711538461539 0.15985576923076922 0.06490384615384616 0.052884615384615384
0 0.8509615384615384 0.21514423076923078 0.054086538461538464 0.04567307692307692
0 0.859375 0.265625 0.06009615384615385 0.05048076923076923
0 0.8581730769230769 0.32211538461538464 0.06370192307692307 0.054086538461538464
0 0.8581730769230769 0.3762019230769231 0.06129807692307692 0.046875
0 0.8629807692307693 0.42908653846153844 0.052884615384615384 0.04326923076923077
0 0.8605769230769231 0.484375 0.056490384615384616 0.04567307692307692
0 0.8713942307692307 0.5877403846153846 0.056490384615384616 0.046875
0 0.8701923076923077 0.6358173076923077 0.04567307692307692 0.04326923076923077
0 0.8725961538461539 0.6947115384615384 0.06129807692307692 0.046875
0 0.8737980769230769 0.7524038461538461 0.06129807692307692 0.05048076923076923
0 0.8677884615384616 0.8064903846153846 0.0673076923076923 0.052884615384615384
0 0.8653846153846154 0.8557692307692307 0.057692307692307696 0.04567307692307692
0 0.8677884615384616 0.9074519230769231 0.06129807692307692 0.04567307692307692
0 0.8725961538461539 0.9663461538461539 0.051682692307692304 0.04447115384615385