0 0.4831730769230769 0.26802884615384615 0.042067307692307696 0.16706730769230768
0 0.44350961538461536 0.2848557692307692 0.037259615384615384 0.125
0 0.39663461538461536 0.2860576923076923 0.042067307692307696 0.16105769230769232
0 0.16826923076923078 0.29447115384615385 0.04326923076923077 0.15745192307692307
0 0.21875 0.2848557692307692 0.040865384615384616 0.15144230769230768
0 0.2644230769230769 0.2800480769230769 0.037259615384615384 0.1502403846153846
0 0.3076923076923077 0.28365384615384615 0.038461538461538464 0.16706730769230768
0 0.2512019230769231 0.5901442307692307 0.08653846153846154 0.07211538461538461
0 0.15264423076923078 0.5564903846153846 0.08774038461538461 0.08413461538461539
0 0.12620192307692307 0.8040865384615384 0.08413461538461539 0.08413461538461539
0 0.46033653846153844 0.5480769230769231 0.09735576923076923 0.08052884615384616
0 0.5697115384615384 0.5817307692307693 0.09014423076923077 0.08413461538461539
0 0.5637019230769231 0.6670673076923077 0.09134615384615384 0.08413461538461539
0 0.5588942307692307 0.7512019230769231 0.08774038461538461 0.07932692307692307
0 0.44711538461538464 0.8052884615384616 0.07932692307692307 0.07692307692307693
0 0.5480769230769231 0.9038461538461539 0.08413461538461539 0.078125
0 0.43028846153846156 0.9651442307692307 0.0889423076923077 0.06610576923076923
0 0.8545673076923077 0.42788461538461536 0.09014423076923077 0.07932692307692307
0 0.5913461538461539 0.19471153846153846 0.039663461538461536 0.1502403846153846
0 0.6382211538461539 0.19110576923076922 0.039663461538461536 0.15384615384615385
0 0.6790865384615384 0.18870192307692307 0.038461538461538464 0.15384615384615385
0 0.7536057692307693 0.19591346153846154 0.040865384615384616 0.15144230769230768
0 0.7920673076923077 0.19591346153846154 0.04326923076923077 0.1502403846153846
0 0.8317307692307693 0.19471153846153846 0.042067307692307696 0.1346153846153846
0 0.8677884615384616 0.19591346153846154 0.04447115384615385 0.14903846153846154
0 0.9086538461538461 0.18629807692307693 0.040865384615384616 0.14423076923076922
0 0.9543269230769231 0.17908653846153846 0.042067307692307696 0.15144230769230768
0 0.7680288461538461 0.5649038461538461 0.07932692307692307 0.07451923076923077
0 0.8521634615384616 0.5865384615384616 0.07932692307692307 0.07091346153846154
0 0.7668269230769231 0.6442307692307693 0.08653846153846154 0.06610576923076923
0 0.8497596153846154 0.6658653846153846 0.08052884615384616 0.07451923076923077
0 0.7608173076923077 0.7175480769230769 0.08653846153846154 0.06370192307692307
0 0.8449519230769231 0.7391826923076923 0.0829326923076923 0.07091346153846154
0 0.7560096153846154 0.7884615384615384 0.07091346153846154 0.06610576923076923
0 0.8401442307692307 0.8112980769230769 0.078125 0.06610576923076923
0 0.7403846153846154 0.9314903846153846 0.07572115384615384 0.08413461538461539
0 0.8269230769230769 0.9447115384615384 0.09014423076923077 0.08173076923076923
0 0.7331730769230769 0.9807692307692307 0.08653846153846154 0.036057692307692304
0 0.9807692307692307 0.703125 0.037259615384615384 0.0625
0 0.9819711538461539 0.7776442307692307 0.03365384615384615 0.06610576923076923
0 0.9831730769230769 0.8461538461538461 0.03245192307692308 0.06490384615384616
0 0.9783653846153846 0.9182692307692307 0.042067307692307696 0.0733173076923077
0 0.9735576923076923 0.9783653846153846 0.04807692307692308 0.038461538461538464