0 0.9555288461538461 0.8185096153846154 0.08413461538461539 0.07451923076923077
0 0.9615384615384616 0.9074519230769231 0.07451923076923077 0.08774038461538461
0 0.9663461538461539 0.9711538461538461 0.06610576923076923 0.054086538461538464
0 0.9362980769230769 0.34975961538461536 0.08533653846153846 0.06850961538461539
0 0.9278846153846154 0.26802884615384615 0.09014423076923077 0.07091346153846154
0 0.9302884615384616 0.1875 0.08173076923076923 0.07091346153846154
0 0.9254807692307693 0.11778846153846154 0.09254807692307693 0.07932692307692307
0 0.7403846153846154 0.07091346153846154 0.08653846153846154 0.07932692307692307
0 0.7403846153846154 0.14302884615384615 0.09014423076923077 0.07091346153846154
0 0.7475961538461539 0.22596153846153846 0.08653846153846154 0.06971153846153846
0 0.7439903846153846 0.3004807692307692 0.09014423076923077 0.07091346153846154
0 0.7536057692307693 0.37740384615384615 0.08173076923076923 0.06971153846153846
0 0.7596153846153846 0.4483173076923077 0.08173076923076923 0.0625
0 0.7848557692307693 0.8485576923076923 0.09014423076923077 0.078125
0 0.7932692307692307 0.9278846153846154 0.09014423076923077 0.07211538461538461
0 0.7932692307692307 0.984375 0.08774038461538461 0.027644230769230768
0 0.6887019230769231 0.8545673076923077 0.07932692307692307 0.06971153846153846
0 0.6935096153846154 0.9471153846153846 0.08533653846153846 0.07451923076923077
0 0.5637019230769231 0.6442307692307693 0.08533653846153846 0.07932692307692307
0 0.6658653846153846 0.4735576923076923 0.09014423076923077 0.07091346153846154
0 0.6610576923076923 0.39663461538461536 0.0889423076923077 0.07451923076923077
0 0.65625 0.31971153846153844 0.078125 0.06610576923076923
0 0.6538461538461539 0.09134615384615384 0.07091346153846154 0.07451923076923077
0 0.6490384615384616 0.03245192307692308 0.0889423076923077 0.06370192307692307
0 0.45913461538461536 0.265625 0.09254807692307693 0.0829326923076923
0 0.35697115384615385 0.2848557692307692 0.08533653846153846 0.0733173076923077
0 0.4723557692307692 0.41947115384615385 0.08413461538461539 0.07211538461538461
0 0.4831730769230769 0.5084134615384616 0.0889423076923077 0.07091346153846154
0 0.3762019230769231 0.42908653846153844 0.09495192307692307 0.07091346153846154
0 0.3894230769230769 0.5120192307692307 0.08774038461538461 0.06971153846153846
0 0.49399038461538464 0.8954326923076923 0.08653846153846154 0.07211538461538461
0 0.38822115384615385 0.9098557692307693 0.09014423076923077 0.07091346153846154
0 0.39302884615384615 0.9747596153846154 0.09014423076923077 0.046875
0 0.09495192307692307 0.9591346153846154 0.08052884615384616 0.06971153846153846