0 0.8942307692307693 0.2692307692307692 0.056490384615384616 0.052884615384615384
0 0.7223557692307693 0.31490384615384615 0.027644230769230768 0.11538461538461539
0 0.7271634615384616 0.16105769230769232 0.027644230769230768 0.11778846153846154
0 0.7307692307692307 0.042067307692307696 0.03245192307692308 0.08413461538461539
0 0.5841346153846154 0.08653846153846154 0.055288461538461536 0.052884615384615384
0 0.5877403846153846 0.14302884615384615 0.052884615384615384 0.04807692307692308
0 0.5865384615384616 0.19471153846153846 0.056490384615384616 0.054086538461538464
0 0.5877403846153846 0.25 0.056490384615384616 0.05048076923076923
0 0.5817307692307693 0.3088942307692308 0.06009615384615385 0.046875
0 0.5841346153846154 0.3641826923076923 0.05889423076923077 0.054086538461538464
0 0.5793269230769231 0.421875 0.06370192307692307 0.046875
0 0.5793269230769231 0.4807692307692308 0.06129807692307692 0.052884615384615384
0 0.5793269230769231 0.5360576923076923 0.05889423076923077 0.04807692307692308
0 0.5769230769230769 0.5961538461538461 0.06129807692307692 0.05048076923076923
0 0.578125 0.6490384615384616 0.0625 0.051682692307692304
0 0.5709134615384616 0.7067307692307693 0.05889423076923077 0.052884615384615384
0 0.4387019230769231 0.6274038461538461 0.055288461538461536 0.07451923076923077
0 0.4411057692307692 0.5661057692307693 0.05889423076923077 0.07451923076923077
0 0.4423076923076923 0.5060096153846154 0.055288461538461536 0.0625
0 0.027644230769230768 0.4266826923076923 0.037259615384615384 0.11778846153846154
0 0.03245192307692308 0.057692307692307696 0.040865384615384616 0.11538461538461539
0 0.44591346153846156 0.21514423076923078 0.057692307692307696 0.07692307692307693
0 0.3245192307692308 0.1466346153846154 0.06370192307692307 0.08413461538461539
0 0.3269230769230769 0.07932692307692307 0.05048076923076923 0.078125
0 0.32572115384615385 0.03125 0.06009615384615385 0.0625
0 0.3245192307692308 0.21634615384615385 0.04807692307692308 0.06610576923076923
0 0.3173076923076923 0.2848557692307692 0.054086538461538464 0.06971153846153846
0 0.31490384615384615 0.3425480769230769 0.051682692307692304 0.06129807692307692
0 0.32211538461538464 0.4170673076923077 0.04326923076923077 0.06610576923076923
0 0.31850961538461536 0.4795673076923077 0.054086538461538464 0.07091346153846154
0 0.3161057692307692 0.5420673076923077 0.05048076923076923 0.06850961538461539
0 0.3137019230769231 0.6069711538461539 0.057692307692307696 0.0733173076923077
0 0.3125 0.6694711538461539 0.055288461538461536 0.07211538461538461
0 0.32091346153846156 0.7403846153846154 0.05048076923076923 0.06490384615384616
0 0.3137019230769231 0.8004807692307693 0.04807692307692308 0.07211538461538461
0 0.3161057692307692 0.8762019230769231 0.06610576923076923 0.06610576923076923