0 0.5516826923076923 0.4170673076923077 0.028846153846153848 0.10817307692307693
0 0.546875 0.296875 0.026442307692307692 0.10817307692307693
0 0.515625 0.29086538461538464 0.027644230769230768 0.1045673076923077
0 0.5204326923076923 0.4182692307692308 0.028846153846153848 0.10697115384615384
0 0.48197115384615385 0.296875 0.030048076923076924 0.10697115384615384
0 0.4543269230769231 0.4375 0.030048076923076924 0.1141826923076923
0 0.41947115384615385 0.3112980769230769 0.027644230769230768 0.11057692307692307
0 0.4254807692307692 0.4411057692307692 0.026442307692307692 0.10096153846153846
0 0.3858173076923077 0.31009615384615385 0.030048076923076924 0.11057692307692307
0 0.3918269230769231 0.4411057692307692 0.028846153846153848 0.09975961538461539
0 0.359375 0.4362980769230769 0.030048076923076924 0.09975961538461539
0 0.3545673076923077 0.31009615384615385 0.027644230769230768 0.10336538461538461
0 0.5216346153846154 0.8149038461538461 0.025240384615384616 0.10576923076923077
0 0.5192307692307693 0.6887019230769231 0.028846153846153848 0.11298076923076923
0 0.5552884615384616 0.6850961538461539 0.026442307692307692 0.09134615384615384
0 0.4891826923076923 0.6935096153846154 0.027644230769230768 0.109375
0 0.42427884615384615 0.7043269230769231 0.027644230769230768 0.109375
0 0.4879807692307692 0.4230769230769231 0.027644230769230768 0.10817307692307693
0 0.4567307692307692 0.6899038461538461 0.026442307692307692 0.10576923076923077
0 0.32211538461538464 0.3112980769230769 0.028846153846153848 0.11298076923076923
0 0.32572115384615385 0.4567307692307692 0.027644230769230768 0.10576923076923077
0 0.5817307692307693 0.41225961538461536 0.030048076923076924 0.11298076923076923
0 0.578125 0.2920673076923077 0.030048076923076924 0.109375
0 0.6069711538461539 0.29086538461538464 0.030048076923076924 0.09975961538461539
0 0.6382211538461539 0.296875 0.03125 0.12139423076923077
0 0.6141826923076923 0.4170673076923077 0.030048076923076924 0.10817307692307693
0 0.6430288461538461 0.4170673076923077 0.027644230769230768 0.09495192307692307
0 0.4519230769230769 0.30288461538461536 0.026442307692307692 0.109375
0 0.5564903846153846 0.8221153846153846 0.027644230769230768 0.09975961538461539
0 0.43028846153846156 0.8317307692307693 0.027644230769230768 0.1045673076923077
0 0.46153846153846156 0.8269230769230769 0.028846153846153848 0.109375
0 0.49158653846153844 0.8233173076923077 0.026442307692307692 0.109375
0 0.359375 0.7043269230769231 0.026442307692307692 0.10336538461538461
0 0.3894230769230769 0.7079326923076923 0.027644230769230768 0.11298076923076923
0 0.39663461538461536 0.8377403846153846 0.030048076923076924 0.1141826923076923
0 0.3293269230769231 0.7151442307692307 0.027644230769230768 0.109375
0 0.3641826923076923 0.8245192307692307 0.027644230769230768 0.10576923076923077
0 0.33413461538461536 0.8329326923076923 0.030048076923076924 0.11298076923076923
0 0.2956730769230769 0.7091346153846154 0.027644230769230768 0.09735576923076923
0 0.3004807692307692 0.8305288461538461 0.028846153846153848 0.11658653846153846
0 0.6346153846153846 0.6790865384615384 0.030048076923076924 0.11538461538461539
0 0.6706730769230769 0.6862980769230769 0.030048076923076924 0.09975961538461539
0 0.6730769230769231 0.7980769230769231 0.027644230769230768 0.09735576923076923
0 0.7043269230769231 0.8016826923076923 0.028846153846153848 0.11057692307692307
0 0.7355769230769231 0.8016826923076923 0.028846153846153848 0.10576923076923077
0 0.7019230769230769 0.6766826923076923 0.030048076923076924 0.10697115384615384
0 0.7307692307692307 0.6670673076923077 0.025240384615384616 0.09735576923076923
0 0.671875 0.29086538461538464 0.03245192307692308 0.109375
0 0.6995192307692307 0.2860576923076923 0.027644230769230768 0.10817307692307693
0 0.7283653846153846 0.296875 0.030048076923076924 0.09134615384615384
0 0.7572115384615384 0.28846153846153844 0.028846153846153848 0.11057692307692307
0 0.7860576923076923 0.2956730769230769 0.026442307692307692 0.09735576923076923
0 0.8161057692307693 0.2848557692307692 0.028846153846153848 0.09254807692307693
0 0.8461538461538461 0.2824519230769231 0.027644230769230768 0.10576923076923077
0 0.8762019230769231 0.27524038461538464 0.026442307692307692 0.0985576923076923
0 0.9002403846153846 0.27524038461538464 0.026442307692307692 0.09254807692307693
0 0.9290865384615384 0.27524038461538464 0.027644230769230768 0.10096153846153846
0 0.9591346153846154 0.28365384615384615 0.027644230769230768 0.10336538461538461
0 0.9867788461538461 0.2764423076923077 0.025240384615384616 0.09975961538461539
0 0.9867788461538461 0.3942307692307692 0.02403846153846154 0.11538461538461539
0 0.9627403846153846 0.39302884615384615 0.027644230769230768 0.0985576923076923
0 0.9314903846153846 0.390625 0.030048076923076924 0.109375
0 0.9038461538461539 0.39663461538461536 0.027644230769230768 0.09735576923076923
0 0.875 0.40865384615384615 0.028846153846153848 0.09495192307692307
0 0.8473557692307693 0.40384615384615385 0.030048076923076924 0.09254807692307693
0 0.7884615384615384 0.41346153846153844 0.028846153846153848 0.10336538461538461
0 0.7620192307692307 0.41346153846153844 0.028846153846153848 0.10336538461538461
0 0.7331730769230769 0.4170673076923077 0.026442307692307692 0.09975961538461539
0 0.7043269230769231 0.41225961538461536 0.030048076923076924 0.11057692307692307
0 0.6730769230769231 0.4074519230769231 0.030048076923076924 0.11298076923076923
0 0.29086538461538464 0.3161057692307692 0.028846153846153848 0.109375
0 0.2932692307692308 0.44711538461538464 0.030048076923076924 0.11298076923076923
0 0.31850961538461536 0.04567307692307692 0.025240384615384616 0.09134615384615384
0 0.2824519230769231 0.06009615384615385 0.028846153846153848 0.1141826923076923
0 0.3473557692307692 0.051682692307692304 0.027644230769230768 0.10336538461538461
0 0.38221153846153844 0.04927884615384615 0.026442307692307692 0.0985576923076923
0 0.41225961538461536 0.04447115384615385 0.03125 0.0889423076923077
0 0.44350961538461536 0.04807692307692308 0.027644230769230768 0.09615384615384616
0 0.47836538461538464 0.040865384615384616 0.027644230769230768 0.08052884615384616
0 0.5084134615384616 0.042067307692307696 0.026442307692307692 0.0829326923076923
0 0.5384615384615384 0.042067307692307696 0.027644230769230768 0.0829326923076923
0 0.5709134615384616 0.04447115384615385 0.026442307692307692 0.0889423076923077
0 0.6009615384615384 0.04447115384615385 0.028846153846153848 0.0889423076923077
0 0.6322115384615384 0.051682692307692304 0.026442307692307692 0.10336538461538461
0 0.6622596153846154 0.04326923076923077 0.025240384615384616 0.08653846153846154
0 0.6935096153846154 0.04567307692307692 0.027644230769230768 0.09014423076923077
0 0.7211538461538461 0.04326923076923077 0.026442307692307692 0.08653846153846154
0 0.75 0.04807692307692308 0.028846153846153848 0.09615384615384616
0 0.7800480769230769 0.04567307692307692 0.025240384615384616 0.09014423076923077
0 0.8100961538461539 0.039663461538461536 0.02403846153846154 0.07932692307692307
0 0.8377403846153846 0.040865384615384616 0.02403846153846154 0.08173076923076923
0 0.8653846153846154 0.042067307692307696 0.026442307692307692 0.0829326923076923
0 0.8954326923076923 0.04807692307692308 0.03125 0.09615384615384616
0 0.9230769230769231 0.04447115384615385 0.028846153846153848 0.0889423076923077
0 0.953125 0.04447115384615385 0.03245192307692308 0.0889423076923077
0 0.9831730769230769 0.04807692307692308 0.028846153846153848 0.09615384615384616
0 0.15144230769230768 0.06370192307692307 0.037259615384615384 0.11298076923076923
0 0.11778846153846154 0.0733173076923077 0.028846153846153848 0.10576923076923077
0 0.0889423076923077 0.07932692307692307 0.028846153846153848 0.10576923076923077
0 0.15144230769230768 0.3137019230769231 0.028846153846153848 0.109375
0 0.15504807692307693 0.4543269230769231 0.03125 0.09495192307692307
0 0.12379807692307693 0.4495192307692308 0.028846153846153848 0.10576923076923077
0 0.09014423076923077 0.44711538461538464 0.030048076923076924 0.09014423076923077
0 0.05889423076923077 0.4567307692307692 0.03485576923076923 0.0985576923076923
0 0.027644230769230768 0.46634615384615385 0.03485576923076923 0.10697115384615384
0 0.007211538461538462 0.4651442307692308 0.014423076923076924 0.09975961538461539
0 0.1201923076923077 0.31490384615384615 0.030048076923076924 0.11057692307692307
0 0.09014423076923077 0.3137019230769231 0.030048076923076924 0.1045673076923077
0 0.056490384615384616 0.32091346153846156 0.030048076923076924 0.09615384615384616
0 0.02403846153846154 0.33774038461538464 0.037259615384615384 0.109375
0 0.7596153846153846 0.6730769230769231 0.028846153846153848 0.1045673076923077
0 0.7944711538461539 0.6730769230769231 0.027644230769230768 0.09735576923076923
0 0.7932692307692307 0.7908653846153846 0.027644230769230768 0.10697115384615384
0 0.8209134615384616 0.7836538461538461 0.028846153846153848 0.10096153846153846
0 0.8497596153846154 0.7824519230769231 0.026442307692307692 0.10336538461538461
0 0.8810096153846154 0.7692307692307693 0.03125 0.09975961538461539
0 0.90625 0.7584134615384616 0.028846153846153848 0.08173076923076923
0 0.9375 0.7584134615384616 0.03485576923076923 0.11298076923076923
0 0.9663461538461539 0.7512019230769231 0.030048076923076924 0.10336538461538461
0 0.9891826923076923 0.7439903846153846 0.020432692307692308 0.09735576923076923
0 0.8197115384615384 0.6682692307692307 0.028846153846153848 0.10096153846153846
0 0.8485576923076923 0.6622596153846154 0.027644230769230768 0.10817307692307693
0 0.8737980769230769 0.640625 0.03245192307692308 0.09615384615384616
0 0.9038461538461539 0.6430288461538461 0.030048076923076924 0.09735576923076923
0 0.9314903846153846 0.6358173076923077 0.03125 0.09134615384615384
0 0.9591346153846154 0.6358173076923077 0.030048076923076924 0.08052884615384616
0 0.9867788461538461 0.6334134615384616 0.02403846153846154 0.09134615384615384
0 0.9939903846153846 0.9735576923076923 0.009615384615384616 0.05048076923076923
0 0.9723557692307693 0.9831730769230769 0.030048076923076924 0.030048076923076924
0 0.9411057692307693 0.9819711538461539 0.03125 0.03245192307692308
0 0.9134615384615384 0.9891826923076923 0.026442307692307692 0.018028846153846152
0 0.8870192307692307 0.9915865384615384 0.025240384615384616 0.01201923076923077
0 0.8557692307692307 0.9855769230769231 0.026442307692307692 0.02403846153846154
0 0.8293269230769231 0.9891826923076923 0.02403846153846154 0.018028846153846152
0 0.7980769230769231 0.9915865384615384 0.026442307692307692 0.014423076923076924
0 0.7716346153846154 0.9915865384615384 0.02403846153846154 0.01201923076923077
0 0.16346153846153846 0.7211538461538461 0.027644230769230768 0.10576923076923077
0 0.16826923076923078 0.8449519230769231 0.03245192307692308 0.10096153846153846
0 0.1310096153846154 0.7295673076923077 0.03245192307692308 0.109375
0 0.1346153846153846 0.8461538461538461 0.03485576923076923 0.10697115384615384
0 0.09975961538461539 0.7319711538461539 0.030048076923076924 0.11658653846153846
0 0.10336538461538461 0.8557692307692307 0.03125 0.109375
0 0.06850961538461539 0.8425480769230769 0.03125 0.1141826923076923
0 0.06490384615384616 0.7307692307692307 0.03365384615384615 0.1045673076923077
0 0.036057692307692304 0.7175480769230769 0.03245192307692308 0.109375
0 0.009615384615384616 0.7283653846153846 0.019230769230769232 0.11538461538461539
0 0.038461538461538464 0.8545673076923077 0.030048076923076924 0.10697115384615384
0 0.013221153846153846 0.8569711538461539 0.025240384615384616 0.1141826923076923