0 0.6706730769230769 0.5240384615384616 0.03485576923076923 0.09495192307692307
0 0.6418269230769231 0.5564903846153846 0.040865384615384616 0.10576923076923077
0 0.6105769230769231 0.5733173076923077 0.038461538461538464 0.109375
0 0.578125 0.5697115384615384 0.039663461538461536 0.10697115384615384
0 0.5480769230769231 0.5805288461538461 0.038461538461538464 0.109375
0 0.5192307692307693 0.6033653846153846 0.036057692307692304 0.09495192307692307
0 0.4831730769230769 0.6057692307692307 0.03245192307692308 0.0889423076923077
0 0.4567307692307692 0.625 0.038461538461538464 0.11298076923076923
0 0.421875 0.6418269230769231 0.039663461538461536 0.09254807692307693
0 0.39663461538461536 0.6754807692307693 0.039663461538461536 0.109375
0 0.36778846153846156 0.6935096153846154 0.037259615384615384 0.10336538461538461
0 0.33413461538461536 0.6983173076923077 0.037259615384615384 0.11057692307692307
0 0.29927884615384615 0.7139423076923077 0.037259615384615384 0.1045673076923077
0 0.26802884615384615 0.7295673076923077 0.042067307692307696 0.11057692307692307
0 0.234375 0.7487980769230769 0.040865384615384616 0.10817307692307693
0 0.20072115384615385 0.7704326923076923 0.04447115384615385 0.11658653846153846
0 0.16947115384615385 0.7944711538461539 0.04567307692307692 0.11298076923076923
0 0.1346153846153846 0.8112980769230769 0.04567307692307692 0.1141826923076923
0 0.10336538461538461 0.8365384615384616 0.042067307692307696 0.0985576923076923
0 0.06850961538461539 0.8449519230769231 0.05048076923076923 0.12259615384615384
0 0.028846153846153848 0.8557692307692307 0.04927884615384615 0.11538461538461539
0 0.6634615384615384 0.8581730769230769 0.039663461538461536 0.11658653846153846
0 0.6286057692307693 0.8605769230769231 0.039663461538461536 0.11298076923076923
0 0.6009615384615384 0.8846153846153846 0.037259615384615384 0.10697115384615384
0 0.5697115384615384 0.8990384615384616 0.039663461538461536 0.11057692307692307
0 0.5408653846153846 0.921875 0.039663461538461536 0.10697115384615384
0 0.5144230769230769 0.9447115384615384 0.038461538461538464 0.10697115384615384
0 0.4807692307692308 0.9519230769230769 0.039663461538461536 0.09254807692307693
0 0.44471153846153844 0.9579326923076923 0.038461538461538464 0.08052884615384616
0 0.41225961538461536 0.9663461538461539 0.03485576923076923 0.06370192307692307
0 0.3798076923076923 0.9747596153846154 0.03245192307692308 0.04567307692307692
0 0.6574519230769231 0.9411057692307693 0.052884615384615384 0.07211538461538461
0 0.5973557692307693 0.9663461538461539 0.054086538461538464 0.0625