0 0.6189903846153846 0.7487980769230769 0.03245192307692308 0.12620192307692307
0 0.5817307692307693 0.7487980769230769 0.03485576923076923 0.13701923076923078
0 0.4639423076923077 0.7379807692307693 0.03125 0.1346153846153846
0 0.4987980769230769 0.7427884615384616 0.03245192307692308 0.13341346153846154
0 0.4206730769230769 0.7307692307692307 0.03485576923076923 0.140625
0 0.5432692307692307 0.765625 0.03485576923076923 0.16826923076923078
0 0.6538461538461539 0.7439903846153846 0.03485576923076923 0.1502403846153846
0 0.6971153846153846 0.7596153846153846 0.03485576923076923 0.13581730769230768
0 0.7331730769230769 0.7355769230769231 0.030048076923076924 0.125
0 0.7680288461538461 0.7403846153846154 0.030048076923076924 0.125
0 0.8052884615384616 0.7403846153846154 0.03245192307692308 0.07451923076923077
0 0.8401442307692307 0.7391826923076923 0.03365384615384615 0.12379807692307693
0 0.8762019230769231 0.75 0.03485576923076923 0.11899038461538461
0 0.9122596153846154 0.7403846153846154 0.037259615384615384 0.13341346153846154
0 0.9483173076923077 0.75 0.037259615384615384 0.125
0 0.9831730769230769 0.7536057692307693 0.03125 0.0985576923076923
0 0.3798076923076923 0.7487980769230769 0.03245192307692308 0.1310096153846154
0 0.3401442307692308 0.7247596153846154 0.03245192307692308 0.140625
0 0.30288461538461536 0.7295673076923077 0.03485576923076923 0.13341346153846154
0 0.2644230769230769 0.7259615384615384 0.036057692307692304 0.13942307692307693
0 0.22596153846153846 0.7307692307692307 0.037259615384615384 0.13341346153846154
0 0.1875 0.7175480769230769 0.036057692307692304 0.140625
0 0.14903846153846154 0.7295673076923077 0.036057692307692304 0.14182692307692307
0 0.10697115384615384 0.7163461538461539 0.037259615384615384 0.1346153846153846
0 0.06370192307692307 0.7055288461538461 0.039663461538461536 0.12139423076923077
0 0.02283653846153846 0.7199519230769231 0.040865384615384616 0.14182692307692307
0 0.7932692307692307 0.44350961538461536 0.07211538461538461 0.06129807692307692
0 0.9747596153846154 0.4519230769230769 0.04927884615384615 0.06490384615384616
0 0.7115384615384616 0.43509615384615385 0.06971153846153846 0.06610576923076923
0 0.35697115384615385 0.4110576923076923 0.07692307692307693 0.06610576923076923
0 0.22115384615384615 0.39903846153846156 0.07451923076923077 0.06370192307692307
0 0.13221153846153846 0.3942307692307692 0.07932692307692307 0.06009615384615385
0 0.038461538461538464 0.3954326923076923 0.07692307692307693 0.06009615384615385
0 0.8858173076923077 0.9819711538461539 0.038461538461538464 0.03245192307692308
0 0.8473557692307693 0.984375 0.03485576923076923 0.026442307692307692
0 0.7043269230769231 0.9819711538461539 0.03125 0.03245192307692308
0 0.6634615384615384 0.9783653846153846 0.036057692307692304 0.040865384615384616
0 0.5841346153846154 0.9831730769230769 0.036057692307692304 0.030048076923076924
0 0.3870192307692308 0.9795673076923077 0.037259615384615384 0.037259615384615384
0 0.3425480769230769 0.9759615384615384 0.037259615384615384 0.04326923076923077
0 0.3076923076923077 0.9783653846153846 0.03365384615384615 0.042067307692307696
0 0.27163461538461536 0.9759615384615384 0.038461538461538464 0.04326923076923077
0 0.11177884615384616 0.9735576923076923 0.03485576923076923 0.05048076923076923
0 0.07211538461538461 0.9759615384615384 0.039663461538461536 0.04447115384615385
0 0.03245192307692308 0.9747596153846154 0.04326923076923077 0.046875