0 0.30288461538461536 0.38461538461538464 0.07692307692307693 0.0625
0 0.22596153846153846 0.38341346153846156 0.07451923076923077 0.06370192307692307
0 0.4375 0.7319711538461539 0.03245192307692308 0.13221153846153846
0 0.4387019230769231 0.8834134615384616 0.03485576923076923 0.14423076923076922
0 0.4855769230769231 0.7259615384615384 0.03365384615384615 0.14423076923076922
0 0.5288461538461539 0.7115384615384616 0.03245192307692308 0.12740384615384615
0 0.5733173076923077 0.7211538461538461 0.036057692307692304 0.1346153846153846
0 0.6165865384615384 0.7319711538461539 0.03245192307692308 0.14302884615384615
0 0.49399038461538464 0.38461538461538464 0.08052884615384616 0.06610576923076923
0 0.5997596153846154 0.38221153846153844 0.07572115384615384 0.05889423076923077
0 0.6899038461538461 0.3858173076923077 0.06971153846153846 0.06129807692307692
0 0.8245192307692307 0.39903846153846156 0.0733173076923077 0.05889423076923077
0 0.9903846153846154 0.734375 0.018028846153846152 0.15745192307692307
0 0.9603365384615384 0.7223557692307693 0.038461538461538464 0.13221153846153846
0 0.9230769230769231 0.7151442307692307 0.036057692307692304 0.12860576923076922
0 0.8846153846153846 0.7139423076923077 0.038461538461538464 0.13701923076923078
0 0.8473557692307693 0.734375 0.03485576923076923 0.13341346153846154
0 0.8088942307692307 0.7127403846153846 0.03365384615384615 0.14302884615384615
0 0.7716346153846154 0.7175480769230769 0.03485576923076923 0.13341346153846154
0 0.7331730769230769 0.7199519230769231 0.03485576923076923 0.14182692307692307
0 0.6971153846153846 0.7259615384615384 0.037259615384615384 0.13942307692307693
0 0.6550480769230769 0.7163461538461539 0.03485576923076923 0.14543269230769232
0 0.8557692307692307 0.9735576923076923 0.040865384615384616 0.05048076923076923
0 0.8088942307692307 0.9699519230769231 0.038461538461538464 0.05889423076923077
0 0.7752403846153846 0.9723557692307693 0.037259615384615384 0.051682692307692304
0 0.7367788461538461 0.9735576923076923 0.038461538461538464 0.05048076923076923
0 0.5745192307692307 0.9783653846153846 0.03485576923076923 0.042067307692307696
0 0.5348557692307693 0.9795673076923077 0.03245192307692308 0.037259615384615384
0 0.4987980769230769 0.9795673076923077 0.03485576923076923 0.038461538461538464