0 0.4855769230769231 0.10336538461538461 0.056490384615384616 0.04807692307692308
0 0.2932692307692308 0.05889423076923077 0.054086538461538464 0.054086538461538464
0 0.30649038461538464 0.11298076923076923 0.0625 0.052884615384615384
0 0.3088942307692308 0.16947115384615385 0.06009615384615385 0.055288461538461536
0 0.30649038461538464 0.2283653846153846 0.06009615384615385 0.04807692307692308
0 0.30408653846153844 0.28725961538461536 0.05889423076923077 0.05048076923076923
0 0.5456730769230769 0.41947115384615385 0.025240384615384616 0.109375
0 0.5408653846153846 0.203125 0.025240384615384616 0.11298076923076923
0 0.5444711538461539 0.3137019230769231 0.02403846153846154 0.0889423076923077
0 0.4951923076923077 0.2764423076923077 0.0625 0.046875
0 0.4879807692307692 0.1622596153846154 0.06129807692307692 0.04567307692307692
0 0.6550480769230769 0.32211538461538464 0.05889423076923077 0.04567307692307692
0 0.30649038461538464 0.40865384615384615 0.06129807692307692 0.051682692307692304
0 0.3088942307692308 0.4651442307692308 0.06490384615384616 0.04807692307692308
0 0.31490384615384615 0.5240384615384616 0.06490384615384616 0.055288461538461536
0 0.31490384615384615 0.5817307692307693 0.06129807692307692 0.051682692307692304
0 0.32211538461538464 0.6346153846153846 0.051682692307692304 0.05048076923076923
0 0.49038461538461536 0.3918269230769231 0.0625 0.055288461538461536
0 0.49038461538461536 0.33653846153846156 0.06370192307692307 0.052884615384615384
0 0.6574519230769231 0.09975961538461539 0.06490384615384616 0.05048076923076923
0 0.6574519230769231 0.15745192307692307 0.05889423076923077 0.05048076923076923
0 0.6526442307692307 0.21394230769230768 0.052884615384615384 0.04567307692307692
0 0.6502403846153846 0.26802884615384615 0.055288461538461536 0.04326923076923077
0 0.6550480769230769 0.3786057692307692 0.055288461538461536 0.046875
0 0.30528846153846156 0.34615384615384615 0.06370192307692307 0.04807692307692308
0 0.49038461538461536 0.21754807692307693 0.06009615384615385 0.052884615384615384
0 0.6634615384615384 0.4963942307692308 0.06370192307692307 0.046875
0 0.6706730769230769 0.5504807692307693 0.06009615384615385 0.04567307692307692
0 0.6670673076923077 0.6081730769230769 0.06129807692307692 0.05048076923076923
0 0.6670673076923077 0.6610576923076923 0.06129807692307692 0.04807692307692308
0 0.6706730769230769 0.7211538461538461 0.06610576923076923 0.054086538461538464
0 0.3137019230769231 0.7524038461538461 0.06610576923076923 0.054086538461538464
0 0.3245192307692308 0.875 0.0625 0.052884615384615384
0 0.3161057692307692 0.8137019230769231 0.05889423076923077 0.051682692307692304
0 0.31850961538461536 0.6971153846153846 0.06850961538461539 0.0625
0 0.4963942307692308 0.7475961538461539 0.06129807692307692 0.054086538461538464
0 0.5012019230769231 0.8004807692307693 0.06129807692307692 0.054086538461538464
0 0.5096153846153846 0.8557692307692307 0.057692307692307696 0.052884615384615384
0 0.5120192307692307 0.9122596153846154 0.06129807692307692 0.052884615384615384
0 0.3233173076923077 0.9338942307692307 0.06129807692307692 0.06009615384615385
0 0.5612980769230769 0.8942307692307693 0.025240384615384616 0.10697115384615384
0 0.6730769230769231 0.9399038461538461 0.06129807692307692 0.04567307692307692
0 0.671875 0.8894230769230769 0.0625 0.05048076923076923
0 0.6694711538461539 0.7788461538461539 0.06370192307692307 0.051682692307692304
0 0.6694711538461539 0.8329326923076923 0.06129807692307692 0.054086538461538464
0 0.49278846153846156 0.6875 0.057692307692307696 0.05048076923076923
0 0.4963942307692308 0.625 0.0625 0.05048076923076923
0 0.4963942307692308 0.5649038461538461 0.06610576923076923 0.04447115384615385
0 0.49759615384615385 0.5096153846153846 0.06370192307692307 0.054086538461538464
0 0.4963942307692308 0.4495192307692308 0.06129807692307692 0.051682692307692304
0 0.5600961538461539 0.7836538461538461 0.030048076923076924 0.11538461538461539
0 0.5564903846153846 0.6550480769230769 0.026442307692307692 0.10817307692307693
0 0.6622596153846154 0.43990384615384615 0.06370192307692307 0.046875
0 0.4879807692307692 0.04447115384615385 0.056490384615384616 0.046875
0 0.5396634615384616 0.07932692307692307 0.025240384615384616 0.11538461538461539
0 0.6370192307692307 0.038461538461538464 0.057692307692307696 0.04807692307692308
0 0.2932692307692308 0.013221153846153846 0.0625 0.026442307692307692
0 0.4879807692307692 0.008413461538461538 0.06129807692307692 0.016826923076923076
0 0.5528846153846154 0.5372596153846154 0.027644230769230768 0.10817307692307693
0 0.6730769230769231 0.9831730769230769 0.05889423076923077 0.028846153846153848
0 0.5612980769230769 0.9759615384615384 0.025240384615384616 0.04326923076923077
0 0.5108173076923077 0.9651442307692307 0.05889423076923077 0.051682692307692304
0 0.31850961538461536 0.9819711538461539 0.06009615384615385 0.03245192307692308