0 0.23317307692307693 0.2668269230769231 0.028846153846153848 0.0985576923076923
0 0.203125 0.2620192307692308 0.030048076923076924 0.10576923076923077
0 0.27283653846153844 0.265625 0.030048076923076924 0.109375
0 0.17307692307692307 0.2608173076923077 0.030048076923076924 0.1045673076923077
0 0.14423076923076922 0.25721153846153844 0.027644230769230768 0.10576923076923077
0 0.1141826923076923 0.25600961538461536 0.03125 0.1045673076923077
0 0.0829326923076923 0.25961538461538464 0.030048076923076924 0.10096153846153846
0 0.055288461538461536 0.25600961538461536 0.027644230769230768 0.10576923076923077
0 0.025240384615384616 0.25600961538461536 0.03485576923076923 0.10576923076923077
0 0.18870192307692307 0.5072115384615384 0.03245192307692308 0.10817307692307693
0 0.15504807692307693 0.5144230769230769 0.030048076923076924 0.10576923076923077
0 0.12379807692307693 0.5096153846153846 0.030048076923076924 0.109375
0 0.09735576923076923 0.49158653846153844 0.030048076923076924 0.09495192307692307
0 0.0673076923076923 0.4963942307692308 0.03245192307692308 0.09254807692307693
0 0.036057692307692304 0.5144230769230769 0.03125 0.10336538461538461
0 0.013221153846153846 0.5024038461538461 0.026442307692307692 0.10576923076923077
0 0.12379807692307693 0.7427884615384616 0.030048076923076924 0.10697115384615384
0 0.09254807692307693 0.7439903846153846 0.03125 0.11298076923076923
0 0.06129807692307692 0.7415865384615384 0.027644230769230768 0.109375
0 0.03365384615384615 0.7463942307692307 0.030048076923076924 0.109375
0 0.009615384615384616 0.75 0.019230769230769232 0.10817307692307693