0 0.34975961538461536 0.7331730769230769 0.025240384615384616 0.09495192307692307
0 0.32211538461538464 0.8533653846153846 0.027644230769230768 0.10096153846153846
0 0.48197115384615385 0.35096153846153844 0.030048076923076924 0.10817307692307693
0 0.45072115384615385 0.34615384615384615 0.030048076923076924 0.10336538461538461
0 0.4182692307692308 0.3389423076923077 0.027644230769230768 0.10576923076923077
0 0.38341346153846156 0.734375 0.027644230769230768 0.11538461538461539
0 0.35096153846153844 0.8629807692307693 0.025240384615384616 0.11538461538461539
0 0.41947115384615385 0.7331730769230769 0.027644230769230768 0.12379807692307693
0 0.45072115384615385 0.7415865384615384 0.027644230769230768 0.11298076923076923
0 0.4879807692307692 0.47475961538461536 0.027644230769230768 0.1045673076923077
0 0.3870192307692308 0.8665865384615384 0.03125 0.109375
0 0.4206730769230769 0.8677884615384616 0.027644230769230768 0.10336538461538461
0 0.4855769230769231 0.7391826923076923 0.027644230769230768 0.1141826923076923
0 0.5216346153846154 0.4723557692307692 0.027644230769230768 0.11298076923076923
0 0.4206730769230769 0.4807692307692308 0.027644230769230768 0.11298076923076923
0 0.4543269230769231 0.47596153846153844 0.027644230769230768 0.12259615384615384
0 0.5192307692307693 0.7379807692307693 0.027644230769230768 0.11658653846153846
0 0.5504807692307693 0.34615384615384615 0.03125 0.11298076923076923
0 0.5841346153846154 0.3449519230769231 0.028846153846153848 0.109375
0 0.6165865384615384 0.3473557692307692 0.028846153846153848 0.10336538461538461
0 0.4987980769230769 0.09975961538461539 0.026442307692307692 0.10697115384615384
0 0.5516826923076923 0.7415865384615384 0.027644230769230768 0.1141826923076923
0 0.3173076923076923 0.7391826923076923 0.030048076923076924 0.109375
0 0.5528846153846154 0.8665865384615384 0.027644230769230768 0.1141826923076923
0 0.5192307692307693 0.8677884615384616 0.027644230769230768 0.10817307692307693
0 0.4879807692307692 0.8653846153846154 0.030048076923076924 0.11538461538461539
0 0.4543269230769231 0.8665865384615384 0.027644230769230768 0.10817307692307693
0 0.5877403846153846 0.47475961538461536 0.027644230769230768 0.11899038461538461
0 0.5528846153846154 0.47836538461538464 0.026442307692307692 0.1045673076923077
0 0.5492788461538461 0.09975961538461539 0.027644230769230768 0.11057692307692307
0 0.3858173076923077 0.3425480769230769 0.027644230769230768 0.1141826923076923
0 0.3858173076923077 0.47475961538461536 0.027644230769230768 0.11778846153846154
0 0.3545673076923077 0.35697115384615385 0.030048076923076924 0.11538461538461539
0 0.35336538461538464 0.4831730769230769 0.027644230769230768 0.11538461538461539
0 0.31971153846153844 0.3485576923076923 0.028846153846153848 0.11778846153846154
0 0.31850961538461536 0.47115384615384615 0.03125 0.11778846153846154
0 0.6201923076923077 0.4723557692307692 0.030048076923076924 0.11538461538461539
0 0.6526442307692307 0.4831730769230769 0.030048076923076924 0.11057692307692307
0 0.6862980769230769 0.4795673076923077 0.03125 0.109375
0 0.7175480769230769 0.4699519230769231 0.027644230769230768 0.10576923076923077
0 0.7475961538461539 0.4807692307692308 0.030048076923076924 0.1141826923076923
0 0.7800480769230769 0.4855769230769231 0.027644230769230768 0.09134615384615384
0 0.6502403846153846 0.35336538461538464 0.028846153846153848 0.11298076923076923
0 0.6814903846153846 0.34615384615384615 0.028846153846153848 0.109375
0 0.7127403846153846 0.3557692307692308 0.030048076923076924 0.109375
0 0.7463942307692307 0.3545673076923077 0.03125 0.1045673076923077
0 0.7776442307692307 0.35697115384615385 0.030048076923076924 0.09735576923076923
0 0.8100961538461539 0.359375 0.030048076923076924 0.10817307692307693
0 0.8425480769230769 0.3605769230769231 0.03245192307692308 0.11057692307692307
0 0.8737980769230769 0.3605769230769231 0.03245192307692308 0.08653846153846154
0 0.8990384615384616 0.35336538461538464 0.030048076923076924 0.10096153846153846
0 0.9314903846153846 0.3641826923076923 0.03365384615384615 0.1141826923076923
0 0.9639423076923077 0.3605769230769231 0.03485576923076923 0.109375
0 0.9867788461538461 0.3581730769230769 0.021634615384615384 0.10576923076923077
0 0.9903846153846154 0.4831730769230769 0.018028846153846152 0.11057692307692307
0 0.9651442307692307 0.48197115384615385 0.030048076923076924 0.11778846153846154
0 0.9338942307692307 0.4831730769230769 0.028846153846153848 0.109375
0 0.5853365384615384 0.7427884615384616 0.028846153846153848 0.10336538461538461
0 0.6189903846153846 0.7415865384615384 0.03125 0.11658653846153846
0 0.6514423076923077 0.7331730769230769 0.028846153846153848 0.10817307692307693
0 0.6838942307692307 0.7331730769230769 0.03125 0.10697115384615384
0 0.7175480769230769 0.7259615384615384 0.027644230769230768 0.10336538461538461
0 0.7487980769230769 0.7331730769230769 0.028846153846153848 0.09134615384615384
0 0.7800480769230769 0.7415865384615384 0.03125 0.11298076923076923
0 0.8112980769230769 0.734375 0.03245192307692308 0.1141826923076923
0 0.8425480769230769 0.7331730769230769 0.03125 0.11538461538461539
0 0.8762019230769231 0.7355769230769231 0.03485576923076923 0.11298076923076923
0 0.9074519230769231 0.7379807692307693 0.03245192307692308 0.109375
0 0.9375 0.7403846153846154 0.03485576923076923 0.10817307692307693
0 0.96875 0.7379807692307693 0.03245192307692308 0.11057692307692307
0 0.9903846153846154 0.7331730769230769 0.016826923076923076 0.10817307692307693
0 0.9915865384615384 0.8509615384615384 0.014423076923076924 0.10697115384615384
0 0.9711538461538461 0.8569711538461539 0.03485576923076923 0.10336538461538461
0 0.9362980769230769 0.8509615384615384 0.028846153846153848 0.10576923076923077
0 0.9074519230769231 0.8581730769230769 0.03125 0.11057692307692307
0 0.8762019230769231 0.859375 0.03245192307692308 0.10697115384615384
0 0.8425480769230769 0.8653846153846154 0.03245192307692308 0.10817307692307693
0 0.8125 0.8581730769230769 0.03245192307692308 0.11298076923076923
0 0.78125 0.8629807692307693 0.028846153846153848 0.10096153846153846
0 0.7487980769230769 0.859375 0.028846153846153848 0.09735576923076923
0 0.7151442307692307 0.8641826923076923 0.027644230769230768 0.10697115384615384
0 0.7716346153846154 0.9879807692307693 0.06610576923076923 0.021634615384615384
0 0.6838942307692307 0.859375 0.03245192307692308 0.10817307692307693
0 0.6526442307692307 0.8629807692307693 0.026442307692307692 0.10697115384615384
0 0.6189903846153846 0.8665865384615384 0.027644230769230768 0.09975961538461539
0 0.5889423076923077 0.8737980769230769 0.028846153846153848 0.10817307692307693
0 0.9867788461538461 0.10576923076923077 0.025240384615384616 0.11298076923076923
0 0.9555288461538461 0.11057692307692307 0.03245192307692308 0.10817307692307693
0 0.9230769230769231 0.10576923076923077 0.028846153846153848 0.0985576923076923
0 0.8942307692307693 0.11538461538461539 0.030048076923076924 0.10817307692307693
0 0.8641826923076923 0.1141826923076923 0.03365384615384615 0.10096153846153846
0 0.7824519230769231 0.10817307692307693 0.03245192307692308 0.11778846153846154
0 0.7487980769230769 0.09975961538461539 0.03125 0.10817307692307693
0 0.71875 0.10576923076923077 0.030048076923076924 0.10096153846153846
0 0.6862980769230769 0.10336538461538461 0.027644230769230768 0.11538461538461539
0 0.6538461538461539 0.09254807692307693 0.030048076923076924 0.109375
0 0.6237980769230769 0.08774038461538461 0.026442307692307692 0.10817307692307693
0 0.5901442307692307 0.09975961538461539 0.026442307692307692 0.11778846153846154
0 0.4074519230769231 0.09014423076923077 0.027644230769230768 0.10096153846153846
0 0.3605769230769231 0.09735576923076923 0.028846153846153848 0.10697115384615384
0 0.3112980769230769 0.09975961538461539 0.030048076923076924 0.1141826923076923
0 0.265625 0.0889423076923077 0.028846153846153848 0.11298076923076923
0 0.21995192307692307 0.10096153846153846 0.030048076923076924 0.11658653846153846
0 0.17307692307692307 0.11057692307692307 0.03365384615384615 0.1141826923076923
0 0.11538461538461539 0.11057692307692307 0.04807692307692308 0.11057692307692307
0 0.2848557692307692 0.7295673076923077 0.027644230769230768 0.09495192307692307
0 0.2536057692307692 0.7331730769230769 0.028846153846153848 0.10697115384615384
0 0.8112980769230769 0.484375 0.030048076923076924 0.109375
0 0.8425480769230769 0.47596153846153844 0.03125 0.10697115384615384
0 0.8737980769230769 0.47836538461538464 0.030048076923076924 0.10697115384615384
0 0.9050480769230769 0.4699519230769231 0.03245192307692308 0.11057692307692307
0 0.28846153846153844 0.3485576923076923 0.028846153846153848 0.11057692307692307
0 0.28725961538461536 0.47475961538461536 0.027644230769230768 0.1141826923076923
0 0.25600961538461536 0.3605769230769231 0.030048076923076924 0.10817307692307693
0 0.2536057692307692 0.4735576923076923 0.030048076923076924 0.1045673076923077
0 0.11778846153846154 0.2704326923076923 0.0673076923076923 0.051682692307692304
0 0.11057692307692307 0.3545673076923077 0.06490384615384616 0.04807692307692308
0 0.11298076923076923 0.5108173076923077 0.06370192307692307 0.046875
0 0.1141826923076923 0.6754807692307693 0.06610576923076923 0.046875
0 0.11778846153846154 0.7524038461538461 0.06610576923076923 0.05048076923076923
0 0.10817307692307693 0.8341346153846154 0.06610576923076923 0.05048076923076923
0 0.12379807692307693 0.9206730769230769 0.06610576923076923 0.05048076923076923