0 0.6802884615384616 0.5240384615384616 0.036057692307692304 0.09254807692307693
0 0.6490384615384616 0.5552884615384616 0.038461538461538464 0.10096153846153846
0 0.6189903846153846 0.5697115384615384 0.037259615384615384 0.11778846153846154
0 0.5865384615384616 0.5697115384615384 0.038461538461538464 0.11057692307692307
0 0.5552884615384616 0.5805288461538461 0.037259615384615384 0.11057692307692307
0 0.5276442307692307 0.6033653846153846 0.03245192307692308 0.09495192307692307
0 0.49038461538461536 0.6057692307692307 0.03365384615384615 0.09014423076923077
0 0.46274038461538464 0.625 0.038461538461538464 0.11298076923076923
0 0.4338942307692308 0.6430288461538461 0.037259615384615384 0.09014423076923077
0 0.4050480769230769 0.6766826923076923 0.038461538461538464 0.10576923076923077
0 0.3762019230769231 0.6971153846153846 0.038461538461538464 0.1045673076923077
0 0.3425480769230769 0.7019230769230769 0.037259615384615384 0.109375
0 0.3088942307692308 0.7151442307692307 0.037259615384615384 0.10336538461538461
0 0.2764423076923077 0.734375 0.039663461538461536 0.109375
0 0.2439903846153846 0.7512019230769231 0.038461538461538464 0.1141826923076923
0 0.2127403846153846 0.7740384615384616 0.040865384615384616 0.11298076923076923
0 0.1778846153846154 0.7956730769230769 0.04567307692307692 0.109375
0 0.1466346153846154 0.8149038461538461 0.040865384615384616 0.11057692307692307
0 0.11298076923076923 0.8425480769230769 0.039663461538461536 0.09495192307692307
0 0.07692307692307693 0.8485576923076923 0.051682692307692304 0.11899038461538461
0 0.040865384615384616 0.8641826923076923 0.04807692307692308 0.11899038461538461
0 0.014423076923076924 0.8810096153846154 0.028846153846153848 0.11298076923076923
0 0.6754807692307693 0.859375 0.040865384615384616 0.11298076923076923
0 0.6382211538461539 0.8629807692307693 0.040865384615384616 0.11298076923076923
0 0.6105769230769231 0.8822115384615384 0.037259615384615384 0.10697115384615384
0 0.5793269230769231 0.8966346153846154 0.037259615384615384 0.11298076923076923
0 0.5492788461538461 0.921875 0.03485576923076923 0.11057692307692307
0 0.5204326923076923 0.9447115384615384 0.037259615384615384 0.10697115384615384
0 0.4879807692307692 0.953125 0.036057692307692304 0.09014423076923077
0 0.4567307692307692 0.9615384615384616 0.03485576923076923 0.07451923076923077
0 0.4206730769230769 0.9675480769230769 0.03365384615384615 0.06009615384615385
0 0.6081730769230769 0.9675480769230769 0.055288461538461536 0.06129807692307692
0 0.6658653846153846 0.9411057692307693 0.052884615384615384 0.06370192307692307