0 0.9555288461538461 0.21394230769230768 0.06850961538461539 0.15865384615384615
0 0.9495192307692307 0.49158653846153844 0.07211538461538461 0.140625
0 0.9507211538461539 0.6165865384615384 0.08774038461538461 0.12860576923076922
0 0.8317307692307693 0.8052884615384616 0.07692307692307693 0.125
0 0.7512019230769231 0.6887019230769231 0.08173076923076923 0.1310096153846154
0 0.7247596153846154 0.6286057692307693 0.07932692307692307 0.14182692307692307
0 0.6947115384615384 0.5721153846153846 0.0673076923076923 0.14903846153846154
0 0.6694711538461539 0.5036057692307693 0.06971153846153846 0.13942307692307693
0 0.6310096153846154 0.43990384615384615 0.07091346153846154 0.125
0 0.5997596153846154 0.3918269230769231 0.06370192307692307 0.13221153846153846
0 0.5709134615384616 0.3269230769230769 0.07932692307692307 0.11899038461538461
0 0.9146634615384616 0.4338942307692308 0.08052884615384616 0.14182692307692307
0 0.5865384615384616 0.9651442307692307 0.07451923076923077 0.06490384615384616
0 0.4951923076923077 0.8786057692307693 0.08533653846153846 0.07692307692307693
0 0.49399038461538464 0.9615384615384616 0.08052884615384616 0.0733173076923077
0 0.30288461538461536 0.9435096153846154 0.09014423076923077 0.09254807692307693
0 0.2127403846153846 0.8966346153846154 0.09615384615384616 0.078125
0 0.2932692307692308 0.7175480769230769 0.09375 0.0733173076923077
0 0.28725961538461536 0.6081730769230769 0.0829326923076923 0.078125
0 0.28125 0.5300480769230769 0.09495192307692307 0.07091346153846154
0 0.19110576923076922 0.46153846153846156 0.08173076923076923 0.07211538461538461
0 0.19110576923076922 0.6033653846153846 0.08774038461538461 0.06610576923076923
0 0.03125 0.4795673076923077 0.06129807692307692 0.06971153846153846
0 0.030048076923076924 0.4014423076923077 0.06009615384615385 0.06610576923076923
0 0.03365384615384615 0.625 0.0673076923076923 0.08173076923076923
0 0.037259615384615384 0.6983173076923077 0.07451923076923077 0.06850961538461539
0 0.037259615384615384 0.8401442307692307 0.07451923076923077 0.07932692307692307
0 0.037259615384615384 0.9134615384615384 0.07451923076923077 0.0829326923076923
0 0.859375 0.30528846153846156 0.07932692307692307 0.13701923076923078
0 0.8269230769230769 0.25600961538461536 0.08653846153846154 0.1346153846153846
0 0.7872596153846154 0.19831730769230768 0.08413461538461539 0.14423076923076922
0 0.7584134615384616 0.12860576923076922 0.07692307692307693 0.125
0 0.734375 0.0625 0.07451923076923077 0.125
0 0.6862980769230769 0.039663461538461536 0.057692307692307696 0.07932692307692307
0 0.8341346153846154 0.03485576923076923 0.07211538461538461 0.06971153846153846