0 0.4567307692307692 0.46274038461538464 0.0889423076923077 0.07692307692307693
0 0.4567307692307692 0.3737980769230769 0.09495192307692307 0.078125
0 0.359375 0.6105769230769231 0.0829326923076923 0.06610576923076923
0 0.4411057692307692 0.7608173076923077 0.09134615384615384 0.07451923076923077
0 0.35697115384615385 0.36538461538461536 0.09134615384615384 0.06971153846153846
0 0.35096153846153844 0.44471153846153844 0.10096153846153846 0.07451923076923077
0 0.35336538461538464 0.5324519230769231 0.0889423076923077 0.07091346153846154
0 0.6370192307692307 0.39302884615384615 0.08774038461538461 0.06850961538461539
0 0.6346153846153846 0.4723557692307692 0.08413461538461539 0.07091346153846154
0 0.7704326923076923 0.7596153846153846 0.07692307692307693 0.13221153846153846
0 0.6286057692307693 0.7019230769230769 0.08653846153846154 0.07091346153846154
0 0.4519230769230769 0.6838942307692307 0.09014423076923077 0.07932692307692307
0 0.4519230769230769 0.6045673076923077 0.0733173076923077 0.07211538461538461
0 0.4495192307692308 0.5348557692307693 0.09254807692307693 0.07211538461538461
0 0.3401442307692308 0.828125 0.09975961538461539 0.078125
0 0.44350961538461536 0.8329326923076923 0.07211538461538461 0.06971153846153846
0 0.6334134615384616 0.7704326923076923 0.07451923076923077 0.0625
0 0.6262019230769231 0.8425480769230769 0.08533653846153846 0.07091346153846154
0 0.15264423076923078 0.8858173076923077 0.09495192307692307 0.06971153846153846
0 0.34375 0.9038461538461539 0.09254807692307693 0.07692307692307693
0 0.43509615384615385 0.9074519230769231 0.08052884615384616 0.07091346153846154
0 0.6201923076923077 0.9098557692307693 0.09254807692307693 0.06610576923076923
0 0.1622596153846154 0.8064903846153846 0.09495192307692307 0.07211538461538461
0 0.16826923076923078 0.7355769230769231 0.08533653846153846 0.06610576923076923
0 0.16826923076923078 0.6658653846153846 0.0889423076923077 0.06850961538461539
0 0.17067307692307693 0.5925480769230769 0.09254807692307693 0.07451923076923077
0 0.17427884615384615 0.43509615384615385 0.0985576923076923 0.06490384615384616
0 0.1778846153846154 0.35697115384615385 0.0985576923076923 0.06370192307692307
0 0.08413461538461539 0.3473557692307692 0.0985576923076923 0.06490384615384616
0 0.08173076923076923 0.4230769230769231 0.09254807692307693 0.06490384615384616
0 0.07932692307692307 0.5096153846153846 0.08774038461538461 0.0625
0 0.16466346153846154 0.5168269230769231 0.08533653846153846 0.056490384615384616
0 0.15745192307692307 0.9627403846153846 0.09735576923076923 0.07211538461538461
0 0.052884615384615384 0.9567307692307693 0.10336538461538461 0.0829326923076923
0 0.3401442307692308 0.9711538461538461 0.09014423076923077 0.055288461538461536
0 0.4375 0.9723557692307693 0.0985576923076923 0.051682692307692304
0 0.6225961538461539 0.9735576923076923 0.09495192307692307 0.04807692307692308
0 0.7884615384615384 0.9615384615384616 0.05048076923076923 0.07451923076923077
0 0.7728365384615384 0.8545673076923077 0.07211538461538461 0.109375
0 0.7800480769230769 0.3918269230769231 0.07692307692307693 0.1346153846153846
0 0.7884615384615384 0.5096153846153846 0.0673076923076923 0.1141826923076923
0 0.7824519230769231 0.5925480769230769 0.06370192307692307 0.1045673076923077
0 0.7704326923076923 0.6706730769230769 0.07572115384615384 0.11899038461538461
0 0.6298076923076923 0.5504807692307693 0.08173076923076923 0.06610576923076923
0 0.6189903846153846 0.6213942307692307 0.08173076923076923 0.07211538461538461
0 0.7307692307692307 0.036057692307692304 0.08653846153846154 0.07211538461538461
0 0.6370192307692307 0.02283653846153846 0.08653846153846154 0.04567307692307692
0 0.46274038461538464 0.019230769230769232 0.09014423076923077 0.038461538461538464
0 0.3701923076923077 0.014423076923076924 0.08413461538461539 0.027644230769230768