0 0.6370192307692307 0.6370192307692307 0.09495192307692307 0.08774038461538461
0 0.7475961538461539 0.6574519230769231 0.09495192307692307 0.07932692307692307
0 0.9807692307692307 0.6911057692307693 0.037259615384615384 0.07451923076923077
0 0.171875 0.5504807692307693 0.1045673076923077 0.078125
0 0.027644230769230768 0.5084134615384616 0.055288461538461536 0.07451923076923077
0 0.7019230769230769 0.9783653846153846 0.042067307692307696 0.042067307692307696
0 0.7992788461538461 0.984375 0.042067307692307696 0.027644230769230768
0 0.6538461538461539 0.9735576923076923 0.039663461538461536 0.04807692307692308
0 0.6045673076923077 0.9831730769230769 0.04326923076923077 0.028846153846153848
0 0.5480769230769231 0.9651442307692307 0.04326923076923077 0.06610576923076923
0 0.49759615384615385 0.9699519230769231 0.040865384615384616 0.056490384615384616
0 0.44711538461538464 0.9651442307692307 0.04326923076923077 0.06610576923076923
0 0.3942307692307692 0.9639423076923077 0.04326923076923077 0.06971153846153846
0 0.3425480769230769 0.9567307692307693 0.04326923076923077 0.0829326923076923
0 0.29447115384615385 0.9459134615384616 0.04326923076923077 0.1045673076923077
0 0.24158653846153846 0.9387019230769231 0.04927884615384615 0.11778846153846154
0 0.18990384615384615 0.9459134615384616 0.04807692307692308 0.1045673076923077
0 0.14182692307692307 0.9266826923076923 0.052884615384615384 0.14423076923076922
0 0.09134615384615384 0.9278846153846154 0.052884615384615384 0.140625
0 0.038461538461538464 0.9206730769230769 0.06129807692307692 0.15504807692307693
0 0.009615384615384616 0.921875 0.019230769230769232 0.15264423076923078