0 0.46875 0.23798076923076922 0.040865384615384616 0.14903846153846154
0 0.421875 0.24278846153846154 0.040865384615384616 0.15865384615384615
0 0.6189903846153846 0.25 0.040865384615384616 0.17668269230769232
0 0.6670673076923077 0.2668269230769231 0.04326923076923077 0.17548076923076922
0 0.7151442307692307 0.27884615384615385 0.042067307692307696 0.17668269230769232
0 0.765625 0.24879807692307693 0.04326923076923077 0.17548076923076922
0 0.8112980769230769 0.27403846153846156 0.04326923076923077 0.15264423076923078
0 0.8581730769230769 0.28725961538461536 0.04567307692307692 0.1658653846153846
0 0.9026442307692307 0.3004807692307692 0.046875 0.1502403846153846
0 0.36538461538461536 0.24278846153846154 0.04447115384615385 0.1658653846153846
0 0.22355769230769232 0.23076923076923078 0.04447115384615385 0.1466346153846154
0 0.1310096153846154 0.22235576923076922 0.046875 0.14543269230769232
0 0.0829326923076923 0.23557692307692307 0.04807692307692308 0.17307692307692307
0 0.8954326923076923 0.7764423076923077 0.04927884615384615 0.171875
0 0.8052884615384616 0.7776442307692307 0.04927884615384615 0.17067307692307693
0 0.7536057692307693 0.7776442307692307 0.04326923076923077 0.16826923076923078
0 0.7067307692307693 0.734375 0.040865384615384616 0.16947115384615385
0 0.6574519230769231 0.7403846153846154 0.04326923076923077 0.16947115384615385
0 0.6105769230769231 0.7319711538461539 0.042067307692307696 0.16706730769230768
0 0.5120192307692307 0.7307692307692307 0.038461538461538464 0.16706730769230768
0 0.46033653846153844 0.7379807692307693 0.042067307692307696 0.18629807692307693
0 0.4098557692307692 0.7283653846153846 0.04326923076923077 0.14543269230769232
0 0.36177884615384615 0.7475961538461539 0.04326923076923077 0.171875
0 0.3088942307692308 0.7307692307692307 0.04326923076923077 0.15865384615384615
0 0.25600961538461536 0.7259615384615384 0.046875 0.18509615384615385
0 0.2091346153846154 0.7259615384615384 0.04326923076923077 0.17668269230769232
0 0.16346153846153846 0.7247596153846154 0.04326923076923077 0.16947115384615385
0 0.11778846153846154 0.7163461538461539 0.04447115384615385 0.1658653846153846
0 0.06370192307692307 0.703125 0.052884615384615384 0.15985576923076922
0 0.31850961538461536 0.22956730769230768 0.04567307692307692 0.16706730769230768
0 0.9471153846153846 0.30408653846153844 0.046875 0.15985576923076922
0 0.9447115384615384 0.7620192307692307 0.04807692307692308 0.14423076923076922
0 0.9831730769230769 0.7608173076923077 0.03245192307692308 0.15745192307692307
0 0.9855769230769231 0.3137019230769231 0.027644230769230768 0.1658653846153846
0 0.007211538461538462 0.234375 0.014423076923076924 0.15504807692307693
0 0.021634615384615384 0.6995192307692307 0.04326923076923077 0.1622596153846154
0 0.021634615384615384 0.6995192307692307 0.042067307692307696 0.16346153846153846