0 0.5841346153846154 0.19591346153846154 0.039663461538461536 0.15264423076923078
0 0.5360576923076923 0.18990384615384615 0.038461538461538464 0.15504807692307693
0 0.4879807692307692 0.18509615384615385 0.04326923076923077 0.15504807692307693
0 0.4375 0.18509615384615385 0.038461538461538464 0.1622596153846154
0 0.3870192307692308 0.18629807692307693 0.04447115384615385 0.17548076923076922
0 0.6394230769230769 0.203125 0.04326923076923077 0.15985576923076922
0 0.6850961538461539 0.20793269230769232 0.04447115384615385 0.15865384615384615
0 0.7331730769230769 0.20673076923076922 0.04447115384615385 0.17067307692307693
0 0.7776442307692307 0.203125 0.046875 0.17548076923076922
0 0.33774038461538464 0.19951923076923078 0.038461538461538464 0.14903846153846154
0 0.29086538461538464 0.19831730769230768 0.04326923076923077 0.16826923076923078
0 0.23918269230769232 0.21634615384615385 0.04326923076923077 0.16947115384615385
0 0.1935096153846154 0.22115384615384615 0.04326923076923077 0.1658653846153846
0 0.14783653846153846 0.21153846153846154 0.04567307692307692 0.16706730769230768
0 0.09735576923076923 0.22235576923076922 0.054086538461538464 0.16947115384615385
0 0.8257211538461539 0.19951923076923078 0.04447115384615385 0.15144230769230768
0 0.8762019230769231 0.2091346153846154 0.04807692307692308 0.1658653846153846
0 0.9230769230769231 0.18870192307692307 0.04807692307692308 0.13581730769230768
0 0.9675480769230769 0.19591346153846154 0.055288461538461536 0.17307692307692307
0 0.9326923076923077 0.6490384615384616 0.052884615384615384 0.1814903846153846
0 0.8377403846153846 0.6526442307692307 0.04326923076923077 0.1778846153846154
0 0.7884615384615384 0.6622596153846154 0.04447115384615385 0.1658653846153846
0 0.7415865384615384 0.6670673076923077 0.039663461538461536 0.16706730769230768
0 0.6923076923076923 0.6442307692307693 0.040865384615384616 0.1502403846153846
0 0.6442307692307693 0.6658653846153846 0.04326923076923077 0.16947115384615385
0 0.5925480769230769 0.6670673076923077 0.040865384615384616 0.16706730769230768
0 0.5432692307692307 0.6694711538461539 0.039663461538461536 0.16346153846153846
0 0.49278846153846156 0.6670673076923077 0.038461538461538464 0.17548076923076922
0 0.4423076923076923 0.6802884615384616 0.04567307692307692 0.171875
0 0.3858173076923077 0.6802884615384616 0.038461538461538464 0.17307692307692307
0 0.33774038461538464 0.6754807692307693 0.039663461538461536 0.15745192307692307
0 0.2920673076923077 0.6802884615384616 0.038461538461538464 0.15865384615384615
0 0.2403846153846154 0.6754807692307693 0.046875 0.17307692307692307
0 0.1935096153846154 0.6899038461538461 0.040865384615384616 0.13341346153846154
0 0.1466346153846154 0.6862980769230769 0.04447115384615385 0.1622596153846154
0 0.09615384615384616 0.6586538461538461 0.04567307692307692 0.15865384615384615
0 0.05048076923076923 0.6802884615384616 0.046875 0.16346153846153846
0 0.013221153846153846 0.6778846153846154 0.025240384615384616 0.15985576923076922