0 0.39302884615384615 0.1971153846153846 0.028846153846153848 0.11658653846153846
0 0.3918269230769231 0.33052884615384615 0.02403846153846154 0.11538461538461539
0 0.38461538461538464 0.5204326923076923 0.030048076923076924 0.10817307692307693
0 0.37740384615384615 0.6598557692307693 0.026442307692307692 0.09014423076923077
0 0.38100961538461536 0.7740384615384616 0.027644230769230768 0.11057692307692307
0 0.15745192307692307 0.4483173076923077 0.06610576923076923 0.055288461538461536
0 0.22596153846153846 0.5276442307692307 0.0673076923076923 0.055288461538461536
0 0.23317307692307693 0.5913461538461539 0.06370192307692307 0.04326923076923077
0 0.234375 0.6490384615384616 0.0625 0.051682692307692304
0 0.2283653846153846 0.7067307692307693 0.06129807692307692 0.04326923076923077
0 0.21995192307692307 0.7608173076923077 0.05889423076923077 0.054086538461538464
0 0.21634615384615385 0.8197115384615384 0.06370192307692307 0.04807692307692308
0 0.22235576923076922 0.875 0.056490384615384616 0.04807692307692308
0 0.23076923076923078 0.9314903846153846 0.05048076923076923 0.042067307692307696
0 0.22596153846153846 0.9819711538461539 0.06129807692307692 0.03365384615384615
0 0.09735576923076923 0.578125 0.06610576923076923 0.0625
0 0.09735576923076923 0.6454326923076923 0.05889423076923077 0.05889423076923077
0 0.06129807692307692 0.7151442307692307 0.06850961538461539 0.06370192307692307
0 0.0889423076923077 0.7644230769230769 0.06610576923076923 0.06490384615384616
0 0.08413461538461539 0.9302884615384616 0.06370192307692307 0.06370192307692307
0 0.08653846153846154 0.9795673076923077 0.06129807692307692 0.038461538461538464
0 0.06370192307692307 0.2403846153846154 0.06850961538461539 0.06129807692307692