0 0.515625 0.7512019230769231 0.06009615384615385 0.052884615384615384
0 0.5192307692307693 0.6442307692307693 0.055288461538461536 0.04807692307692308
0 0.29927884615384615 0.6586538461538461 0.06009615384615385 0.04567307692307692
0 0.3004807692307692 0.7139423076923077 0.06009615384615385 0.04807692307692308
0 0.4362980769230769 0.37740384615384615 0.056490384615384616 0.052884615384615384
0 0.5072115384615384 0.36778846153846156 0.055288461538461536 0.04326923076923077
0 0.44350961538461536 0.31971153846153844 0.056490384615384616 0.05048076923076923
0 0.5072115384615384 0.2644230769230769 0.06129807692307692 0.04567307692307692
0 0.4387019230769231 0.2644230769230769 0.06009615384615385 0.052884615384615384
0 0.5012019230769231 0.21394230769230768 0.056490384615384616 0.05048076923076923
0 0.5012019230769231 0.16105769230769232 0.057692307692307696 0.04807692307692308
0 0.4362980769230769 0.16105769230769232 0.057692307692307696 0.052884615384615384
0 0.4338942307692308 0.2127403846153846 0.052884615384615384 0.04807692307692308
0 0.4987980769230769 0.10697115384615384 0.056490384615384616 0.04807692307692308
0 0.43509615384615385 0.10817307692307693 0.057692307692307696 0.04807692307692308
0 0.4987980769230769 0.055288461538461536 0.05889423076923077 0.051682692307692304
0 0.29927884615384615 0.5973557692307693 0.057692307692307696 0.05048076923076923
0 0.29086538461538464 0.5456730769230769 0.055288461538461536 0.05048076923076923
0 0.2980769230769231 0.27163461538461536 0.06129807692307692 0.04447115384615385
0 0.44350961538461536 0.765625 0.055288461538461536 0.042067307692307696
0 0.5144230769230769 0.8100961538461539 0.05889423076923077 0.04807692307692308
0 0.5168269230769231 0.6983173076923077 0.06009615384615385 0.051682692307692304
0 0.5144230769230769 0.8653846153846154 0.05889423076923077 0.05048076923076923
0 0.4423076923076923 0.8653846153846154 0.06129807692307692 0.046875
0 0.4423076923076923 0.8112980769230769 0.05889423076923077 0.04567307692307692
0 0.5168269230769231 0.9182692307692307 0.056490384615384616 0.04567307692307692
0 0.4519230769230769 0.9206730769230769 0.056490384615384616 0.051682692307692304
0 0.4375 0.9723557692307693 0.055288461538461536 0.04567307692307692
0 0.8605769230769231 0.5901442307692307 0.057692307692307696 0.046875
0 0.8689903846153846 0.7391826923076923 0.04567307692307692 0.04447115384615385
0 0.8713942307692307 0.7932692307692307 0.06370192307692307 0.04447115384615385
0 0.8713942307692307 0.8509615384615384 0.06370192307692307 0.05048076923076923
0 0.8653846153846154 0.9074519230769231 0.06850961538461539 0.05048076923076923
0 0.4338942307692308 0.05889423076923077 0.05889423076923077 0.046875
0 0.3004807692307692 0.16826923076923078 0.055288461538461536 0.046875
0 0.14903846153846154 0.10336538461538461 0.06129807692307692 0.051682692307692304
0 0.15745192307692307 0.15384615384615385 0.056490384615384616 0.04807692307692308
0 0.8689903846153846 0.6899038461538461 0.05889423076923077 0.04447115384615385
0 0.8605769230769231 0.9567307692307693 0.056490384615384616 0.04807692307692308
0 0.8629807692307693 0.9903846153846154 0.0625 0.015625
0 0.5168269230769231 0.9699519230769231 0.055288461538461536 0.046875
0 0.2860576923076923 0.4831730769230769 0.052884615384615384 0.046875
0 0.2956730769230769 0.43028846153846156 0.052884615384615384 0.05048076923076923
0 0.30288461538461536 0.32091346153846156 0.052884615384615384 0.04807692307692308
0 0.2980769230769231 0.3762019230769231 0.05048076923076923 0.04567307692307692
0 0.3004807692307692 0.06490384615384616 0.05889423076923077 0.05048076923076923
0 0.3016826923076923 0.11658653846153846 0.055288461538461536 0.046875
0 0.3016826923076923 0.21754807692307693 0.06129807692307692 0.051682692307692304
0 0.30288461538461536 0.019230769230769232 0.056490384615384616 0.038461538461538464
0 0.16346153846153846 0.05048076923076923 0.051682692307692304 0.04807692307692308
0 0.15144230769230768 0.013221153846153846 0.056490384615384616 0.026442307692307692
0 0.14543269230769232 0.20432692307692307 0.06009615384615385 0.046875
0 0.1502403846153846 0.2536057692307692 0.06610576923076923 0.046875
0 0.5132211538461539 0.31850961538461536 0.06129807692307692 0.04326923076923077
0 0.4411057692307692 0.43028846153846156 0.056490384615384616 0.04447115384615385
0 0.4326923076923077 0.016826923076923076 0.056490384615384616 0.03365384615384615
0 0.5 0.014423076923076924 0.052884615384615384 0.027644230769230768
0 0.6346153846153846 0.021634615384615384 0.057692307692307696 0.04326923076923077
0 0.7043269230769231 0.018028846153846152 0.055288461538461536 0.036057692307692304
0 0.6370192307692307 0.06370192307692307 0.052884615384615384 0.04567307692307692
0 0.6430288461538461 0.1141826923076923 0.05889423076923077 0.05048076923076923
0 0.7259615384615384 0.32211538461538464 0.052884615384615384 0.04326923076923077
0 0.6586538461538461 0.37740384615384615 0.05889423076923077 0.04567307692307692
0 0.7223557692307693 0.3737980769230769 0.04927884615384615 0.05048076923076923
0 0.7199519230769231 0.42788461538461536 0.055288461538461536 0.051682692307692304
0 0.6586538461538461 0.42788461538461536 0.06009615384615385 0.04807692307692308
0 0.6586538461538461 0.4831730769230769 0.06009615384615385 0.04807692307692308
0 0.7223557692307693 0.48197115384615385 0.052884615384615384 0.04567307692307692
0 0.7283653846153846 0.5348557692307693 0.052884615384615384 0.04567307692307692
0 0.7247596153846154 0.5901442307692307 0.056490384615384616 0.05048076923076923
0 0.6538461538461539 0.5408653846153846 0.05889423076923077 0.05048076923076923
0 0.6538461538461539 0.5949519230769231 0.057692307692307696 0.05048076923076923
0 0.6538461538461539 0.6466346153846154 0.05889423076923077 0.04807692307692308
0 0.7295673076923077 0.6442307692307693 0.05889423076923077 0.04807692307692308
0 0.7175480769230769 0.7019230769230769 0.05889423076923077 0.052884615384615384
0 0.6538461538461539 0.703125 0.056490384615384616 0.04567307692307692
0 0.7223557692307693 0.7536057692307693 0.04927884615384615 0.04567307692307692
0 0.7223557692307693 0.8064903846153846 0.055288461538461536 0.05048076923076923
0 0.6550480769230769 0.8125 0.04927884615384615 0.04807692307692308
0 0.65625 0.7584134615384616 0.056490384615384616 0.051682692307692304
0 0.7211538461538461 0.8629807692307693 0.055288461538461536 0.05048076923076923
0 0.6574519230769231 0.8689903846153846 0.06370192307692307 0.046875
0 0.6526442307692307 0.921875 0.06129807692307692 0.046875
0 0.7247596153846154 0.9158653846153846 0.06370192307692307 0.04807692307692308
0 0.7199519230769231 0.9699519230769231 0.06129807692307692 0.046875
0 0.6538461538461539 0.9747596153846154 0.06370192307692307 0.04567307692307692
0 0.8605769230769231 0.5348557692307693 0.054086538461538464 0.04567307692307692
0 0.8557692307692307 0.48197115384615385 0.05889423076923077 0.046875
0 0.8557692307692307 0.42908653846153844 0.06129807692307692 0.052884615384615384
0 0.8581730769230769 0.37259615384615385 0.0625 0.04807692307692308
0 0.8509615384615384 0.32211538461538464 0.054086538461538464 0.04447115384615385
0 0.8569711538461539 0.2692307692307692 0.06370192307692307 0.046875
0 0.8557692307692307 0.21514423076923078 0.06009615384615385 0.052884615384615384
0 0.8533653846153846 0.1658653846153846 0.05889423076923077 0.05048076923076923
0 0.8509615384615384 0.1141826923076923 0.057692307692307696 0.04807692307692308
0 0.8401442307692307 0.06370192307692307 0.055288461538461536 0.04567307692307692
0 0.8425480769230769 0.019230769230769232 0.052884615384615384 0.038461538461538464
0 0.1466346153846154 0.31009615384615385 0.06009615384615385 0.05048076923076923
0 0.15384615384615385 0.3629807692307692 0.05889423076923077 0.042067307692307696
0 0.14903846153846154 0.41586538461538464 0.05889423076923077 0.04567307692307692
0 0.14903846153846154 0.4723557692307692 0.057692307692307696 0.051682692307692304
0 0.1466346153846154 0.5264423076923077 0.057692307692307696 0.05048076923076923
0 0.15504807692307693 0.5769230769230769 0.06370192307692307 0.04447115384615385
0 0.15504807692307693 0.6334134615384616 0.06610576923076923 0.05048076923076923
0 0.15865384615384615 0.6862980769230769 0.06370192307692307 0.04447115384615385
0 0.1622596153846154 0.7403846153846154 0.06370192307692307 0.046875
0 0.16466346153846154 0.7932692307692307 0.06129807692307692 0.05048076923076923
0 0.16826923076923078 0.8485576923076923 0.06009615384615385 0.046875
0 0.16706730769230768 0.9026442307692307 0.056490384615384616 0.051682692307692304
0 0.16826923076923078 0.9591346153846154 0.06490384615384616 0.054086538461538464