0 0.3233173076923077 0.0985576923076923 0.05889423076923077 0.05048076923076923
0 0.5661057692307693 0.23076923076923078 0.025240384615384616 0.109375
0 0.5637019230769231 0.125 0.02403846153846154 0.0889423076923077
0 0.5144230769230769 0.08774038461538461 0.0625 0.046875
0 0.3269230769230769 0.21995192307692307 0.06129807692307692 0.051682692307692304
0 0.328125 0.2764423076923077 0.06490384615384616 0.04807692307692308
0 0.33413461538461536 0.33413461538461536 0.06490384615384616 0.055288461538461536
0 0.33413461538461536 0.39302884615384615 0.06129807692307692 0.051682692307692304
0 0.3425480769230769 0.44591346153846156 0.051682692307692304 0.05048076923076923
0 0.5096153846153846 0.203125 0.0625 0.055288461538461536
0 0.5096153846153846 0.1466346153846154 0.06370192307692307 0.052884615384615384
0 0.3245192307692308 0.15745192307692307 0.06370192307692307 0.04807692307692308
0 0.5096153846153846 0.028846153846153848 0.06009615384615385 0.052884615384615384
0 0.515625 0.5588942307692307 0.06129807692307692 0.054086538461538464
0 0.5216346153846154 0.6105769230769231 0.06129807692307692 0.054086538461538464
0 0.5288461538461539 0.6670673076923077 0.057692307692307696 0.052884615384615384
0 0.53125 0.7235576923076923 0.06129807692307692 0.052884615384615384
0 0.6887019230769231 0.5901442307692307 0.06370192307692307 0.051682692307692304
0 0.5120192307692307 0.4987980769230769 0.057692307692307696 0.05048076923076923
0 0.515625 0.4362980769230769 0.0625 0.05048076923076923
0 0.5168269230769231 0.3762019230769231 0.06610576923076923 0.04447115384615385
0 0.5168269230769231 0.32091346153846156 0.06370192307692307 0.054086538461538464
0 0.515625 0.2608173076923077 0.06129807692307692 0.051682692307692304
0 0.3425480769230769 0.7403846153846154 0.06009615384615385 0.054086538461538464
0 0.34134615384615385 0.7980769230769231 0.05889423076923077 0.055288461538461536
0 0.3245192307692308 0.042067307692307696 0.06009615384615385 0.051682692307692304
0 0.5252403846153846 0.8329326923076923 0.06370192307692307 0.056490384615384616
0 0.33774038461538464 0.8569711538461539 0.0625 0.051682692307692304
0 0.6670673076923077 0.08173076923076923 0.054086538461538464 0.04807692307692308
0 0.6730769230769231 0.13942307692307693 0.05889423076923077 0.054086538461538464
0 0.6706730769230769 0.1935096153846154 0.055288461538461536 0.046875
0 0.3401442307692308 0.9158653846153846 0.06370192307692307 0.06009615384615385
0 0.33774038461538464 0.5036057692307693 0.0673076923076923 0.054086538461538464
0 0.33774038461538464 0.5649038461538461 0.06610576923076923 0.051682692307692304
0 0.33774038461538464 0.6225961538461539 0.05889423076923077 0.04567307692307692
0 0.3473557692307692 0.6814903846153846 0.06610576923076923 0.04807692307692308
0 0.5721153846153846 0.34975961538461536 0.026442307692307692 0.1045673076923077
0 0.5745192307692307 0.46634615384615385 0.026442307692307692 0.10817307692307693
0 0.6778846153846154 0.25240384615384615 0.0625 0.04807692307692308
0 0.6802884615384616 0.3088942307692308 0.06129807692307692 0.04807692307692308
0 0.6850961538461539 0.47836538461538464 0.0625 0.04447115384615385
0 0.6899038461538461 0.5336538461538461 0.06490384615384616 0.052884615384615384
0 0.6887019230769231 0.6466346153846154 0.06370192307692307 0.05048076923076923
0 0.6899038461538461 0.703125 0.0625 0.05048076923076923
0 0.6911057692307693 0.7572115384615384 0.06129807692307692 0.04567307692307692
0 0.6899038461538461 0.8137019230769231 0.056490384615384616 0.054086538461538464
0 0.6971153846153846 0.8713942307692307 0.06490384615384616 0.051682692307692304
0 0.7079326923076923 0.9278846153846154 0.06370192307692307 0.05048076923076923
0 0.5612980769230769 0.037259615384615384 0.027644230769230768 0.07451923076923077
0 0.6694711538461539 0.03485576923076923 0.052884615384615384 0.04807692307692308
0 0.3473557692307692 0.9675480769230769 0.07211538461538461 0.06129807692307692
0 0.5769230769230769 0.5913461538461539 0.027644230769230768 0.10817307692307693
0 0.5793269230769231 0.7067307692307693 0.026442307692307692 0.109375
0 0.5793269230769231 0.828125 0.027644230769230768 0.10817307692307693
0 0.5817307692307693 0.9411057692307693 0.030048076923076924 0.109375
0 0.5228365384615384 0.8942307692307693 0.06009615384615385 0.05048076923076923
0 0.5240384615384616 0.9483173076923077 0.06009615384615385 0.052884615384615384
0 0.5348557692307693 0.984375 0.05889423076923077 0.026442307692307692
0 0.5276442307692307 0.7788461538461539 0.06009615384615385 0.05048076923076923
0 0.6887019230769231 0.36658653846153844 0.06009615384615385 0.04567307692307692
0 0.6850961538461539 0.4254807692307692 0.06129807692307692 0.05048076923076923
0 0.6995192307692307 0.9759615384615384 0.05048076923076923 0.04326923076923077