0 0.3713942307692308 0.15384615384615385 0.09975961538461539 0.07451923076923077
0 0.4879807692307692 0.15264423076923078 0.09495192307692307 0.0733173076923077
0 0.4795673076923077 0.2439903846153846 0.09735576923076923 0.07932692307692307
0 0.36778846153846156 0.24278846153846154 0.10096153846153846 0.0733173076923077
0 0.47596153846153844 0.4987980769230769 0.09975961538461539 0.07932692307692307
0 0.46875 0.5829326923076923 0.09975961538461539 0.07091346153846154
0 0.4831730769230769 0.3317307692307692 0.0985576923076923 0.078125
0 0.359375 0.4963942307692308 0.0889423076923077 0.06129807692307692
0 0.3605769230769231 0.6658653846153846 0.09495192307692307 0.07451923076923077
0 0.4807692307692308 0.7572115384615384 0.09495192307692307 0.078125
0 0.47475961538461536 0.8449519230769231 0.09134615384615384 0.0733173076923077
0 0.4699519230769231 0.9230769230769231 0.08653846153846154 0.0733173076923077
0 0.35336538461538464 0.8425480769230769 0.08533653846153846 0.06610576923076923
0 0.7692307692307693 0.3449519230769231 0.08653846153846154 0.06610576923076923
0 0.1502403846153846 0.40024038461538464 0.08774038461538461 0.06971153846153846
0 0.13942307692307693 0.6574519230769231 0.1141826923076923 0.0733173076923077
0 0.04567307692307692 0.1502403846153846 0.0889423076923077 0.0733173076923077
0 0.04447115384615385 0.23317307692307693 0.0889423076923077 0.0733173076923077
0 0.23317307692307693 0.016826923076923076 0.10096153846153846 0.03365384615384615
0 0.037259615384615384 0.47836538461538464 0.07451923076923077 0.06610576923076923
0 0.15264423076923078 0.31971153846153844 0.0829326923076923 0.06490384615384616
0 0.1346153846153846 0.7379807692307693 0.0985576923076923 0.06971153846153846
0 0.14182692307692307 0.9182692307692307 0.10336538461538461 0.0829326923076923
0 0.6658653846153846 0.7932692307692307 0.09254807692307693 0.07932692307692307
0 0.6682692307692307 0.8737980769230769 0.08653846153846154 0.06610576923076923
0 0.734375 0.9519230769230769 0.08653846153846154 0.07451923076923077
0 0.6754807692307693 0.16826923076923078 0.09495192307692307 0.0733173076923077
0 0.7692307692307693 0.17908653846153846 0.08653846153846154 0.078125
0 0.7704326923076923 0.25841346153846156 0.08653846153846154 0.0733173076923077
0 0.6778846153846154 0.24879807692307693 0.08774038461538461 0.07091346153846154
0 0.6766826923076923 0.3329326923076923 0.08533653846153846 0.06971153846153846
0 0.7692307692307693 0.4182692307692308 0.09254807692307693 0.0733173076923077
0 0.7692307692307693 0.49158653846153844 0.08413461538461539 0.06009615384615385
0 0.7716346153846154 0.5612980769230769 0.07932692307692307 0.06490384615384616
0 0.765625 0.6370192307692307 0.09254807692307693 0.06850961538461539
0 0.7572115384615384 0.7139423076923077 0.08653846153846154 0.06850961538461539
0 0.7644230769230769 0.7920673076923077 0.0889423076923077 0.06971153846153846
0 0.7620192307692307 0.8665865384615384 0.08413461538461539 0.06971153846153846
0 0.9423076923076923 0.19591346153846154 0.08413461538461539 0.07091346153846154
0 0.9471153846153846 0.2704326923076923 0.08413461538461539 0.06610576923076923
0 0.9471153846153846 0.35096153846153844 0.08173076923076923 0.06850961538461539
0 0.9507211538461539 0.4230769230769231 0.07451923076923077 0.06610576923076923
0 0.9927884615384616 0.5709134615384616 0.013221153846153846 0.06129807692307692
0 0.9399038461538461 0.6442307692307693 0.09375 0.07211538461538461
0 0.9435096153846154 0.7223557692307693 0.09014423076923077 0.07091346153846154
0 0.9411057692307693 0.796875 0.09615384615384616 0.07091346153846154
0 0.9939903846153846 0.796875 0.010817307692307692 0.06610576923076923
0 0.9471153846153846 0.9483173076923077 0.08533653846153846 0.07211538461538461
0 0.9951923076923077 0.7223557692307693 0.007211538461538462 0.06610576923076923
0 0.9939903846153846 0.8725961538461539 0.010817307692307692 0.07211538461538461
0 0.9939903846153846 0.9471153846153846 0.009615384615384616 0.06490384615384616
0 0.9939903846153846 0.35336538461538464 0.009615384615384616 0.06490384615384616
0 0.9939903846153846 0.27884615384615385 0.010817307692307692 0.06129807692307692
0 0.9915865384615384 0.20192307692307693 0.01201923076923077 0.07211538461538461