0 0.43509615384615385 0.4795673076923077 0.09134615384615384 0.07451923076923077
0 0.44711538461538464 0.4014423076923077 0.09014423076923077 0.07932692307692307
0 0.44711538461538464 0.3245192307692308 0.0733173076923077 0.07211538461538461
0 0.44350961538461536 0.25600961538461536 0.09254807692307693 0.06610576923076923
0 0.45072115384615385 0.18389423076923078 0.08653846153846154 0.06850961538461539
0 0.4519230769230769 0.09975961538461539 0.09014423076923077 0.07692307692307693
0 0.3545673076923077 0.09495192307692307 0.0889423076923077 0.07692307692307693
0 0.3485576923076923 0.1658653846153846 0.09975961538461539 0.0829326923076923
0 0.34975961538461536 0.25 0.08653846153846154 0.06971153846153846
0 0.3545673076923077 0.3293269230769231 0.08413461538461539 0.07211538461538461
0 0.3329326923076923 0.5552884615384616 0.10096153846153846 0.07211538461538461
0 0.3329326923076923 0.6346153846153846 0.09615384615384616 0.07211538461538461
0 0.3293269230769231 0.7127403846153846 0.09254807692307693 0.07211538461538461
0 0.43149038461538464 0.7163461538461539 0.09975961538461539 0.0733173076923077
0 0.43028846153846156 0.6358173076923077 0.08173076923076923 0.06850961538461539
0 0.4375 0.5600961538461539 0.07451923076923077 0.06490384615384616
0 0.42788461538461536 0.796875 0.09495192307692307 0.078125
0 0.4254807692307692 0.8774038461538461 0.0889423076923077 0.078125
0 0.33533653846153844 0.8689903846153846 0.09014423076923077 0.07211538461538461
0 0.17067307692307693 0.0829326923076923 0.10096153846153846 0.08052884615384616
0 0.0733173076923077 0.07451923076923077 0.10336538461538461 0.07932692307692307
0 0.07091346153846154 0.15745192307692307 0.09735576923076923 0.0733173076923077
0 0.1658653846153846 0.16346153846153846 0.09975961538461539 0.07211538461538461
0 0.15625 0.24639423076923078 0.08774038461538461 0.06971153846153846
0 0.06850961538461539 0.23918269230769232 0.09134615384615384 0.07091346153846154
0 0.16346153846153846 0.31971153846153844 0.09735576923076923 0.07091346153846154
0 0.15865384615384615 0.39302884615384615 0.09254807692307693 0.06490384615384616
0 0.15745192307692307 0.46153846153846156 0.08774038461538461 0.06490384615384616
0 0.15264423076923078 0.5372596153846154 0.09975961538461539 0.07091346153846154
0 0.14182692307692307 0.6129807692307693 0.09735576923076923 0.07211538461538461
0 0.1466346153846154 0.6911057692307693 0.0985576923076923 0.07451923076923077
0 0.04807692307692308 0.6862980769230769 0.09495192307692307 0.07692307692307693
0 0.04927884615384615 0.765625 0.0985576923076923 0.06971153846153846
0 0.1466346153846154 0.7692307692307693 0.09254807692307693 0.06850961538461539
0 0.1141826923076923 0.8497596153846154 0.09735576923076923 0.07932692307692307
0 0.6298076923076923 0.12379807692307693 0.08774038461538461 0.07091346153846154
0 0.6274038461538461 0.1971153846153846 0.08413461538461539 0.0733173076923077
0 0.6286057692307693 0.27524038461538464 0.0829326923076923 0.06370192307692307
0 0.6153846153846154 0.34615384615384615 0.08173076923076923 0.07692307692307693
0 0.6262019230769231 0.4266826923076923 0.0889423076923077 0.07091346153846154
0 0.6310096153846154 0.4987980769230769 0.07572115384615384 0.06850961538461539
0 0.625 0.5721153846153846 0.08653846153846154 0.07091346153846154
0 0.6189903846153846 0.6454326923076923 0.09375 0.078125
0 0.6237980769230769 0.7223557692307693 0.09735576923076923 0.06850961538461539
0 0.6262019230769231 0.8004807692307693 0.09014423076923077 0.07692307692307693
0 0.6286057692307693 0.8762019230769231 0.07211538461538461 0.06971153846153846
0 0.7776442307692307 0.125 0.078125 0.13942307692307693
0 0.7872596153846154 0.23918269230769232 0.07091346153846154 0.11899038461538461
0 0.7836538461538461 0.3269230769230769 0.06370192307692307 0.11057692307692307
0 0.7704326923076923 0.40384615384615385 0.08173076923076923 0.13341346153846154
0 0.7692307692307693 0.49399038461538464 0.07692307692307693 0.13581730769230768
0 0.7740384615384616 0.5889423076923077 0.07211538461538461 0.12620192307692307
0 0.7920673076923077 0.7055288461538461 0.051682692307692304 0.09014423076923077
0 0.7884615384615384 0.7908653846153846 0.07692307692307693 0.11899038461538461
0 0.7980769230769231 0.9026442307692307 0.07211538461538461 0.11298076923076923
0 0.7848557692307693 0.9651442307692307 0.078125 0.06490384615384616