0 0.24639423076923078 0.026442307692307692 0.0889423076923077 0.052884615384615384
0 0.29447115384615385 0.22956730769230768 0.09254807692307693 0.11899038461538461
0 0.30528846153846156 0.3112980769230769 0.09735576923076923 0.12860576923076922
0 0.31850961538461536 0.39663461538461536 0.09975961538461539 0.12379807692307693
0 0.359375 0.4723557692307692 0.09735576923076923 0.12139423076923077
0 0.36538461538461536 0.5649038461538461 0.08533653846153846 0.11057692307692307
0 0.3786057692307692 0.6514423076923077 0.09735576923076923 0.11778846153846154
0 0.390625 0.734375 0.08653846153846154 0.1045673076923077
0 0.40865384615384615 0.8161057692307693 0.09495192307692307 0.109375
0 0.4230769230769231 0.9014423076923077 0.09254807692307693 0.109375
0 0.4519230769230769 0.9651442307692307 0.09495192307692307 0.06610576923076923
0 0.1622596153846154 0.9651442307692307 0.08533653846153846 0.06610576923076923
0 0.13701923076923078 0.9098557692307693 0.10336538461538461 0.11658653846153846
0 0.0985576923076923 0.7475961538461539 0.09735576923076923 0.11778846153846154
0 0.08173076923076923 0.6598557692307693 0.09495192307692307 0.11538461538461539
0 0.08533653846153846 0.5661057692307693 0.09615384615384616 0.11057692307692307
0 0.06610576923076923 0.4855769230769231 0.09254807692307693 0.10817307692307693
0 0.055288461538461536 0.4098557692307692 0.09375 0.10576923076923077
0 0.03365384615384615 0.25721153846153844 0.0673076923076923 0.10817307692307693
0 0.025240384615384616 0.17307692307692307 0.05048076923076923 0.10697115384615384
0 0.015625 0.09014423076923077 0.030048076923076924 0.078125