0 0.17548076923076922 0.1814903846153846 0.09975961538461539 0.07451923076923077
0 0.2920673076923077 0.18028846153846154 0.09495192307692307 0.0733173076923077
0 0.28365384615384615 0.27163461538461536 0.09735576923076923 0.07932692307692307
0 0.171875 0.2704326923076923 0.10096153846153846 0.0733173076923077
0 0.2800480769230769 0.5264423076923077 0.09975961538461539 0.07932692307692307
0 0.16466346153846154 0.5192307692307693 0.0889423076923077 0.0625
0 0.27283653846153844 0.6105769230769231 0.09975961538461539 0.07091346153846154
0 0.16466346153846154 0.6887019230769231 0.09735576923076923 0.06850961538461539
0 0.2824519230769231 0.7788461538461539 0.09615384615384616 0.07451923076923077
0 0.15745192307692307 0.8653846153846154 0.08774038461538461 0.06610576923076923
0 0.2776442307692308 0.8665865384615384 0.09254807692307693 0.07692307692307693
0 0.27163461538461536 0.9459134615384616 0.08533653846153846 0.06850961538461539
0 0.4891826923076923 0.18870192307692307 0.10096153846153846 0.0829326923076923
0 0.5877403846153846 0.19831730769230768 0.09254807692307693 0.078125
0 0.48677884615384615 0.27403846153846156 0.09375 0.06971153846153846
0 0.5853365384615384 0.2776442307692308 0.09495192307692307 0.07932692307692307
0 0.48677884615384615 0.359375 0.0889423076923077 0.0733173076923077
0 0.5769230769230769 0.36658653846153844 0.08774038461538461 0.06971153846153846
0 0.5841346153846154 0.4411057692307692 0.09615384615384616 0.06971153846153846
0 0.5829326923076923 0.5216346153846154 0.09134615384615384 0.06971153846153846
0 0.5853365384615384 0.5913461538461539 0.08653846153846154 0.06971153846153846
0 0.5805288461538461 0.6694711538461539 0.09495192307692307 0.0733173076923077
0 0.5697115384615384 0.7475961538461539 0.09495192307692307 0.07451923076923077
0 0.5769230769230769 0.8269230769230769 0.09495192307692307 0.07211538461538461
0 0.47475961538461536 0.8245192307692307 0.09735576923076923 0.0829326923076923
0 0.47836538461538464 0.9086538461538461 0.0889423076923077 0.06850961538461539
0 0.5769230769230769 0.9050480769230769 0.0889423076923077 0.07211538461538461
0 0.5456730769230769 0.9723557692307693 0.09495192307692307 0.051682692307692304
0 0.7680288461538461 0.9735576923076923 0.08533653846153846 0.05048076923076923
0 0.8557692307692307 0.9723557692307693 0.0889423076923077 0.051682692307692304
0 0.7668269230769231 0.2091346153846154 0.08173076923076923 0.07091346153846154
0 0.8617788461538461 0.21754807692307693 0.08653846153846154 0.07932692307692307
0 0.7716346153846154 0.28846153846153844 0.08413461538461539 0.07451923076923077
0 0.7716346153846154 0.3737980769230769 0.08413461538461539 0.06971153846153846
0 0.7752403846153846 0.4483173076923077 0.07692307692307693 0.07211538461538461
0 0.8617788461538461 0.30408653846153844 0.08533653846153846 0.07211538461538461
0 0.8605769230769231 0.3762019230769231 0.08413461538461539 0.06971153846153846
0 0.8629807692307693 0.44471153846153844 0.0733173076923077 0.06490384615384616
0 0.8677884615384616 0.5192307692307693 0.08533653846153846 0.06850961538461539
0 0.8569711538461539 0.5973557692307693 0.08533653846153846 0.07091346153846154
0 0.8605769230769231 0.6730769230769231 0.06971153846153846 0.06490384615384616
0 0.8557692307692307 0.7475961538461539 0.078125 0.07091346153846154
0 0.7632211538461539 0.671875 0.09735576923076923 0.0733173076923077
0 0.7668269230769231 0.7512019230769231 0.09014423076923077 0.07091346153846154
0 0.8581730769230769 0.828125 0.09254807692307693 0.07451923076923077
0 0.7620192307692307 0.8305288461538461 0.09254807692307693 0.06971153846153846
0 0.8557692307692307 0.9038461538461539 0.09134615384615384 0.0733173076923077
0 0.9927884615384616 0.234375 0.01201923076923077 0.06490384615384616
0 0.9927884615384616 0.31009615384615385 0.01201923076923077 0.06610576923076923
0 0.9915865384615384 0.3870192307692308 0.01201923076923077 0.0673076923076923
0 0.9891826923076923 0.453125 0.019230769230769232 0.06490384615384616
0 0.9915865384615384 0.5324519230769231 0.014423076923076924 0.056490384615384616
0 0.9903846153846154 0.7475961538461539 0.016826923076923076 0.07211538461538461
0 0.9903846153846154 0.8245192307692307 0.016826923076923076 0.06610576923076923
0 0.28725961538461536 0.359375 0.0985576923076923 0.078125