0 0.5252403846153846 0.41586538461538464 0.05889423076923077 0.05048076923076923
0 0.45913461538461536 0.4110576923076923 0.06009615384615385 0.054086538461538464
0 0.5252403846153846 0.3581730769230769 0.057692307692307696 0.04807692307692308
0 0.45913461538461536 0.3557692307692308 0.056490384615384616 0.051682692307692304
0 0.4579326923076923 0.30528846153846156 0.06129807692307692 0.05048076923076923
0 0.5240384615384616 0.30288461538461536 0.06129807692307692 0.04807692307692308
0 0.5252403846153846 0.4723557692307692 0.05889423076923077 0.051682692307692304
0 0.53125 0.5288461538461539 0.0625 0.05048076923076923
0 0.5336538461538461 0.5817307692307693 0.057692307692307696 0.04447115384615385
0 0.5324519230769231 0.6346153846153846 0.05889423076923077 0.04807692307692308
0 0.5372596153846154 0.6935096153846154 0.06370192307692307 0.046875
0 0.5300480769230769 0.7475961538461539 0.06850961538461539 0.05048076923076923
0 0.46153846153846156 0.7680288461538461 0.06009615384615385 0.046875
0 0.6742788461538461 0.9122596153846154 0.057692307692307696 0.052884615384615384
0 0.6730769230769231 0.9675480769230769 0.057692307692307696 0.051682692307692304
0 0.7391826923076923 0.9663461538461539 0.06009615384615385 0.05889423076923077
0 0.75 0.9098557692307693 0.05889423076923077 0.054086538461538464
0 0.4567307692307692 0.4675480769230769 0.05889423076923077 0.05048076923076923
0 0.46153846153846156 0.5240384615384616 0.06129807692307692 0.051682692307692304
0 0.4651442307692308 0.5793269230769231 0.057692307692307696 0.04567307692307692
0 0.4567307692307692 0.640625 0.057692307692307696 0.05048076923076923
0 0.46153846153846156 0.6947115384615384 0.056490384615384616 0.04807692307692308
0 0.5240384615384616 0.25 0.055288461538461536 0.04567307692307692
0 0.4543269230769231 0.25 0.056490384615384616 0.04807692307692308
0 0.4519230769230769 0.19471153846153846 0.054086538461538464 0.05048076923076923
0 0.5228365384615384 0.19591346153846154 0.055288461538461536 0.051682692307692304
0 0.5192307692307693 0.14302884615384615 0.056490384615384616 0.052884615384615384
0 0.45072115384615385 0.14302884615384615 0.055288461538461536 0.05048076923076923
0 0.4543269230769231 0.09254807692307693 0.051682692307692304 0.055288461538461536
0 0.5144230769230769 0.09254807692307693 0.055288461538461536 0.04807692307692308
0 0.5168269230769231 0.04447115384615385 0.057692307692307696 0.04807692307692308
0 0.453125 0.042067307692307696 0.057692307692307696 0.046875
0 0.5216346153846154 0.008413461538461538 0.052884615384615384 0.016826923076923076
0 0.4543269230769231 0.008413461538461538 0.055288461538461536 0.016826923076923076
0 0.6754807692307693 0.8569711538461539 0.06009615384615385 0.051682692307692304
0 0.7463942307692307 0.8545673076923077 0.057692307692307696 0.046875
0 0.7512019230769231 0.7980769230769231 0.054086538461538464 0.04567307692307692
0 0.6778846153846154 0.8052884615384616 0.05889423076923077 0.052884615384615384
0 0.6814903846153846 0.7475961538461539 0.057692307692307696 0.04807692307692308
0 0.7463942307692307 0.7463942307692307 0.052884615384615384 0.04447115384615385
0 0.7439903846153846 0.6935096153846154 0.056490384615384616 0.055288461538461536
0 0.7439903846153846 0.6358173076923077 0.06129807692307692 0.046875
0 0.6694711538461539 0.47596153846153844 0.05889423076923077 0.05048076923076923
0 0.6694711538461539 0.41947115384615385 0.04927884615384615 0.046875
0 0.7391826923076923 0.359375 0.057692307692307696 0.04567307692307692
0 0.6706730769230769 0.36538461538461536 0.0625 0.046875
0 0.7391826923076923 0.30649038461538464 0.055288461538461536 0.05048076923076923
0 0.7307692307692307 0.25721153846153844 0.052884615384615384 0.04807692307692308
0 0.6622596153846154 0.25961538461538464 0.06370192307692307 0.04807692307692308
0 0.6646634615384616 0.3112980769230769 0.051682692307692304 0.04326923076923077
0 0.6622596153846154 0.20192307692307693 0.052884615384615384 0.04807692307692308
0 0.7403846153846154 0.15745192307692307 0.05048076923076923 0.05048076923076923
0 0.6634615384615384 0.14903846153846154 0.04807692307692308 0.04807692307692308
0 0.6646634615384616 0.10096153846153846 0.056490384615384616 0.046875
0 0.7415865384615384 0.10576923076923077 0.05889423076923077 0.052884615384615384
0 0.7367788461538461 0.056490384615384616 0.055288461538461536 0.046875
0 0.6694711538461539 0.05048076923076923 0.052884615384615384 0.04807692307692308
0 0.6586538461538461 0.009615384615384616 0.057692307692307696 0.019230769230769232
0 0.8665865384615384 0.016826923076923076 0.06129807692307692 0.03365384615384615
0 0.8737980769230769 0.055288461538461536 0.056490384615384616 0.042067307692307696
0 0.8737980769230769 0.10336538461538461 0.05889423076923077 0.04567307692307692
0 0.8846153846153846 0.3629807692307692 0.052884615384615384 0.046875
0 0.8846153846153846 0.4170673076923077 0.06129807692307692 0.04807692307692308
0 0.8846153846153846 0.47115384615384615 0.0625 0.052884615384615384
0 0.8846153846153846 0.5264423076923077 0.06370192307692307 0.046875
0 0.8810096153846154 0.5817307692307693 0.052884615384615384 0.04447115384615385
0 0.8846153846153846 0.6346153846153846 0.06370192307692307 0.046875
0 0.8822115384615384 0.6887019230769231 0.06129807692307692 0.052884615384615384
0 0.8822115384615384 0.7415865384615384 0.05889423076923077 0.05048076923076923
0 0.8858173076923077 0.7956730769230769 0.054086538461538464 0.046875
0 0.8834134615384616 0.8533653846153846 0.057692307692307696 0.04807692307692308
0 0.8942307692307693 0.9555288461538461 0.05889423076923077 0.04807692307692308
0 0.890625 0.9903846153846154 0.04807692307692308 0.015625
0 0.31009615384615385 0.008413461538461538 0.055288461538461536 0.016826923076923076
0 0.3137019230769231 0.04326923076923077 0.052884615384615384 0.051682692307692304
0 0.31971153846153844 0.09735576923076923 0.052884615384615384 0.051682692307692304
0 0.31850961538461536 0.15264423076923078 0.057692307692307696 0.051682692307692304
0 0.31850961538461536 0.203125 0.05889423076923077 0.04807692307692308
0 0.31971153846153844 0.2536057692307692 0.057692307692307696 0.04807692307692308
0 0.3173076923076923 0.31009615384615385 0.06009615384615385 0.05048076923076923
0 0.31850961538461536 0.3629807692307692 0.05889423076923077 0.046875
0 0.31971153846153844 0.41586538461538464 0.057692307692307696 0.046875
0 0.31850961538461536 0.4699519230769231 0.06009615384615385 0.04807692307692308
0 0.3173076923076923 0.5264423076923077 0.06370192307692307 0.04807692307692308
0 0.31971153846153844 0.578125 0.055288461538461536 0.046875
0 0.31850961538461536 0.6346153846153846 0.052884615384615384 0.04807692307692308
0 0.31490384615384615 0.6887019230769231 0.055288461538461536 0.04807692307692308
0 0.30528846153846156 0.7427884615384616 0.055288461538461536 0.05048076923076923
0 0.3112980769230769 0.8028846153846154 0.056490384615384616 0.046875
0 0.31850961538461536 0.8557692307692307 0.05889423076923077 0.05048076923076923
0 0.31850961538461536 0.9158653846153846 0.05889423076923077 0.051682692307692304
0 0.31971153846153844 0.9711538461538461 0.06129807692307692 0.05048076923076923
0 0.16466346153846154 0.030048076923076924 0.06490384615384616 0.06009615384615385
0 0.1622596153846154 0.0829326923076923 0.05889423076923077 0.051682692307692304
0 0.16105769230769232 0.13701923076923078 0.056490384615384616 0.04567307692307692
0 0.1658653846153846 0.23557692307692307 0.056490384615384616 0.05048076923076923
0 0.1778846153846154 0.28846153846153844 0.051682692307692304 0.05048076923076923
0 0.1658653846153846 0.34134615384615385 0.06129807692307692 0.052884615384615384
0 0.17427884615384615 0.3954326923076923 0.055288461538461536 0.046875
0 0.16826923076923078 0.4483173076923077 0.05048076923076923 0.046875
0 0.1658653846153846 0.5024038461538461 0.06610576923076923 0.04567307692307692
0 0.16346153846153846 0.5612980769230769 0.06129807692307692 0.046875
0 0.17067307692307693 0.6129807692307693 0.056490384615384616 0.04447115384615385
0 0.16466346153846154 0.6658653846153846 0.06370192307692307 0.04447115384615385
0 0.1658653846153846 0.7259615384615384 0.055288461538461536 0.046875
0 0.1622596153846154 0.7824519230769231 0.056490384615384616 0.05048076923076923
0 0.17307692307692307 0.8341346153846154 0.0625 0.046875
0 0.171875 0.890625 0.06370192307692307 0.05048076923076923
0 0.17548076923076922 0.9435096153846154 0.06370192307692307 0.05048076923076923
0 0.18028846153846154 0.9855769230769231 0.06610576923076923 0.025240384615384616