0 0.6310096153846154 0.04807692307692308 0.06129807692307692 0.05048076923076923
0 0.6370192307692307 0.10336538461538461 0.05889423076923077 0.04567307692307692
0 0.6382211538461539 0.15985576923076922 0.057692307692307696 0.046875
0 0.640625 0.21634615384615385 0.06009615384615385 0.05048076923076923
0 0.6370192307692307 0.2692307692307692 0.057692307692307696 0.05048076923076923
0 0.6310096153846154 0.32211538461538464 0.05889423076923077 0.046875
0 0.6550480769230769 0.37740384615384615 0.06009615384615385 0.051682692307692304
0 0.6322115384615384 0.43509615384615385 0.05889423076923077 0.04807692307692308
0 0.6490384615384616 0.49399038461538464 0.06370192307692307 0.051682692307692304
0 0.6466346153846154 0.5528846153846154 0.0625 0.05048076923076923
0 0.6418269230769231 0.6069711538461539 0.052884615384615384 0.04567307692307692
0 0.6394230769230769 0.6622596153846154 0.051682692307692304 0.04807692307692308
0 0.6454326923076923 0.7163461538461539 0.05889423076923077 0.04567307692307692
0 0.6430288461538461 0.7680288461538461 0.055288461538461536 0.04807692307692308
0 0.6478365384615384 0.8245192307692307 0.0625 0.05048076923076923
0 0.5252403846153846 0.12740384615384615 0.026442307692307692 0.10697115384615384
0 0.5252403846153846 0.2403846153846154 0.025240384615384616 0.09975961538461539
0 0.5324519230769231 0.3557692307692308 0.027644230769230768 0.1141826923076923
0 0.5324519230769231 0.47596153846153844 0.025240384615384616 0.11658653846153846
0 0.5324519230769231 0.6057692307692307 0.028846153846153848 0.11658653846153846
0 0.5360576923076923 0.7091346153846154 0.02403846153846154 0.09254807692307693
0 0.5384615384615384 0.8185096153846154 0.027644230769230768 0.109375
0 0.47836538461538464 0.09134615384615384 0.056490384615384616 0.06009615384615385
0 0.4735576923076923 0.15865384615384615 0.0625 0.051682692307692304
0 0.47475961538461536 0.21514423076923078 0.057692307692307696 0.051682692307692304
0 0.47475961538461536 0.2704326923076923 0.06009615384615385 0.04567307692307692
0 0.47836538461538464 0.3293269230769231 0.05889423076923077 0.052884615384615384
0 0.4831730769230769 0.3858173076923077 0.06009615384615385 0.052884615384615384
0 0.4807692307692308 0.44591346153846156 0.057692307692307696 0.05048076923076923
0 0.4807692307692308 0.5012019230769231 0.056490384615384616 0.04807692307692308
0 0.4795673076923077 0.5600961538461539 0.05889423076923077 0.05048076923076923
0 0.4831730769230769 0.6141826923076923 0.06490384615384616 0.052884615384615384
0 0.48677884615384615 0.6730769230769231 0.06129807692307692 0.054086538461538464
0 0.48197115384615385 0.7307692307692307 0.06370192307692307 0.055288461538461536
0 0.4831730769230769 0.7848557692307693 0.0625 0.04807692307692308
0 0.4855769230769231 0.8449519230769231 0.06129807692307692 0.05889423076923077
0 0.30288461538461536 0.04447115384615385 0.06129807692307692 0.052884615384615384
0 0.3004807692307692 0.10576923076923077 0.06610576923076923 0.054086538461538464
0 0.28846153846153844 0.16346153846153846 0.06129807692307692 0.051682692307692304
0 0.28725961538461536 0.22235576923076922 0.06370192307692307 0.04807692307692308
0 0.2932692307692308 0.27884615384615385 0.055288461538461536 0.04807692307692308
0 0.2848557692307692 0.3425480769230769 0.055288461538461536 0.04447115384615385
0 0.28966346153846156 0.39663461538461536 0.06370192307692307 0.04807692307692308
0 0.28846153846153844 0.4567307692307692 0.054086538461538464 0.054086538461538464
0 0.3016826923076923 0.5108173076923077 0.0625 0.052884615384615384
0 0.30288461538461536 0.5685096153846154 0.06009615384615385 0.055288461538461536
0 0.2980769230769231 0.6262019230769231 0.06370192307692307 0.051682692307692304
0 0.2956730769230769 0.6850961538461539 0.05889423076923077 0.051682692307692304
0 0.2980769230769231 0.7427884615384616 0.06370192307692307 0.052884615384615384
0 0.2980769230769231 0.8004807692307693 0.06610576923076923 0.054086538461538464
0 0.3004807692307692 0.8581730769230769 0.06610576923076923 0.054086538461538464
0 0.6502403846153846 0.8834134615384616 0.06129807692307692 0.052884615384615384
0 0.4855769230769231 0.9038461538461539 0.06370192307692307 0.05889423076923077
0 0.30649038461538464 0.9110576923076923 0.06370192307692307 0.05048076923076923
0 0.6574519230769231 0.9375 0.06009615384615385 0.04807692307692308
0 0.5408653846153846 0.9278846153846154 0.028846153846153848 0.10697115384615384
0 0.4855769230769231 0.9579326923076923 0.06610576923076923 0.046875
0 0.6538461538461539 0.9819711538461539 0.05889423076923077 0.03365384615384615
0 0.3088942307692308 0.9675480769230769 0.06370192307692307 0.054086538461538464