0 0.6189903846153846 0.6358173076923077 0.07692307692307693 0.08774038461538461
0 0.25240384615384615 0.359375 0.0625 0.15865384615384615
0 0.296875 0.3161057692307692 0.06009615384615385 0.15144230769230768
0 0.33774038461538464 0.2824519230769231 0.06009615384615385 0.1466346153846154
0 0.3762019230769231 0.2536057692307692 0.06370192307692307 0.15264423076923078
0 0.46274038461538464 0.19831730769230768 0.06129807692307692 0.15384615384615385
0 0.5060096153846154 0.17067307692307693 0.054086538461538464 0.11899038461538461
0 0.5360576923076923 0.12740384615384615 0.06370192307692307 0.15384615384615385
0 0.15504807692307693 0.020432692307692308 0.040865384615384616 0.040865384615384616
0 0.11538461538461539 0.8425480769230769 0.07091346153846154 0.08052884615384616
0 0.125 0.9290865384615384 0.08173076923076923 0.09615384615384616
0 0.32572115384615385 0.8557692307692307 0.08413461538461539 0.0889423076923077
0 0.2980769230769231 0.609375 0.08533653846153846 0.09735576923076923
0 0.051682692307692304 0.3762019230769231 0.08653846153846154 0.10336538461538461
0 0.3942307692307692 0.5697115384615384 0.08533653846153846 0.09014423076923077
0 0.5745192307692307 0.39302884615384615 0.09134615384615384 0.09615384615384616
0 0.6802884615384616 0.35096153846153844 0.08533653846153846 0.09495192307692307
0 0.6923076923076923 0.43149038461538464 0.08774038461538461 0.09735576923076923
0 0.7067307692307693 0.5084134615384616 0.08533653846153846 0.0889423076923077
0 0.7283653846153846 0.6586538461538461 0.08052884615384616 0.0889423076923077
0 0.6382211538461539 0.8016826923076923 0.0889423076923077 0.09735576923076923
0 0.7824519230769231 0.3894230769230769 0.04326923076923077 0.15745192307692307
0 0.6213942307692307 0.036057692307692304 0.04567307692307692 0.07211538461538461
0 0.6622596153846154 0.020432692307692308 0.042067307692307696 0.040865384615384616
0 0.9254807692307693 0.17908653846153846 0.0829326923076923 0.0889423076923077
0 0.8461538461538461 0.2127403846153846 0.07692307692307693 0.08173076923076923
0 0.8629807692307693 0.28365384615384615 0.08653846153846154 0.09014423076923077
0 0.9387019230769231 0.24879807692307693 0.08413461538461539 0.08413461538461539
0 0.9543269230769231 0.32091346153846156 0.08533653846153846 0.0829326923076923
0 0.8713942307692307 0.35336538461538464 0.08413461538461539 0.08413461538461539
0 0.9615384615384616 0.3858173076923077 0.07451923076923077 0.07692307692307693
0 0.8846153846153846 0.4206730769230769 0.07091346153846154 0.07091346153846154
0 0.96875 0.515625 0.06009615384615385 0.07932692307692307
0 0.9038461538461539 0.5552884615384616 0.07692307692307693 0.07451923076923077
0 0.9783653846153846 0.5913461538461539 0.040865384615384616 0.06971153846153846
0 0.9158653846153846 0.6225961538461539 0.09134615384615384 0.07932692307692307
0 0.9230769230769231 0.6935096153846154 0.08413461538461539 0.08052884615384616
0 0.9350961538461539 0.7644230769230769 0.08774038461538461 0.08774038461538461
0 0.9831730769230769 0.7307692307692307 0.030048076923076924 0.07211538461538461
0 0.9555288461538461 0.8990384615384616 0.08413461538461539 0.09134615384615384