0 0.17307692307692307 0.4338942307692308 0.06971153846153846 0.0625
0 0.17668269230769232 0.5180288461538461 0.08533653846153846 0.0625
0 0.16947115384615385 0.6887019230769231 0.08173076923076923 0.06370192307692307
0 0.1778846153846154 0.7668269230769231 0.08533653846153846 0.06971153846153846
0 0.37740384615384615 0.5096153846153846 0.08653846153846154 0.06610576923076923
0 0.49158653846153844 0.7379807692307693 0.08653846153846154 0.06490384615384616
0 0.1814903846153846 0.9807692307692307 0.07692307692307693 0.036057692307692304
0 0.47716346153846156 0.25721153846153844 0.0829326923076923 0.0733173076923077
0 0.3786057692307692 0.25961538461538464 0.08653846153846154 0.07451923076923077
0 0.36658653846153844 0.04567307692307692 0.04567307692307692 0.09134615384615384
0 0.41586538461538464 0.03365384615384615 0.038461538461538464 0.06610576923076923
0 0.46153846153846156 0.026442307692307692 0.03365384615384615 0.052884615384615384
0 0.5024038461538461 0.021634615384615384 0.038461538461538464 0.04326923076923077
0 0.6682692307692307 0.15745192307692307 0.09134615384615384 0.07451923076923077
0 0.7704326923076923 0.15384615384615385 0.08653846153846154 0.07451923076923077
0 0.7740384615384616 0.23557692307692307 0.08533653846153846 0.07451923076923077
0 0.78125 0.31009615384615385 0.08052884615384616 0.06490384615384616
0 0.6862980769230769 0.3942307692307692 0.07572115384615384 0.06490384615384616
0 0.6899038461538461 0.5637019230769231 0.08774038461538461 0.07451923076923077
0 0.7884615384615384 0.4579326923076923 0.07932692307692307 0.06610576923076923
0 0.8894230769230769 0.47475961538461536 0.06370192307692307 0.14543269230769232
0 0.9447115384615384 0.0829326923076923 0.08173076923076923 0.06370192307692307
0 0.9915865384615384 0.07932692307692307 0.014423076923076924 0.07211538461538461
0 0.9543269230769231 0.15745192307692307 0.09014423076923077 0.07091346153846154
0 0.9555288461538461 0.2283653846153846 0.08653846153846154 0.06370192307692307
0 0.9615384615384616 0.2932692307692308 0.07451923076923077 0.055288461538461536
0 0.9627403846153846 0.4254807692307692 0.07211538461538461 0.06370192307692307
0 0.9615384615384616 0.49759615384615385 0.07572115384615384 0.06490384615384616
0 0.9627403846153846 0.5661057692307693 0.07211538461538461 0.06129807692307692
0 0.9639423076923077 0.6418269230769231 0.06971153846153846 0.06971153846153846
0 0.9675480769230769 0.7764423076923077 0.06370192307692307 0.06610576923076923
0 0.9711538461538461 0.9182692307692307 0.055288461538461536 0.078125