0 0.4735576923076923 0.8629807692307693 0.039663461538461536 0.18389423076923078
0 0.42427884615384615 0.8545673076923077 0.039663461538461536 0.16105769230769232
0 0.37740384615384615 0.8533653846153846 0.042067307692307696 0.1658653846153846
0 0.5300480769230769 0.8641826923076923 0.04567307692307692 0.17307692307692307
0 0.5817307692307693 0.8533653846153846 0.04326923076923077 0.17668269230769232
0 0.6346153846153846 0.8605769230769231 0.04326923076923077 0.16706730769230768
0 0.6826923076923077 0.859375 0.04447115384615385 0.17668269230769232
0 0.7331730769230769 0.8629807692307693 0.04567307692307692 0.17668269230769232
0 0.7824519230769231 0.8473557692307693 0.040865384615384616 0.15985576923076922
0 0.8305288461538461 0.8689903846153846 0.04807692307692308 0.1658653846153846
0 0.8810096153846154 0.8713942307692307 0.04807692307692308 0.16947115384615385
0 0.9314903846153846 0.8653846153846154 0.05048076923076923 0.17908653846153846
0 0.9783653846153846 0.41346153846153844 0.040865384615384616 0.171875
0 0.9314903846153846 0.39663461538461536 0.046875 0.15384615384615385
0 0.8822115384615384 0.39663461538461536 0.052884615384615384 0.18028846153846154
0 0.8365384615384616 0.39903846153846156 0.04807692307692308 0.17067307692307693
0 0.7872596153846154 0.39663461538461536 0.04447115384615385 0.1658653846153846
0 0.7427884615384616 0.3918269230769231 0.046875 0.16105769230769232
0 0.6875 0.38100961538461536 0.04326923076923077 0.16105769230769232
0 0.6394230769230769 0.3737980769230769 0.040865384615384616 0.16706730769230768
0 0.5901442307692307 0.3641826923076923 0.04567307692307692 0.16105769230769232
0 0.5408653846153846 0.3605769230769231 0.039663461538461536 0.17067307692307693
0 0.4855769230769231 0.35096153846153844 0.04447115384615385 0.17668269230769232
0 0.4338942307692308 0.3629807692307692 0.038461538461538464 0.15384615384615385
0 0.3858173076923077 0.3629807692307692 0.04567307692307692 0.1778846153846154
0 0.3317307692307692 0.375 0.04447115384615385 0.17548076923076922
0 0.2860576923076923 0.3737980769230769 0.04567307692307692 0.17548076923076922
0 0.23918269230769232 0.35697115384615385 0.04807692307692308 0.171875
0 0.18629807692307693 0.36778846153846156 0.04807692307692308 0.16826923076923078
0 0.3245192307692308 0.8461538461538461 0.04807692307692308 0.1778846153846154
0 0.2764423076923077 0.8533653846153846 0.04326923076923077 0.140625
0 0.22716346153846154 0.8425480769230769 0.04447115384615385 0.16706730769230768
0 0.17908653846153846 0.8137019230769231 0.04326923076923077 0.16947115384615385
0 0.1310096153846154 0.8305288461538461 0.04927884615384615 0.16706730769230768
0 0.08052884615384616 0.8233173076923077 0.052884615384615384 0.16346153846153846