0 0.5793269230769231 0.3137019230769231 0.09375 0.07211538461538461
0 0.5877403846153846 0.3918269230769231 0.0889423076923077 0.06971153846153846
0 0.5901442307692307 0.47475961538461536 0.09254807692307693 0.07091346153846154
0 0.5865384615384616 0.5709134615384616 0.09014423076923077 0.08052884615384616
0 0.5853365384615384 0.6502403846153846 0.0733173076923077 0.07091346153846154
0 0.4891826923076923 0.6574519230769231 0.0985576923076923 0.07692307692307693
0 0.021634615384615384 0.703125 0.042067307692307696 0.06971153846153846
0 0.2932692307692308 0.4651442307692308 0.09495192307692307 0.07211538461538461
0 0.28846153846153844 0.38221153846153844 0.10096153846153846 0.06971153846153846
0 0.2091346153846154 0.30288461538461536 0.09134615384615384 0.0733173076923077
0 0.30408653846153844 0.23197115384615385 0.09375 0.07211538461538461
0 0.2127403846153846 0.15384615384615385 0.08413461538461539 0.07211538461538461
0 0.31009615384615385 0.15745192307692307 0.08774038461538461 0.07091346153846154
0 0.3112980769230769 0.08413461538461539 0.08653846153846154 0.07091346153846154
0 0.3125 0.025240384615384616 0.09254807692307693 0.05048076923076923
0 0.21754807692307693 0.02283653846153846 0.09134615384615384 0.04567307692307692
0 0.2980769230769231 0.6322115384615384 0.09975961538461539 0.07692307692307693
0 0.203125 0.6274038461538461 0.09254807692307693 0.07091346153846154
0 0.18870192307692307 0.7175480769230769 0.09975961538461539 0.07692307692307693
0 0.2956730769230769 0.7247596153846154 0.09254807692307693 0.07211538461538461
0 0.4831730769230769 0.7379807692307693 0.09495192307692307 0.07692307692307693
0 0.5829326923076923 0.7439903846153846 0.0985576923076923 0.0733173076923077
0 0.49038461538461536 0.47115384615384615 0.09375 0.07451923076923077
0 0.5901442307692307 0.23557692307692307 0.08653846153846154 0.06971153846153846
0 0.5 0.17067307692307693 0.09615384615384616 0.07692307692307693
0 0.4963942307692308 0.09735576923076923 0.08774038461538461 0.07211538461538461
0 0.59375 0.09134615384615384 0.09014423076923077 0.08173076923076923
0 0.5949519230769231 0.1622596153846154 0.07211538461538461 0.06850961538461539
0 0.5925480769230769 0.025240384615384616 0.08774038461538461 0.05048076923076923
0 0.7776442307692307 0.020432692307692308 0.08653846153846154 0.040865384615384616
0 0.7764423076923077 0.07692307692307693 0.0829326923076923 0.078125
0 0.8737980769230769 0.109375 0.078125 0.07692307692307693
0 0.8762019230769231 0.1875 0.07451923076923077 0.07211538461538461
0 0.7824519230769231 0.1502403846153846 0.08653846153846154 0.07211538461538461
0 0.7860576923076923 0.21634615384615385 0.07932692307692307 0.07932692307692307
0 0.7848557692307693 0.28725961538461536 0.08774038461538461 0.07692307692307693
0 0.7764423076923077 0.3641826923076923 0.09254807692307693 0.06971153846153846
0 0.7824519230769231 0.4411057692307692 0.09014423076923077 0.07211538461538461
0 0.7752403846153846 0.5144230769230769 0.09254807692307693 0.0733173076923077
0 0.7740384615384616 0.5841346153846154 0.08052884615384616 0.06850961538461539
0 0.7800480769230769 0.6658653846153846 0.06971153846153846 0.055288461538461536
0 0.7716346153846154 0.7415865384615384 0.08653846153846154 0.07451923076923077
0 0.8653846153846154 0.7524038461538461 0.08774038461538461 0.06850961538461539
0 0.8786057692307693 0.34615384615384615 0.09134615384615384 0.07211538461538461
0 0.8786057692307693 0.44471153846153844 0.08173076923076923 0.06850961538461539
0 0.8762019230769231 0.5240384615384616 0.08413461538461539 0.0733173076923077