0 0.46153846153846156 0.3389423076923077 0.09375 0.06490384615384616
0 0.35096153846153844 0.2512019230769231 0.10096153846153846 0.07211538461538461
0 0.34975961538461536 0.16826923076923078 0.10096153846153846 0.0733173076923077
0 0.6778846153846154 0.6814903846153846 0.09014423076923077 0.07211538461538461
0 0.4519230769230769 0.7596153846153846 0.09735576923076923 0.07211538461538461
0 0.6778846153846154 0.18028846153846154 0.09254807692307693 0.07692307692307693
0 0.6766826923076923 0.26802884615384615 0.09254807692307693 0.07692307692307693
0 0.34375 0.49399038461538464 0.0829326923076923 0.06490384615384616
0 0.4651442307692308 0.41346153846153844 0.078125 0.06850961538461539
0 0.45913461538461536 0.6766826923076923 0.09975961538461539 0.07932692307692307
0 0.45913461538461536 0.9375 0.09615384615384616 0.08413461538461539
0 0.6730769230769231 0.5168269230769231 0.09134615384615384 0.06370192307692307
0 0.7848557692307693 0.19471153846153846 0.08774038461538461 0.07211538461538461
0 0.7824519230769231 0.2776442307692308 0.08774038461538461 0.07451923076923077
0 0.9591346153846154 0.20793269230769232 0.07932692307692307 0.07451923076923077
0 0.9603365384615384 0.2860576923076923 0.07451923076923077 0.07211538461538461
0 0.9615384615384616 0.36778846153846156 0.07451923076923077 0.07692307692307693
0 0.7872596153846154 0.3629807692307692 0.0889423076923077 0.07451923076923077
0 0.7824519230769231 0.5240384615384616 0.09134615384615384 0.07451923076923077
0 0.7764423076923077 0.6033653846153846 0.08774038461538461 0.06610576923076923
0 0.7884615384615384 0.7668269230769231 0.08413461538461539 0.07451923076923077
0 0.7800480769230769 0.8485576923076923 0.08533653846153846 0.0733173076923077
0 0.7776442307692307 0.9254807692307693 0.08533653846153846 0.06610576923076923
0 0.6682692307692307 0.8533653846153846 0.07932692307692307 0.06971153846153846
0 0.9555288461538461 0.8028846153846154 0.08413461538461539 0.08653846153846154
0 0.9591346153846154 0.8810096153846154 0.08052884615384616 0.06850961538461539
0 0.9891826923076923 0.9591346153846154 0.019230769230769232 0.078125