0 0.6574519230769231 0.06971153846153846 0.030048076923076924 0.11298076923076923
0 0.7512019230769231 0.7139423076923077 0.052884615384615384 0.11778846153846154
0 0.6478365384615384 0.38221153846153844 0.03245192307692308 0.11298076923076923
0 0.6418269230769231 0.5300480769230769 0.030048076923076924 0.1141826923076923
0 0.6370192307692307 0.6610576923076923 0.027644230769230768 0.10576923076923077
0 0.6370192307692307 0.8125 0.028846153846153848 0.11298076923076923
0 0.49158653846153844 0.6887019230769231 0.04807692307692308 0.054086538461538464
0 0.4855769230769231 0.8629807692307693 0.0625 0.055288461538461536
0 0.4879807692307692 0.4567307692307692 0.057692307692307696 0.054086538461538464
0 0.49759615384615385 0.39663461538461536 0.055288461538461536 0.051682692307692304
0 0.5060096153846154 0.2860576923076923 0.05889423076923077 0.04447115384615385
0 0.5096153846153846 0.23076923076923078 0.04567307692307692 0.052884615384615384
0 0.5 0.17067307692307693 0.054086538461538464 0.046875
0 0.49278846153846156 0.10817307692307693 0.056490384615384616 0.06129807692307692
0 0.49759615384615385 0.05048076923076923 0.057692307692307696 0.04447115384615385
0 0.5024038461538461 0.016826923076923076 0.056490384615384616 0.03365384615384615
0 0.36538461538461536 0.021634615384615384 0.0673076923076923 0.04326923076923077
0 0.36538461538461536 0.0625 0.0625 0.07211538461538461
0 0.36177884615384615 0.2283653846153846 0.057692307692307696 0.06610576923076923
0 0.3629807692307692 0.28846153846153844 0.057692307692307696 0.0733173076923077
0 0.34975961538461536 0.640625 0.06009615384615385 0.0733173076923077
0 0.3473557692307692 0.7584134615384616 0.06490384615384616 0.07091346153846154
0 0.2439903846153846 0.038461538461538464 0.06610576923076923 0.07692307692307693
0 0.23557692307692307 0.09975961538461539 0.06129807692307692 0.07211538461538461
0 0.23918269230769232 0.16706730769230768 0.06610576923076923 0.08653846153846154
0 0.234375 0.234375 0.0625 0.0889423076923077
0 0.22956730769230768 0.2920673076923077 0.0625 0.08173076923076923
0 0.22956730769230768 0.37259615384615385 0.06129807692307692 0.07451923076923077
0 0.22956730769230768 0.4362980769230769 0.06610576923076923 0.07091346153846154
0 0.22596153846153846 0.5 0.06370192307692307 0.07932692307692307
0 0.22235576923076922 0.5564903846153846 0.06370192307692307 0.0829326923076923
0 0.2247596153846154 0.6262019230769231 0.06850961538461539 0.0733173076923077
0 0.22355769230769232 0.6899038461538461 0.06490384615384616 0.08173076923076923
0 0.22235576923076922 0.7680288461538461 0.0625 0.0733173076923077
0 0.21995192307692307 0.8341346153846154 0.06971153846153846 0.08413461538461539
0 0.21634615384615385 0.8990384615384616 0.06610576923076923 0.0829326923076923
0 0.2127403846153846 0.9591346153846154 0.06370192307692307 0.07692307692307693