0 0.7139423076923077 0.5829326923076923 0.051682692307692304 0.0889423076923077
0 0.6911057692307693 0.546875 0.052884615384615384 0.09134615384615384
0 0.6682692307692307 0.5144230769230769 0.051682692307692304 0.09014423076923077
0 0.640625 0.4807692307692308 0.052884615384615384 0.09735576923076923
0 0.59375 0.4170673076923077 0.055288461538461536 0.10096153846153846
0 0.6177884615384616 0.37740384615384615 0.054086538461538464 0.09615384615384616
0 0.6442307692307693 0.34615384615384615 0.052884615384615384 0.09254807692307693
0 0.6634615384615384 0.30408653846153844 0.05048076923076923 0.09495192307692307
0 0.6814903846153846 0.2512019230769231 0.04807692307692308 0.08173076923076923
0 0.7043269230769231 0.22596153846153846 0.04807692307692308 0.0829326923076923
0 0.7259615384615384 0.1971153846153846 0.04326923076923077 0.08052884615384616
0 0.7403846153846154 0.1466346153846154 0.04807692307692308 0.078125
0 0.7620192307692307 0.11778846153846154 0.046875 0.08052884615384616
0 0.7776442307692307 0.08052884615384616 0.052884615384615384 0.09014423076923077
0 0.7932692307692307 0.040865384615384616 0.052884615384615384 0.08173076923076923
0 0.7307692307692307 0.6237980769230769 0.054086538461538464 0.09014423076923077
0 0.7560096153846154 0.6658653846153846 0.056490384615384616 0.09735576923076923
0 0.7764423076923077 0.6995192307692307 0.04927884615384615 0.09735576923076923
0 0.7956730769230769 0.7391826923076923 0.04807692307692308 0.08653846153846154
0 0.8112980769230769 0.7824519230769231 0.051682692307692304 0.09014423076923077
0 0.8293269230769231 0.8161057692307693 0.05048076923076923 0.09014423076923077
0 0.8497596153846154 0.8389423076923077 0.052884615384615384 0.1045673076923077
0 0.8798076923076923 0.8786057692307693 0.054086538461538464 0.09495192307692307
0 0.8762019230769231 0.9711538461538461 0.04567307692307692 0.055288461538461536
0 0.6682692307692307 0.8569711538461539 0.052884615384615384 0.09615384615384616
0 0.7115384615384616 0.9278846153846154 0.04326923076923077 0.08173076923076923
0 0.6923076923076923 0.9639423076923077 0.04807692307692308 0.06850961538461539
0 0.6490384615384616 0.9002403846153846 0.051682692307692304 0.09134615384615384
0 0.6262019230769231 0.9375 0.051682692307692304 0.09134615384615384
0 0.6598557692307693 0.9831730769230769 0.030048076923076924 0.030048076923076924
0 0.6057692307692307 0.9627403846153846 0.055288461538461536 0.07091346153846154
0 0.5745192307692307 0.9807692307692307 0.037259615384615384 0.036057692307692304
0 0.5673076923076923 0.671875 0.055288461538461536 0.09615384615384616
0 0.5408653846153846 0.7115384615384616 0.052884615384615384 0.0889423076923077
0 0.5144230769230769 0.5805288461538461 0.05048076923076923 0.09495192307692307
0 0.4963942307692308 0.6286057692307693 0.051682692307692304 0.09014423076923077
0 0.4735576923076923 0.6682692307692307 0.051682692307692304 0.09134615384615384
0 0.44471153846153844 0.7019230769230769 0.052884615384615384 0.09615384615384616
0 0.42908653846153844 0.7475961538461539 0.052884615384615384 0.09615384615384616
0 0.4050480769230769 0.7848557692307693 0.04927884615384615 0.09615384615384616
0 0.5228365384615384 0.7536057692307693 0.05048076923076923 0.09134615384615384
0 0.4987980769230769 0.7872596153846154 0.05048076923076923 0.0889423076923077
0 0.4543269230769231 0.8725961538461539 0.04927884615384615 0.0889423076923077
0 0.43028846153846156 0.9050480769230769 0.052884615384615384 0.09495192307692307
0 0.38341346153846156 0.8233173076923077 0.052884615384615384 0.09615384615384616
0 0.40625 0.9387019230769231 0.05048076923076923 0.09014423076923077
0 0.390625 0.9663461538461539 0.057692307692307696 0.0625
0 0.3605769230769231 0.9891826923076923 0.03125 0.018028846153846152
0 0.3605769230769231 0.8641826923076923 0.04927884615384615 0.0889423076923077
0 0.3389423076923077 0.8990384615384616 0.052884615384615384 0.09134615384615384
0 0.31850961538461536 0.9362980769230769 0.04807692307692308 0.09014423076923077
0 0.29927884615384615 0.9663461538461539 0.055288461538461536 0.0625
0 0.26802884615384615 0.9831730769230769 0.036057692307692304 0.028846153846153848
0 0.6550480769230769 0.01201923076923077 0.028846153846153848 0.02403846153846154
0 0.6262019230769231 0.030048076923076924 0.05048076923076923 0.06009615384615385
0 0.5973557692307693 0.038461538461538464 0.04807692307692308 0.07692307692307693
0 0.5769230769230769 0.06971153846153846 0.056490384615384616 0.09495192307692307
0 0.5588942307692307 0.109375 0.054086538461538464 0.09495192307692307
0 0.5372596153846154 0.1502403846153846 0.052884615384615384 0.09134615384615384
0 0.5168269230769231 0.18870192307692307 0.05048076923076923 0.09014423076923077
0 0.49278846153846156 0.22956730769230768 0.051682692307692304 0.09134615384615384
0 0.43149038461538464 0.026442307692307692 0.04567307692307692 0.052884615384615384
0 0.4026442307692308 0.040865384615384616 0.05048076923076923 0.08173076923076923
0 0.3737980769230769 0.06971153846153846 0.04807692307692308 0.08653846153846154
0 0.34975961538461536 0.10576923076923077 0.05889423076923077 0.10697115384615384
0 0.33052884615384615 0.1502403846153846 0.05889423076923077 0.09735576923076923
0 0.3112980769230769 0.18629807692307693 0.054086538461538464 0.09495192307692307
0 0.28725961538461536 0.22355769230769232 0.051682692307692304 0.09615384615384616
0 0.2692307692307692 0.2704326923076923 0.051682692307692304 0.09975961538461539
0 0.24639423076923078 0.31490384615384615 0.052884615384615384 0.09254807692307693
0 0.21514423076923078 0.3401442307692308 0.051682692307692304 0.09615384615384616
0 0.1971153846153846 0.3870192307692308 0.056490384615384616 0.09495192307692307
0 0.17548076923076922 0.421875 0.055288461538461536 0.0985576923076923
0 0.14903846153846154 0.46153846153846156 0.056490384615384616 0.0889423076923077
0 0.12740384615384615 0.5012019230769231 0.052884615384615384 0.09014423076923077
0 0.09014423076923077 0.5841346153846154 0.052884615384615384 0.08653846153846154
0 0.07932692307692307 0.640625 0.052884615384615384 0.08173076923076923
0 0.04807692307692308 0.6682692307692307 0.05889423076923077 0.09254807692307693
0 0.03125 0.7151442307692307 0.056490384615384616 0.09014423076923077
0 0.016826923076923076 0.7475961538461539 0.03245192307692308 0.08173076923076923
0 0.008413461538461538 0.8173076923076923 0.016826923076923076 0.052884615384615384
0 0.41225961538461536 0.4026442307692308 0.054086538461538464 0.09495192307692307
0 0.3894230769230769 0.44350961538461536 0.05889423076923077 0.09735576923076923
0 0.36778846153846156 0.4855769230769231 0.052884615384615384 0.0889423076923077
0 0.3473557692307692 0.5264423076923077 0.05048076923076923 0.09014423076923077
0 0.32091346153846156 0.5564903846153846 0.05048076923076923 0.09615384615384616
0 0.2980769230769231 0.5913461538461539 0.052884615384615384 0.09615384615384616
0 0.2776442307692308 0.6394230769230769 0.05048076923076923 0.08653846153846154
0 0.2620192307692308 0.6911057692307693 0.051682692307692304 0.09495192307692307
0 0.2403846153846154 0.7259615384615384 0.055288461538461536 0.09735576923076923
0 0.21875 0.7704326923076923 0.055288461538461536 0.09495192307692307
0 0.1971153846153846 0.8088942307692307 0.055288461538461536 0.09615384615384616
0 0.17548076923076922 0.8485576923076923 0.057692307692307696 0.10096153846153846
0 0.15504807692307693 0.890625 0.052884615384615384 0.09495192307692307
0 0.13341346153846154 0.9266826923076923 0.05889423076923077 0.09254807692307693
0 0.11298076923076923 0.9567307692307693 0.05889423076923077 0.0829326923076923
0 0.0829326923076923 0.9759615384615384 0.046875 0.04447115384615385
0 0.47716346153846156 0.828125 0.052884615384615384 0.09615384615384616