0 0.5528846153846154 0.2932692307692308 0.052884615384615384 0.09495192307692307
0 0.49399038461538464 0.5877403846153846 0.051682692307692304 0.0889423076923077
0 0.5192307692307693 0.5420673076923077 0.055288461538461536 0.09615384615384616
0 0.5360576923076923 0.49399038461538464 0.054086538461538464 0.09254807692307693
0 0.5757211538461539 0.4110576923076923 0.052884615384615384 0.0985576923076923
0 0.5288461538461539 0.3329326923076923 0.054086538461538464 0.09495192307692307
0 0.5060096153846154 0.37259615384615385 0.05048076923076923 0.0889423076923077
0 0.4831730769230769 0.4098557692307692 0.052884615384615384 0.0889423076923077
0 0.19951923076923078 0.5625 0.052884615384615384 0.09254807692307693
0 0.4639423076923077 0.453125 0.05048076923076923 0.08774038461538461
0 0.4411057692307692 0.49759615384615385 0.052884615384615384 0.0985576923076923
0 0.44591346153846156 0.6622596153846154 0.057692307692307696 0.0985576923076923
0 0.47115384615384615 0.6237980769230769 0.04807692307692308 0.0889423076923077
0 0.34975961538461536 0.6574519230769231 0.055288461538461536 0.10096153846153846
0 0.5925480769230769 0.7560096153846154 0.055288461538461536 0.0985576923076923
0 0.33653846153846156 0.31971153846153844 0.054086538461538464 0.09615384615384616
0 0.2980769230769231 0.734375 0.056490384615384616 0.10336538461538461
0 0.32572115384615385 0.6971153846153846 0.05048076923076923 0.09495192307692307
0 0.3798076923076923 0.7860576923076923 0.056490384615384616 0.0985576923076923
0 0.4026442307692308 0.75 0.05889423076923077 0.09975961538461539
0 0.42788461538461536 0.7091346153846154 0.055288461538461536 0.09735576923076923
0 0.36778846153846156 0.6129807692307693 0.05048076923076923 0.08653846153846154
0 0.3942307692307692 0.5769230769230769 0.052884615384615384 0.09735576923076923
0 0.4170673076923077 0.5336538461538461 0.055288461538461536 0.09254807692307693
0 0.5492788461538461 0.8401442307692307 0.05048076923076923 0.09134615384615384
0 0.359375 0.8317307692307693 0.055288461538461536 0.0985576923076923
0 0.33653846153846156 0.8689903846153846 0.055288461538461536 0.09735576923076923
0 0.27884615384615385 0.7788461538461539 0.052884615384615384 0.09735576923076923
0 0.25841346153846156 0.8209134615384616 0.057692307692307696 0.0985576923076923
0 0.18028846153846154 0.6033653846153846 0.04807692307692308 0.08653846153846154
0 0.15625 0.6514423076923077 0.055288461538461536 0.09134615384615384
0 0.1346153846153846 0.6887019230769231 0.05889423076923077 0.0985576923076923
0 0.5997596153846154 0.3713942307692308 0.056490384615384616 0.09735576923076923
0 0.5588942307692307 0.4519230769230769 0.052884615384615384 0.09735576923076923
0 0.6358173076923077 0.6694711538461539 0.056490384615384616 0.09735576923076923
0 0.6165865384615384 0.7127403846153846 0.055288461538461536 0.0985576923076923
0 0.5697115384615384 0.7956730769230769 0.055288461538461536 0.10336538461538461
0 0.5276442307692307 0.8786057692307693 0.055288461538461536 0.09735576923076923
0 0.3581730769230769 0.27403846153846156 0.055288461538461536 0.09615384615384616
0 0.2860576923076923 0.23798076923076922 0.052884615384615384 0.09975961538461539
0 0.2644230769230769 0.27524038461538464 0.051682692307692304 0.09134615384615384
0 0.3112980769230769 0.35336538461538464 0.056490384615384616 0.10096153846153846
0 0.23798076923076922 0.3112980769230769 0.054086538461538464 0.09254807692307693
0 0.21754807692307693 0.3581730769230769 0.054086538461538464 0.09254807692307693
0 0.19471153846153846 0.39663461538461536 0.054086538461538464 0.09495192307692307
0 0.2824519230769231 0.3918269230769231 0.054086538461538464 0.09254807692307693
0 0.2668269230769231 0.43990384615384615 0.056490384615384616 0.0985576923076923
0 0.2439903846153846 0.4795673076923077 0.04927884615384615 0.0829326923076923
0 0.17307692307692307 0.44350961538461536 0.05889423076923077 0.10096153846153846
0 0.22115384615384615 0.5240384615384616 0.056490384615384616 0.0985576923076923
0 0.15264423076923078 0.4831730769230769 0.051682692307692304 0.09014423076923077
0 0.12860576923076922 0.5264423076923077 0.05889423076923077 0.10096153846153846
0 0.10576923076923077 0.5721153846153846 0.056490384615384616 0.09735576923076923
0 0.08413461538461539 0.6081730769230769 0.054086538461538464 0.09134615384615384
0 0.056490384615384616 0.6442307692307693 0.056490384615384616 0.09254807692307693
0 0.03365384615384615 0.6875 0.056490384615384616 0.09134615384615384
0 0.10817307692307693 0.7295673076923077 0.06370192307692307 0.10096153846153846
0 0.18629807692307693 0.7391826923076923 0.055288461538461536 0.1045673076923077
0 0.43509615384615385 0.3629807692307692 0.054086538461538464 0.09014423076923077
0 0.46274038461538464 0.23197115384615385 0.051682692307692304 0.09134615384615384
0 0.0889423076923077 0.7740384615384616 0.06370192307692307 0.0985576923076923
0 0.06129807692307692 0.8100961538461539 0.06129807692307692 0.09615384615384616
0 0.038461538461538464 0.8569711538461539 0.06610576923076923 0.10096153846153846
0 0.02283653846153846 0.8990384615384616 0.04567307692307692 0.10336538461538461
0 0.018028846153846152 0.7247596153846154 0.036057692307692304 0.08413461538461539
0 0.008413461538461538 0.7872596153846154 0.016826923076923076 0.055288461538461536
0 0.010817307692307692 0.9543269230769231 0.021634615384615384 0.07091346153846154
0 0.13701923076923078 0.9891826923076923 0.030048076923076924 0.018028846153846152
0 0.21514423076923078 0.055288461538461536 0.05889423076923077 0.0985576923076923
0 0.16826923076923078 0.14543269230769232 0.04807692307692308 0.0829326923076923
0 0.12139423076923077 0.23918269230769232 0.052884615384615384 0.08774038461538461
0 0.06850961538461539 0.32091346153846156 0.057692307692307696 0.10576923076923077
0 0.021634615384615384 0.41346153846153844 0.04326923076923077 0.09254807692307693
0 0.23677884615384615 0.8713942307692307 0.046875 0.08774038461538461
0 0.21634615384615385 0.9134615384615384 0.054086538461538464 0.09975961538461539
0 0.19591346153846154 0.9495192307692307 0.06009615384615385 0.09735576923076923
0 0.17067307692307693 0.9711538461538461 0.054086538461538464 0.054086538461538464
0 0.23317307692307693 0.9915865384615384 0.019230769230769232 0.014423076923076924
0 0.2608173076923077 0.9699519230769231 0.052884615384615384 0.05889423076923077
0 0.2848557692307692 0.9519230769230769 0.055288461538461536 0.09254807692307693
0 0.3088942307692308 0.9122596153846154 0.05048076923076923 0.09735576923076923
0 0.4987980769230769 0.9194711538461539 0.056490384615384616 0.10336538461538461
0 0.47596153846153844 0.9555288461538461 0.055288461538461536 0.08413461538461539
0 0.4543269230769231 0.9759615384615384 0.04447115384615385 0.04447115384615385
0 0.4230769230769231 0.9927884615384616 0.021634615384615384 0.010817307692307692
0 0.6574519230769231 0.6274038461538461 0.04567307692307692 0.08173076923076923
0 0.6802884615384616 0.5889423076923077 0.04807692307692308 0.08052884615384616
0 0.6971153846153846 0.5456730769230769 0.04807692307692308 0.08413461538461539
0 0.7199519230769231 0.5108173076923077 0.052884615384615384 0.10096153846153846
0 0.7367788461538461 0.4639423076923077 0.04927884615384615 0.09014423076923077
0 0.7596153846153846 0.43509615384615385 0.051682692307692304 0.09495192307692307
0 0.7824519230769231 0.3870192307692308 0.05048076923076923 0.0889423076923077
0 0.8028846153846154 0.35096153846153844 0.04567307692307692 0.08653846153846154
0 0.8197115384615384 0.30408653846153844 0.051682692307692304 0.09254807692307693
0 0.8461538461538461 0.27403846153846156 0.055288461538461536 0.09014423076923077
0 0.8762019230769231 0.3425480769230769 0.05048076923076923 0.09615384615384616
0 0.8942307692307693 0.38341346153846156 0.04326923076923077 0.09735576923076923
0 0.9182692307692307 0.41947115384615385 0.039663461538461536 0.07211538461538461
0 0.9362980769230769 0.4639423076923077 0.04567307692307692 0.0889423076923077
0 0.9855769230769231 0.4411057692307692 0.025240384615384616 0.08173076923076923
0 0.3076923076923077 0.1935096153846154 0.055288461538461536 0.09134615384615384
0 0.90625 0.07932692307692307 0.055288461538461536 0.09014423076923077
0 0.3269230769230769 0.1502403846153846 0.04927884615384615 0.0829326923076923
0 0.3557692307692308 0.12259615384615384 0.052884615384615384 0.0985576923076923
0 0.3786057692307692 0.08173076923076923 0.04807692307692308 0.08052884615384616
0 0.39663461538461536 0.040865384615384616 0.052884615384615384 0.08173076923076923
0 0.44591346153846156 0.1141826923076923 0.052884615384615384 0.08774038461538461
0 0.4266826923076923 0.15745192307692307 0.04927884615384615 0.0889423076923077
0 0.40384615384615385 0.19831730769230768 0.055288461538461536 0.09735576923076923
0 0.3798076923076923 0.23317307692307693 0.056490384615384616 0.10096153846153846
0 0.4675480769230769 0.07451923076923077 0.052884615384615384 0.0889423076923077
0 0.421875 0.019230769230769232 0.042067307692307696 0.038461538461538464
0 0.49158653846153844 0.040865384615384616 0.05889423076923077 0.08173076923076923
0 0.5180288461538461 0.02403846153846154 0.04567307692307692 0.046875
0 0.5721153846153846 0.24879807692307693 0.05889423076923077 0.10576923076923077
0 0.5925480769230769 0.2091346153846154 0.055288461538461536 0.0889423076923077
0 0.6189903846153846 0.1778846153846154 0.051682692307692304 0.08774038461538461
0 0.6370192307692307 0.13221153846153846 0.05048076923076923 0.09134615384615384
0 0.6610576923076923 0.10096153846153846 0.056490384615384616 0.09254807692307693
0 0.6778846153846154 0.06490384615384616 0.046875 0.08653846153846154
0 0.7019230769230769 0.040865384615384616 0.052884615384615384 0.08052884615384616
0 0.7379807692307693 0.037259615384615384 0.055288461538461536 0.07451923076923077
0 0.7475961538461539 0.109375 0.04567307692307692 0.0829326923076923
0 0.7247596153846154 0.13942307692307693 0.052884615384615384 0.09495192307692307
0 0.7067307692307693 0.18509615384615385 0.052884615384615384 0.09735576923076923
0 0.6850961538461539 0.21995192307692307 0.05048076923076923 0.09495192307692307
0 0.6646634615384616 0.25240384615384615 0.05048076923076923 0.09495192307692307
0 0.6442307692307693 0.2920673076923077 0.04567307692307692 0.08413461538461539
0 0.6213942307692307 0.3269230769230769 0.052884615384615384 0.09134615384615384
0 0.921875 0.038461538461538464 0.05889423076923077 0.07692307692307693
0 0.9495192307692307 0.019230769230769232 0.04326923076923077 0.038461538461538464
0 0.9915865384615384 0.02403846153846154 0.014423076923076924 0.04807692307692308
0 0.984375 0.07091346153846154 0.028846153846153848 0.08052884615384616
0 0.9711538461538461 0.1141826923076923 0.052884615384615384 0.0889423076923077
0 0.9519230769230769 0.15865384615384615 0.057692307692307696 0.0889423076923077