0 0.8966346153846154 0.23197115384615385 0.055288461538461536 0.04807692307692308
0 0.7331730769230769 0.026442307692307692 0.03485576923076923 0.052884615384615384
0 0.7307692307692307 0.1310096153846154 0.030048076923076924 0.12259615384615384
0 0.7235576923076923 0.28365384615384615 0.028846153846153848 0.11538461538461539
0 0.5841346153846154 0.05048076923076923 0.056490384615384616 0.054086538461538464
0 0.5889423076923077 0.10817307692307693 0.055288461538461536 0.052884615384615384
0 0.5901442307692307 0.1658653846153846 0.057692307692307696 0.052884615384615384
0 0.5901442307692307 0.21995192307692307 0.05889423076923077 0.051682692307692304
0 0.5865384615384616 0.2764423076923077 0.05889423076923077 0.055288461538461536
0 0.5853365384615384 0.3329326923076923 0.06490384615384616 0.046875
0 0.5829326923076923 0.3894230769230769 0.0625 0.046875
0 0.5841346153846154 0.44591346153846156 0.06129807692307692 0.051682692307692304
0 0.5829326923076923 0.5 0.06009615384615385 0.054086538461538464
0 0.5793269230769231 0.5625 0.06129807692307692 0.04447115384615385
0 0.5817307692307693 0.6153846153846154 0.06370192307692307 0.055288461538461536
0 0.5745192307692307 0.6778846153846154 0.06129807692307692 0.051682692307692304
0 0.44471153846153844 0.5997596153846154 0.056490384615384616 0.07451923076923077
0 0.44350961538461536 0.5372596153846154 0.05889423076923077 0.07091346153846154
0 0.44471153846153844 0.47836538461538464 0.056490384615384616 0.06850961538461539
0 0.44711538461538464 0.18509615384615385 0.06009615384615385 0.0733173076923077
0 0.3245192307692308 0.014423076923076924 0.056490384615384616 0.028846153846153848
0 0.328125 0.054086538461538464 0.04927884615384615 0.06971153846153846
0 0.3269230769230769 0.11899038461538461 0.06490384615384616 0.08052884615384616
0 0.3245192307692308 0.1875 0.051682692307692304 0.06971153846153846
0 0.32091346153846156 0.25721153846153844 0.051682692307692304 0.06971153846153846
0 0.3161057692307692 0.31971153846153844 0.052884615384615384 0.06971153846153846
0 0.3245192307692308 0.3858173076923077 0.04447115384615385 0.06850961538461539
0 0.32091346153846156 0.4543269230769231 0.054086538461538464 0.06610576923076923
0 0.31490384615384615 0.5144230769230769 0.056490384615384616 0.07451923076923077
0 0.3161057692307692 0.5805288461538461 0.0625 0.0733173076923077
0 0.3125 0.6430288461538461 0.06009615384615385 0.06610576923076923
0 0.3233173076923077 0.7163461538461539 0.05048076923076923 0.06490384615384616
0 0.3173076923076923 0.7776442307692307 0.046875 0.06610576923076923
0 0.31971153846153844 0.8497596153846154 0.06370192307692307 0.07451923076923077
0 0.019230769230769232 0.0625 0.038461538461538464 0.125