0 0.6658653846153846 0.10817307692307693 0.026442307692307692 0.10336538461538461
0 0.6670673076923077 0.22355769230769232 0.03125 0.11057692307692307
0 0.6574519230769231 0.5348557692307693 0.030048076923076924 0.10817307692307693
0 0.6526442307692307 0.6802884615384616 0.028846153846153848 0.109375
0 0.6466346153846154 0.8125 0.030048076923076924 0.11057692307692307
0 0.6466346153846154 0.9519230769230769 0.030048076923076924 0.09495192307692307
0 0.5240384615384616 0.040865384615384616 0.06129807692307692 0.054086538461538464
0 0.5240384615384616 0.09495192307692307 0.06129807692307692 0.054086538461538464
0 0.5144230769230769 0.15144230769230768 0.06009615384615385 0.054086538461538464
0 0.5096153846153846 0.203125 0.056490384615384616 0.055288461538461536
0 0.5060096153846154 0.2608173076923077 0.05889423076923077 0.054086538461538464
0 0.5108173076923077 0.32091346153846156 0.055288461538461536 0.05048076923076923
0 0.5204326923076923 0.3786057692307692 0.046875 0.04807692307692308
0 0.5144230769230769 0.43509615384615385 0.055288461538461536 0.052884615384615384
0 0.5072115384615384 0.546875 0.055288461538461536 0.051682692307692304
0 0.4987980769230769 0.609375 0.05889423076923077 0.056490384615384616
0 0.5012019230769231 0.8413461538461539 0.05048076923076923 0.06009615384615385
0 0.38822115384615385 0.027644230769230768 0.06009615384615385 0.055288461538461536
0 0.3870192307692308 0.08653846153846154 0.055288461538461536 0.06850961538461539
0 0.3786057692307692 0.14423076923076922 0.06490384615384616 0.07211538461538461
0 0.3762019230769231 0.20793269230769232 0.05889423076923077 0.07211538461538461
0 0.37259615384615385 0.3737980769230769 0.056490384615384616 0.07091346153846154
0 0.3762019230769231 0.43509615384615385 0.06009615384615385 0.06850961538461539
0 0.359375 0.7908653846153846 0.06490384615384616 0.06850961538461539
0 0.35697115384615385 0.9074519230769231 0.06850961538461539 0.078125
0 0.22596153846153846 0.9711538461538461 0.0673076923076923 0.054086538461538464
0 0.23076923076923078 0.9170673076923077 0.06129807692307692 0.0733173076923077
0 0.23317307692307693 0.8449519230769231 0.06490384615384616 0.0889423076923077
0 0.234375 0.7752403846153846 0.06129807692307692 0.06610576923076923
0 0.22956730769230768 0.7079326923076923 0.06610576923076923 0.08653846153846154
0 0.23677884615384615 0.6514423076923077 0.06129807692307692 0.08413461538461539
0 0.24278846153846154 0.5865384615384616 0.06490384615384616 0.078125
0 0.2403846153846154 0.5204326923076923 0.06610576923076923 0.07211538461538461
0 0.23918269230769232 0.4411057692307692 0.06610576923076923 0.07932692307692307
0 0.24519230769230768 0.38100961538461536 0.06490384615384616 0.07932692307692307
0 0.25 0.3161057692307692 0.06490384615384616 0.08052884615384616
0 0.24879807692307693 0.25 0.06370192307692307 0.08173076923076923
0 0.2536057692307692 0.18028846153846154 0.06610576923076923 0.0829326923076923
0 0.25240384615384615 0.1141826923076923 0.06129807692307692 0.0829326923076923
0 0.2536057692307692 0.054086538461538464 0.06490384615384616 0.0625