0 0.6778846153846154 0.4074519230769231 0.03245192307692308 0.125
0 0.6141826923076923 0.7956730769230769 0.037259615384615384 0.12860576923076922
0 0.6045673076923077 0.41225961538461536 0.03365384615384615 0.12139423076923077
0 0.5673076923076923 0.421875 0.03245192307692308 0.13942307692307693
0 0.5300480769230769 0.4206730769230769 0.03125 0.11057692307692307
0 0.5420673076923077 0.7788461538461539 0.03485576923076923 0.13701923076923078
0 0.7680288461538461 0.7740384615384616 0.03485576923076923 0.12740384615384615
0 0.49399038461538464 0.44350961538461536 0.030048076923076924 0.12740384615384615
0 0.7319711538461539 0.75 0.03245192307692308 0.12860576923076922
0 0.46634615384615385 0.7860576923076923 0.030048076923076924 0.13221153846153846
0 0.42788461538461536 0.7932692307692307 0.030048076923076924 0.12740384615384615
0 0.453125 0.4375 0.03125 0.12259615384615384
0 0.41225961538461536 0.4411057692307692 0.036057692307692304 0.140625
0 0.3762019230769231 0.4483173076923077 0.03245192307692308 0.13341346153846154
0 0.3425480769230769 0.4543269230769231 0.03245192307692308 0.125
0 0.30649038461538464 0.4543269230769231 0.03485576923076923 0.12259615384615384
0 0.2668269230769231 0.4519230769230769 0.03245192307692308 0.11899038461538461
0 0.23317307692307693 0.453125 0.03245192307692308 0.12379807692307693
0 0.19831730769230768 0.4495192307692308 0.036057692307692304 0.11658653846153846
0 0.16346153846153846 0.4543269230769231 0.03485576923076923 0.12379807692307693
0 0.12620192307692307 0.45552884615384615 0.039663461538461536 0.12860576923076922
0 0.09134615384615384 0.4699519230769231 0.03485576923076923 0.11298076923076923
0 0.056490384615384616 0.47115384615384615 0.037259615384615384 0.125
0 0.020432692307692308 0.484375 0.039663461538461536 0.12860576923076922
0 0.7103365384615384 0.4098557692307692 0.030048076923076924 0.125
0 0.7487980769230769 0.40024038461538464 0.03485576923076923 0.12379807692307693
0 0.7848557692307693 0.4266826923076923 0.03485576923076923 0.12379807692307693
0 0.8209134615384616 0.421875 0.037259615384615384 0.12860576923076922
0 0.8894230769230769 0.41586538461538464 0.03485576923076923 0.12740384615384615
0 0.9230769230769231 0.4014423076923077 0.03485576923076923 0.10336538461538461
0 0.9615384615384616 0.3954326923076923 0.040865384615384616 0.10817307692307693
0 0.9867788461538461 0.40024038461538464 0.025240384615384616 0.12379807692307693
0 0.7524038461538461 0.22115384615384615 0.07211538461538461 0.0625
0 0.8713942307692307 0.7524038461538461 0.052884615384615384 0.1971153846153846
0 0.9026442307692307 0.7512019230769231 0.03365384615384615 0.125
0 0.9387019230769231 0.7463942307692307 0.039663461538461536 0.12740384615384615
0 0.9747596153846154 0.7319711538461539 0.040865384615384616 0.12379807692307693
0 0.019230769230769232 0.11778846153846154 0.038461538461538464 0.12620192307692307
0 0.05048076923076923 0.1045673076923077 0.040865384615384616 0.12860576923076922
0 0.08774038461538461 0.109375 0.03245192307692308 0.125
0 0.12139423076923077 0.11778846153846154 0.036057692307692304 0.12259615384615384
0 0.15745192307692307 0.12860576923076922 0.03485576923076923 0.125
0 0.19471153846153846 0.11538461538461539 0.03365384615384615 0.125
0 0.265625 0.1045673076923077 0.03365384615384615 0.12740384615384615
0 0.3004807692307692 0.09014423076923077 0.030048076923076924 0.109375
0 0.3713942307692308 0.0829326923076923 0.03365384615384615 0.11538461538461539
0 0.4411057692307692 0.0733173076923077 0.03125 0.12259615384615384
0 0.47716346153846156 0.078125 0.03125 0.11899038461538461
0 0.5192307692307693 0.0733173076923077 0.030048076923076924 0.11899038461538461
0 0.5528846153846154 0.06370192307692307 0.030048076923076924 0.10817307692307693
0 0.6622596153846154 0.0625 0.03485576923076923 0.125
0 0.6995192307692307 0.06370192307692307 0.037259615384615384 0.12740384615384615
0 0.7355769230769231 0.06971153846153846 0.03245192307692308 0.12860576923076922
0 0.7716346153846154 0.055288461538461536 0.03365384615384615 0.11057692307692307
0 0.8064903846153846 0.06009615384615385 0.03485576923076923 0.11899038461538461
0 0.8413461538461539 0.06370192307692307 0.03485576923076923 0.12740384615384615
0 0.8774038461538461 0.06370192307692307 0.03485576923076923 0.1141826923076923
0 0.9086538461538461 0.06370192307692307 0.03365384615384615 0.125
0 0.9435096153846154 0.06370192307692307 0.037259615384615384 0.12139423076923077
0 0.9819711538461539 0.056490384615384616 0.03365384615384615 0.11298076923076923
0 0.3918269230769231 0.8004807692307693 0.03125 0.12620192307692307
0 0.35336538461538464 0.7860576923076923 0.03245192307692308 0.11538461538461539
0 0.3173076923076923 0.8028846153846154 0.037259615384615384 0.12740384615384615
0 0.2824519230769231 0.8028846153846154 0.03245192307692308 0.12379807692307693
0 0.24519230769230768 0.8064903846153846 0.03245192307692308 0.12259615384615384
0 0.2091346153846154 0.8028846153846154 0.036057692307692304 0.12620192307692307
0 0.17548076923076922 0.8185096153846154 0.037259615384615384 0.125
0 0.13581730769230768 0.8185096153846154 0.03485576923076923 0.13341346153846154
0 0.10096153846153846 0.8161057692307693 0.036057692307692304 0.11538461538461539
0 0.0673076923076923 0.8221153846153846 0.03245192307692308 0.12139423076923077
0 0.027644230769230768 0.8221153846153846 0.040865384615384616 0.12860576923076922
0 0.006009615384615385 0.8329326923076923 0.010817307692307692 0.10336538461538461