0 0.28725961538461536 0.2439903846153846 0.03365384615384615 0.12259615384615384
0 0.32572115384615385 0.24879807692307693 0.030048076923076924 0.12860576923076922
0 0.21514423076923078 0.5456730769230769 0.04567307692307692 0.140625
0 0.25721153846153844 0.5552884615384616 0.038461538461538464 0.13221153846153846
0 0.44471153846153844 0.265625 0.03245192307692308 0.12139423076923077
0 0.40625 0.25240384615384615 0.030048076923076924 0.12620192307692307
0 0.36658653846153844 0.25240384615384615 0.028846153846153848 0.08052884615384616
0 0.3581730769230769 0.8233173076923077 0.05048076923076923 0.12139423076923077
0 0.4543269230769231 0.8317307692307693 0.05889423076923077 0.1346153846153846
0 0.4963942307692308 0.8305288461538461 0.057692307692307696 0.13221153846153846
0 0.5408653846153846 0.5829326923076923 0.04326923076923077 0.12379807692307693
0 0.5240384615384616 0.2668269230769231 0.030048076923076924 0.12860576923076922
0 0.4831730769230769 0.2608173076923077 0.03365384615384615 0.13581730769230768
0 0.5492788461538461 0.828125 0.056490384615384616 0.13581730769230768
0 0.5841346153846154 0.8485576923076923 0.054086538461538464 0.13341346153846154
0 0.6346153846153846 0.8389423076923077 0.055288461538461536 0.11899038461538461
0 0.6790865384615384 0.8413461538461539 0.052884615384615384 0.1310096153846154
0 0.7271634615384616 0.8389423076923077 0.06009615384615385 0.1346153846153846
0 0.7680288461538461 0.8497596153846154 0.05048076923076923 0.11658653846153846
0 0.8076923076923077 0.8569711538461539 0.056490384615384616 0.13701923076923078
0 0.8569711538461539 0.8269230769230769 0.051682692307692304 0.12379807692307693
0 0.8918269230769231 0.8317307692307693 0.04927884615384615 0.11658653846153846
0 0.9338942307692307 0.8485576923076923 0.052884615384615384 0.11658653846153846
0 0.8545673076923077 0.4675480769230769 0.037259615384615384 0.13581730769230768
0 0.8870192307692307 0.0889423076923077 0.08173076923076923 0.07211538461538461
0 0.7956730769230769 0.2980769230769231 0.03485576923076923 0.12740384615384615
0 0.7572115384615384 0.2848557692307692 0.03365384615384615 0.11899038461538461
0 0.7199519230769231 0.2704326923076923 0.03485576923076923 0.1310096153846154
0 0.6838942307692307 0.2764423076923077 0.03125 0.14182692307692307
0 0.6442307692307693 0.2824519230769231 0.03485576923076923 0.13942307692307693
0 0.6033653846153846 0.27163461538461536 0.03125 0.125
0 0.5637019230769231 0.2776442307692308 0.030048076923076924 0.10576923076923077
0 0.2512019230769231 0.2668269230769231 0.038461538461538464 0.13581730769230768
0 0.2091346153846154 0.2512019230769231 0.040865384615384616 0.140625
0 0.171875 0.2512019230769231 0.037259615384615384 0.12259615384615384
0 0.1346153846153846 0.25240384615384615 0.038461538461538464 0.13221153846153846
0 0.09014423076923077 0.2644230769230769 0.054086538461538464 0.1466346153846154
0 0.056490384615384616 0.25 0.037259615384615384 0.12620192307692307
0 0.021634615384615384 0.24158653846153846 0.042067307692307696 0.1310096153846154
0 0.5829326923076923 0.578125 0.04326923076923077 0.1346153846153846
0 0.6225961538461539 0.5649038461538461 0.046875 0.1346153846153846
0 0.6622596153846154 0.5649038461538461 0.046875 0.14543269230769232
0 0.703125 0.5745192307692307 0.04807692307692308 0.12740384615384615
0 0.45913461538461536 0.5637019230769231 0.05048076923076923 0.13701923076923078
0 0.41947115384615385 0.5685096153846154 0.04567307692307692 0.12379807692307693
0 0.14182692307692307 0.5444711538461539 0.04807692307692308 0.12740384615384615
0 0.08774038461538461 0.8052884615384616 0.06129807692307692 0.1310096153846154
0 0.018028846153846152 0.7956730769230769 0.036057692307692304 0.1346153846153846
0 0.31850961538461536 0.8137019230769231 0.06129807692307692 0.14423076923076922