0 0.6550480769230769 0.054086538461538464 0.030048076923076924 0.10817307692307693
0 0.6466346153846154 0.36658653846153844 0.030048076923076924 0.11057692307692307
0 0.6442307692307693 0.5168269230769231 0.030048076923076924 0.11057692307692307
0 0.6358173076923077 0.6466346153846154 0.027644230769230768 0.10697115384615384
0 0.6394230769230769 0.796875 0.03485576923076923 0.109375
0 0.7127403846153846 0.6778846153846154 0.06370192307692307 0.06971153846153846
0 0.49158653846153844 0.6766826923076923 0.052884615384615384 0.055288461538461536
0 0.484375 0.8473557692307693 0.06370192307692307 0.05048076923076923
0 0.48677884615384615 0.44350961538461536 0.06129807692307692 0.056490384615384616
0 0.4951923076923077 0.3786057692307692 0.05889423076923077 0.056490384615384616
0 0.5036057692307693 0.2668269230769231 0.056490384615384616 0.056490384615384616
0 0.5096153846153846 0.21153846153846154 0.04447115384615385 0.051682692307692304
0 0.4963942307692308 0.15264423076923078 0.06009615384615385 0.055288461538461536
0 0.49158653846153844 0.09014423076923077 0.0625 0.06009615384615385
0 0.4951923076923077 0.03245192307692308 0.057692307692307696 0.051682692307692304
0 0.3629807692307692 0.042067307692307696 0.056490384615384616 0.0733173076923077
0 0.359375 0.20793269230769232 0.056490384615384616 0.0733173076923077
0 0.3629807692307692 0.26802884615384615 0.06009615384615385 0.07211538461538461
0 0.3473557692307692 0.6262019230769231 0.05889423076923077 0.07451923076923077
0 0.3473557692307692 0.7463942307692307 0.06370192307692307 0.0829326923076923
0 0.21153846153846154 0.9495192307692307 0.06370192307692307 0.09735576923076923
0 0.21634615384615385 0.8846153846153846 0.06370192307692307 0.08774038461538461
0 0.21634615384615385 0.8149038461538461 0.06370192307692307 0.07932692307692307
0 0.21754807692307693 0.7524038461538461 0.06129807692307692 0.07692307692307693
0 0.22115384615384615 0.6814903846153846 0.06850961538461539 0.0829326923076923
0 0.22235576923076922 0.609375 0.06370192307692307 0.08052884615384616
0 0.22235576923076922 0.5432692307692307 0.06129807692307692 0.09014423076923077
0 0.22235576923076922 0.484375 0.06610576923076923 0.0829326923076923
0 0.2283653846153846 0.4182692307692308 0.0673076923076923 0.07692307692307693
0 0.22596153846153846 0.3557692307692308 0.06850961538461539 0.08052884615384616
0 0.22716346153846154 0.27524038461538464 0.06370192307692307 0.09014423076923077
0 0.23076923076923078 0.22115384615384615 0.06490384615384616 0.078125
0 0.234375 0.15504807692307693 0.06850961538461539 0.07932692307692307
0 0.23317307692307693 0.08653846153846154 0.06370192307692307 0.0829326923076923
0 0.23918269230769232 0.03125 0.06490384615384616 0.0625