0 0.30528846153846156 0.15504807692307693 0.09975961538461539 0.07451923076923077
0 0.421875 0.15384615384615385 0.09495192307692307 0.0733173076923077
0 0.41346153846153844 0.24639423076923078 0.09735576923076923 0.07932692307692307
0 0.3016826923076923 0.2439903846153846 0.10096153846153846 0.0733173076923077
0 0.4098557692307692 0.5 0.09975961538461539 0.07932692307692307
0 0.4026442307692308 0.5841346153846154 0.09975961538461539 0.07091346153846154
0 0.6165865384615384 0.3329326923076923 0.0889423076923077 0.0733173076923077
0 0.7127403846153846 0.41586538461538464 0.09615384615384616 0.06971153846153846
0 0.7127403846153846 0.4963942307692308 0.09134615384615384 0.06971153846153846
0 0.7151442307692307 0.5649038461538461 0.08653846153846154 0.06971153846153846
0 0.7103365384615384 0.6430288461538461 0.09495192307692307 0.0733173076923077
0 0.6995192307692307 0.7211538461538461 0.09495192307692307 0.07451923076923077
0 0.7067307692307693 0.8004807692307693 0.09495192307692307 0.07211538461538461
0 0.6033653846153846 0.7980769230769231 0.09735576923076923 0.0829326923076923
0 0.6081730769230769 0.8822115384615384 0.0889423076923077 0.06850961538461539
0 0.7067307692307693 0.8786057692307693 0.0889423076923077 0.07211538461538461
0 0.41586538461538464 0.3329326923076923 0.0985576923076923 0.078125
0 0.2932692307692308 0.49759615384615385 0.0889423076923077 0.06129807692307692
0 0.2932692307692308 0.6670673076923077 0.09495192307692307 0.07451923076923077
0 0.41346153846153844 0.7584134615384616 0.09495192307692307 0.078125
0 0.4074519230769231 0.8461538461538461 0.09134615384615384 0.0733173076923077
0 0.4026442307692308 0.9254807692307693 0.08653846153846154 0.0733173076923077
0 0.28725961538461536 0.8449519230769231 0.08533653846153846 0.06610576923076923
0 0.6177884615384616 0.17067307692307693 0.09735576923076923 0.0733173076923077
0 0.7115384615384616 0.17908653846153846 0.0889423076923077 0.078125
0 0.7115384615384616 0.2608173076923077 0.09014423076923077 0.0733173076923077
0 0.6177884615384616 0.25240384615384615 0.09014423076923077 0.07211538461538461
0 0.7019230769230769 0.34615384615384615 0.08653846153846154 0.06610576923076923
0 0.6730769230769231 0.9615384615384616 0.09254807692307693 0.07451923076923077
0 0.046875 0.02283653846153846 0.09375 0.04567307692307692
0 0.013221153846153846 0.15384615384615385 0.025240384615384616 0.07091346153846154
0 0.010817307692307692 0.23317307692307693 0.021634615384615384 0.07451923076923077
0 0.08653846153846154 0.3269230769230769 0.09495192307692307 0.06971153846153846
0 0.08413461538461539 0.4014423076923077 0.08774038461538461 0.06971153846153846
0 0.0733173076923077 0.6586538461538461 0.1141826923076923 0.0733173076923077
0 0.06971153846153846 0.7439903846153846 0.10336538461538461 0.06850961538461539
0 0.07451923076923077 0.9278846153846154 0.109375 0.0829326923076923
0 0.8870192307692307 0.1971153846153846 0.08052884615384616 0.0733173076923077
0 0.9663461538461539 0.20552884615384615 0.06490384615384616 0.08173076923076923
0 0.890625 0.27163461538461536 0.08173076923076923 0.06971153846153846
0 0.96875 0.28725961538461536 0.06009615384615385 0.07091346153846154
0 0.9663461538461539 0.3581730769230769 0.06490384615384616 0.06490384615384616
0 0.890625 0.35096153846153844 0.07932692307692307 0.06610576923076923
0 0.8942307692307693 0.43028846153846156 0.07572115384615384 0.07211538461538461
0 0.9723557692307693 0.42908653846153844 0.054086538461538464 0.06850961538461539
0 0.9699519230769231 0.4987980769230769 0.057692307692307696 0.06490384615384616
0 0.9651442307692307 0.5769230769230769 0.06850961538461539 0.06971153846153846
0 0.9699519230769231 0.6526442307692307 0.05889423076923077 0.06370192307692307
0 0.8822115384615384 0.6466346153846154 0.09615384615384616 0.0733173076923077
0 0.8870192307692307 0.7283653846153846 0.09014423076923077 0.0733173076923077
0 0.9675480769230769 0.7283653846153846 0.06370192307692307 0.07091346153846154
0 0.9651442307692307 0.8040865384615384 0.06850961538461539 0.07211538461538461
0 0.8846153846153846 0.8028846153846154 0.09254807692307693 0.06971153846153846
0 0.9651442307692307 0.8834134615384616 0.06610576923076923 0.07932692307692307
0 0.9639423076923077 0.9591346153846154 0.06971153846153846 0.078125
0 0.8894230769230769 0.9591346153846154 0.0829326923076923 0.078125