0 0.5372596153846154 0.47596153846153844 0.06370192307692307 0.04567307692307692
0 0.5420673076923077 0.4206730769230769 0.057692307692307696 0.05048076923076923
0 0.47475961538461536 0.4206730769230769 0.06129807692307692 0.051682692307692304
0 0.4735576923076923 0.36658653846153844 0.057692307692307696 0.05048076923076923
0 0.46875 0.5901442307692307 0.05889423076923077 0.04807692307692308
0 0.4675480769230769 0.5372596153846154 0.052884615384615384 0.046875
0 0.33774038461538464 0.1502403846153846 0.055288461538461536 0.046875
0 0.33533653846153844 0.41947115384615385 0.051682692307692304 0.04807692307692308
0 0.4699519230769231 0.4795673076923077 0.06009615384615385 0.04807692307692308
0 0.4807692307692308 0.25841346153846156 0.05889423076923077 0.04807692307692308
0 0.4723557692307692 0.203125 0.05889423076923077 0.051682692307692304
0 0.4651442307692308 0.31009615384615385 0.056490384615384616 0.051682692307692304
0 0.5408653846153846 0.5300480769230769 0.056490384615384616 0.046875
0 0.47115384615384615 0.6454326923076923 0.06129807692307692 0.046875
0 0.47475961538461536 0.008413461538461538 0.05889423076923077 0.016826923076923076
0 0.4735576923076923 0.04567307692307692 0.056490384615384616 0.046875
0 0.5456730769230769 0.09735576923076923 0.06009615384615385 0.05048076923076923
0 0.47475961538461536 0.09975961538461539 0.055288461538461536 0.046875
0 0.4735576923076923 0.1466346153846154 0.05889423076923077 0.04447115384615385
0 0.5444711538461539 0.1502403846153846 0.057692307692307696 0.051682692307692304
0 0.5432692307692307 0.20432692307692307 0.05889423076923077 0.046875
0 0.5456730769230769 0.25721153846153844 0.056490384615384616 0.052884615384615384
0 0.5456730769230769 0.31009615384615385 0.056490384615384616 0.046875
0 0.5420673076923077 0.3641826923076923 0.06490384615384616 0.04807692307692308
0 0.6814903846153846 0.018028846153846152 0.06009615384615385 0.036057692307692304
0 0.7572115384615384 0.021634615384615384 0.057692307692307696 0.04326923076923077
0 0.6802884615384616 0.06370192307692307 0.055288461538461536 0.046875
0 0.7439903846153846 0.06850961538461539 0.056490384615384616 0.051682692307692304
0 0.7475961538461539 0.11778846153846154 0.04807692307692308 0.04807692307692308
0 0.6838942307692307 0.11538461538461539 0.056490384615384616 0.051682692307692304
0 0.6826923076923077 0.16826923076923078 0.052884615384615384 0.05048076923076923
0 0.7487980769230769 0.16706730769230768 0.056490384615384616 0.04807692307692308
0 0.7487980769230769 0.22235576923076922 0.055288461538461536 0.046875
0 0.6875 0.22235576923076922 0.0625 0.046875
0 0.7524038461538461 0.2764423076923077 0.06129807692307692 0.046875
0 0.6814903846153846 0.27163461538461536 0.06129807692307692 0.04567307692307692
0 0.7475961538461539 0.328125 0.06129807692307692 0.04807692307692308
0 0.6838942307692307 0.328125 0.0625 0.046875
0 0.6826923076923077 0.38221153846153844 0.055288461538461536 0.05048076923076923
0 0.7439903846153846 0.38100961538461536 0.055288461538461536 0.04447115384615385
0 0.7512019230769231 0.4375 0.06009615384615385 0.046875
0 0.6838942307692307 0.43990384615384615 0.04807692307692308 0.04567307692307692
0 0.7512019230769231 0.49038461538461536 0.06370192307692307 0.046875
0 0.75 0.5456730769230769 0.04807692307692308 0.04567307692307692
0 0.7572115384615384 0.7139423076923077 0.06009615384615385 0.046875
0 0.546875 0.04447115384615385 0.06129807692307692 0.04567307692307692
0 0.5492788461538461 0.009615384615384616 0.054086538461538464 0.019230769230769232
0 0.6935096153846154 0.9807692307692307 0.056490384615384616 0.03245192307692308
0 0.7560096153846154 0.9795673076923077 0.052884615384615384 0.036057692307692304
0 0.7608173076923077 0.9266826923076923 0.06009615384615385 0.04807692307692308
0 0.7632211538461539 0.8737980769230769 0.06009615384615385 0.051682692307692304
0 0.7644230769230769 0.8209134615384616 0.05889423076923077 0.051682692307692304
0 0.7596153846153846 0.765625 0.06370192307692307 0.05048076923076923
0 0.6947115384615384 0.7620192307692307 0.056490384615384616 0.04326923076923077
0 0.6935096153846154 0.8233173076923077 0.05889423076923077 0.046875
0 0.6875 0.8786057692307693 0.052884615384615384 0.04567307692307692
0 0.6911057692307693 0.9338942307692307 0.06129807692307692 0.04807692307692308
0 0.6947115384615384 0.7139423076923077 0.056490384615384616 0.051682692307692304
0 0.6935096153846154 0.6574519230769231 0.06129807692307692 0.04807692307692308
0 0.6826923076923077 0.6045673076923077 0.057692307692307696 0.051682692307692304
0 0.7572115384615384 0.6033653846153846 0.06009615384615385 0.051682692307692304
0 0.7596153846153846 0.6586538461538461 0.06009615384615385 0.051682692307692304
0 0.6862980769230769 0.5456730769230769 0.057692307692307696 0.046875
0 0.6826923076923077 0.49278846153846156 0.055288461538461536 0.04807692307692308
0 0.8942307692307693 0.06850961538461539 0.05889423076923077 0.052884615384615384
0 0.8918269230769231 0.11899038461538461 0.04567307692307692 0.046875
0 0.8942307692307693 0.17067307692307693 0.05889423076923077 0.04807692307692308
0 0.8954326923076923 0.22956730769230768 0.06129807692307692 0.051682692307692304
0 0.8870192307692307 0.2800480769230769 0.06370192307692307 0.046875
0 0.8858173076923077 0.33052884615384615 0.055288461538461536 0.046875
0 0.8882211538461539 0.37740384615384615 0.05889423076923077 0.04447115384615385
0 0.8930288461538461 0.4362980769230769 0.05048076923076923 0.04807692307692308
0 0.8966346153846154 0.49038461538461536 0.06129807692307692 0.04567307692307692
0 0.9014423076923077 0.5444711538461539 0.05889423076923077 0.046875
0 0.9026442307692307 0.5961538461538461 0.055288461538461536 0.04447115384615385
0 0.8990384615384616 0.6454326923076923 0.06129807692307692 0.04567307692307692
0 0.9014423076923077 0.6995192307692307 0.06610576923076923 0.051682692307692304
0 0.9002403846153846 0.7536057692307693 0.06009615384615385 0.051682692307692304
0 0.9014423076923077 0.8100961538461539 0.06370192307692307 0.05048076923076923
0 0.8978365384615384 0.8629807692307693 0.056490384615384616 0.05048076923076923
0 0.8966346153846154 0.9170673076923077 0.06129807692307692 0.052884615384615384
0 0.8978365384615384 0.9699519230769231 0.06610576923076923 0.054086538461538464
0 0.33533653846153844 0.2608173076923077 0.056490384615384616 0.04447115384615385
0 0.3233173076923077 0.3112980769230769 0.05889423076923077 0.052884615384615384
0 0.3329326923076923 0.36899038461538464 0.06490384615384616 0.04807692307692308
0 0.3317307692307692 0.20552884615384615 0.04447115384615385 0.051682692307692304
0 0.19110576923076922 0.125 0.056490384615384616 0.04447115384615385
0 0.19230769230769232 0.0733173076923077 0.06009615384615385 0.052884615384615384
0 0.19110576923076922 0.02403846153846154 0.06370192307692307 0.046875
0 0.1971153846153846 0.40024038461538464 0.06610576923076923 0.05048076923076923
0 0.2764423076923077 0.9651442307692307 0.026442307692307692 0.06610576923076923
0 0.27283653846153844 0.8653846153846154 0.027644230769230768 0.11057692307692307
0 0.328125 0.4795673076923077 0.05889423076923077 0.04567307692307692
0 0.3269230769230769 0.5336538461538461 0.06490384615384616 0.052884615384615384
0 0.32211538461538464 0.5913461538461539 0.06009615384615385 0.046875
0 0.3245192307692308 0.6454326923076923 0.057692307692307696 0.04807692307692308
0 0.32211538461538464 0.703125 0.056490384615384616 0.04567307692307692
0 0.3269230769230769 0.7596153846153846 0.05889423076923077 0.046875
0 0.3293269230769231 0.8137019230769231 0.056490384615384616 0.046875
0 0.3293269230769231 0.8713942307692307 0.055288461538461536 0.04807692307692308
0 0.32572115384615385 0.9266826923076923 0.06129807692307692 0.04807692307692308
0 0.3245192307692308 0.9759615384615384 0.06009615384615385 0.04447115384615385
0 0.5480769230769231 0.5901442307692307 0.055288461538461536 0.04567307692307692
0 0.5456730769230769 0.6454326923076923 0.057692307692307696 0.04567307692307692
0 0.5480769230769231 0.6995192307692307 0.06370192307692307 0.05048076923076923
0 0.5492788461538461 0.7596153846153846 0.06129807692307692 0.05048076923076923
0 0.5480769230769231 0.8112980769230769 0.06129807692307692 0.04807692307692308
0 0.546875 0.8677884615384616 0.056490384615384616 0.04807692307692308
0 0.5444711538461539 0.9230769230769231 0.06370192307692307 0.054086538461538464
0 0.5408653846153846 0.9759615384615384 0.06129807692307692 0.04326923076923077
0 0.4735576923076923 0.703125 0.056490384615384616 0.04326923076923077
0 0.4807692307692308 0.7620192307692307 0.056490384615384616 0.046875
0 0.47475961538461536 0.8161057692307693 0.06370192307692307 0.046875
0 0.4795673076923077 0.8677884615384616 0.052884615384615384 0.04807692307692308
0 0.4723557692307692 0.9254807692307693 0.05889423076923077 0.04326923076923077
0 0.47475961538461536 0.9747596153846154 0.06129807692307692 0.046875