0 0.6262019230769231 0.16706730769230768 0.06129807692307692 0.056490384615384616
0 0.6298076923076923 0.22355769230769232 0.06129807692307692 0.052884615384615384
0 0.6394230769230769 0.2764423076923077 0.05889423076923077 0.05048076923076923
0 0.6358173076923077 0.33413461538461536 0.06129807692307692 0.05048076923076923
0 0.6370192307692307 0.3870192307692308 0.06370192307692307 0.046875
0 0.6418269230769231 0.44350961538461536 0.06610576923076923 0.05889423076923077
0 0.6418269230769231 0.5012019230769231 0.06370192307692307 0.051682692307692304
0 0.6430288461538461 0.5540865384615384 0.06370192307692307 0.052884615384615384
0 0.6466346153846154 0.609375 0.06129807692307692 0.04567307692307692
0 0.5168269230769231 0.15144230769230768 0.027644230769230768 0.109375
0 0.5216346153846154 0.265625 0.027644230769230768 0.10697115384615384
0 0.5276442307692307 0.38100961538461536 0.028846153846153848 0.10576923076923077
0 0.5324519230769231 0.5036057692307693 0.03125 0.10817307692307693
0 0.5372596153846154 0.6165865384615384 0.026442307692307692 0.10096153846153846
0 0.5384615384615384 0.7355769230769231 0.027644230769230768 0.10576923076923077
0 0.45913461538461536 0.12139423076923077 0.06129807692307692 0.06009615384615385
0 0.46274038461538464 0.17908653846153846 0.06009615384615385 0.055288461538461536
0 0.4651442307692308 0.23798076923076922 0.06370192307692307 0.06009615384615385
0 0.4675480769230769 0.29447115384615385 0.06610576923076923 0.052884615384615384
0 0.46634615384615385 0.35096153846153844 0.06490384615384616 0.056490384615384616
0 0.4651442307692308 0.41346153846153844 0.057692307692307696 0.05048076923076923
0 0.47115384615384615 0.47115384615384615 0.0625 0.054086538461538464
0 0.47596153846153844 0.5264423076923077 0.06129807692307692 0.052884615384615384
0 0.484375 0.5805288461538461 0.06009615384615385 0.04807692307692308
0 0.4879807692307692 0.8605769230769231 0.06129807692307692 0.055288461538461536
0 0.4987980769230769 0.9110576923076923 0.05889423076923077 0.06009615384615385
0 0.28125 0.19951923076923078 0.06370192307692307 0.052884615384615384
0 0.28846153846153844 0.2536057692307692 0.06610576923076923 0.056490384615384616
0 0.28966346153846156 0.3137019230769231 0.06370192307692307 0.054086538461538464
0 0.2980769230769231 0.36778846153846156 0.052884615384615384 0.04807692307692308
0 0.2920673076923077 0.4254807692307692 0.06971153846153846 0.055288461538461536
0 0.29086538461538464 0.4855769230769231 0.06850961538461539 0.05048076923076923
0 0.29447115384615385 0.5432692307692307 0.06129807692307692 0.04807692307692308
0 0.30288461538461536 0.6009615384615384 0.06610576923076923 0.051682692307692304
0 0.3016826923076923 0.6598557692307693 0.06370192307692307 0.051682692307692304
0 0.3004807692307692 0.7163461538461539 0.05889423076923077 0.05048076923076923
0 0.296875 0.7776442307692307 0.06370192307692307 0.052884615384615384
0 0.3004807692307692 0.8317307692307693 0.06850961538461539 0.056490384615384616
0 0.2776442307692308 0.14182692307692307 0.06370192307692307 0.05048076923076923
0 0.3076923076923077 0.8894230769230769 0.07451923076923077 0.06971153846153846
0 0.31850961538461536 0.9435096153846154 0.06129807692307692 0.04807692307692308
0 0.6466346153846154 0.7259615384615384 0.05889423076923077 0.054086538461538464
0 0.6466346153846154 0.6694711538461539 0.06129807692307692 0.046875
0 0.6526442307692307 0.7788461538461539 0.06129807692307692 0.051682692307692304
0 0.6622596153846154 0.8377403846153846 0.06370192307692307 0.055288461538461536
0 0.6598557692307693 0.890625 0.05048076923076923 0.051682692307692304
0 0.6622596153846154 0.9435096153846154 0.06370192307692307 0.056490384615384616
0 0.6490384615384616 0.9855769230769231 0.06129807692307692 0.025240384615384616
0 0.5408653846153846 0.8557692307692307 0.030048076923076924 0.11057692307692307
0 0.5432692307692307 0.9567307692307693 0.025240384615384616 0.0829326923076923
0 0.49278846153846156 0.9723557692307693 0.05889423076923077 0.052884615384615384
0 0.31850961538461536 0.9855769230769231 0.052884615384615384 0.025240384615384616
0 0.27524038461538464 0.08052884615384616 0.06490384615384616 0.051682692307692304
0 0.27283653846153844 0.026442307692307692 0.06009615384615385 0.052884615384615384
0 0.45913461538461536 0.06490384615384616 0.06129807692307692 0.056490384615384616
0 0.5120192307692307 0.04567307692307692 0.025240384615384616 0.09014423076923077
0 0.46153846153846156 0.018028846153846152 0.06370192307692307 0.036057692307692304
0 0.6213942307692307 0.109375 0.056490384615384616 0.051682692307692304
0 0.6213942307692307 0.056490384615384616 0.06129807692307692 0.056490384615384616
0 0.6153846153846154 0.014423076923076924 0.052884615384615384 0.028846153846153848
0 0.4855769230769231 0.6370192307692307 0.06370192307692307 0.051682692307692304
0 0.48197115384615385 0.8064903846153846 0.06129807692307692 0.051682692307692304
0 0.48197115384615385 0.7487980769230769 0.06370192307692307 0.055288461538461536
0 0.4855769230769231 0.6911057692307693 0.06129807692307692 0.046875