0 0.2824519230769231 0.1346153846153846 0.06370192307692307 0.052884615384615384
0 0.2800480769230769 0.18990384615384615 0.06129807692307692 0.051682692307692304
0 0.4699519230769231 0.06490384615384616 0.0625 0.04807692307692308
0 0.4723557692307692 0.12139423076923077 0.06370192307692307 0.051682692307692304
0 0.4699519230769231 0.17548076923076922 0.06009615384615385 0.04807692307692308
0 0.4675480769230769 0.23557692307692307 0.0673076923076923 0.055288461538461536
0 0.4651442307692308 0.29447115384615385 0.06129807692307692 0.051682692307692304
0 0.4675480769230769 0.35096153846153844 0.06129807692307692 0.055288461538461536
0 0.47475961538461536 0.5805288461538461 0.04927884615384615 0.051682692307692304
0 0.5216346153846154 0.10576923076923077 0.026442307692307692 0.1045673076923077
0 0.5216346153846154 0.22596153846153846 0.027644230769230768 0.109375
0 0.5240384615384616 0.34615384615384615 0.027644230769230768 0.10697115384615384
0 0.6298076923076923 0.01201923076923077 0.06370192307692307 0.02403846153846154
0 0.3004807692307692 0.5973557692307693 0.06490384615384616 0.052884615384615384
0 0.5300480769230769 0.5829326923076923 0.027644230769230768 0.12139423076923077
0 0.48197115384615385 0.6394230769230769 0.06850961538461539 0.06850961538461539
0 0.484375 0.6983173076923077 0.055288461538461536 0.06009615384615385
0 0.3004807692307692 0.7115384615384616 0.06370192307692307 0.055288461538461536
0 0.48197115384615385 0.7572115384615384 0.0625 0.056490384615384616
0 0.4855769230769231 0.8197115384615384 0.0733173076923077 0.06971153846153846
0 0.47836538461538464 0.39663461538461536 0.06009615384615385 0.051682692307692304
0 0.47475961538461536 0.4639423076923077 0.05889423076923077 0.04807692307692308
0 0.47716346153846156 0.5252403846153846 0.04927884615384615 0.04567307692307692
0 0.5276442307692307 0.46274038461538464 0.025240384615384616 0.10336538461538461
0 0.5360576923076923 0.7091346153846154 0.027644230769230768 0.10817307692307693
0 0.6538461538461539 0.8966346153846154 0.06129807692307692 0.054086538461538464
0 0.2860576923076923 0.0733173076923077 0.06370192307692307 0.054086538461538464
0 0.2776442307692308 0.020432692307692308 0.06129807692307692 0.040865384615384616
0 0.5204326923076923 0.02283653846153846 0.03125 0.04567307692307692
0 0.46274038461538464 0.018028846153846152 0.05889423076923077 0.036057692307692304
0 0.6346153846153846 0.5108173076923077 0.06009615384615385 0.05048076923076923
0 0.6478365384615384 0.4483173076923077 0.0625 0.05889423076923077
0 0.6442307692307693 0.3918269230769231 0.04927884615384615 0.05048076923076923
0 0.6502403846153846 0.3401442307692308 0.0625 0.05048076923076923
0 0.640625 0.2800480769230769 0.06129807692307692 0.04807692307692308
0 0.6346153846153846 0.22596153846153846 0.056490384615384616 0.052884615384615384
0 0.6334134615384616 0.16826923076923078 0.0625 0.04807692307692308
0 0.6322115384615384 0.1141826923076923 0.06129807692307692 0.052884615384615384
0 0.6310096153846154 0.055288461538461536 0.06370192307692307 0.051682692307692304
0 0.2860576923076923 0.8341346153846154 0.06971153846153846 0.0625
0 0.2848557692307692 0.7704326923076923 0.05889423076923077 0.052884615384615384
0 0.2980769230769231 0.6514423076923077 0.051682692307692304 0.04447115384615385
0 0.29447115384615385 0.5348557692307693 0.06971153846153846 0.051682692307692304
0 0.29927884615384615 0.4795673076923077 0.051682692307692304 0.046875
0 0.2764423076923077 0.25 0.0625 0.052884615384615384
0 0.2776442307692308 0.30528846153846156 0.06490384615384616 0.052884615384615384
0 0.28725961538461536 0.3581730769230769 0.07451923076923077 0.06009615384615385
0 0.296875 0.4206730769230769 0.06009615384615385 0.05048076923076923
0 0.6526442307692307 0.9579326923076923 0.06610576923076923 0.055288461538461536
0 0.6538461538461539 0.8473557692307693 0.05889423076923077 0.054086538461538464
0 0.6526442307692307 0.7932692307692307 0.05889423076923077 0.06370192307692307
0 0.6550480769230769 0.7319711538461539 0.06009615384615385 0.054086538461538464
0 0.6442307692307693 0.6802884615384616 0.06129807692307692 0.05889423076923077
0 0.6418269230769231 0.6213942307692307 0.06490384615384616 0.056490384615384616
0 0.6394230769230769 0.5709134615384616 0.06370192307692307 0.05048076923076923