0 0.3894230769230769 0.5661057692307693 0.08653846153846154 0.07692307692307693
0 0.4831730769230769 0.5817307692307693 0.09014423076923077 0.07692307692307693
0 0.47836538461538464 0.6658653846153846 0.09254807692307693 0.07692307692307693
0 0.3858173076923077 0.6502403846153846 0.09134615384615384 0.07211538461538461
0 0.47475961538461536 0.7427884615384616 0.0889423076923077 0.06971153846153846
0 0.4723557692307692 0.8185096153846154 0.08774038461538461 0.07211538461538461
0 0.3786057692307692 0.7980769230769231 0.06971153846153846 0.07091346153846154
0 0.38100961538461536 0.7247596153846154 0.09134615384615384 0.07211538461538461
0 0.36658653846153844 0.9411057692307693 0.07451923076923077 0.08653846153846154
0 0.46033653846153844 0.9543269230769231 0.09134615384615384 0.078125
0 0.6526442307692307 0.6947115384615384 0.08173076923076923 0.06850961538461539
0 0.65625 0.7704326923076923 0.08413461538461539 0.06971153846153846
0 0.7487980769230769 0.7764423076923077 0.08413461538461539 0.0733173076923077
0 0.7331730769230769 0.8641826923076923 0.0733173076923077 0.06971153846153846
0 0.6514423076923077 0.8425480769230769 0.07091346153846154 0.06490384615384616
0 0.6454326923076923 0.9158653846153846 0.07211538461538461 0.07211538461538461
0 0.7307692307692307 0.9711538461538461 0.08413461538461539 0.054086538461538464
0 0.6394230769230769 0.9759615384615384 0.09014423076923077 0.04447115384615385
0 0.18028846153846154 0.5925480769230769 0.09254807692307693 0.07932692307692307
0 0.5901442307692307 0.1502403846153846 0.04567307692307692 0.15264423076923078
0 0.5420673076923077 0.15144230769230768 0.04447115384615385 0.1466346153846154
0 0.4963942307692308 0.16706730769230768 0.04447115384615385 0.15264423076923078
0 0.4567307692307692 0.16706730769230768 0.040865384615384616 0.140625
0 0.41346153846153844 0.171875 0.040865384615384616 0.15745192307692307
0 0.36899038461538464 0.17908653846153846 0.040865384615384616 0.15745192307692307
0 0.28966346153846156 0.18509615384615385 0.04567307692307692 0.16105769230769232
0 0.24519230769230768 0.18990384615384615 0.042067307692307696 0.15985576923076922
0 0.20192307692307693 0.19831730769230768 0.040865384615384616 0.15144230769230768
0 0.09254807692307693 0.2848557692307692 0.055288461538461536 0.16105769230769232
0 0.046875 0.30649038461538464 0.04567307692307692 0.11658653846153846
0 0.014423076923076924 0.3112980769230769 0.027644230769230768 0.16706730769230768
0 0.07451923076923077 0.5685096153846154 0.09975961538461539 0.07211538461538461
0 0.17668269230769232 0.6790865384615384 0.09735576923076923 0.08052884615384616
0 0.17668269230769232 0.7644230769230769 0.09375 0.07211538461538461
0 0.06370192307692307 0.8269230769230769 0.08653846153846154 0.07211538461538461
0 0.16826923076923078 0.9182692307692307 0.09134615384615384 0.07932692307692307
0 0.04927884615384615 0.9795673076923077 0.0985576923076923 0.037259615384615384