0 0.6526442307692307 0.33413461538461536 0.03365384615384615 0.13701923076923078
0 0.3737980769230769 0.6274038461538461 0.04326923076923077 0.12259615384615384
0 0.6947115384615384 0.31850961538461536 0.037259615384615384 0.13942307692307693
0 0.7355769230769231 0.3233173076923077 0.03485576923076923 0.13341346153846154
0 0.7716346153846154 0.33052884615384615 0.037259615384615384 0.1310096153846154
0 0.8209134615384616 0.3449519230769231 0.046875 0.15264423076923078
0 0.8533653846153846 0.33413461538461536 0.036057692307692304 0.1346153846153846
0 0.8870192307692307 0.3329326923076923 0.03485576923076923 0.11899038461538461
0 0.9242788461538461 0.33413461538461536 0.036057692307692304 0.14302884615384615
0 0.9675480769230769 0.34975961538461536 0.042067307692307696 0.1346153846153846
0 0.9915865384615384 0.3293269230769231 0.014423076923076924 0.12259615384615384
0 0.9675480769230769 0.03125 0.06129807692307692 0.0625
0 0.6262019230769231 0.016826923076923076 0.07932692307692307 0.03365384615384615
0 0.48677884615384615 0.014423076923076924 0.07091346153846154 0.027644230769230768
0 0.39663461538461536 0.009615384615384616 0.07692307692307693 0.018028846153846152
0 0.2932692307692308 0.014423076923076924 0.08413461538461539 0.027644230769230768
0 0.10697115384615384 0.016826923076923076 0.08533653846153846 0.03365384615384615
0 0.33533653846153844 0.6358173076923077 0.04567307692307692 0.13581730769230768
0 0.2956730769230769 0.6213942307692307 0.040865384615384616 0.12139423076923077
0 0.5456730769230769 0.625 0.04807692307692308 0.1346153846153846
0 0.5877403846153846 0.6274038461538461 0.04326923076923077 0.140625
0 0.6225961538461539 0.6237980769230769 0.04807692307692308 0.13581730769230768
0 0.6706730769230769 0.6286057692307693 0.04567307692307692 0.13221153846153846
0 0.8641826923076923 0.6286057692307693 0.046875 0.1310096153846154
0 0.9411057692307693 0.6262019230769231 0.046875 0.13341346153846154
0 0.9783653846153846 0.6358173076923077 0.039663461538461536 0.12860576923076922
0 0.6129807692307693 0.3125 0.03365384615384615 0.14302884615384615
0 0.5745192307692307 0.3161057692307692 0.03245192307692308 0.1346153846153846
0 0.5336538461538461 0.31490384615384615 0.03365384615384615 0.14543269230769232
0 0.49278846153846156 0.32211538461538464 0.037259615384615384 0.14182692307692307
0 0.4519230769230769 0.3112980769230769 0.036057692307692304 0.14302884615384615
0 0.4098557692307692 0.32211538461538464 0.03485576923076923 0.14543269230769232
0 0.36658653846153844 0.3125 0.036057692307692304 0.13942307692307693
0 0.32091346153846156 0.3016826923076923 0.03485576923076923 0.125
0 0.27884615384615385 0.31971153846153844 0.03485576923076923 0.1466346153846154
0 0.23197115384615385 0.3269230769230769 0.039663461538461536 0.13341346153846154
0 0.22956730769230768 0.47475961538461536 0.040865384615384616 0.1502403846153846
0 0.8185096153846154 0.9026442307692307 0.056490384615384616 0.13221153846153846
0 0.7247596153846154 0.8990384615384616 0.055288461538461536 0.14182692307692307
0 0.6826923076923077 0.9002403846153846 0.051682692307692304 0.1310096153846154
0 0.5432692307692307 0.9038461538461539 0.06129807692307692 0.15504807692307693
0 0.49038461538461536 0.9170673076923077 0.046875 0.13942307692307693
0 0.4495192307692308 0.9086538461538461 0.04807692307692308 0.12740384615384615
0 0.39903846153846156 0.9134615384615384 0.04807692307692308 0.1346153846153846
0 0.3076923076923077 0.9050480769230769 0.04927884615384615 0.12379807692307693
0 0.265625 0.8930288461538461 0.04567307692307692 0.14302884615384615
0 0.21754807692307693 0.9026442307692307 0.046875 0.12860576923076922
0 0.18028846153846154 0.890625 0.05048076923076923 0.125
0 0.13942307692307693 0.875 0.04807692307692308 0.12740384615384615
0 0.036057692307692304 0.016826923076923076 0.07211538461538461 0.03365384615384615