0 0.8810096153846154 0.36538461538461536 0.055288461538461536 0.054086538461538464
0 0.7067307692307693 0.4170673076923077 0.026442307692307692 0.11057692307692307
0 0.7127403846153846 0.25961538461538464 0.030048076923076924 0.11778846153846154
0 0.7151442307692307 0.12379807692307693 0.030048076923076924 0.11899038461538461
0 0.5697115384615384 0.021634615384615384 0.0625 0.04326923076923077
0 0.5661057692307693 0.1814903846153846 0.05889423076923077 0.051682692307692304
0 0.5697115384615384 0.2403846153846154 0.052884615384615384 0.051682692307692304
0 0.5685096153846154 0.2956730769230769 0.05889423076923077 0.05889423076923077
0 0.5685096153846154 0.35336538461538464 0.057692307692307696 0.04567307692307692
0 0.5637019230769231 0.4098557692307692 0.057692307692307696 0.051682692307692304
0 0.5649038461538461 0.4651442307692308 0.06129807692307692 0.04447115384615385
0 0.5612980769230769 0.5240384615384616 0.06370192307692307 0.051682692307692304
0 0.5612980769230769 0.5829326923076923 0.05889423076923077 0.046875
0 0.5588942307692307 0.6394230769230769 0.06370192307692307 0.04326923076923077
0 0.5564903846153846 0.6983173076923077 0.06129807692307692 0.04567307692307692
0 0.5576923076923077 0.75 0.06370192307692307 0.051682692307692304
0 0.5504807692307693 0.8088942307692307 0.06370192307692307 0.051682692307692304
0 0.41947115384615385 0.7331730769230769 0.057692307692307696 0.078125
0 0.4230769230769231 0.6694711538461539 0.06129807692307692 0.06850961538461539
0 0.421875 0.6153846153846154 0.056490384615384616 0.06971153846153846
0 0.42788461538461536 0.3137019230769231 0.055288461538461536 0.07211538461538461
0 0.3137019230769231 0.018028846153846152 0.055288461538461536 0.036057692307692304
0 0.30649038461538464 0.0625 0.057692307692307696 0.07692307692307693
0 0.30408653846153844 0.1141826923076923 0.05889423076923077 0.08413461538461539
0 0.30288461538461536 0.18028846153846154 0.057692307692307696 0.08173076923076923
0 0.30528846153846156 0.25 0.05889423076923077 0.078125
0 0.30288461538461536 0.32211538461538464 0.052884615384615384 0.06610576923076923
0 0.29927884615384615 0.3894230769230769 0.04927884615384615 0.07091346153846154
0 0.2932692307692308 0.44591346153846156 0.052884615384615384 0.06850961538461539
0 0.2980769230769231 0.5192307692307693 0.054086538461538464 0.07692307692307693
0 0.2980769230769231 0.5865384615384616 0.052884615384615384 0.06850961538461539
0 0.2932692307692308 0.6454326923076923 0.052884615384615384 0.07091346153846154
0 0.2920673076923077 0.7115384615384616 0.06129807692307692 0.08173076923076923
0 0.28966346153846156 0.7704326923076923 0.05889423076923077 0.07692307692307693
0 0.3004807692307692 0.8473557692307693 0.051682692307692304 0.06971153846153846
0 0.28725961538461536 0.9014423076923077 0.0625 0.08653846153846154
0 0.2956730769230769 0.9723557692307693 0.06850961538461539 0.052884615384615384