0 0.5528846153846154 0.3737980769230769 0.04927884615384615 0.17307692307692307
0 0.5048076923076923 0.38100961538461536 0.042067307692307696 0.171875
0 0.4567307692307692 0.36658653846153844 0.04567307692307692 0.171875
0 0.4026442307692308 0.38100961538461536 0.042067307692307696 0.17067307692307693
0 0.6057692307692307 0.3629807692307692 0.038461538461538464 0.17668269230769232
0 0.6550480769230769 0.359375 0.042067307692307696 0.15384615384615385
0 0.7043269230769231 0.3473557692307692 0.04807692307692308 0.17307692307692307
0 0.7548076923076923 0.3485576923076923 0.04326923076923077 0.16346153846153846
0 0.8028846153846154 0.35096153846153844 0.04927884615384615 0.15865384615384615
0 0.8497596153846154 0.3557692307692308 0.042067307692307696 0.15384615384615385
0 0.8942307692307693 0.35697115384615385 0.046875 0.14903846153846154
0 0.9471153846153846 0.36538461538461536 0.052884615384615384 0.15745192307692307
0 0.9831730769230769 0.8028846153846154 0.030048076923076924 0.15745192307692307
0 0.953125 0.8293269230769231 0.06009615384615385 0.171875
0 0.9026442307692307 0.8233173076923077 0.04807692307692308 0.17307692307692307
0 0.8581730769230769 0.8305288461538461 0.04807692307692308 0.16947115384615385
0 0.8088942307692307 0.8245192307692307 0.04927884615384615 0.17668269230769232
0 0.7620192307692307 0.8401442307692307 0.04927884615384615 0.16947115384615385
0 0.7067307692307693 0.8473557692307693 0.042067307692307696 0.1778846153846154
0 0.6586538461538461 0.8401442307692307 0.038461538461538464 0.1658653846153846
0 0.609375 0.8509615384615384 0.040865384615384616 0.15985576923076922
0 0.5564903846153846 0.8485576923076923 0.04326923076923077 0.1778846153846154
0 0.5084134615384616 0.8605769230769231 0.040865384615384616 0.14182692307692307
0 0.4567307692307692 0.8557692307692307 0.042067307692307696 0.1658653846153846
0 0.40625 0.8305288461538461 0.037259615384615384 0.16346153846153846
0 0.3581730769230769 0.8509615384615384 0.042067307692307696 0.17067307692307693
0 0.30649038461538464 0.8497596153846154 0.04447115384615385 0.16706730769230768
0 0.06370192307692307 0.7800480769230769 0.09014423076923077 0.07932692307692307
0 0.06129807692307692 0.6838942307692307 0.09975961538461539 0.07091346153846154
0 0.05889423076923077 0.5913461538461539 0.09254807692307693 0.07692307692307693
0 0.055288461538461536 0.5036057692307693 0.10096153846153846 0.07091346153846154
0 0.055288461538461536 0.41947115384615385 0.10096153846153846 0.07211538461538461
0 0.06129807692307692 0.3329326923076923 0.09975961538461539 0.0733173076923077
0 0.06610576923076923 0.24759615384615385 0.09014423076923077 0.07211538461538461
0 0.06129807692307692 0.1658653846153846 0.10096153846153846 0.07451923076923077