0 0.5877403846153846 0.7596153846153846 0.03245192307692308 0.13942307692307693
0 0.5480769230769231 0.7512019230769231 0.030048076923076924 0.12620192307692307
0 0.5060096153846154 0.7572115384615384 0.03125 0.11298076923076923
0 0.4651442307692308 0.7475961538461539 0.03245192307692308 0.13942307692307693
0 0.42427884615384615 0.7415865384615384 0.03485576923076923 0.14423076923076922
0 0.5228365384615384 0.9891826923076923 0.03245192307692308 0.018028846153846152
0 0.5600961538461539 0.984375 0.03245192307692308 0.026442307692307692
0 0.6009615384615384 0.9855769230769231 0.030048076923076924 0.02403846153846154
0 0.6442307692307693 0.9891826923076923 0.036057692307692304 0.019230769230769232
0 0.3581730769230769 0.9903846153846154 0.030048076923076924 0.016826923076923076
0 0.39663461538461536 0.9855769230769231 0.03485576923076923 0.02403846153846154
0 0.20072115384615385 0.9831730769230769 0.038461538461538464 0.030048076923076924
0 0.15625 0.9759615384615384 0.037259615384615384 0.04326923076923077
0 0.07572115384615384 0.9795673076923077 0.04567307692307692 0.037259615384615384
0 0.38341346153846156 0.7463942307692307 0.030048076923076924 0.12620192307692307
0 0.3449519230769231 0.7355769230769231 0.03245192307692308 0.1346153846153846
0 0.30528846153846156 0.7355769230769231 0.030048076923076924 0.08173076923076923
0 0.2644230769230769 0.7331730769230769 0.03365384615384615 0.13701923076923078
0 0.22596153846153846 0.7307692307692307 0.03365384615384615 0.12740384615384615
0 0.1875 0.75 0.040865384615384616 0.14302884615384615
0 0.14423076923076922 0.734375 0.038461538461538464 0.15144230769230768
0 0.10576923076923077 0.7331730769230769 0.037259615384615384 0.125
0 0.06610576923076923 0.734375 0.040865384615384616 0.14302884615384615
0 0.02403846153846154 0.7536057692307693 0.04807692307692308 0.16947115384615385
0 0.19951923076923078 0.41346153846153844 0.078125 0.07091346153846154
0 0.28846153846153844 0.41947115384615385 0.07932692307692307 0.056490384615384616
0 0.5072115384615384 0.4182692307692308 0.07692307692307693 0.0625
0 0.6971153846153846 0.41947115384615385 0.078125 0.06370192307692307
0 0.8377403846153846 0.5348557692307693 0.07932692307692307 0.0625
0 0.8028846153846154 0.921875 0.037259615384615384 0.1346153846153846
0 0.7439903846153846 0.7584134615384616 0.03245192307692308 0.1346153846153846
0 0.7043269230769231 0.7487980769230769 0.03365384615384615 0.12860576923076922
0 0.6670673076923077 0.7379807692307693 0.03245192307692308 0.13701923076923078
0 0.6298076923076923 0.7463942307692307 0.03245192307692308 0.14302884615384615