0 0.8954326923076923 0.23076923076923078 0.05048076923076923 0.04807692307692308
0 0.7247596153846154 0.28725961538461536 0.027644230769230768 0.1141826923076923
0 0.7307692307692307 0.13221153846153846 0.025240384615384616 0.11658653846153846
0 0.7307692307692307 0.027644230769230768 0.03365384615384615 0.054086538461538464
0 0.5865384615384616 0.05889423076923077 0.052884615384615384 0.052884615384615384
0 0.5901442307692307 0.1141826923076923 0.051682692307692304 0.051682692307692304
0 0.5901442307692307 0.16826923076923078 0.056490384615384616 0.055288461538461536
0 0.5877403846153846 0.2247596153846154 0.055288461538461536 0.04807692307692308
0 0.5841346153846154 0.2848557692307692 0.056490384615384616 0.052884615384615384
0 0.5877403846153846 0.33774038461538464 0.06129807692307692 0.04567307692307692
0 0.5841346153846154 0.39302884615384615 0.06009615384615385 0.054086538461538464
0 0.5841346153846154 0.453125 0.06009615384615385 0.04807692307692308
0 0.5841346153846154 0.5072115384615384 0.06129807692307692 0.046875
0 0.5841346153846154 0.5685096153846154 0.05889423076923077 0.04807692307692308
0 0.5841346153846154 0.6225961538461539 0.06370192307692307 0.05048076923076923
0 0.578125 0.6814903846153846 0.06129807692307692 0.05048076923076923
0 0.44711538461538464 0.4807692307692308 0.056490384615384616 0.06610576923076923
0 0.44711538461538464 0.5432692307692307 0.05889423076923077 0.07211538461538461
0 0.4495192307692308 0.19110576923076922 0.056490384615384616 0.08052884615384616
0 0.44591346153846156 0.6033653846153846 0.055288461538461536 0.08052884615384616
0 0.32572115384615385 0.7163461538461539 0.052884615384615384 0.06490384615384616
0 0.31971153846153844 0.7824519230769231 0.051682692307692304 0.06009615384615385
0 0.32572115384615385 0.8557692307692307 0.0625 0.07211538461538461
0 0.01201923076923077 0.19951923076923078 0.02403846153846154 0.12740384615384615
0 0.3293269230769231 0.12379807692307693 0.06129807692307692 0.08052884615384616
0 0.3293269230769231 0.05889423076923077 0.04927884615384615 0.07211538461538461
0 0.3293269230769231 0.019230769230769232 0.05048076923076923 0.038461538461538464
0 0.3293269230769231 0.1935096153846154 0.04567307692307692 0.06971153846153846
0 0.32211538461538464 0.2644230769230769 0.055288461538461536 0.06610576923076923
0 0.31850961538461536 0.32091346153846156 0.046875 0.06490384615384616
0 0.3245192307692308 0.39302884615384615 0.052884615384615384 0.07091346153846154
0 0.3233173076923077 0.4567307692307692 0.052884615384615384 0.06490384615384616
0 0.31850961538461536 0.5192307692307693 0.056490384615384616 0.07451923076923077
0 0.31850961538461536 0.5829326923076923 0.05889423076923077 0.08052884615384616
0 0.31850961538461536 0.6466346153846154 0.055288461538461536 0.07451923076923077