0 0.5048076923076923 0.49759615384615385 0.046875 0.13221153846153846
0 0.5865384615384616 0.4987980769230769 0.04927884615384615 0.1466346153846154
0 0.5288461538461539 0.19110576923076922 0.03245192307692308 0.12740384615384615
0 0.5697115384615384 0.18990384615384615 0.036057692307692304 0.14903846153846154
0 0.6153846153846154 0.20432692307692307 0.036057692307692304 0.140625
0 0.44711538461538464 0.203125 0.038461538461538464 0.15745192307692307
0 0.3161057692307692 0.7704326923076923 0.05048076923076923 0.1310096153846154
0 0.3605769230769231 0.7704326923076923 0.055288461538461536 0.13942307692307693
0 0.4567307692307692 0.7776442307692307 0.051682692307692304 0.1346153846153846
0 0.4026442307692308 0.1935096153846154 0.037259615384615384 0.13341346153846154
0 0.36658653846153844 0.1875 0.03365384615384615 0.1310096153846154
0 0.3245192307692308 0.1814903846153846 0.03485576923076923 0.13581730769230768
0 0.28365384615384615 0.203125 0.03245192307692308 0.1346153846153846
0 0.2439903846153846 0.18509615384615385 0.036057692307692304 0.140625
0 0.20673076923076922 0.18990384615384615 0.037259615384615384 0.13221153846153846
0 0.16706730769230768 0.1935096153846154 0.038461538461538464 0.13942307692307693
0 0.12620192307692307 0.19591346153846154 0.040865384615384616 0.13701923076923078
0 0.08774038461538461 0.18990384615384615 0.038461538461538464 0.140625
0 0.04807692307692308 0.20192307692307693 0.040865384615384616 0.13942307692307693
0 0.01201923076923077 0.18990384615384615 0.02403846153846154 0.13701923076923078
0 0.019230769230769232 0.49278846153846156 0.038461538461538464 0.12139423076923077
0 0.1778846153846154 0.49399038461538464 0.05048076923076923 0.13341346153846154
0 0.21634615384615385 0.4987980769230769 0.04807692307692308 0.13581730769230768
0 0.2512019230769231 0.49158653846153844 0.05048076923076923 0.13581730769230768
0 0.2956730769230769 0.4987980769230769 0.05048076923076923 0.1346153846153846
0 0.6334134615384616 0.5036057692307693 0.04326923076923077 0.1346153846153846
0 0.7920673076923077 0.5084134615384616 0.04807692307692308 0.125
0 0.8293269230769231 0.5036057692307693 0.05048076923076923 0.13581730769230768
0 0.9074519230769231 0.5180288461538461 0.046875 0.12379807692307693
0 0.9471153846153846 0.5096153846153846 0.046875 0.1310096153846154
0 0.9807692307692307 0.49759615384615385 0.037259615384615384 0.13221153846153846
0 0.9591346153846154 0.7788461538461539 0.052884615384615384 0.1310096153846154
0 0.9242788461538461 0.7572115384615384 0.0673076923076923 0.13701923076923078
0 0.8737980769230769 0.7668269230769231 0.056490384615384616 0.13221153846153846
0 0.8317307692307693 0.7704326923076923 0.06129807692307692 0.1310096153846154
0 0.7367788461538461 0.7716346153846154 0.052884615384615384 0.125
0 0.6971153846153846 0.7680288461538461 0.06850961538461539 0.15144230769230768
0 0.17427884615384615 0.7716346153846154 0.06129807692307692 0.15865384615384615
0 0.12620192307692307 0.7764423076923077 0.04567307692307692 0.1310096153846154
0 0.08653846153846154 0.7752403846153846 0.046875 0.12620192307692307
0 0.036057692307692304 0.7824519230769231 0.056490384615384616 0.1346153846153846
0 0.4879807692307692 0.19471153846153846 0.03365384615384615 0.13581730769230768
0 0.6526442307692307 0.18629807692307693 0.03125 0.12620192307692307
0 0.6899038461538461 0.18870192307692307 0.03365384615384615 0.12620192307692307
0 0.7307692307692307 0.19110576923076922 0.03245192307692308 0.08173076923076923
0 0.7692307692307693 0.19110576923076922 0.03365384615384615 0.13221153846153846
0 0.8064903846153846 0.203125 0.03485576923076923 0.11899038461538461
0 0.8449519230769231 0.19591346153846154 0.036057692307692304 0.13581730769230768
0 0.8822115384615384 0.203125 0.037259615384615384 0.12740384615384615
0 0.9230769230769231 0.21394230769230768 0.037259615384615384 0.09975961538461539
0 0.9615384615384616 0.20673076923076922 0.038461538461538464 0.11899038461538461
0 0.9903846153846154 0.21394230769230768 0.018028846153846152 0.13581730769230768