0 0.41346153846153844 0.6670673076923077 0.05889423076923077 0.04447115384615385
0 0.41225961538461536 0.7211538461538461 0.052884615384615384 0.04326923076923077
0 0.41466346153846156 0.7776442307692307 0.057692307692307696 0.04447115384615385
0 0.41947115384615385 0.9411057692307693 0.05889423076923077 0.04567307692307692
0 0.4170673076923077 0.9855769230769231 0.056490384615384616 0.025240384615384616
0 0.2800480769230769 0.9807692307692307 0.057692307692307696 0.036057692307692304
0 0.2848557692307692 0.9302884615384616 0.056490384615384616 0.046875
0 0.2800480769230769 0.8774038461538461 0.055288461538461536 0.05048076923076923
0 0.2848557692307692 0.8233173076923077 0.057692307692307696 0.05048076923076923
0 0.2776442307692308 0.7692307692307693 0.056490384615384616 0.04447115384615385
0 0.27403846153846156 0.7139423076923077 0.054086538461538464 0.04807692307692308
0 0.2800480769230769 0.5432692307692307 0.06370192307692307 0.04807692307692308
0 0.2860576923076923 0.6057692307692307 0.056490384615384616 0.04807692307692308
0 0.2848557692307692 0.6622596153846154 0.06129807692307692 0.046875
0 0.14423076923076922 0.9663461538461539 0.056490384615384616 0.052884615384615384
0 0.14182692307692307 0.8509615384615384 0.06610576923076923 0.046875
0 0.14302884615384615 0.796875 0.06370192307692307 0.04807692307692308
0 0.14423076923076922 0.7415865384615384 0.056490384615384616 0.04807692307692308
0 0.14182692307692307 0.6862980769230769 0.06129807692307692 0.04807692307692308
0 0.14302884615384615 0.6322115384615384 0.06129807692307692 0.04447115384615385
0 0.14423076923076922 0.5769230769230769 0.06129807692307692 0.05048076923076923
0 0.14783653846153846 0.5204326923076923 0.0625 0.04807692307692308
0 0.15144230769230768 0.4699519230769231 0.057692307692307696 0.04567307692307692
0 0.15264423076923078 0.4026442307692308 0.06370192307692307 0.046875