0 0.28125 0.4098557692307692 0.056490384615384616 0.10336538461538461
0 0.3112980769230769 0.47596153846153844 0.054086538461538464 0.09134615384615384
0 0.38100961538461536 0.5805288461538461 0.052884615384615384 0.09615384615384616
0 0.44711538461538464 0.6971153846153846 0.06129807692307692 0.10817307692307693
0 0.4807692307692308 0.7560096153846154 0.056490384615384616 0.10817307692307693
0 0.5096153846153846 0.8161057692307693 0.056490384615384616 0.09735576923076923
0 0.5552884615384616 0.8557692307692307 0.052884615384615384 0.0985576923076923
0 0.2127403846153846 0.296875 0.06610576923076923 0.07211538461538461
0 0.2536057692307692 0.22235576923076922 0.05889423076923077 0.0985576923076923
0 0.28725961538461536 0.15985576923076922 0.05889423076923077 0.10336538461538461
0 0.3161057692307692 0.09134615384615384 0.056490384615384616 0.0985576923076923
0 0.35697115384615385 0.04927884615384615 0.055288461538461536 0.0985576923076923
0 0.40024038461538464 0.014423076923076924 0.038461538461538464 0.028846153846153848
0 0.4230769230769231 0.2920673076923077 0.055288461538461536 0.09254807692307693
0 0.46875 0.3737980769230769 0.052884615384615384 0.09134615384615384
0 0.44350961538461536 0.24158653846153846 0.054086538461538464 0.09254807692307693
0 0.49278846153846156 0.3245192307692308 0.055288461538461536 0.09615384615384616
0 0.5144230769230769 0.2860576923076923 0.055288461538461536 0.1045673076923077
0 0.5985576923076923 0.2932692307692308 0.056490384615384616 0.1045673076923077
0 0.5420673076923077 0.25600961538461536 0.054086538461538464 0.0985576923076923
0 0.5625 0.20793269230769232 0.055288461538461536 0.10096153846153846
0 0.5877403846153846 0.17548076923076922 0.052884615384615384 0.0985576923076923
0 0.6069711538461539 0.13221153846153846 0.054086538461538464 0.10096153846153846
0 0.6298076923076923 0.09615384615384616 0.04807692307692308 0.0889423076923077
0 0.6502403846153846 0.055288461538461536 0.05048076923076923 0.0985576923076923
0 0.6706730769230769 0.03245192307692308 0.04927884615384615 0.06370192307692307
0 0.6959134615384616 0.016826923076923076 0.04567307692307692 0.03365384615384615
0 0.609375 0.008413461538461538 0.03245192307692308 0.016826923076923076
0 0.5805288461538461 0.030048076923076924 0.055288461538461536 0.06009615384615385
0 0.5552884615384616 0.04807692307692308 0.05048076923076923 0.0889423076923077
0 0.5324519230769231 0.08173076923076923 0.05048076923076923 0.09495192307692307
0 0.5096153846153846 0.11778846153846154 0.055288461538461536 0.09254807692307693
0 0.49399038461538464 0.16826923076923078 0.055288461538461536 0.09735576923076923
0 0.4651442307692308 0.203125 0.055288461538461536 0.09975961538461539
0 0.5721153846153846 0.5600961538461539 0.052884615384615384 0.09254807692307693
0 0.5925480769230769 0.5108173076923077 0.04567307692307692 0.08413461538461539
0 0.6189903846153846 0.47596153846153844 0.054086538461538464 0.09735576923076923
0 0.6646634615384616 0.5480769230769231 0.04807692307692308 0.09014423076923077
0 0.6887019230769231 0.5180288461538461 0.054086538461538464 0.0985576923076923
0 0.6382211538461539 0.4338942307692308 0.04567307692307692 0.08173076923076923
0 0.6610576923076923 0.3942307692307692 0.056490384615384616 0.10096153846153846
0 0.6838942307692307 0.35336538461538464 0.056490384615384616 0.10576923076923077
0 0.7091346153846154 0.32091346153846156 0.054086538461538464 0.09735576923076923
0 0.7283653846153846 0.27524038461538464 0.055288461538461536 0.09615384615384616
0 0.7487980769230769 0.23798076923076922 0.055288461538461536 0.0985576923076923
0 0.7704326923076923 0.20432692307692307 0.052884615384615384 0.09014423076923077
0 0.7908653846153846 0.16706730769230768 0.04807692307692308 0.0889423076923077
0 0.8125 0.12740384615384615 0.057692307692307696 0.09615384615384616
0 0.8305288461538461 0.08774038461538461 0.052884615384615384 0.09134615384615384
0 0.8497596153846154 0.05048076923076923 0.052884615384615384 0.08774038461538461
0 0.8689903846153846 0.02403846153846154 0.04807692307692308 0.046875
0 0.8966346153846154 0.008413461538461538 0.027644230769230768 0.016826923076923076
0 0.9831730769230769 0.020432692307692308 0.03125 0.040865384615384616
0 0.9591346153846154 0.03485576923076923 0.05048076923076923 0.06971153846153846
0 0.9362980769230769 0.06129807692307692 0.04807692307692308 0.09014423076923077
0 0.9170673076923077 0.0985576923076923 0.04807692307692308 0.09254807692307693
0 0.8966346153846154 0.12860576923076922 0.04807692307692308 0.09254807692307693
0 0.875 0.171875 0.04807692307692308 0.09014423076923077
0 0.8557692307692307 0.21153846153846154 0.04447115384615385 0.08052884615384616
0 0.8401442307692307 0.24879807692307693 0.046875 0.09014423076923077
0 0.8161057692307693 0.28365384615384615 0.051682692307692304 0.09615384615384616
0 0.7956730769230769 0.3245192307692308 0.05048076923076923 0.09134615384615384
0 0.7752403846153846 0.3557692307692308 0.051682692307692304 0.09975961538461539
0 0.7536057692307693 0.39903846153846156 0.05048076923076923 0.08774038461538461
0 0.734375 0.4411057692307692 0.046875 0.0889423076923077
0 0.7127403846153846 0.4795673076923077 0.052884615384615384 0.0889423076923077
0 0.7584134615384616 0.5528846153846154 0.057692307692307696 0.09495192307692307
0 0.9891826923076923 0.2536057692307692 0.020432692307692308 0.0625
0 0.9783653846153846 0.2980769230769231 0.040865384615384616 0.09254807692307693
0 0.9651442307692307 0.3401442307692308 0.057692307692307696 0.09134615384615384
0 0.9423076923076923 0.37259615384615385 0.04807692307692308 0.08774038461538461
0 0.8052884615384616 0.6574519230769231 0.054086538461538464 0.09495192307692307
0 0.8185096153846154 0.609375 0.04927884615384615 0.08774038461538461
0 0.8425480769230769 0.5733173076923077 0.056490384615384616 0.09615384615384616
0 0.8629807692307693 0.5264423076923077 0.054086538461538464 0.08774038461538461
0 0.8858173076923077 0.49759615384615385 0.054086538461538464 0.09495192307692307
0 0.9074519230769231 0.4567307692307692 0.05048076923076923 0.08173076923076923
0 0.9254807692307693 0.421875 0.054086538461538464 0.0889423076923077