0 0.9651442307692307 0.9098557692307693 0.06610576923076923 0.08173076923076923
0 0.9639423076923077 0.9783653846153846 0.06971153846153846 0.042067307692307696
0 0.8822115384615384 0.9759615384615384 0.08173076923076923 0.04326923076923077
0 0.8810096153846154 0.9170673076923077 0.09495192307692307 0.06850961538461539
0 0.7067307692307693 0.9314903846153846 0.08774038461538461 0.08052884615384616
0 0.6129807692307693 0.9399038461538461 0.07932692307692307 0.06971153846153846
0 0.4206730769230769 0.9651442307692307 0.0889423076923077 0.06490384615384616
0 0.3161057692307692 0.9699519230769231 0.09014423076923077 0.056490384615384616
0 0.4206730769230769 0.5829326923076923 0.08774038461538461 0.07091346153846154
0 0.32091346153846156 0.5841346153846154 0.08653846153846154 0.06490384615384616
0 0.3137019230769231 0.5024038461538461 0.09615384615384616 0.06850961538461539
0 0.40865384615384615 0.49759615384615385 0.08413461538461539 0.06370192307692307
0 0.40024038461538464 0.34134615384615385 0.09375 0.0733173076923077
0 0.2980769230769231 0.3545673076923077 0.08413461538461539 0.06610576923076923
0 0.6826923076923077 0.39302884615384615 0.0889423076923077 0.06490384615384616
0 0.6887019230769231 0.46634615384615385 0.08173076923076923 0.06490384615384616
0 0.6947115384615384 0.5444711538461539 0.0829326923076923 0.06370192307692307
0 0.5961538461538461 0.4807692307692308 0.08653846153846154 0.07692307692307693
0 0.6021634615384616 0.5625 0.08533653846153846 0.06610576923076923
0 0.5949519230769231 0.4074519230769231 0.07692307692307693 0.05889423076923077
0 0.6862980769230769 0.3161057692307692 0.08413461538461539 0.06850961538461539
0 0.6814903846153846 0.23317307692307693 0.08774038461538461 0.06490384615384616
0 0.5973557692307693 0.17908653846153846 0.0673076923076923 0.07451923076923077
0 0.6814903846153846 0.16105769230769232 0.08774038461538461 0.07091346153846154
0 0.5901442307692307 0.10336538461538461 0.08173076923076923 0.0733173076923077
0 0.6742788461538461 0.03125 0.08533653846153846 0.0625
0 0.8569711538461539 0.07932692307692307 0.08774038461538461 0.06971153846153846
0 0.8557692307692307 0.021634615384615384 0.09134615384615384 0.04326923076923077
0 0.9471153846153846 0.051682692307692304 0.07932692307692307 0.06610576923076923
0 0.9579326923076923 0.12379807692307693 0.07451923076923077 0.0625
0 0.9507211538461539 0.19951923076923078 0.0889423076923077 0.07091346153846154
0 0.8629807692307693 0.21995192307692307 0.0889423076923077 0.0733173076923077
0 0.8677884615384616 0.28846153846153844 0.07932692307692307 0.07091346153846154
0 0.9519230769230769 0.28365384615384615 0.07451923076923077 0.06971153846153846
0 0.9555288461538461 0.36899038461538464 0.08413461538461539 0.06370192307692307
0 0.8629807692307693 0.36899038461538464 0.08653846153846154 0.06610576923076923
0 0.8689903846153846 0.4495192307692308 0.08413461538461539 0.0625
0 0.9579326923076923 0.44711538461538464 0.08173076923076923 0.06009615384615385
0 0.9591346153846154 0.5204326923076923 0.07932692307692307 0.06971153846153846