0 0.3088942307692308 0.5276442307692307 0.03245192307692308 0.125
0 0.34375 0.5336538461538461 0.03245192307692308 0.125
0 0.38221153846153844 0.5264423076923077 0.03245192307692308 0.12259615384615384
0 0.4206730769230769 0.5588942307692307 0.03125 0.1310096153846154
0 0.45913461538461536 0.5540865384615384 0.03485576923076923 0.13221153846153846
0 0.6418269230769231 0.18389423076923078 0.03245192307692308 0.12379807692307693
0 0.7572115384615384 0.5360576923076923 0.037259615384615384 0.12620192307692307
0 0.7211538461538461 0.5336538461538461 0.03485576923076923 0.12379807692307693
0 0.6838942307692307 0.5288461538461539 0.030048076923076924 0.12620192307692307
0 0.6454326923076923 0.5420673076923077 0.03485576923076923 0.125
0 0.6081730769230769 0.5360576923076923 0.03245192307692308 0.12139423076923077
0 0.5709134615384616 0.5384615384615384 0.027644230769230768 0.10697115384615384
0 0.5348557692307693 0.5516826923076923 0.03125 0.13341346153846154
0 0.8004807692307693 0.8581730769230769 0.03485576923076923 0.12259615384615384
0 0.7548076923076923 0.8725961538461539 0.03245192307692308 0.12860576923076922
0 0.7175480769230769 0.8774038461538461 0.028846153846153848 0.10697115384615384
0 0.6838942307692307 0.8605769230769231 0.03485576923076923 0.13221153846153846
0 0.6478365384615384 0.8846153846153846 0.03125 0.125
0 0.5721153846153846 0.8894230769230769 0.028846153846153848 0.13581730769230768
0 0.35336538461538464 0.8737980769230769 0.03365384615384615 0.12740384615384615
0 0.2403846153846154 0.5300480769230769 0.03365384615384615 0.11899038461538461
0 0.24278846153846154 0.9038461538461539 0.038461538461538464 0.1310096153846154
0 0.20432692307692307 0.5384615384615384 0.03365384615384615 0.13341346153846154
0 0.5348557692307693 0.8930288461538461 0.03125 0.12740384615384615
0 0.609375 0.8810096153846154 0.030048076923076924 0.13221153846153846
0 0.4963942307692308 0.8954326923076923 0.03365384615384615 0.20552884615384615
0 0.39302884615384615 0.7560096153846154 0.06370192307692307 0.11658653846153846
0 0.17307692307692307 0.8786057692307693 0.03485576923076923 0.140625
0 0.10216346153846154 0.8774038461538461 0.037259615384615384 0.13221153846153846
0 0.06610576923076923 0.8870192307692307 0.037259615384615384 0.125
0 0.030048076923076924 0.8870192307692307 0.040865384615384616 0.125
0 0.006009615384615385 0.8689903846153846 0.01201923076923077 0.11658653846153846
0 0.17067307692307693 0.5336538461538461 0.03365384615384615 0.10576923076923077
0 0.13581730769230768 0.5516826923076923 0.03365384615384615 0.12620192307692307
0 0.09975961538461539 0.5420673076923077 0.03245192307692308 0.11778846153846154
0 0.0625 0.5432692307692307 0.037259615384615384 0.12860576923076922
0 0.027644230769230768 0.546875 0.03485576923076923 0.12620192307692307
0 0.006009615384615385 0.5504807692307693 0.01201923076923077 0.12139423076923077
0 0.6754807692307693 0.17668269230769232 0.03245192307692308 0.13701923076923078
0 0.7115384615384616 0.18990384615384615 0.03245192307692308 0.125
0 0.7463942307692307 0.18870192307692307 0.03245192307692308 0.109375
0 0.78125 0.15985576923076922 0.036057692307692304 0.11778846153846154
0 0.6009615384615384 0.19591346153846154 0.028846153846153848 0.12259615384615384
0 0.5661057692307693 0.1935096153846154 0.028846153846153848 0.12259615384615384
0 0.5324519230769231 0.18990384615384615 0.027644230769230768 0.1141826923076923
0 0.49759615384615385 0.18389423076923078 0.03125 0.12860576923076922
0 0.46274038461538464 0.17908653846153846 0.030048076923076924 0.11658653846153846
0 0.4254807692307692 0.16346153846153846 0.03125 0.13221153846153846
0 0.3858173076923077 0.19110576923076922 0.030048076923076924 0.13341346153846154
0 0.34975961538461536 0.1875 0.03125 0.1310096153846154
0 0.3161057692307692 0.18028846153846154 0.03125 0.12860576923076922
0 0.2091346153846154 0.18389423076923078 0.03365384615384615 0.109375
0 0.17548076923076922 0.19110576923076922 0.03125 0.11658653846153846
0 0.13581730769230768 0.19471153846153846 0.037259615384615384 0.11778846153846154
0 0.10336538461538461 0.1875 0.036057692307692304 0.12620192307692307
0 0.03485576923076923 0.1935096153846154 0.040865384615384616 0.11057692307692307