0 0.6670673076923077 0.06490384615384616 0.030048076923076924 0.09975961538461539
0 0.6706730769230769 0.17668269230769232 0.030048076923076924 0.11057692307692307
0 0.6574519230769231 0.4879807692307692 0.030048076923076924 0.10817307692307693
0 0.6526442307692307 0.6322115384615384 0.028846153846153848 0.10697115384615384
0 0.6466346153846154 0.7668269230769231 0.030048076923076924 0.109375
0 0.6478365384615384 0.9158653846153846 0.03125 0.109375
0 0.5276442307692307 0.04567307692307692 0.06490384615384616 0.051682692307692304
0 0.5252403846153846 0.014423076923076924 0.06129807692307692 0.028846153846153848
0 0.5192307692307693 0.10336538461538461 0.06129807692307692 0.06129807692307692
0 0.5132211538461539 0.15745192307692307 0.057692307692307696 0.055288461538461536
0 0.5072115384615384 0.2127403846153846 0.06009615384615385 0.06009615384615385
0 0.5144230769230769 0.27524038461538464 0.054086538461538464 0.055288461538461536
0 0.5240384615384616 0.3329326923076923 0.04807692307692308 0.04807692307692308
0 0.5168269230769231 0.3858173076923077 0.056490384615384616 0.04807692307692308
0 0.5120192307692307 0.5 0.056490384615384616 0.05048076923076923
0 0.5012019230769231 0.5600961538461539 0.06009615384615385 0.052884615384615384
0 0.5036057692307693 0.7884615384615384 0.05048076923076923 0.04807692307692308
0 0.4963942307692308 0.9579326923076923 0.05889423076923077 0.055288461538461536
0 0.390625 0.038461538461538464 0.052884615384615384 0.06490384615384616
0 0.38100961538461536 0.0985576923076923 0.06129807692307692 0.0625
0 0.38100961538461536 0.15985576923076922 0.057692307692307696 0.07451923076923077
0 0.37740384615384615 0.3245192307692308 0.055288461538461536 0.06009615384615385
0 0.3798076923076923 0.3858173076923077 0.056490384615384616 0.07091346153846154
0 0.3629807692307692 0.7391826923076923 0.05889423076923077 0.06610576923076923
0 0.359375 0.8545673076923077 0.06490384615384616 0.07211538461538461
0 0.25600961538461536 0.06490384615384616 0.06129807692307692 0.07932692307692307
0 0.25721153846153844 0.1346153846153846 0.06610576923076923 0.0829326923076923
0 0.25721153846153844 0.019230769230769232 0.06129807692307692 0.038461538461538464
0 0.2536057692307692 0.20192307692307693 0.0625 0.07932692307692307
0 0.25600961538461536 0.27163461538461536 0.06129807692307692 0.07451923076923077
0 0.2512019230769231 0.3317307692307692 0.06370192307692307 0.078125
0 0.24519230769230768 0.3918269230769231 0.0625 0.08413461538461539
0 0.24519230769230768 0.4723557692307692 0.0625 0.07211538461538461
0 0.2439903846153846 0.5324519230769231 0.06370192307692307 0.0733173076923077
0 0.2403846153846154 0.5997596153846154 0.06370192307692307 0.07932692307692307
0 0.23557692307692307 0.6526442307692307 0.06490384615384616 0.08774038461538461
0 0.23677884615384615 0.7223557692307693 0.06610576923076923 0.06490384615384616
0 0.23557692307692307 0.7908653846153846 0.06610576923076923 0.08173076923076923
0 0.23317307692307693 0.8641826923076923 0.06370192307692307 0.06490384615384616
0 0.23197115384615385 0.9314903846153846 0.06370192307692307 0.07211538461538461
0 0.22596153846153846 0.9783653846153846 0.0625 0.042067307692307696