0 0.09495192307692307 0.859375 0.04807692307692308 0.16346153846153846
0 0.04927884615384615 0.8786057692307693 0.04326923076923077 0.13942307692307693
0 0.015625 0.8810096153846154 0.03125 0.16706730769230768
0 0.20673076923076922 0.7788461538461539 0.040865384615384616 0.14903846153846154
0 0.2536057692307692 0.7776442307692307 0.042067307692307696 0.15985576923076922
0 0.29447115384615385 0.7716346153846154 0.04567307692307692 0.16105769230769232
0 0.3762019230769231 0.7716346153846154 0.038461538461538464 0.16706730769230768
0 0.41947115384615385 0.7680288461538461 0.038461538461538464 0.16105769230769232
0 0.46153846153846156 0.7620192307692307 0.038461538461538464 0.14423076923076922
0 0.5012019230769231 0.7620192307692307 0.040865384615384616 0.16105769230769232
0 0.5456730769230769 0.75 0.036057692307692304 0.15745192307692307
0 0.7451923076923077 0.41346153846153844 0.08413461538461539 0.11658653846153846
0 0.7572115384615384 0.4987980769230769 0.08173076923076923 0.12379807692307693
0 0.7824519230769231 0.5588942307692307 0.07932692307692307 0.11778846153846154
0 0.8125 0.6177884615384616 0.07451923076923077 0.11778846153846154
0 0.8533653846153846 0.04326923076923077 0.07211538461538461 0.08653846153846154
0 0.8737980769230769 0.09615384615384616 0.0829326923076923 0.11298076923076923
0 0.9471153846153846 0.03485576923076923 0.07692307692307693 0.06971153846153846
0 0.9663461538461539 0.08173076923076923 0.06490384615384616 0.10697115384615384
0 0.9747596153846154 0.15384615384615385 0.04807692307692308 0.09615384615384616
0 0.9879807692307693 0.23798076923076922 0.02283653846153846 0.08173076923076923
0 0.8942307692307693 0.16826923076923078 0.09014423076923077 0.125
0 0.9002403846153846 0.2439903846153846 0.06971153846153846 0.09495192307692307
0 0.9362980769230769 0.30288461538461536 0.08533653846153846 0.11057692307692307
0 0.9591346153846154 0.3713942307692308 0.07572115384615384 0.09254807692307693
0 0.9723557692307693 0.43509615384615385 0.054086538461538464 0.09735576923076923
0 0.9807692307692307 0.5096153846153846 0.037259615384615384 0.08413461538461539
0 0.9879807692307693 0.5889423076923077 0.021634615384615384 0.07091346153846154