0 0.6682692307692307 0.04927884615384615 0.03365384615384615 0.0985576923076923
0 0.6634615384615384 0.17908653846153846 0.03125 0.10576923076923077
0 0.6682692307692307 0.2920673076923077 0.030048076923076924 0.11538461538461539
0 0.6550480769230769 0.6057692307692307 0.03125 0.11298076923076923
0 0.6502403846153846 0.7560096153846154 0.03125 0.11298076923076923
0 0.6442307692307693 0.8858173076923077 0.03245192307692308 0.1045673076923077
0 0.4987980769230769 0.9134615384615384 0.05048076923076923 0.05048076923076923
0 0.4963942307692308 0.6814903846153846 0.05889423076923077 0.056490384615384616
0 0.5072115384615384 0.6225961538461539 0.055288461538461536 0.054086538461538464
0 0.5132211538461539 0.5072115384615384 0.056490384615384616 0.052884615384615384
0 0.5192307692307693 0.4483173076923077 0.04807692307692308 0.04567307692307692
0 0.5084134615384616 0.3918269230769231 0.056490384615384616 0.05048076923076923
0 0.5036057692307693 0.3329326923076923 0.06129807692307692 0.05048076923076923
0 0.5096153846153846 0.27163461538461536 0.055288461538461536 0.055288461538461536
0 0.5144230769230769 0.21634615384615385 0.06009615384615385 0.05048076923076923
0 0.5240384615384616 0.16346153846153846 0.06129807692307692 0.052884615384615384
0 0.5216346153846154 0.10817307692307693 0.05889423076923077 0.04807692307692308
0 0.5120192307692307 0.04567307692307692 0.06129807692307692 0.055288461538461536
0 0.3858173076923077 0.09254807692307693 0.06129807692307692 0.06850961538461539
0 0.38461538461538464 0.15745192307692307 0.056490384615384616 0.0625
0 0.3762019230769231 0.21754807692307693 0.06610576923076923 0.06370192307692307
0 0.3762019230769231 0.2800480769230769 0.06129807692307692 0.06370192307692307
0 0.3713942307692308 0.4483173076923077 0.05889423076923077 0.06971153846153846
0 0.375 0.5096153846153846 0.06370192307692307 0.06610576923076923
0 0.35697115384615385 0.8665865384615384 0.0625 0.06850961538461539
0 0.35336538461538464 0.9723557692307693 0.06490384615384616 0.052884615384615384
0 0.2247596153846154 0.9759615384615384 0.06129807692307692 0.04326923076923077
0 0.2283653846153846 0.9194711538461539 0.06370192307692307 0.0829326923076923
0 0.2283653846153846 0.8533653846153846 0.06610576923076923 0.06850961538461539
0 0.22596153846153846 0.7800480769230769 0.06610576923076923 0.08413461538461539
0 0.23076923076923078 0.7247596153846154 0.06370192307692307 0.08052884615384616
0 0.23798076923076922 0.6586538461538461 0.06490384615384616 0.0733173076923077
0 0.23798076923076922 0.5925480769230769 0.0625 0.078125
0 0.23677884615384615 0.515625 0.06009615384615385 0.07211538461538461
0 0.24158653846153846 0.4543269230769231 0.06490384615384616 0.08173076923076923
0 0.24639423076923078 0.3918269230769231 0.06610576923076923 0.07932692307692307
0 0.2439903846153846 0.31971153846153844 0.06490384615384616 0.08173076923076923
0 0.25 0.25240384615384615 0.06610576923076923 0.07932692307692307
0 0.24759615384615385 0.18509615384615385 0.06370192307692307 0.07932692307692307
0 0.2512019230769231 0.12379807692307693 0.05889423076923077 0.08052884615384616
0 0.25240384615384615 0.051682692307692304 0.0625 0.0829326923076923