0 0.7548076923076923 0.021634615384615384 0.03365384615384615 0.04326923076923077
0 0.7223557692307693 0.03365384615384615 0.038461538461538464 0.06610576923076923
0 0.6911057692307693 0.04326923076923077 0.038461538461538464 0.08653846153846154
0 0.6598557692307693 0.040865384615384616 0.04326923076923077 0.08052884615384616
0 0.6274038461538461 0.04447115384615385 0.040865384615384616 0.0889423076923077
0 0.6009615384615384 0.05889423076923077 0.03245192307692308 0.09495192307692307
0 0.5661057692307693 0.05889423076923077 0.036057692307692304 0.09615384615384616
0 0.5384615384615384 0.07451923076923077 0.03485576923076923 0.10817307692307693
0 0.5072115384615384 0.09014423076923077 0.036057692307692304 0.09254807692307693
0 0.48197115384615385 0.12259615384615384 0.037259615384615384 0.109375
0 0.453125 0.140625 0.036057692307692304 0.10697115384615384
0 0.4182692307692308 0.1466346153846154 0.038461538461538464 0.10576923076923077
0 0.3858173076923077 0.15504807692307693 0.03485576923076923 0.0985576923076923
0 0.3545673076923077 0.17067307692307693 0.036057692307692304 0.11057692307692307
0 0.31971153846153844 0.18870192307692307 0.037259615384615384 0.1141826923076923
0 0.28846153846153844 0.20793269230769232 0.038461538461538464 0.1141826923076923
0 0.25600961538461536 0.23076923076923078 0.04326923076923077 0.11658653846153846
0 0.22235576923076922 0.2439903846153846 0.042067307692307696 0.11778846153846154
0 0.18870192307692307 0.2704326923076923 0.039663461538461536 0.09495192307692307
0 0.15384615384615385 0.27403846153846156 0.04807692307692308 0.12379807692307693
0 0.11778846153846154 0.28725961538461536 0.04326923076923077 0.12620192307692307
0 0.08173076923076923 0.30528846153846156 0.04447115384615385 0.11298076923076923
0 0.04567307692307692 0.33413461538461536 0.04807692307692308 0.12259615384615384
0 0.016826923076923076 0.3449519230769231 0.03245192307692308 0.1141826923076923
0 0.75 0.3112980769230769 0.046875 0.1045673076923077
0 0.7127403846153846 0.32211538461538464 0.040865384615384616 0.10817307692307693
0 0.6862980769230769 0.33653846153846156 0.042067307692307696 0.09975961538461539
0 0.6526442307692307 0.3485576923076923 0.037259615384615384 0.10817307692307693
0 0.6274038461538461 0.3762019230769231 0.040865384615384616 0.10817307692307693
0 0.5973557692307693 0.40024038461538464 0.038461538461538464 0.10576923076923077
0 0.5661057692307693 0.4110576923076923 0.037259615384615384 0.1045673076923077
0 0.5348557692307693 0.4206730769230769 0.038461538461538464 0.10697115384615384
0 0.5036057692307693 0.4375 0.037259615384615384 0.1141826923076923
0 0.47475961538461536 0.4579326923076923 0.040865384615384616 0.10817307692307693
0 0.44350961538461536 0.48197115384615385 0.038461538461538464 0.11899038461538461
0 0.4074519230769231 0.49038461538461536 0.037259615384615384 0.11057692307692307
0 0.37740384615384615 0.5060096153846154 0.040865384615384616 0.11298076923076923
0 0.3449519230769231 0.5276442307692307 0.04447115384615385 0.11057692307692307
0 0.31009615384615385 0.5456730769230769 0.04326923076923077 0.11899038461538461
0 0.2776442307692308 0.5600961538461539 0.040865384615384616 0.125
0 0.2439903846153846 0.5733173076923077 0.04326923076923077 0.12379807692307693
0 0.203125 0.5865384615384616 0.039663461538461536 0.11298076923076923
0 0.17067307692307693 0.6105769230769231 0.04447115384615385 0.1141826923076923
0 0.13822115384615385 0.6418269230769231 0.04447115384615385 0.1141826923076923
0 0.10576923076923077 0.6670673076923077 0.042067307692307696 0.11658653846153846
0 0.07211538461538461 0.6887019230769231 0.046875 0.11899038461538461
0 0.037259615384615384 0.6983173076923077 0.046875 0.1141826923076923
0 0.013221153846153846 0.7055288461538461 0.026442307692307692 0.12379807692307693
0 0.7415865384615384 0.40024038461538464 0.05048076923076923 0.06129807692307692
0 0.6838942307692307 0.43149038461538464 0.055288461538461536 0.06129807692307692
0 0.6262019230769231 0.4723557692307692 0.0625 0.06971153846153846
0 0.5600961538461539 0.5120192307692307 0.06129807692307692 0.078125
0 0.49399038461538464 0.5420673076923077 0.0625 0.06850961538461539
0 0.4362980769230769 0.5805288461538461 0.04927884615384615 0.06490384615384616
0 0.375 0.6141826923076923 0.06610576923076923 0.07211538461538461
0 0.3088942307692308 0.6538461538461539 0.06370192307692307 0.06850961538461539
0 0.23918269230769232 0.6935096153846154 0.06610576923076923 0.07211538461538461
0 0.1622596153846154 0.7355769230769231 0.06971153846153846 0.07932692307692307
0 0.09495192307692307 0.7740384615384616 0.06610576923076923 0.0733173076923077
0 0.028846153846153848 0.8125 0.057692307692307696 0.07211538461538461
0 0.84375 0.5216346153846154 0.04567307692307692 0.10096153846153846
0 0.8137019230769231 0.5528846153846154 0.040865384615384616 0.10817307692307693
0 0.7884615384615384 0.5793269230769231 0.038461538461538464 0.09975961538461539
0 0.7572115384615384 0.5949519230769231 0.039663461538461536 0.10336538461538461
0 0.7295673076923077 0.6165865384615384 0.039663461538461536 0.11298076923076923
0 0.7019230769230769 0.6262019230769231 0.039663461538461536 0.09134615384615384
0 0.6730769230769231 0.6322115384615384 0.038461538461538464 0.0985576923076923
0 0.6478365384615384 0.6875 0.037259615384615384 0.1045673076923077
0 0.6129807692307693 0.6670673076923077 0.038461538461538464 0.1045673076923077
0 0.5841346153846154 0.7151442307692307 0.04326923076923077 0.109375
0 0.5540865384615384 0.7307692307692307 0.040865384615384616 0.109375
0 0.5204326923076923 0.7415865384615384 0.03365384615384615 0.09495192307692307
0 0.4879807692307692 0.7512019230769231 0.03485576923076923 0.10336538461538461
0 0.46153846153846156 0.7800480769230769 0.042067307692307696 0.11298076923076923
0 0.42908653846153844 0.7908653846153846 0.038461538461538464 0.10096153846153846
0 0.39663461538461536 0.8209134615384616 0.042067307692307696 0.11658653846153846
0 0.3641826923076923 0.8413461538461539 0.040865384615384616 0.11538461538461539
0 0.33413461538461536 0.8737980769230769 0.040865384615384616 0.1141826923076923
0 0.29927884615384615 0.8846153846153846 0.04447115384615385 0.1141826923076923
0 0.2668269230769231 0.9002403846153846 0.04447115384615385 0.11538461538461539
0 0.23317307692307693 0.9278846153846154 0.04807692307692308 0.1310096153846154
0 0.1971153846153846 0.9387019230769231 0.05048076923076923 0.11899038461538461
0 0.16466346153846154 0.9471153846153846 0.046875 0.10096153846153846
0 0.12860576923076922 0.9567307692307693 0.038461538461538464 0.08173076923076923
0 0.09014423076923077 0.9699519230769231 0.037259615384615384 0.05889423076923077