0 0.4230769230769231 0.4651442307692308 0.036057692307692304 0.1466346153846154
0 0.359375 0.27884615384615385 0.03365384615384615 0.13581730769230768
0 0.3173076923076923 0.27163461538461536 0.03485576923076923 0.12379807692307693
0 0.4651442307692308 0.05889423076923077 0.08413461538461539 0.07211538461538461
0 0.2776442307692308 0.25841346153846156 0.03485576923076923 0.13581730769230768
0 0.2403846153846154 0.2644230769230769 0.03485576923076923 0.14302884615384615
0 0.08052884615384616 0.265625 0.038461538461538464 0.13221153846153846
0 0.042067307692307696 0.25961538461538464 0.040865384615384616 0.14182692307692307
0 0.25721153846153844 0.5733173076923077 0.052884615384615384 0.140625
0 0.21394230769230768 0.5637019230769231 0.051682692307692304 0.15384615384615385
0 0.17548076923076922 0.5637019230769231 0.04807692307692308 0.1346153846153846
0 0.021634615384615384 0.8317307692307693 0.040865384615384616 0.1310096153846154
0 0.055288461538461536 0.8341346153846154 0.056490384615384616 0.13221153846153846
0 0.10576923076923077 0.8245192307692307 0.056490384615384616 0.13701923076923078
0 0.13701923076923078 0.8509615384615384 0.06129807692307692 0.13701923076923078
0 0.19110576923076922 0.8473557692307693 0.04927884615384615 0.12259615384615384
0 0.23317307692307693 0.8485576923076923 0.056490384615384616 0.12860576923076922
0 0.2860576923076923 0.8545673076923077 0.06129807692307692 0.140625
0 0.3317307692307692 0.8653846153846154 0.05048076923076923 0.11899038461538461
0 0.3762019230769231 0.8725961538461539 0.05889423076923077 0.14302884615384615
0 0.43028846153846156 0.8449519230769231 0.04927884615384615 0.13341346153846154
0 0.4699519230769231 0.8533653846153846 0.05048076923076923 0.12139423076923077
0 0.5168269230769231 0.875 0.04567307692307692 0.13221153846153846
0 0.13701923076923078 0.5769230769230769 0.04567307692307692 0.1346153846153846
0 0.09735576923076923 0.5829326923076923 0.05048076923076923 0.12139423076923077
0 0.021634615384615384 0.5697115384615384 0.04326923076923077 0.13341346153846154
0 0.010817307692307692 0.265625 0.021634615384615384 0.12740384615384615
0 0.15865384615384615 0.2692307692307692 0.038461538461538464 0.125
0 0.1971153846153846 0.2764423076923077 0.038461538461538464 0.13942307692307693
0 0.1201923076923077 0.27524038461538464 0.036057692307692304 0.10817307692307693