0 0.4639423076923077 0.17307692307692307 0.052884615384615384 0.09254807692307693
0 0.5841346153846154 0.4795673076923077 0.04447115384615385 0.08413461538461539
0 0.5661057692307693 0.5216346153846154 0.05048076923076923 0.08774038461538461
0 0.4411057692307692 0.2091346153846154 0.05048076923076923 0.09735576923076923
0 0.49399038461538464 0.47475961538461536 0.052884615384615384 0.09254807692307693
0 0.5480769230769231 0.5661057692307693 0.055288461538461536 0.09615384615384616
0 0.5108173076923077 0.4254807692307692 0.05048076923076923 0.0889423076923077
0 0.5324519230769231 0.3786057692307692 0.05048076923076923 0.09254807692307693
0 0.6105769230769231 0.4375 0.05048076923076923 0.09014423076923077
0 0.41586538461538464 0.24639423076923078 0.054086538461538464 0.09254807692307693
0 0.32091346153846156 0.23798076923076922 0.052884615384615384 0.09615384615384616
0 0.3713942307692308 0.3293269230769231 0.052884615384615384 0.09615384615384616
0 0.3485576923076923 0.3641826923076923 0.04807692307692308 0.09495192307692307
0 0.2956730769230769 0.27524038461538464 0.04567307692307692 0.09134615384615384
0 0.32211538461538464 0.39903846153846156 0.05048076923076923 0.09495192307692307
0 0.25 0.34615384615384615 0.04567307692307692 0.08052884615384616
0 0.22956730769230768 0.390625 0.055288461538461536 0.09975961538461539
0 0.27524038461538464 0.47475961538461536 0.05048076923076923 0.0889423076923077
0 0.23557692307692307 0.5552884615384616 0.051682692307692304 0.09254807692307693
0 0.47596153846153844 0.5180288461538461 0.052884615384615384 0.0985576923076923
0 0.45072115384615385 0.5516826923076923 0.046875 0.08173076923076923
0 0.20432692307692307 0.41947115384615385 0.04567307692307692 0.08413461538461539
0 0.18629807692307693 0.4699519230769231 0.051682692307692304 0.09014423076923077
0 0.25721153846153844 0.5204326923076923 0.052884615384615384 0.09615384615384616
0 0.16346153846153846 0.5108173076923077 0.046875 0.0829326923076923
0 0.19591346153846154 0.6442307692307693 0.054086538461538464 0.09615384615384616
0 0.17307692307692307 0.6862980769230769 0.056490384615384616 0.09254807692307693
0 0.10336538461538461 0.7944711538461539 0.052884615384615384 0.09134615384615384
0 0.21634615384615385 0.5961538461538461 0.046875 0.09254807692307693
0 0.29927884615384615 0.4375 0.05048076923076923 0.09014423076923077
0 0.3954326923076923 0.29447115384615385 0.055288461538461536 0.10096153846153846
0 0.4831730769230769 0.12740384615384615 0.055288461538461536 0.09014423076923077
0 0.5576923076923077 0.34615384615384615 0.055288461538461536 0.10096153846153846
0 0.08774038461538461 0.8461538461538461 0.06610576923076923 0.11538461538461539
0 0.11658653846153846 0.2776442307692308 0.05889423076923077 0.09615384615384616
0 0.17307692307692307 0.1875 0.056490384615384616 0.09254807692307693
0 0.06009615384615385 0.38221153846153844 0.05889423076923077 0.10096153846153846
0 0.018028846153846152 0.4723557692307692 0.036057692307692304 0.09375
0 0.22716346153846154 0.08413461538461539 0.055288461538461536 0.0985576923076923
0 0.2800480769230769 0.02283653846153846 0.055288461538461536 0.04567307692307692
0 0.1502403846153846 0.7247596153846154 0.05048076923076923 0.09495192307692307
0 0.1310096153846154 0.7644230769230769 0.051682692307692304 0.09134615384615384
0 0.10096153846153846 0.6310096153846154 0.052884615384615384 0.09495192307692307
0 0.12620192307692307 0.5961538461538461 0.054086538461538464 0.09254807692307693
0 0.1466346153846154 0.5540865384615384 0.052884615384615384 0.09134615384615384
0 0.27283653846153844 0.3137019230769231 0.04807692307692308 0.09134615384615384
0 0.3425480769230769 0.1971153846153846 0.051682692307692304 0.09495192307692307
0 0.36177884615384615 0.15384615384615385 0.05048076923076923 0.09735576923076923
0 0.38461538461538464 0.1141826923076923 0.052884615384615384 0.09014423076923077
0 0.4098557692307692 0.07692307692307693 0.05048076923076923 0.09254807692307693
0 0.4338942307692308 0.04567307692307692 0.05048076923076923 0.09014423076923077
0 0.07932692307692307 0.6754807692307693 0.054086538461538464 0.09134615384615384
0 0.056490384615384616 0.7127403846153846 0.056490384615384616 0.09495192307692307
0 0.03125 0.7475961538461539 0.054086538461538464 0.0889423076923077
0 0.019230769230769232 0.7932692307692307 0.038461538461538464 0.09735576923076923
0 0.06129807692307692 0.8822115384615384 0.056490384615384616 0.09975961538461539
0 0.040865384615384616 0.9266826923076923 0.052884615384615384 0.09254807692307693
0 0.019230769230769232 0.9591346153846154 0.038461538461538464 0.078125
0 0.008413461538461538 0.8473557692307693 0.016826923076923076 0.05889423076923077
0 0.49278846153846156 0.010817307692307692 0.04567307692307692 0.021634615384615384
0 0.5769230769230769 0.015625 0.042067307692307696 0.030048076923076924
0 0.6778846153846154 0.15264423076923078 0.052884615384615384 0.09495192307692307
0 0.6947115384615384 0.1141826923076923 0.051682692307692304 0.09134615384615384
0 0.7175480769230769 0.07451923076923077 0.04567307692307692 0.08413461538461539
0 0.7367788461538461 0.04447115384615385 0.05048076923076923 0.0889423076923077
0 0.7584134615384616 0.030048076923076924 0.055288461538461536 0.06009615384615385
0 0.7872596153846154 0.008413461538461538 0.02403846153846154 0.016826923076923076
0 0.7259615384615384 0.23918269230769232 0.052884615384615384 0.09615384615384616
0 0.7427884615384616 0.3329326923076923 0.05048076923076923 0.0625
0 0.8377403846153846 0.21634615384615385 0.052884615384615384 0.05048076923076923
0 0.75 0.2091346153846154 0.04326923076923077 0.08774038461538461
0 0.7848557692307693 0.13221153846153846 0.04447115384615385 0.08413461538461539
0 0.8076923076923077 0.09615384615384616 0.04447115384615385 0.08173076923076923
0 0.8233173076923077 0.06129807692307692 0.055288461538461536 0.08413461538461539
0 0.8425480769230769 0.030048076923076924 0.056490384615384616 0.06009615384615385
0 0.8725961538461539 0.01201923076923077 0.026442307692307692 0.02403846153846154
0 0.5793269230769231 0.30649038461538464 0.052884615384615384 0.0985576923076923
0 0.6322115384615384 0.40384615384615385 0.04567307692307692 0.08774038461538461
0 0.3713942307692308 0.4963942307692308 0.052884615384615384 0.09254807692307693
0 0.4266826923076923 0.5829326923076923 0.056490384615384616 0.0985576923076923
0 0.5252403846153846 0.5997596153846154 0.05048076923076923 0.08653846153846154
0 0.5024038461538461 0.640625 0.051682692307692304 0.0985576923076923
0 0.47596153846153844 0.6766826923076923 0.04927884615384615 0.0889423076923077
0 0.45913461538461536 0.7199519230769231 0.054086538461538464 0.09134615384615384
0 0.4098557692307692 0.6418269230769231 0.05048076923076923 0.09254807692307693
0 0.3870192307692308 0.6778846153846154 0.05048076923076923 0.09735576923076923
0 0.4338942307692308 0.7608173076923077 0.04567307692307692 0.08173076923076923
0 0.41586538461538464 0.8088942307692307 0.054086538461538464 0.09975961538461539
0 0.36538461538461536 0.7163461538461539 0.055288461538461536 0.09735576923076923
0 0.33653846153846156 0.7536057692307693 0.04326923076923077 0.078125
0 0.3918269230769231 0.8413461538461539 0.04927884615384615 0.08774038461538461
0 0.36899038461538464 0.8786057692307693 0.04567307692307692 0.0829326923076923
0 0.3137019230769231 0.7920673076923077 0.052884615384615384 0.09735576923076923
0 0.3485576923076923 0.9206730769230769 0.051682692307692304 0.09495192307692307
0 0.32572115384615385 0.9567307692307693 0.051682692307692304 0.0829326923076923
0 0.3004807692307692 0.9735576923076923 0.04567307692307692 0.04807692307692308
0 0.2932692307692308 0.8293269230769231 0.05048076923076923 0.09254807692307693
0 0.27403846153846156 0.8677884615384616 0.04807692307692308 0.0889423076923077
0 0.25240384615384615 0.9122596153846154 0.052884615384615384 0.09134615384615384
0 0.23076923076923078 0.9543269230769231 0.052884615384615384 0.0889423076923077
0 0.2091346153846154 0.9711538461538461 0.04567307692307692 0.054086538461538464
0 0.1778846153846154 0.9855769230769231 0.03485576923076923 0.02403846153846154
0 0.4891826923076923 0.9855769230769231 0.030048076923076924 0.02403846153846154
0 0.5180288461538461 0.9675480769230769 0.051682692307692304 0.06129807692307692
0 0.5432692307692307 0.9459134615384616 0.052884615384615384 0.09495192307692307
0 0.5625 0.9086538461538461 0.054086538461538464 0.09495192307692307
0 0.5793269230769231 0.9891826923076923 0.026442307692307692 0.018028846153846152
0 0.6105769230769231 0.9699519230769231 0.05048076923076923 0.05889423076923077
0 0.6322115384615384 0.9483173076923077 0.04807692307692308 0.08173076923076923
0 0.5853365384615384 0.8737980769230769 0.04567307692307692 0.08173076923076923
0 0.6045673076923077 0.8233173076923077 0.05048076923076923 0.08774038461538461
0 0.6262019230769231 0.7860576923076923 0.054086538461538464 0.09495192307692307
0 0.6466346153846154 0.7379807692307693 0.054086538461538464 0.09254807692307693
0 0.6706730769230769 0.7127403846153846 0.04927884615384615 0.0889423076923077
0 0.6971153846153846 0.671875 0.054086538461538464 0.0985576923076923
0 0.7151442307692307 0.6310096153846154 0.052884615384615384 0.09615384615384616
0 0.7379807692307693 0.5841346153846154 0.05048076923076923 0.09014423076923077
0 0.6778846153846154 0.8653846153846154 0.05048076923076923 0.09014423076923077
0 0.6971153846153846 0.8305288461538461 0.04807692307692308 0.0889423076923077
0 0.7127403846153846 0.7860576923076923 0.04807692307692308 0.09134615384615384
0 0.7427884615384616 0.7572115384615384 0.04927884615384615 0.09495192307692307
0 0.7620192307692307 0.7091346153846154 0.04807692307692308 0.0889423076923077
0 0.78125 0.671875 0.04567307692307692 0.0889423076923077
0 0.8197115384615384 0.4230769230769231 0.04807692307692308 0.08052884615384616
0 0.8425480769230769 0.390625 0.054086538461538464 0.09134615384615384
0 0.8653846153846154 0.5072115384615384 0.056490384615384616 0.09735576923076923
0 0.8870192307692307 0.4675480769230769 0.055288461538461536 0.0889423076923077
0 0.9014423076923077 0.42908653846153844 0.05048076923076923 0.08413461538461539
0 0.9278846153846154 0.4026442307692308 0.055288461538461536 0.0889423076923077
0 0.8798076923076923 0.31850961538461536 0.055288461538461536 0.09134615384615384
0 0.8978365384615384 0.2776442307692308 0.056490384615384616 0.08774038461538461
0 0.9134615384615384 0.23317307692307693 0.051682692307692304 0.08413461538461539
0 0.9350961538461539 0.19951923076923078 0.05048076923076923 0.08774038461538461
0 0.9519230769230769 0.1658653846153846 0.054086538461538464 0.0889423076923077
0 0.9735576923076923 0.12379807692307693 0.05048076923076923 0.078125
0 0.9879807692307693 0.2403846153846154 0.02283653846153846 0.07692307692307693
0 0.9771634615384616 0.28725961538461536 0.04326923076923077 0.09495192307692307
0 0.9627403846153846 0.31971153846153844 0.052884615384615384 0.08653846153846154
0 0.9447115384615384 0.359375 0.05048076923076923 0.0829326923076923
0 0.7944711538461539 0.984375 0.028846153846153848 0.027644230769230768
0 0.8209134615384616 0.9639423076923077 0.052884615384615384 0.06850961538461539
0 0.8425480769230769 0.9447115384615384 0.052884615384615384 0.09134615384615384
0 0.8629807692307693 0.8990384615384616 0.05048076923076923 0.0889423076923077
0 0.8810096153846154 0.859375 0.04807692307692308 0.08173076923076923
0 0.9338942307692307 0.7680288461538461 0.04927884615384615 0.0889423076923077
0 0.9495192307692307 0.7235576923076923 0.056490384615384616 0.09495192307692307
0 0.9711538461538461 0.6862980769230769 0.056490384615384616 0.08774038461538461
0 0.9807692307692307 0.640625 0.037259615384615384 0.08413461538461539
0 0.9879807692307693 0.5973557692307693 0.021634615384615384 0.06971153846153846