0 0.3918269230769231 0.20552884615384615 0.04567307692307692 0.08413461538461539
0 0.6153846153846154 0.34975961538461536 0.052884615384615384 0.09735576923076923
0 0.5913461538461539 0.390625 0.056490384615384616 0.10096153846153846
0 0.6442307692307693 0.47475961538461536 0.056490384615384616 0.09615384615384616
0 0.5685096153846154 0.43149038461538464 0.056490384615384616 0.09735576923076923
0 0.5480769230769231 0.47836538461538464 0.056490384615384616 0.09975961538461539
0 0.31971153846153844 0.328125 0.054086538461538464 0.09495192307692307
0 0.3016826923076923 0.375 0.055288461538461536 0.10336538461538461
0 0.6201923076923077 0.5144230769230769 0.057692307692307696 0.0985576923076923
0 0.5985576923076923 0.5564903846153846 0.052884615384615384 0.0889423076923077
0 0.3737980769230769 0.41586538461538464 0.056490384615384616 0.0889423076923077
0 0.5745192307692307 0.5985576923076923 0.051682692307692304 0.0889423076923077
0 0.5516826923076923 0.6394230769230769 0.054086538461538464 0.09254807692307693
0 0.44471153846153844 0.2956730769230769 0.046875 0.0889423076923077
0 0.4879807692307692 0.20793269230769232 0.055288461538461536 0.10096153846153846
0 0.27163461538461536 0.056490384615384616 0.056490384615384616 0.09134615384615384
0 0.24879807692307693 0.09975961538461539 0.054086538461538464 0.09014423076923077
0 0.2247596153846154 0.14182692307692307 0.05889423076923077 0.09615384615384616
0 0.3918269230769231 0.36658653846153844 0.054086538461538464 0.09495192307692307
0 0.5276442307692307 0.6766826923076923 0.05048076923076923 0.09735576923076923
0 0.47475961538461536 0.5913461538461539 0.054086538461538464 0.09615384615384616
0 0.4951923076923077 0.5456730769230769 0.054086538461538464 0.09615384615384616
0 0.5216346153846154 0.5096153846153846 0.04567307692307692 0.08173076923076923
0 0.2956730769230769 0.036057692307692304 0.0625 0.07211538461538461
0 0.35216346153846156 0.46153846153846156 0.055288461538461536 0.09615384615384616
0 0.3233173076923077 0.49278846153846156 0.055288461538461536 0.09735576923076923
0 0.30288461538461536 0.5360576923076923 0.05889423076923077 0.1045673076923077
0 0.2800480769230769 0.5817307692307693 0.052884615384615384 0.09014423076923077
0 0.25721153846153844 0.6165865384615384 0.055288461538461536 0.09615384615384616
0 0.18389423076923078 0.5817307692307693 0.054086538461538464 0.09615384615384616
0 0.20673076923076922 0.5348557692307693 0.05048076923076923 0.08774038461538461
0 0.2283653846153846 0.49278846153846156 0.057692307692307696 0.09615384615384616
0 0.2512019230769231 0.4495192307692308 0.052884615384615384 0.09615384615384616
0 0.27524038461538464 0.4110576923076923 0.051682692307692304 0.09254807692307693
0 0.3449519230769231 0.29086538461538464 0.056490384615384616 0.0985576923076923
0 0.36658653846153844 0.24639423076923078 0.04927884615384615 0.09615384615384616
0 0.2127403846153846 0.703125 0.06009615384615385 0.1045673076923077
0 0.4519230769230769 0.6346153846153846 0.054086538461538464 0.09615384615384616
0 0.5060096153846154 0.7199519230769231 0.052884615384615384 0.09254807692307693
0 0.484375 0.7620192307692307 0.05048076923076923 0.08413461538461539
0 0.43149038461538464 0.6814903846153846 0.056490384615384616 0.1045673076923077
0 0.4098557692307692 0.7223557692307693 0.05048076923076923 0.0889423076923077
0 0.4675480769230769 0.2512019230769231 0.054086538461538464 0.09615384615384616
0 0.4206730769230769 0.3317307692307692 0.056490384615384616 0.09975961538461539
0 0.6646634615384616 0.43509615384615385 0.052884615384615384 0.0985576923076923
0 0.6935096153846154 0.7331730769230769 0.054086538461538464 0.10697115384615384
0 0.4651442307692308 0.8040865384615384 0.05048076923076923 0.09615384615384616
0 0.3858173076923077 0.765625 0.055288461538461536 0.10096153846153846
0 0.1935096153846154 0.7487980769230769 0.052884615384615384 0.09735576923076923
0 0.23557692307692307 0.6622596153846154 0.052884615384615384 0.09134615384615384
0 0.4170673076923077 0.16947115384615385 0.054086538461538464 0.09495192307692307
0 0.4411057692307692 0.12379807692307693 0.055288461538461536 0.09615384615384616
0 0.46274038461538464 0.08774038461538461 0.04567307692307692 0.08173076923076923
0 0.4807692307692308 0.05048076923076923 0.051682692307692304 0.0889423076923077
0 0.5072115384615384 0.030048076923076924 0.05889423076923077 0.06009615384615385
0 0.5384615384615384 0.009615384615384616 0.03485576923076923 0.019230769230769232
0 0.5108173076923077 0.16706730769230768 0.05048076923076923 0.09014423076923077
0 0.5300480769230769 0.12379807692307693 0.055288461538461536 0.09134615384615384
0 0.5576923076923077 0.09134615384615384 0.054086538461538464 0.09735576923076923
0 0.5793269230769231 0.055288461538461536 0.056490384615384616 0.09975961538461539
0 0.6021634615384616 0.03485576923076923 0.055288461538461536 0.06971153846153846
0 0.6286057692307693 0.016826923076923076 0.037259615384615384 0.03365384615384615
0 0.19831730769230768 0.1778846153846154 0.05889423076923077 0.09615384615384616
0 0.17548076923076922 0.21394230769230768 0.056490384615384616 0.09735576923076923
0 0.15504807692307693 0.2692307692307692 0.06370192307692307 0.10336538461538461
0 0.12620192307692307 0.32211538461538464 0.06129807692307692 0.09975961538461539
0 0.09375 0.3858173076923077 0.06129807692307692 0.09254807692307693
0 0.026442307692307692 0.49399038461538464 0.052884615384615384 0.08653846153846154
0 0.01201923076923077 0.5709134615384616 0.02403846153846154 0.06610576923076923
0 0.09735576923076923 0.5709134615384616 0.06129807692307692 0.10576923076923077
0 0.16105769230769232 0.6165865384615384 0.05048076923076923 0.09254807692307693
0 0.1346153846153846 0.6550480769230769 0.057692307692307696 0.09495192307692307
0 0.1658653846153846 0.7884615384615384 0.05889423076923077 0.09975961538461539
0 0.14783653846153846 0.8329326923076923 0.06129807692307692 0.0985576923076923
0 0.11658653846153846 0.8677884615384616 0.06610576923076923 0.0985576923076923
0 0.09735576923076923 0.9086538461538461 0.06129807692307692 0.09495192307692307
0 0.07692307692307693 0.9519230769230769 0.056490384615384616 0.09254807692307693
0 0.030048076923076924 0.8762019230769231 0.05889423076923077 0.10096153846153846
0 0.04807692307692308 0.8233173076923077 0.057692307692307696 0.09615384615384616
0 0.07091346153846154 0.7836538461538461 0.056490384615384616 0.1045673076923077
0 0.09975961538461539 0.7475961538461539 0.056490384615384616 0.10336538461538461
0 0.11298076923076923 0.6959134615384616 0.055288461538461536 0.10336538461538461
0 0.3629807692307692 0.8028846153846154 0.056490384615384616 0.0985576923076923
0 0.4375 0.8473557692307693 0.055288461538461536 0.10096153846153846
0 0.41466346153846156 0.8894230769230769 0.055288461538461536 0.09134615384615384
0 0.3918269230769231 0.9266826923076923 0.056490384615384616 0.0985576923076923
0 0.3401442307692308 0.8461538461538461 0.055288461538461536 0.09975961538461539
0 0.31850961538461536 0.890625 0.052884615384615384 0.09615384615384616
0 0.36899038461538464 0.9591346153846154 0.056490384615384616 0.078125
0 0.3425480769230769 0.9819711538461539 0.04326923076923077 0.03365384615384615
0 0.2932692307692308 0.9230769230769231 0.05889423076923077 0.10697115384615384
0 0.2704326923076923 0.9579326923076923 0.057692307692307696 0.08052884615384616
0 0.53125 0.9831730769230769 0.03245192307692308 0.028846153846153848
0 0.5600961538461539 0.9639423076923077 0.052884615384615384 0.06971153846153846
0 0.5805288461538461 0.9266826923076923 0.052884615384615384 0.09495192307692307
0 0.6045673076923077 0.8894230769230769 0.057692307692307696 0.09495192307692307
0 0.6237980769230769 0.8461538461538461 0.054086538461538464 0.09495192307692307
0 0.6478365384615384 0.8137019230769231 0.056490384615384616 0.10096153846153846
0 0.6730769230769231 0.7692307692307693 0.055288461538461536 0.09134615384615384
0 0.7151442307692307 0.6790865384615384 0.052884615384615384 0.09735576923076923
0 0.7355769230769231 0.6502403846153846 0.052884615384615384 0.09975961538461539
0 0.7608173076923077 0.609375 0.052884615384615384 0.09615384615384616
0 0.7800480769230769 0.5661057692307693 0.052884615384615384 0.09134615384615384
0 0.8028846153846154 0.5276442307692307 0.06009615384615385 0.10336538461538461
0 0.8185096153846154 0.4855769230769231 0.052884615384615384 0.09014423076923077
0 0.8413461538461539 0.453125 0.04326923076923077 0.0829326923076923
0 0.859375 0.4098557692307692 0.052884615384615384 0.09254807692307693
0 0.8762019230769231 0.36778846153846156 0.052884615384615384 0.0889423076923077
0 0.8990384615384616 0.33052884615384615 0.055288461538461536 0.09134615384615384
0 0.9182692307692307 0.29447115384615385 0.05048076923076923 0.08774038461538461
0 0.9362980769230769 0.25961538461538464 0.055288461538461536 0.09254807692307693
0 0.9567307692307693 0.22956730769230768 0.056490384615384616 0.09254807692307693
0 0.9747596153846154 0.18990384615384615 0.04927884615384615 0.10096153846153846
0 0.9831730769230769 0.14182692307692307 0.030048076923076924 0.0829326923076923
0 0.9927884615384616 0.0889423076923077 0.01201923076923077 0.052884615384615384
0 0.9122596153846154 0.013221153846153846 0.03245192307692308 0.026442307692307692
0 0.8858173076923077 0.03245192307692308 0.052884615384615384 0.06370192307692307
0 0.8677884615384616 0.056490384615384616 0.05048076923076923 0.08653846153846154
0 0.8485576923076923 0.09254807692307693 0.054086538461538464 0.09975961538461539
0 0.8245192307692307 0.12379807692307693 0.052884615384615384 0.0985576923076923
0 0.8064903846153846 0.16706730769230768 0.057692307692307696 0.09975961538461539
0 0.7872596153846154 0.20192307692307693 0.055288461538461536 0.09495192307692307
0 0.7668269230769231 0.23557692307692307 0.04807692307692308 0.0889423076923077
0 0.7463942307692307 0.27163461538461536 0.05048076923076923 0.09254807692307693
0 0.7259615384615384 0.3161057692307692 0.05048076923076923 0.0829326923076923
0 0.703125 0.3545673076923077 0.051682692307692304 0.09134615384615384
0 0.6850961538461539 0.39302884615384615 0.052884615384615384 0.09975961538461539
0 0.24158653846153846 0.9819711538461539 0.037259615384615384 0.03245192307692308
0 0.6394230769230769 0.31009615384615385 0.057692307692307696 0.09254807692307693
0 0.6598557692307693 0.2704326923076923 0.052884615384615384 0.09615384615384616
0 0.6802884615384616 0.234375 0.054086538461538464 0.09495192307692307
0 0.6983173076923077 0.19110576923076922 0.052884615384615384 0.09254807692307693
0 0.7163461538461539 0.15504807692307693 0.052884615384615384 0.08774038461538461
0 0.7415865384615384 0.11538461538461539 0.052884615384615384 0.09134615384615384
0 0.7620192307692307 0.08052884615384616 0.05048076923076923 0.09014423076923077
0 0.78125 0.04567307692307692 0.052884615384615384 0.09134615384615384
0 0.8016826923076923 0.026442307692307692 0.05048076923076923 0.052884615384615384
0 0.8317307692307693 0.010817307692307692 0.03245192307692308 0.021634615384615384
0 0.4362980769230769 0.4495192307692308 0.057692307692307696 0.10697115384615384