0 0.6682692307692307 0.11298076923076923 0.03365384615384615 0.11057692307692307
0 0.6646634615384616 0.25600961538461536 0.030048076923076924 0.09615384615384616
0 0.6670673076923077 0.36778846153846156 0.03365384615384615 0.109375
0 0.6550480769230769 0.6862980769230769 0.03245192307692308 0.11057692307692307
0 0.6490384615384616 0.8377403846153846 0.03125 0.11057692307692307
0 0.6418269230769231 0.9567307692307693 0.030048076923076924 0.0829326923076923
0 0.4951923076923077 0.984375 0.052884615384615384 0.027644230769230768
0 0.49399038461538464 0.765625 0.06370192307692307 0.055288461538461536
0 0.5024038461538461 0.703125 0.06129807692307692 0.052884615384615384
0 0.5096153846153846 0.5865384615384616 0.05889423076923077 0.052884615384615384
0 0.5168269230769231 0.5288461538461539 0.05048076923076923 0.046875
0 0.5060096153846154 0.47115384615384615 0.057692307692307696 0.054086538461538464
0 0.5012019230769231 0.4098557692307692 0.06009615384615385 0.051682692307692304
0 0.5060096153846154 0.3485576923076923 0.06009615384615385 0.054086538461538464
0 0.5108173076923077 0.2956730769230769 0.06129807692307692 0.055288461538461536
0 0.5204326923076923 0.2403846153846154 0.06610576923076923 0.054086538461538464
0 0.5192307692307693 0.1814903846153846 0.06129807692307692 0.054086538461538464
0 0.5120192307692307 0.11658653846153846 0.06129807692307692 0.056490384615384616
0 0.4423076923076923 0.036057692307692304 0.06370192307692307 0.056490384615384616
0 0.38100961538461536 0.16346153846153846 0.06009615384615385 0.07091346153846154
0 0.38100961538461536 0.22956730769230768 0.055288461538461536 0.06370192307692307
0 0.3713942307692308 0.2920673076923077 0.0673076923076923 0.06971153846153846
0 0.36899038461538464 0.3557692307692308 0.05889423076923077 0.06971153846153846
0 0.36538461538461536 0.5240384615384616 0.05889423076923077 0.07091346153846154
0 0.36899038461538464 0.5877403846153846 0.06610576923076923 0.07211538461538461
0 0.35096153846153844 0.9471153846153846 0.06009615384615385 0.07091346153846154
0 0.22235576923076922 0.9795673076923077 0.06129807692307692 0.038461538461538464
0 0.2247596153846154 0.9314903846153846 0.0625 0.06850961538461539
0 0.22235576923076922 0.8605769230769231 0.06490384615384616 0.078125
0 0.2247596153846154 0.8028846153846154 0.06370192307692307 0.07932692307692307
0 0.23076923076923078 0.7391826923076923 0.06850961538461539 0.07211538461538461
0 0.23317307692307693 0.6706730769230769 0.06490384615384616 0.07211538461538461
0 0.22956730769230768 0.5913461538461539 0.0625 0.0829326923076923
0 0.23677884615384615 0.5300480769230769 0.06490384615384616 0.07692307692307693
0 0.24158653846153846 0.4651442307692308 0.06370192307692307 0.07451923076923077
0 0.2403846153846154 0.3918269230769231 0.06370192307692307 0.07932692307692307
0 0.2439903846153846 0.3269230769230769 0.0673076923076923 0.078125
0 0.24278846153846154 0.25721153846153844 0.06610576923076923 0.08173076923076923
0 0.24759615384615385 0.19110576923076922 0.05889423076923077 0.0733173076923077
0 0.24879807692307693 0.12379807692307693 0.06129807692307692 0.08413461538461539
0 0.24639423076923078 0.051682692307692304 0.06610576923076923 0.0889423076923077