0 0.13701923076923078 0.7283653846153846 0.04567307692307692 0.10336538461538461
0 0.30288461538461536 0.6177884615384616 0.038461538461538464 0.07932692307692307
0 0.36899038461538464 0.6189903846153846 0.03365384615384615 0.09014423076923077
0 0.4050480769230769 0.6225961538461539 0.03365384615384615 0.08052884615384616
0 0.5084134615384616 0.7259615384615384 0.037259615384615384 0.11298076923076923
0 0.8990384615384616 0.7295673076923077 0.06850961538461539 0.0733173076923077
0 0.9158653846153846 0.8016826923076923 0.08173076923076923 0.054086538461538464
0 0.9230769230769231 0.875 0.07211538461538461 0.055288461538461536
0 0.9447115384615384 0.9711538461538461 0.055288461538461536 0.055288461538461536
0 0.8497596153846154 0.4651442307692308 0.037259615384615384 0.08774038461538461
0 0.8137019230769231 0.45913461538461536 0.03485576923076923 0.08052884615384616
0 0.7800480769230769 0.46153846153846156 0.036057692307692304 0.08413461538461539
0 0.3786057692307692 0.4963942307692308 0.056490384615384616 0.06850961538461539
0 0.3401442307692308 0.46274038461538464 0.037259615384615384 0.07692307692307693
0 0.20793269230769232 0.12620192307692307 0.03245192307692308 0.05048076923076923
0 0.055288461538461536 0.09254807692307693 0.040865384615384616 0.03245192307692308
0 0.14182692307692307 0.0625 0.027644230769230768 0.04807692307692308
0 0.17548076923076922 0.03245192307692308 0.02403846153846154 0.03365384615384615
0 0.2848557692307692 0.021634615384615384 0.02283653846153846 0.04326923076923077
0 0.44711538461538464 0.038461538461538464 0.025240384615384616 0.04326923076923077