0 0.8834134615384616 0.6346153846153846 0.037259615384615384 0.09014423076923077
0 0.9014423076923077 0.7283653846153846 0.06850961538461539 0.05889423076923077
0 0.9122596153846154 0.7848557692307693 0.07211538461538461 0.06370192307692307
0 0.9567307692307693 0.9591346153846154 0.0673076923076923 0.078125
0 0.9867788461538461 0.6418269230769231 0.02403846153846154 0.10336538461538461
0 0.9591346153846154 0.47836538461538464 0.037259615384615384 0.07932692307692307
0 0.9435096153846154 0.4110576923076923 0.03245192307692308 0.07451923076923077
0 0.9278846153846154 0.34615384615384615 0.03245192307692308 0.0733173076923077
0 0.7307692307692307 0.7295673076923077 0.03485576923076923 0.09495192307692307
0 0.8317307692307693 0.7391826923076923 0.04567307692307692 0.11298076923076923
0 0.3088942307692308 0.9471153846153846 0.046875 0.10336538461538461
0 0.25 0.9471153846153846 0.040865384615384616 0.10096153846153846
0 0.2091346153846154 0.9278846153846154 0.03365384615384615 0.10817307692307693
0 0.25721153846153844 0.7319711538461539 0.05048076923076923 0.10817307692307693
0 0.4266826923076923 0.7391826923076923 0.040865384615384616 0.09495192307692307
0 0.5108173076923077 0.7379807692307693 0.03365384615384615 0.10697115384615384
0 0.5973557692307693 0.7331730769230769 0.03485576923076923 0.1045673076923077
0 0.17548076923076922 0.7319711538461539 0.055288461538461536 0.10697115384615384
0 0.13701923076923078 0.7247596153846154 0.04567307692307692 0.10576923076923077
0 0.06129807692307692 0.6153846153846154 0.04807692307692308 0.09014423076923077
0 0.028846153846153848 0.6153846153846154 0.04326923076923077 0.07932692307692307
0 0.008413461538461538 0.6129807692307693 0.016826923076923076 0.08052884615384616
0 0.11778846153846154 0.6213942307692307 0.04567307692307692 0.078125
0 0.15144230769230768 0.6153846153846154 0.040865384615384616 0.08173076923076923
0 0.18509615384615385 0.6177884615384616 0.046875 0.09615384615384616
0 0.21754807692307693 0.6225961538461539 0.037259615384615384 0.08774038461538461
0 0.2536057692307692 0.6213942307692307 0.037259615384615384 0.08173076923076923
0 0.30408653846153844 0.6189903846153846 0.03485576923076923 0.08173076923076923
0 0.33413461538461536 0.6189903846153846 0.037259615384615384 0.08774038461538461
0 0.3713942307692308 0.6213942307692307 0.03245192307692308 0.08653846153846154
0 0.4050480769230769 0.6213942307692307 0.036057692307692304 0.09014423076923077
0 0.4387019230769231 0.6153846153846154 0.03365384615384615 0.09254807692307693
0 0.47475961538461536 0.6262019230769231 0.03485576923076923 0.0829326923076923
0 0.5096153846153846 0.6310096153846154 0.027644230769230768 0.0889423076923077
0 0.5432692307692307 0.6189903846153846 0.030048076923076924 0.10576923076923077
0 0.6117788461538461 0.625 0.030048076923076924 0.0985576923076923
0 0.6514423076923077 0.6310096153846154 0.028846153846153848 0.09975961538461539
0 0.6887019230769231 0.6237980769230769 0.03245192307692308 0.10817307692307693
0 0.7295673076923077 0.6286057692307693 0.03485576923076923 0.09975961538461539
0 0.7668269230769231 0.6310096153846154 0.03245192307692308 0.09735576923076923
0 0.8028846153846154 0.6346153846153846 0.038461538461538464 0.09254807692307693
0 0.84375 0.6286057692307693 0.040865384615384616 0.10336538461538461
0 0.8161057692307693 0.46274038461538464 0.03365384615384615 0.06370192307692307
0 0.7752403846153846 0.39903846153846156 0.03485576923076923 0.07091346153846154
0 0.7836538461538461 0.4723557692307692 0.036057692307692304 0.07932692307692307
0 0.7475961538461539 0.46634615384615385 0.03245192307692308 0.08774038461538461
0 0.7127403846153846 0.45913461538461536 0.03125 0.08173076923076923
0 0.6790865384615384 0.4579326923076923 0.030048076923076924 0.08653846153846154
0 0.6478365384615384 0.4639423076923077 0.03125 0.0829326923076923
0 0.6141826923076923 0.4579326923076923 0.021634615384615384 0.078125
0 0.5805288461538461 0.45552884615384615 0.030048076923076924 0.0829326923076923
0 0.5504807692307693 0.4639423076923077 0.027644230769230768 0.07692307692307693
0 0.5180288461538461 0.46274038461538464 0.027644230769230768 0.08173076923076923
0 0.4891826923076923 0.46274038461538464 0.030048076923076924 0.06370192307692307
0 0.4567307692307692 0.4699519230769231 0.03125 0.07692307692307693
0 0.4254807692307692 0.46634615384615385 0.03125 0.07692307692307693
0 0.39663461538461536 0.4651442307692308 0.030048076923076924 0.07211538461538461
0 0.36658653846153844 0.4699519230769231 0.03485576923076923 0.07211538461538461
0 0.33533653846153844 0.4699519230769231 0.03485576923076923 0.078125
0 0.35216346153846156 0.39302884615384615 0.03365384615384615 0.0625
0 0.30649038461538464 0.4026442307692308 0.03365384615384615 0.055288461538461536
0 0.2920673076923077 0.4639423076923077 0.038461538461538464 0.07451923076923077
0 0.2620192307692308 0.46274038461538464 0.03365384615384615 0.07091346153846154
0 0.23317307692307693 0.4651442307692308 0.03365384615384615 0.07451923076923077
0 0.27884615384615385 0.39903846153846156 0.03485576923076923 0.06610576923076923
0 0.22235576923076922 0.39663461538461536 0.037259615384615384 0.078125
0 0.20432692307692307 0.46634615384615385 0.036057692307692304 0.07091346153846154
0 0.17668269230769232 0.46274038461538464 0.03485576923076923 0.07932692307692307
0 0.1466346153846154 0.4651442307692308 0.038461538461538464 0.07932692307692307
0 0.14423076923076922 0.3954326923076923 0.03485576923076923 0.07692307692307693
0 0.1201923076923077 0.4639423076923077 0.040865384615384616 0.07091346153846154
0 0.09134615384615384 0.46634615384615385 0.038461538461538464 0.06971153846153846
0 0.020432692307692308 0.40384615384615385 0.040865384615384616 0.07451923076923077
0 0.7307692307692307 0.2776442307692308 0.027644230769230768 0.07451923076923077
0 0.7824519230769231 0.22355769230769232 0.027644230769230768 0.06490384615384616
0 0.6442307692307693 0.23076923076923078 0.025240384615384616 0.05889423076923077
0 0.5612980769230769 0.27884615384615385 0.025240384615384616 0.07211538461538461
0 0.5348557692307693 0.27884615384615385 0.025240384615384616 0.06490384615384616
0 0.5132211538461539 0.23557692307692307 0.025240384615384616 0.0625
0 0.4879807692307692 0.22956730769230768 0.021634615384615384 0.06490384615384616
0 0.45552884615384615 0.2824519230769231 0.026442307692307692 0.06971153846153846
0 0.43990384615384615 0.23317307692307693 0.025240384615384616 0.06610576923076923
0 0.38461538461538464 0.23557692307692307 0.03245192307692308 0.051682692307692304
0 0.3762019230769231 0.28846153846153844 0.030048076923076924 0.06009615384615385
0 0.33774038461538464 0.28725961538461536 0.02403846153846154 0.06850961538461539
0 0.3473557692307692 0.234375 0.026442307692307692 0.055288461538461536
0 0.3173076923076923 0.2403846153846154 0.028846153846153848 0.056490384615384616
0 0.2848557692307692 0.2860576923076923 0.030048076923076924 0.0625
0 0.25961538461538464 0.2848557692307692 0.030048076923076924 0.06610576923076923
0 0.19951923076923078 0.24158653846153846 0.03245192307692308 0.052884615384615384
0 0.17427884615384615 0.23918269230769232 0.027644230769230768 0.056490384615384616
0 0.15745192307692307 0.2956730769230769 0.03125 0.055288461538461536
0 0.13221153846153846 0.2439903846153846 0.03485576923076923 0.06009615384615385
0 0.109375 0.24639423076923078 0.028846153846153848 0.055288461538461536
0 0.11177884615384616 0.3016826923076923 0.037259615384615384 0.054086538461538464
0 0.08653846153846154 0.24639423076923078 0.027644230769230768 0.046875
0 0.06610576923076923 0.29086538461538464 0.03485576923076923 0.06370192307692307
0 0.042067307692307696 0.2932692307692308 0.03245192307692308 0.05889423076923077
0 0.019230769230769232 0.2932692307692308 0.03365384615384615 0.06009615384615385
0 0.026442307692307692 0.24639423076923078 0.03125 0.052884615384615384
0 0.018028846153846152 0.16105769230769232 0.036057692307692304 0.03365384615384615
0 0.04567307692307692 0.109375 0.038461538461538464 0.030048076923076924
0 0.056490384615384616 0.09014423076923077 0.03485576923076923 0.030048076923076924
0 0.0733173076923077 0.06490384615384616 0.036057692307692304 0.028846153846153848
0 0.0985576923076923 0.02403846153846154 0.037259615384615384 0.028846153846153848
0 0.08413461538461539 0.16947115384615385 0.030048076923076924 0.040865384615384616
0 0.10817307692307693 0.1622596153846154 0.025240384615384616 0.046875
0 0.12860576923076922 0.16105769230769232 0.028846153846153848 0.052884615384615384
0 0.14903846153846154 0.1622596153846154 0.030048076923076924 0.04567307692307692
0 0.10336538461538461 0.12860576923076922 0.027644230769230768 0.030048076923076924
0 0.125 0.125 0.025240384615384616 0.030048076923076924
0 0.1466346153846154 0.12379807692307693 0.026442307692307692 0.03485576923076923
0 0.16706730769230768 0.12379807692307693 0.030048076923076924 0.038461538461538464
0 0.22596153846153846 0.11899038461538461 0.03125 0.038461538461538464
0 0.24879807692307693 0.1141826923076923 0.02403846153846154 0.04326923076923077
0 0.2704326923076923 0.11538461538461539 0.02403846153846154 0.036057692307692304
0 0.25841346153846156 0.15144230769230768 0.025240384615384616 0.04807692307692308
0 0.3112980769230769 0.11658653846153846 0.025240384615384616 0.04807692307692308
0 0.3545673076923077 0.1141826923076923 0.027644230769230768 0.052884615384615384
0 0.3701923076923077 0.14903846153846154 0.025240384615384616 0.05889423076923077
0 0.4074519230769231 0.11057692307692307 0.027644230769230768 0.040865384615384616
0 0.4050480769230769 0.15144230769230768 0.02283653846153846 0.04807692307692308
0 0.42908653846153844 0.1502403846153846 0.02283653846153846 0.056490384615384616
0 0.47836538461538464 0.11057692307692307 0.021634615384615384 0.038461538461538464
0 0.6153846153846154 0.09975961538461539 0.016826923076923076 0.0625
0 0.7584134615384616 0.09615384615384616 0.030048076923076924 0.054086538461538464
0 0.7764423076923077 0.025240384615384616 0.028846153846153848 0.04447115384615385
0 0.5961538461538461 0.027644230769230768 0.02283653846153846 0.04807692307692308
0 0.5096153846153846 0.037259615384615384 0.020432692307692308 0.052884615384615384
0 0.46875 0.042067307692307696 0.026442307692307692 0.04807692307692308
0 0.39302884615384615 0.046875 0.02403846153846154 0.04567307692307692
0 0.4050480769230769 0.018028846153846152 0.021634615384615384 0.036057692307692304
0 0.35336538461538464 0.04447115384615385 0.02283653846153846 0.040865384615384616
0 0.3329326923076923 0.04807692307692308 0.027644230769230768 0.04447115384615385
0 0.32211538461538464 0.018028846153846152 0.025240384615384616 0.036057692307692304
0 0.3016826923076923 0.020432692307692308 0.02283653846153846 0.036057692307692304
0 0.2824519230769231 0.016826923076923076 0.026442307692307692 0.03365384615384615
0 0.2644230769230769 0.016826923076923076 0.02403846153846154 0.028846153846153848
0 0.2283653846153846 0.025240384615384616 0.025240384615384616 0.030048076923076924
0 0.27524038461538464 0.04807692307692308 0.02403846153846154 0.038461538461538464
0 0.2536057692307692 0.04807692307692308 0.02283653846153846 0.038461538461538464
0 0.23557692307692307 0.052884615384615384 0.026442307692307692 0.03485576923076923
0 0.21514423076923078 0.054086538461538464 0.025240384615384616 0.037259615384615384
0 0.19951923076923078 0.055288461538461536 0.02403846153846154 0.038461538461538464
0 0.1778846153846154 0.05889423076923077 0.025240384615384616 0.037259615384615384
0 0.15865384615384615 0.05889423076923077 0.027644230769230768 0.037259615384615384
0 0.17307692307692307 0.025240384615384616 0.02403846153846154 0.030048076923076924
0 0.15384615384615385 0.028846153846153848 0.026442307692307692 0.025240384615384616
0 0.14302884615384615 0.06490384615384616 0.021634615384615384 0.038461538461538464
0 0.010817307692307692 0.1971153846153846 0.021634615384615384 0.027644230769230768
0 0.9338942307692307 0.859375 0.07451923076923077 0.06850961538461539
0 0.1141826923076923 0.007211538461538462 0.036057692307692304 0.014423076923076924