0 0.25961538461538464 0.29086538461538464 0.03485576923076923 0.06610576923076923
0 0.2860576923076923 0.29086538461538464 0.03365384615384615 0.06610576923076923
0 0.3112980769230769 0.28846153846153844 0.036057692307692304 0.06610576923076923
0 0.33653846153846156 0.29086538461538464 0.03365384615384615 0.0625
0 0.3762019230769231 0.28725961538461536 0.03245192307692308 0.06370192307692307
0 0.40384615384615385 0.28725961538461536 0.027644230769230768 0.06009615384615385
0 0.43028846153846156 0.29086538461538464 0.025240384615384616 0.06370192307692307
0 0.4543269230769231 0.28725961538461536 0.026442307692307692 0.06370192307692307
0 0.4807692307692308 0.28846153846153844 0.027644230769230768 0.06129807692307692
0 0.5060096153846154 0.2860576923076923 0.025240384615384616 0.054086538461538464
0 0.5324519230769231 0.2860576923076923 0.026442307692307692 0.056490384615384616
0 0.5612980769230769 0.2824519230769231 0.025240384615384616 0.052884615384615384
0 0.5877403846153846 0.2824519230769231 0.028846153846153848 0.06009615384615385
0 0.6442307692307693 0.2800480769230769 0.027644230769230768 0.054086538461538464
0 0.6730769230769231 0.2800480769230769 0.027644230769230768 0.054086538461538464
0 0.7007211538461539 0.2776442307692308 0.027644230769230768 0.051682692307692304
0 0.7872596153846154 0.2764423076923077 0.03125 0.054086538461538464
0 0.1971153846153846 0.40024038461538464 0.042067307692307696 0.06009615384615385
0 0.22235576923076922 0.39903846153846156 0.040865384615384616 0.0625
0 0.24879807692307693 0.4014423076923077 0.038461538461538464 0.06370192307692307
0 0.28125 0.4014423076923077 0.039663461538461536 0.05889423076923077
0 0.34975961538461536 0.4014423076923077 0.03485576923076923 0.056490384615384616
0 0.375 0.4014423076923077 0.03485576923076923 0.06129807692307692
0 0.4362980769230769 0.39663461538461536 0.03365384615384615 0.056490384615384616
0 0.4651442307692308 0.3954326923076923 0.03485576923076923 0.0625
0 0.4951923076923077 0.3954326923076923 0.03245192307692308 0.06129807692307692
0 0.5216346153846154 0.3954326923076923 0.03125 0.06009615384615385
0 0.5841346153846154 0.3954326923076923 0.030048076923076924 0.06009615384615385
0 0.6129807692307693 0.39302884615384615 0.03485576923076923 0.06370192307692307
0 0.6790865384615384 0.39302884615384615 0.03125 0.0733173076923077
0 0.7091346153846154 0.3894230769230769 0.036057692307692304 0.0733173076923077
0 0.7740384615384616 0.3918269230769231 0.037259615384615384 0.07451923076923077
0 0.17548076923076922 0.46153846153846156 0.037259615384615384 0.07932692307692307
0 0.20432692307692307 0.4639423076923077 0.04447115384615385 0.08052884615384616
0 0.23197115384615385 0.45913461538461536 0.039663461538461536 0.0829326923076923
0 0.25961538461538464 0.46634615384615385 0.040865384615384616 0.07932692307692307
0 0.29086538461538464 0.4651442307692308 0.037259615384615384 0.08052884615384616
0 0.33533653846153844 0.4675480769230769 0.030048076923076924 0.08413461538461539
0 0.36778846153846156 0.46634615384615385 0.042067307692307696 0.0829326923076923
0 0.3942307692307692 0.4675480769230769 0.037259615384615384 0.078125
0 0.42788461538461536 0.4639423076923077 0.037259615384615384 0.0829326923076923
0 0.4567307692307692 0.4675480769230769 0.030048076923076924 0.07451923076923077
0 0.49038461538461536 0.4675480769230769 0.03245192307692308 0.07451923076923077
0 0.5192307692307693 0.4675480769230769 0.03245192307692308 0.07091346153846154
0 0.5528846153846154 0.4651442307692308 0.026442307692307692 0.07091346153846154
0 0.5817307692307693 0.46634615384615385 0.03245192307692308 0.07091346153846154
0 0.6129807692307693 0.46634615384615385 0.028846153846153848 0.07211538461538461
0 0.6466346153846154 0.4639423076923077 0.03125 0.07211538461538461
0 0.7115384615384616 0.4651442307692308 0.036057692307692304 0.06610576923076923
0 0.7463942307692307 0.4651442307692308 0.03245192307692308 0.0733173076923077
0 0.7788461538461539 0.46274038461538464 0.038461538461538464 0.0733173076923077
0 0.8112980769230769 0.4651442307692308 0.03485576923076923 0.06850961538461539
0 0.8485576923076923 0.45913461538461536 0.042067307692307696 0.07451923076923077
0 0.12139423076923077 0.6153846153846154 0.04567307692307692 0.0829326923076923
0 0.15144230769230768 0.6177884615384616 0.04567307692307692 0.078125
0 0.18629807692307693 0.6177884615384616 0.04447115384615385 0.07932692307692307
0 0.21875 0.6165865384615384 0.040865384615384616 0.078125
0 0.2512019230769231 0.6225961538461539 0.042067307692307696 0.07451923076923077
0 0.30288461538461536 0.6177884615384616 0.038461538461538464 0.07091346153846154
0 0.33653846153846156 0.6165865384615384 0.040865384615384616 0.078125
0 0.37259615384615385 0.6189903846153846 0.04807692307692308 0.08413461538461539
0 0.4050480769230769 0.6189903846153846 0.040865384615384616 0.07932692307692307
0 0.4387019230769231 0.6237980769230769 0.040865384615384616 0.08052884615384616
0 0.47115384615384615 0.6225961538461539 0.036057692307692304 0.08052884615384616
0 0.5060096153846154 0.6237980769230769 0.037259615384615384 0.08774038461538461
0 0.5408653846153846 0.6213942307692307 0.037259615384615384 0.078125
0 0.5793269230769231 0.6225961538461539 0.036057692307692304 0.08653846153846154
0 0.6141826923076923 0.6189903846153846 0.036057692307692304 0.08173076923076923
0 0.6514423076923077 0.625 0.037259615384615384 0.08173076923076923
0 0.6887019230769231 0.6274038461538461 0.040865384615384616 0.0829326923076923
0 0.7259615384615384 0.625 0.042067307692307696 0.08173076923076923
0 0.7644230769230769 0.625 0.040865384615384616 0.0889423076923077
0 0.8004807692307693 0.6274038461538461 0.04447115384615385 0.09134615384615384
0 0.8365384615384616 0.6237980769230769 0.040865384615384616 0.0889423076923077
0 0.875 0.6213942307692307 0.04807692307692308 0.08774038461538461
0 0.09495192307692307 0.7355769230769231 0.055288461538461536 0.08413461538461539
0 0.13701923076923078 0.7391826923076923 0.055288461538461536 0.08653846153846154
0 0.17668269230769232 0.7391826923076923 0.05889423076923077 0.0889423076923077
0 0.25721153846153844 0.7355769230769231 0.052884615384615384 0.08774038461538461
0 0.3004807692307692 0.734375 0.052884615384615384 0.07932692307692307
0 0.4699519230769231 0.7439903846153846 0.040865384615384616 0.08653846153846154
0 0.5096153846153846 0.7475961538461539 0.04567307692307692 0.08774038461538461
0 0.06971153846153846 0.9375 0.052884615384615384 0.09495192307692307
0 0.11298076923076923 0.9254807692307693 0.037259615384615384 0.0985576923076923
0 0.1622596153846154 0.9362980769230769 0.046875 0.0889423076923077
0 0.2548076923076923 0.9387019230769231 0.046875 0.09254807692307693
0 0.4495192307692308 0.9495192307692307 0.040865384615384616 0.09735576923076923
0 0.5 0.9543269230769231 0.03485576923076923 0.0889423076923077
0 0.5456730769230769 0.9483173076923077 0.038461538461538464 0.0985576923076923
0 0.6995192307692307 0.953125 0.036057692307692304 0.09134615384615384
0 0.7487980769230769 0.9399038461538461 0.040865384615384616 0.11658653846153846
0 0.9495192307692307 0.9314903846153846 0.0673076923076923 0.09134615384615384
0 0.9278846153846154 0.8545673076923077 0.08173076923076923 0.06971153846153846
0 0.9146634615384616 0.7860576923076923 0.08413461538461539 0.0625
0 0.9002403846153846 0.7295673076923077 0.07932692307692307 0.055288461538461536
0 0.9807692307692307 0.6057692307692307 0.037259615384615384 0.0985576923076923
0 0.9254807692307693 0.34975961538461536 0.03485576923076923 0.0625
0 0.8269230769230769 0.7355769230769231 0.04326923076923077 0.11057692307692307
0 0.7776442307692307 0.7355769230769231 0.04567307692307692 0.09975961538461539
0 0.7271634615384616 0.7259615384615384 0.037259615384615384 0.10096153846153846
0 0.5925480769230769 0.7283653846153846 0.037259615384615384 0.10096153846153846
0 0.028846153846153848 0.7223557692307693 0.054086538461538464 0.10096153846153846
0 0.09375 0.6129807692307693 0.04326923076923077 0.08413461538461539
0 0.06490384615384616 0.6129807692307693 0.04447115384615385 0.09134615384615384
0 0.03485576923076923 0.6129807692307693 0.04447115384615385 0.08173076923076923
0 0.014423076923076924 0.6105769230769231 0.028846153846153848 0.09134615384615384
0 0.14783653846153846 0.46153846153846156 0.038461538461538464 0.07211538461538461
0 0.1201923076923077 0.46274038461538464 0.03485576923076923 0.05889423076923077
0 0.09615384615384616 0.45552884615384615 0.036057692307692304 0.07091346153846154
0 0.04326923076923077 0.4579326923076923 0.036057692307692304 0.07091346153846154
0 0.018028846153846152 0.4543269230769231 0.03485576923076923 0.06850961538461539
0 0.016826923076923076 0.40024038461538464 0.03365384615384615 0.06490384615384616
0 0.040865384615384616 0.4014423076923077 0.04447115384615385 0.056490384615384616
0 0.0673076923076923 0.4014423076923077 0.040865384615384616 0.06129807692307692
0 0.09134615384615384 0.40384615384615385 0.038461538461538464 0.06370192307692307
0 0.12139423076923077 0.39663461538461536 0.03485576923076923 0.06129807692307692
0 0.14423076923076922 0.39903846153846156 0.040865384615384616 0.054086538461538464
0 0.6706730769230769 0.2283653846153846 0.030048076923076924 0.055288461538461536
0 0.5901442307692307 0.22596153846153846 0.025240384615384616 0.052884615384615384
0 0.4879807692307692 0.22956730769230768 0.027644230769230768 0.06129807692307692
0 0.38221153846153844 0.23557692307692307 0.030048076923076924 0.051682692307692304
0 0.34975961538461536 0.23557692307692307 0.028846153846153848 0.046875
0 0.17908653846153846 0.2403846153846154 0.025240384615384616 0.046875
0 0.20673076923076922 0.2932692307692308 0.030048076923076924 0.05889423076923077
0 0.1814903846153846 0.2932692307692308 0.036057692307692304 0.06610576923076923
0 0.15745192307692307 0.2932692307692308 0.030048076923076924 0.06610576923076923
0 0.13341346153846154 0.29086538461538464 0.03365384615384615 0.0625
0 0.11057692307692307 0.296875 0.03485576923076923 0.06129807692307692
0 0.06850961538461539 0.25 0.03245192307692308 0.04567307692307692
0 0.04326923076923077 0.29447115384615385 0.03485576923076923 0.06129807692307692
0 0.02283653846153846 0.29447115384615385 0.03125 0.0625
0 0.171875 0.15985576923076922 0.028846153846153848 0.05048076923076923
0 0.13221153846153846 0.1622596153846154 0.028846153846153848 0.051682692307692304
0 0.11057692307692307 0.1658653846153846 0.030048076923076924 0.04447115384615385
0 0.08653846153846154 0.16706730769230768 0.03245192307692308 0.038461538461538464
0 0.10576923076923077 0.12620192307692307 0.025240384615384616 0.040865384615384616
0 0.12860576923076922 0.125 0.02403846153846154 0.030048076923076924
0 0.14903846153846154 0.12139423076923077 0.021634615384615384 0.03485576923076923
0 0.18629807692307693 0.11658653846153846 0.02403846153846154 0.038461538461538464
0 0.2091346153846154 0.12259615384615384 0.025240384615384616 0.04326923076923077
0 0.2920673076923077 0.11538461538461539 0.026442307692307692 0.04807692307692308
0 0.3112980769230769 0.11538461538461539 0.019230769230769232 0.040865384615384616
0 0.38100961538461536 0.109375 0.021634615384615384 0.038461538461538464
0 0.3713942307692308 0.15745192307692307 0.025240384615384616 0.04807692307692308
0 0.4026442307692308 0.15504807692307693 0.025240384615384616 0.04326923076923077
0 0.41225961538461536 0.11298076923076923 0.016826923076923076 0.04447115384615385
0 0.4338942307692308 0.1141826923076923 0.020432692307692308 0.040865384615384616
0 0.43028846153846156 0.15264423076923078 0.016826923076923076 0.04447115384615385
0 0.5048076923076923 0.10817307692307693 0.021634615384615384 0.052884615384615384
0 0.6153846153846154 0.13701923076923078 0.019230769230769232 0.056490384615384616
0 0.6153846153846154 0.09134615384615384 0.02283653846153846 0.04447115384615385
0 0.7175480769230769 0.12860576923076922 0.026442307692307692 0.05889423076923077
0 0.765625 0.1310096153846154 0.025240384615384616 0.06009615384615385
0 0.7512019230769231 0.025240384615384616 0.025240384615384616 0.05048076923076923
0 0.7067307692307693 0.030048076923076924 0.021634615384615384 0.04567307692307692
0 0.5324519230769231 0.037259615384615384 0.019230769230769232 0.046875
0 0.5096153846153846 0.037259615384615384 0.019230769230769232 0.055288461538461536
0 0.4326923076923077 0.018028846153846152 0.02403846153846154 0.036057692307692304
0 0.4014423076923077 0.018028846153846152 0.019230769230769232 0.036057692307692304
0 0.35336538461538464 0.046875 0.026442307692307692 0.04567307692307692
0 0.2956730769230769 0.05048076923076923 0.027644230769230768 0.042067307692307696
0 0.30528846153846156 0.016826923076923076 0.02283653846153846 0.028846153846153848
0 0.2848557692307692 0.016826923076923076 0.021634615384615384 0.026442307692307692
0 0.27524038461538464 0.046875 0.02403846153846154 0.04326923076923077
0 0.25600961538461536 0.052884615384615384 0.02403846153846154 0.042067307692307696
0 0.26322115384615385 0.021634615384615384 0.021634615384615384 0.03245192307692308
0 0.24639423076923078 0.025240384615384616 0.020432692307692308 0.03365384615384615
0 0.21033653846153846 0.027644230769230768 0.021634615384615384 0.036057692307692304
0 0.19110576923076922 0.027644230769230768 0.019230769230769232 0.030048076923076924
0 0.17427884615384615 0.027644230769230768 0.020432692307692308 0.027644230769230768
0 0.15264423076923078 0.03365384615384615 0.020432692307692308 0.027644230769230768
0 0.14182692307692307 0.06370192307692307 0.02283653846153846 0.037259615384615384
0 0.1622596153846154 0.06129807692307692 0.02403846153846154 0.037259615384615384
0 0.18028846153846154 0.06129807692307692 0.027644230769230768 0.040865384615384616
0 0.014423076923076924 0.17307692307692307 0.028846153846153848 0.036057692307692304
0 0.021634615384615384 0.15264423076923078 0.037259615384615384 0.028846153846153848
0 0.04807692307692308 0.10817307692307693 0.037259615384615384 0.03245192307692308
0 0.05889423076923077 0.09134615384615384 0.039663461538461536 0.028846153846153848
0 0.07572115384615384 0.06009615384615385 0.046875 0.038461538461538464
0 0.09495192307692307 0.03485576923076923 0.037259615384615384 0.02403846153846154
0 0.10817307692307693 0.01201923076923077 0.03245192307692308 0.02403846153846154
0 0.9098557692307693 0.2860576923076923 0.03245192307692308 0.06610576923076923
0 0.8882211538461539 0.18870192307692307 0.03365384615384615 0.06129807692307692