0 0.3762019230769231 0.28725961538461536 0.03245192307692308 0.06370192307692307
0 0.43028846153846156 0.29086538461538464 0.025240384615384616 0.06370192307692307
0 0.4543269230769231 0.28725961538461536 0.026442307692307692 0.06370192307692307
0 0.5877403846153846 0.2824519230769231 0.028846153846153848 0.06009615384615385
0 0.6177884615384616 0.2824519230769231 0.025240384615384616 0.06009615384615385
0 0.6730769230769231 0.2800480769230769 0.027644230769230768 0.054086538461538464
0 0.7307692307692307 0.2800480769230769 0.030048076923076924 0.055288461538461536
0 0.7608173076923077 0.2764423076923077 0.027644230769230768 0.0625
0 0.7872596153846154 0.2764423076923077 0.03125 0.054086538461538464
0 0.1971153846153846 0.40024038461538464 0.042067307692307696 0.06009615384615385
0 0.22235576923076922 0.39903846153846156 0.040865384615384616 0.0625
0 0.28125 0.4014423076923077 0.039663461538461536 0.05889423076923077
0 0.3125 0.4026442307692308 0.037259615384615384 0.06129807692307692
0 0.34975961538461536 0.4014423076923077 0.03485576923076923 0.056490384615384616
0 0.375 0.4014423076923077 0.03485576923076923 0.06129807692307692
0 0.4362980769230769 0.39663461538461536 0.03365384615384615 0.056490384615384616
0 0.4651442307692308 0.3954326923076923 0.03485576923076923 0.0625
0 0.4951923076923077 0.3954326923076923 0.03245192307692308 0.06129807692307692
0 0.6129807692307693 0.39302884615384615 0.03485576923076923 0.06370192307692307
0 0.6466346153846154 0.3894230769230769 0.030048076923076924 0.07211538461538461
0 0.7091346153846154 0.3894230769230769 0.036057692307692304 0.0733173076923077
0 0.7403846153846154 0.3918269230769231 0.03245192307692308 0.06971153846153846
0 0.7740384615384616 0.3918269230769231 0.037259615384615384 0.07451923076923077
0 0.8389423076923077 0.3918269230769231 0.037259615384615384 0.06610576923076923
0 0.17548076923076922 0.46153846153846156 0.037259615384615384 0.07932692307692307
0 0.20432692307692307 0.4639423076923077 0.04447115384615385 0.08052884615384616
0 0.23197115384615385 0.45913461538461536 0.039663461538461536 0.0829326923076923
0 0.29086538461538464 0.4651442307692308 0.037259615384615384 0.08052884615384616
0 0.33533653846153844 0.4675480769230769 0.030048076923076924 0.08413461538461539
0 0.36778846153846156 0.46634615384615385 0.042067307692307696 0.0829326923076923
0 0.3942307692307692 0.4675480769230769 0.037259615384615384 0.078125
0 0.42788461538461536 0.4639423076923077 0.037259615384615384 0.0829326923076923
0 0.5192307692307693 0.4675480769230769 0.03245192307692308 0.07091346153846154
0 0.5817307692307693 0.46634615384615385 0.03245192307692308 0.07091346153846154
0 0.6129807692307693 0.46634615384615385 0.028846153846153848 0.07211538461538461
0 0.6466346153846154 0.4639423076923077 0.03125 0.07211538461538461
0 0.6802884615384616 0.46634615384615385 0.03125 0.07091346153846154
0 0.7115384615384616 0.4651442307692308 0.036057692307692304 0.06610576923076923
0 0.7463942307692307 0.4651442307692308 0.03245192307692308 0.0733173076923077
0 0.7788461538461539 0.46274038461538464 0.038461538461538464 0.0733173076923077
0 0.8112980769230769 0.4651442307692308 0.03485576923076923 0.06850961538461539
0 0.8485576923076923 0.45913461538461536 0.042067307692307696 0.07451923076923077
0 0.12139423076923077 0.6153846153846154 0.04567307692307692 0.0829326923076923
0 0.15144230769230768 0.6177884615384616 0.04567307692307692 0.078125
0 0.18629807692307693 0.6177884615384616 0.04447115384615385 0.07932692307692307
0 0.21875 0.6165865384615384 0.040865384615384616 0.078125
0 0.2512019230769231 0.6225961538461539 0.042067307692307696 0.07451923076923077
0 0.30288461538461536 0.6177884615384616 0.038461538461538464 0.07091346153846154
0 0.33653846153846156 0.6165865384615384 0.040865384615384616 0.078125
0 0.4387019230769231 0.6237980769230769 0.040865384615384616 0.08052884615384616
0 0.47115384615384615 0.6225961538461539 0.036057692307692304 0.08052884615384616
0 0.5060096153846154 0.6237980769230769 0.037259615384615384 0.08774038461538461
0 0.5408653846153846 0.6213942307692307 0.037259615384615384 0.078125
0 0.6141826923076923 0.6189903846153846 0.036057692307692304 0.08173076923076923
0 0.6514423076923077 0.625 0.037259615384615384 0.08173076923076923
0 0.6887019230769231 0.6274038461538461 0.040865384615384616 0.0829326923076923
0 0.7259615384615384 0.625 0.042067307692307696 0.08173076923076923
0 0.7644230769230769 0.625 0.040865384615384616 0.0889423076923077
0 0.875 0.6213942307692307 0.04807692307692308 0.08774038461538461
0 0.09495192307692307 0.7355769230769231 0.055288461538461536 0.08413461538461539
0 0.13701923076923078 0.7391826923076923 0.055288461538461536 0.08653846153846154
0 0.25721153846153844 0.7355769230769231 0.052884615384615384 0.08774038461538461
0 0.3004807692307692 0.734375 0.052884615384615384 0.07932692307692307
0 0.4699519230769231 0.7439903846153846 0.040865384615384616 0.08653846153846154
0 0.026442307692307692 0.7307692307692307 0.052884615384615384 0.09495192307692307
0 0.06370192307692307 0.6141826923076923 0.05048076923076923 0.09495192307692307
0 0.013221153846153846 0.6153846153846154 0.026442307692307692 0.08173076923076923
0 0.16346153846153846 0.9387019230769231 0.04927884615384615 0.09134615384615384
0 0.21514423076923078 0.9230769230769231 0.038461538461538464 0.1045673076923077
0 0.2512019230769231 0.9387019230769231 0.038461538461538464 0.078125
0 0.3076923076923077 0.9483173076923077 0.04326923076923077 0.09975961538461539
0 0.44350961538461536 0.9483173076923077 0.037259615384615384 0.09975961538461539
0 0.75 0.9447115384615384 0.037259615384615384 0.10817307692307693
0 0.9026442307692307 0.7355769230769231 0.0733173076923077 0.055288461538461536
0 0.9134615384615384 0.796875 0.06971153846153846 0.056490384615384616
0 0.9266826923076923 0.8762019230769231 0.07211538461538461 0.06370192307692307
0 0.9567307692307693 0.9579326923076923 0.07451923076923077 0.07932692307692307
0 0.9855769230769231 0.6213942307692307 0.026442307692307692 0.0985576923076923
0 0.9362980769230769 0.40384615384615385 0.04326923076923077 0.0733173076923077
0 0.921875 0.33653846153846156 0.028846153846153848 0.06850961538461539
0 0.5973557692307693 0.7259615384615384 0.036057692307692304 0.09615384615384616
0 0.6887019230769231 0.7319711538461539 0.03485576923076923 0.109375
0 0.7307692307692307 0.7295673076923077 0.03245192307692308 0.10336538461538461
0 0.14903846153846154 0.4675480769230769 0.039663461538461536 0.078125
0 0.12139423076923077 0.4651442307692308 0.04326923076923077 0.07211538461538461
0 0.09254807692307693 0.4639423076923077 0.038461538461538464 0.0733173076923077
0 0.0673076923076923 0.45552884615384615 0.04326923076923077 0.08173076923076923
0 0.039663461538461536 0.46274038461538464 0.03485576923076923 0.06610576923076923
0 0.016826923076923076 0.45913461538461536 0.03245192307692308 0.07451923076923077
0 0.016826923076923076 0.4026442307692308 0.03245192307692308 0.06009615384615385
0 0.040865384615384616 0.4014423076923077 0.038461538461538464 0.06129807692307692
0 0.06610576923076923 0.4050480769230769 0.037259615384615384 0.056490384615384616
0 0.09254807692307693 0.4014423076923077 0.03245192307692308 0.046875
0 0.11778846153846154 0.40024038461538464 0.03245192307692308 0.06129807692307692
0 0.1466346153846154 0.40024038461538464 0.03485576923076923 0.05889423076923077
0 0.7247596153846154 0.22235576923076922 0.02403846153846154 0.054086538461538464
0 0.7644230769230769 0.13581730769230768 0.025240384615384616 0.056490384615384616
0 0.6610576923076923 0.09615384615384616 0.02403846153846154 0.051682692307692304
0 0.75 0.025240384615384616 0.021634615384615384 0.05048076923076923
0 0.7043269230769231 0.026442307692307692 0.028846153846153848 0.052884615384615384
0 0.6622596153846154 0.02403846153846154 0.02403846153846154 0.04807692307692308
0 0.6177884615384616 0.026442307692307692 0.02283653846153846 0.04567307692307692
0 0.53125 0.036057692307692304 0.019230769230769232 0.052884615384615384
0 0.5685096153846154 0.10096153846153846 0.021634615384615384 0.04567307692307692
0 0.5949519230769231 0.14423076923076922 0.025240384615384616 0.06129807692307692
0 0.4362980769230769 0.11538461538461539 0.02283653846153846 0.04326923076923077
0 0.5120192307692307 0.23317307692307693 0.026442307692307692 0.06129807692307692
0 0.38341346153846156 0.23317307692307693 0.027644230769230768 0.052884615384615384
0 0.3473557692307692 0.23798076923076922 0.03125 0.056490384615384616
0 0.27403846153846156 0.24158653846153846 0.03245192307692308 0.052884615384615384
0 0.1778846153846154 0.24158653846153846 0.03485576923076923 0.054086538461538464
0 0.1875 0.2932692307692308 0.036057692307692304 0.056490384615384616
0 0.13341346153846154 0.2956730769230769 0.042067307692307696 0.055288461538461536
0 0.09134615384615384 0.29447115384615385 0.03485576923076923 0.06009615384615385
0 0.08533653846153846 0.22956730769230768 0.03365384615384615 0.04326923076923077
0 0.0673076923076923 0.296875 0.037259615384615384 0.06370192307692307
0 0.04567307692307692 0.2980769230769231 0.03365384615384615 0.0625
0 0.04326923076923077 0.25 0.03245192307692308 0.04807692307692308
0 0.021634615384615384 0.3004807692307692 0.037259615384615384 0.04807692307692308
0 0.014423076923076924 0.17668269230769232 0.027644230769230768 0.028846153846153848
0 0.021634615384615384 0.15745192307692307 0.037259615384615384 0.025240384615384616
0 0.028846153846153848 0.140625 0.042067307692307696 0.026442307692307692
0 0.040865384615384616 0.12379807692307693 0.03485576923076923 0.026442307692307692
0 0.05048076923076923 0.10576923076923077 0.028846153846153848 0.02403846153846154
0 0.06610576923076923 0.07932692307692307 0.036057692307692304 0.036057692307692304
0 0.09134615384615384 0.042067307692307696 0.036057692307692304 0.028846153846153848
0 0.09975961538461539 0.021634615384615384 0.027644230769230768 0.018028846153846152
0 0.109375 0.013221153846153846 0.036057692307692304 0.026442307692307692
0 0.08533653846153846 0.1658653846153846 0.03125 0.04807692307692308
0 0.10817307692307693 0.16346153846153846 0.03125 0.04807692307692308
0 0.14903846153846154 0.1658653846153846 0.027644230769230768 0.051682692307692304
0 0.19230769230769232 0.15985576923076922 0.03125 0.05048076923076923
0 0.21153846153846154 0.15985576923076922 0.027644230769230768 0.042067307692307696
0 0.234375 0.15384615384615385 0.027644230769230768 0.046875
0 0.24879807692307693 0.11658653846153846 0.02403846153846154 0.03245192307692308
0 0.2692307692307692 0.11778846153846154 0.026442307692307692 0.040865384615384616
0 0.29086538461538464 0.11778846153846154 0.025240384615384616 0.038461538461538464
0 0.3112980769230769 0.11538461538461539 0.027644230769230768 0.040865384615384616
0 0.3713942307692308 0.15384615384615385 0.02403846153846154 0.051682692307692304
0 0.3762019230769231 0.11658653846153846 0.025240384615384616 0.037259615384615384
0 0.4098557692307692 0.11298076923076923 0.027644230769230768 0.04567307692307692
0 0.35336538461538464 0.11538461538461539 0.025240384615384616 0.04326923076923077
0 0.25841346153846156 0.08173076923076923 0.039663461538461536 0.03365384615384615
0 0.2091346153846154 0.11899038461538461 0.03125 0.03245192307692308
0 0.16826923076923078 0.12379807692307693 0.030048076923076924 0.03365384615384615
0 0.1310096153846154 0.12139423076923077 0.027644230769230768 0.040865384615384616
0 0.10817307692307693 0.12379807692307693 0.026442307692307692 0.04326923076923077
0 0.14182692307692307 0.0625 0.025240384615384616 0.040865384615384616
0 0.15865384615384615 0.026442307692307692 0.025240384615384616 0.028846153846153848
0 0.16346153846153846 0.06129807692307692 0.025240384615384616 0.040865384615384616
0 0.1814903846153846 0.056490384615384616 0.021634615384615384 0.04326923076923077
0 0.19831730769230768 0.052884615384615384 0.025240384615384616 0.04567307692307692
0 0.17548076923076922 0.026442307692307692 0.019230769230769232 0.03245192307692308
0 0.19110576923076922 0.026442307692307692 0.019230769230769232 0.026442307692307692
0 0.2127403846153846 0.018028846153846152 0.02403846153846154 0.03245192307692308
0 0.21754807692307693 0.051682692307692304 0.021634615384615384 0.03245192307692308
0 0.2283653846153846 0.06610576923076923 0.027644230769230768 0.038461538461538464
0 0.25600961538461536 0.04807692307692308 0.025240384615384616 0.036057692307692304
0 0.22956730769230768 0.019230769230769232 0.019230769230769232 0.038461538461538464
0 0.24879807692307693 0.019230769230769232 0.021634615384615384 0.038461538461538464
0 0.2668269230769231 0.016826923076923076 0.019230769230769232 0.03245192307692308
0 0.2848557692307692 0.020432692307692308 0.02403846153846154 0.040865384615384616
0 0.30408653846153844 0.018028846153846152 0.018028846153846152 0.036057692307692304
0 0.3233173076923077 0.014423076923076924 0.025240384615384616 0.028846153846153848
0 0.3137019230769231 0.05048076923076923 0.02283653846153846 0.046875
0 0.3737980769230769 0.052884615384615384 0.026442307692307692 0.038461538461538464
0 0.3942307692307692 0.05048076923076923 0.021634615384615384 0.038461538461538464
0 0.3605769230769231 0.021634615384615384 0.028846153846153848 0.04326923076923077
0 0.38221153846153844 0.016826923076923076 0.020432692307692308 0.03365384615384615
0 0.4050480769230769 0.018028846153846152 0.026442307692307692 0.036057692307692304
0 0.43149038461538464 0.016826923076923076 0.021634615384615384 0.03365384615384615
0 0.45072115384615385 0.018028846153846152 0.02283653846153846 0.036057692307692304
0 0.47115384615384615 0.016826923076923076 0.02403846153846154 0.03365384615384615
0 0.48677884615384615 0.04326923076923077 0.021634615384615384 0.046875
0 0.49278846153846156 0.014423076923076924 0.015625 0.028846153846153848
0 0.5504807692307693 0.9519230769230769 0.042067307692307696 0.09254807692307693
0 0.6995192307692307 0.9459134615384616 0.03485576923076923 0.09615384615384616