0 0.07451923076923077 0.46153846153846156 0.040865384615384616 0.0625
0 0.039663461538461536 0.46274038461538464 0.040865384615384616 0.07692307692307693
0 0.04326923076923077 0.39302884615384615 0.037259615384615384 0.07091346153846154
0 0.015625 0.6057692307692307 0.030048076923076924 0.09134615384615384
0 0.2512019230769231 0.6057692307692307 0.04447115384615385 0.0985576923076923
0 0.3125 0.6105769230769231 0.04326923076923077 0.09615384615384616
0 0.4074519230769231 0.6213942307692307 0.037259615384615384 0.08774038461538461
0 0.5456730769230769 0.9519230769230769 0.03245192307692308 0.09495192307692307
0 0.9242788461538461 0.8425480769230769 0.0733173076923077 0.07451923076923077
0 0.14903846153846154 0.12860576923076922 0.038461538461538464 0.052884615384615384
0 0.15504807692307693 0.03485576923076923 0.028846153846153848 0.042067307692307696