0 0.4254807692307692 0.7391826923076923 0.04326923076923077 0.10096153846153846
0 0.5120192307692307 0.7379807692307693 0.03125 0.11778846153846154
0 0.5528846153846154 0.7403846153846154 0.03245192307692308 0.10096153846153846
0 0.59375 0.734375 0.03125 0.10336538461538461
0 0.7271634615384616 0.7295673076923077 0.03485576923076923 0.08653846153846154
0 0.8305288461538461 0.7463942307692307 0.042067307692307696 0.10576923076923077
0 0.9002403846153846 0.7331730769230769 0.07451923076923077 0.06009615384615385
0 0.9182692307692307 0.7920673076923077 0.06971153846153846 0.04807692307692308
0 0.9350961538461539 0.8473557692307693 0.07692307692307693 0.05048076923076923
0 0.44350961538461536 0.9483173076923077 0.027644230769230768 0.078125
0 0.2512019230769231 0.9435096153846154 0.037259615384615384 0.08052884615384616
0 0.21394230769230768 0.9266826923076923 0.03245192307692308 0.09495192307692307
0 0.2956730769230769 0.7403846153846154 0.042067307692307696 0.09495192307692307
0 0.25240384615384615 0.7463942307692307 0.04447115384615385 0.1141826923076923
0 0.17307692307692307 0.7415865384615384 0.04807692307692308 0.11057692307692307
0 0.1346153846153846 0.7307692307692307 0.042067307692307696 0.10336538461538461
0 0.09495192307692307 0.7355769230769231 0.046875 0.0985576923076923
0 0.056490384615384616 0.7355769230769231 0.04927884615384615 0.10576923076923077
0 0.021634615384615384 0.7307692307692307 0.038461538461538464 0.09495192307692307
0 0.027644230769230768 0.6141826923076923 0.05048076923076923 0.09615384615384616
0 0.06009615384615385 0.6177884615384616 0.04326923076923077 0.09735576923076923
0 0.09254807692307693 0.6225961538461539 0.038461538461538464 0.08173076923076923
0 0.14903846153846154 0.6262019230769231 0.037259615384615384 0.08653846153846154
0 0.18389423076923078 0.625 0.038461538461538464 0.0829326923076923
0 0.21514423076923078 0.6262019230769231 0.04326923076923077 0.08413461538461539
0 0.2512019230769231 0.6262019230769231 0.037259615384615384 0.09735576923076923
0 0.29927884615384615 0.6274038461538461 0.037259615384615384 0.0889423076923077
0 0.33653846153846156 0.6237980769230769 0.036057692307692304 0.0829326923076923
0 0.36899038461538464 0.6262019230769231 0.036057692307692304 0.08173076923076923
0 0.40384615384615385 0.625 0.037259615384615384 0.10336538461538461
0 0.43990384615384615 0.6346153846153846 0.03245192307692308 0.0985576923076923
0 0.4699519230769231 0.625 0.03245192307692308 0.09735576923076923
0 0.5072115384615384 0.6334134615384616 0.030048076923076924 0.09134615384615384
0 0.5408653846153846 0.6322115384615384 0.030048076923076924 0.09615384615384616
0 0.5757211538461539 0.6310096153846154 0.027644230769230768 0.09014423076923077
0 0.6165865384615384 0.6346153846153846 0.026442307692307692 0.09254807692307693
0 0.6538461538461539 0.6358173076923077 0.028846153846153848 0.09735576923076923
0 0.6911057692307693 0.6394230769230769 0.027644230769230768 0.09254807692307693
0 0.7283653846153846 0.6322115384615384 0.027644230769230768 0.09975961538461539
0 0.7704326923076923 0.6370192307692307 0.03125 0.09495192307692307
0 0.8052884615384616 0.6430288461538461 0.028846153846153848 0.09134615384615384
0 0.8425480769230769 0.6346153846153846 0.03245192307692308 0.09975961538461539
0 0.8846153846153846 0.6430288461538461 0.03245192307692308 0.09014423076923077
0 0.9627403846153846 0.4807692307692308 0.038461538461538464 0.09134615384615384
0 0.9459134615384616 0.40384615384615385 0.037259615384615384 0.07932692307692307
0 0.9302884615384616 0.34134615384615385 0.036057692307692304 0.06971153846153846
0 0.8521634615384616 0.46274038461538464 0.030048076923076924 0.08413461538461539
0 0.8173076923076923 0.4675480769230769 0.03365384615384615 0.06370192307692307
0 0.7848557692307693 0.4639423076923077 0.03245192307692308 0.08413461538461539
0 0.7451923076923077 0.46274038461538464 0.03485576923076923 0.07932692307692307
0 0.6862980769230769 0.5360576923076923 0.056490384615384616 0.06850961538461539
0 0.6802884615384616 0.4639423076923077 0.030048076923076924 0.08774038461538461
0 0.7091346153846154 0.4026442307692308 0.027644230769230768 0.08173076923076923
0 0.7704326923076923 0.3942307692307692 0.028846153846153848 0.06129807692307692
0 0.8028846153846154 0.39903846153846156 0.030048076923076924 0.07211538461538461
0 0.8365384615384616 0.3942307692307692 0.028846153846153848 0.08052884615384616
0 0.6778846153846154 0.39663461538461536 0.027644230769230768 0.06490384615384616
0 0.6466346153846154 0.3954326923076923 0.027644230769230768 0.0733173076923077
0 0.6490384615384616 0.46634615384615385 0.026442307692307692 0.07091346153846154
0 0.6177884615384616 0.4639423076923077 0.025240384615384616 0.08413461538461539
0 0.5865384615384616 0.4639423076923077 0.02283653846153846 0.08052884615384616
0 0.5865384615384616 0.39663461538461536 0.025240384615384616 0.06610576923076923
0 0.5540865384615384 0.39903846153846156 0.02403846153846154 0.054086538461538464
0 0.5528846153846154 0.46153846153846156 0.028846153846153848 0.08173076923076923
0 0.5252403846153846 0.3954326923076923 0.025240384615384616 0.0625
0 0.5216346153846154 0.4579326923076923 0.025240384615384616 0.07692307692307693
0 0.49038461538461536 0.4723557692307692 0.02283653846153846 0.06610576923076923
0 0.49278846153846156 0.39903846153846156 0.025240384615384616 0.06490384615384616
0 0.4651442307692308 0.39903846153846156 0.025240384615384616 0.05889423076923077
0 0.45913461538461536 0.4675480769230769 0.02403846153846154 0.0829326923076923
0 0.43509615384615385 0.3954326923076923 0.027644230769230768 0.07091346153846154
0 0.42908653846153844 0.4639423076923077 0.025240384615384616 0.08052884615384616
0 0.40865384615384615 0.39903846153846156 0.025240384615384616 0.05889423076923077
0 0.39783653846153844 0.4651442307692308 0.03245192307692308 0.07692307692307693
0 0.36658653846153844 0.47115384615384615 0.03485576923076923 0.0889423076923077
0 0.33653846153846156 0.4675480769230769 0.03485576923076923 0.0889423076923077
0 0.29086538461538464 0.4651442307692308 0.03485576923076923 0.08173076923076923
0 0.27884615384615385 0.4014423076923077 0.03245192307692308 0.055288461538461536
0 0.25 0.4026442307692308 0.03485576923076923 0.06009615384615385
0 0.25721153846153844 0.46634615384615385 0.03245192307692308 0.07692307692307693
0 0.23076923076923078 0.4699519230769231 0.036057692307692304 0.078125
0 0.20192307692307693 0.4651442307692308 0.036057692307692304 0.0733173076923077
0 0.17307692307692307 0.4675480769230769 0.040865384615384616 0.08173076923076923
0 0.14182692307692307 0.47115384615384615 0.03485576923076923 0.07932692307692307
0 0.11658653846153846 0.47115384615384615 0.038461538461538464 0.078125
0 0.08774038461538461 0.46634615384615385 0.038461538461538464 0.07692307692307693
0 0.037259615384615384 0.46634615384615385 0.036057692307692304 0.07692307692307693
0 0.016826923076923076 0.4675480769230769 0.030048076923076924 0.08052884615384616
0 0.22235576923076922 0.3942307692307692 0.039663461538461536 0.06850961538461539
0 0.1971153846153846 0.4026442307692308 0.03125 0.05048076923076923
0 0.1658653846153846 0.40024038461538464 0.040865384615384616 0.06009615384615385
0 0.11298076923076923 0.4050480769230769 0.037259615384615384 0.055288461538461536
0 0.08653846153846154 0.4050480769230769 0.037259615384615384 0.06129807692307692
0 0.05889423076923077 0.4050480769230769 0.036057692307692304 0.056490384615384616
0 0.037259615384615384 0.40384615384615385 0.03245192307692308 0.054086538461538464
0 0.013221153846153846 0.40384615384615385 0.02283653846153846 0.051682692307692304
0 0.8185096153846154 0.2800480769230769 0.027644230769230768 0.0625
0 0.7608173076923077 0.2824519230769231 0.021634615384615384 0.06610576923076923
0 0.7283653846153846 0.2800480769230769 0.026442307692307692 0.06129807692307692
0 0.7007211538461539 0.2824519230769231 0.020432692307692308 0.06971153846153846
0 0.671875 0.2800480769230769 0.021634615384615384 0.06971153846153846
0 0.6442307692307693 0.2824519230769231 0.02283653846153846 0.06370192307692307
0 0.6165865384615384 0.27884615384615385 0.02403846153846154 0.06850961538461539
0 0.5877403846153846 0.27884615384615385 0.021634615384615384 0.06850961538461539
0 0.5612980769230769 0.2800480769230769 0.020432692307692308 0.06610576923076923
0 0.5336538461538461 0.2860576923076923 0.02283653846153846 0.06490384615384616
0 0.4831730769230769 0.2920673076923077 0.025240384615384616 0.06009615384615385
0 0.4567307692307692 0.28725961538461536 0.021634615384615384 0.0625
0 0.4026442307692308 0.28725961538461536 0.030048076923076924 0.07091346153846154
0 0.4098557692307692 0.23557692307692307 0.025240384615384616 0.055288461538461536
0 0.3858173076923077 0.24158653846153846 0.027644230769230768 0.055288461538461536
0 0.3473557692307692 0.2403846153846154 0.028846153846153848 0.04807692307692308
0 0.33533653846153844 0.2920673076923077 0.030048076923076924 0.0625
0 0.4879807692307692 0.23557692307692307 0.02403846153846154 0.056490384615384616
0 0.5120192307692307 0.23918269230769232 0.02283653846153846 0.06129807692307692
0 0.5384615384615384 0.23557692307692307 0.02283653846153846 0.056490384615384616
0 0.5889423076923077 0.2283653846153846 0.021634615384615384 0.05048076923076923
0 0.6165865384615384 0.22596153846153846 0.021634615384615384 0.04447115384615385
0 0.6466346153846154 0.2283653846153846 0.02403846153846154 0.05048076923076923
0 0.6742788461538461 0.22596153846153846 0.026442307692307692 0.04807692307692308
0 0.6995192307692307 0.22956730769230768 0.02283653846153846 0.052884615384615384
0 0.7235576923076923 0.22235576923076922 0.028846153846153848 0.06129807692307692
0 0.7548076923076923 0.2283653846153846 0.02403846153846154 0.05889423076923077
0 0.7836538461538461 0.22956730769230768 0.025240384615384616 0.06129807692307692
0 0.8112980769230769 0.23076923076923078 0.026442307692307692 0.051682692307692304
0 0.3076923076923077 0.2932692307692308 0.03245192307692308 0.06610576923076923
0 0.3173076923076923 0.23918269230769232 0.025240384615384616 0.042067307692307696
0 0.2824519230769231 0.29447115384615385 0.026442307692307692 0.06129807692307692
0 0.25961538461538464 0.2956730769230769 0.025240384615384616 0.054086538461538464
0 0.23076923076923078 0.2920673076923077 0.027644230769230768 0.06009615384615385
0 0.20432692307692307 0.29447115384615385 0.03365384615384615 0.0625
0 0.13581730769230768 0.29086538461538464 0.03125 0.0625
0 0.11057692307692307 0.296875 0.026442307692307692 0.05889423076923077
0 0.08413461538461539 0.296875 0.027644230769230768 0.06009615384615385
0 0.0625 0.2980769230769231 0.026442307692307692 0.05889423076923077
0 0.038461538461538464 0.30288461538461536 0.036057692307692304 0.055288461538461536
0 0.2692307692307692 0.23557692307692307 0.03245192307692308 0.04807692307692308
0 0.24519230769230768 0.23918269230769232 0.028846153846153848 0.05048076923076923
0 0.19951923076923078 0.24158653846153846 0.03245192307692308 0.05048076923076923
0 0.17668269230769232 0.24278846153846154 0.03245192307692308 0.04807692307692308
0 0.15264423076923078 0.2403846153846154 0.03245192307692308 0.04326923076923077
0 0.12860576923076922 0.24278846153846154 0.02283653846153846 0.04567307692307692
0 0.1045673076923077 0.24639423076923078 0.037259615384615384 0.046875
0 0.08052884615384616 0.25 0.03245192307692308 0.04447115384615385
0 0.06129807692307692 0.25240384615384615 0.03245192307692308 0.04447115384615385
0 0.037259615384615384 0.25600961538461536 0.03485576923076923 0.04447115384615385
0 0.7956730769230769 0.1346153846153846 0.02403846153846154 0.04807692307692308
0 0.7884615384615384 0.09134615384615384 0.019230769230769232 0.05048076923076923
0 0.7620192307692307 0.09615384615384616 0.025240384615384616 0.055288461538461536
0 0.7379807692307693 0.09615384615384616 0.021634615384615384 0.04326923076923077
0 0.7415865384615384 0.13942307692307693 0.025240384615384616 0.055288461538461536
0 0.7175480769230769 0.13341346153846154 0.02283653846153846 0.06129807692307692
0 0.7151442307692307 0.08653846153846154 0.021634615384615384 0.03485576923076923
0 0.6911057692307693 0.09975961538461539 0.021634615384615384 0.054086538461538464
0 0.6646634615384616 0.09495192307692307 0.021634615384615384 0.038461538461538464
0 0.6682692307692307 0.140625 0.021634615384615384 0.04447115384615385
0 0.6418269230769231 0.09134615384615384 0.021634615384615384 0.046875
0 0.6430288461538461 0.13942307692307693 0.02283653846153846 0.054086538461538464
0 0.6177884615384616 0.09014423076923077 0.021634615384615384 0.055288461538461536
0 0.6165865384615384 0.14423076923076922 0.021634615384615384 0.052884615384615384
0 0.5949519230769231 0.14543269230769232 0.019230769230769232 0.051682692307692304
0 0.5697115384615384 0.140625 0.018028846153846152 0.054086538461538464
0 0.546875 0.09735576923076923 0.019230769230769232 0.052884615384615384
0 0.5456730769230769 0.14543269230769232 0.019230769230769232 0.052884615384615384
0 0.5216346153846154 0.10817307692307693 0.025240384615384616 0.04807692307692308
0 0.49399038461538464 0.14543269230769232 0.026442307692307692 0.051682692307692304
0 0.5 0.10817307692307693 0.019230769230769232 0.037259615384615384
0 0.4795673076923077 0.109375 0.020432692307692308 0.036057692307692304
0 0.4735576923076923 0.15144230769230768 0.020432692307692308 0.054086538461538464
0 0.4495192307692308 0.15504807692307693 0.020432692307692308 0.05048076923076923
0 0.45552884615384615 0.10697115384615384 0.019230769230769232 0.042067307692307696
0 0.43149038461538464 0.11298076923076923 0.021634615384615384 0.038461538461538464
0 0.4254807692307692 0.15144230769230768 0.02403846153846154 0.051682692307692304
0 0.40865384615384615 0.109375 0.025240384615384616 0.03485576923076923
0 0.4026442307692308 0.15384615384615385 0.021634615384615384 0.056490384615384616
0 0.36778846153846156 0.15264423076923078 0.025240384615384616 0.055288461538461536
0 0.3557692307692308 0.11538461538461539 0.025240384615384616 0.037259615384615384
0 0.34375 0.15384615384615385 0.021634615384615384 0.051682692307692304
0 0.3329326923076923 0.11538461538461539 0.016826923076923076 0.03245192307692308
0 0.31971153846153844 0.15745192307692307 0.025240384615384616 0.054086538461538464
0 0.3125 0.11298076923076923 0.02283653846153846 0.04567307692307692
0 0.2980769230769231 0.15384615384615385 0.02283653846153846 0.0625
0 0.27403846153846156 0.15745192307692307 0.028846153846153848 0.051682692307692304
0 0.28846153846153844 0.11658653846153846 0.02283653846153846 0.040865384615384616
0 0.265625 0.12139423076923077 0.02283653846153846 0.04447115384615385
0 0.24759615384615385 0.11538461538461539 0.021634615384615384 0.038461538461538464
0 0.23317307692307693 0.15745192307692307 0.027644230769230768 0.052884615384615384
0 0.19110576923076922 0.15865384615384615 0.028846153846153848 0.046875
0 0.20432692307692307 0.12259615384615384 0.025240384615384616 0.03485576923076923
0 0.18389423076923078 0.12139423076923077 0.021634615384615384 0.028846153846153848
0 0.1622596153846154 0.11899038461538461 0.025240384615384616 0.030048076923076924
0 0.13942307692307693 0.12379807692307693 0.021634615384615384 0.037259615384615384
0 0.12139423076923077 0.125 0.030048076923076924 0.03485576923076923
0 0.10096153846153846 0.12620192307692307 0.025240384615384616 0.038461538461538464
0 0.08413461538461539 0.16346153846153846 0.027644230769230768 0.051682692307692304
0 0.10336538461538461 0.16706730769230768 0.03125 0.05048076923076923
0 0.12740384615384615 0.1622596153846154 0.02403846153846154 0.054086538461538464
0 0.14543269230769232 0.15865384615384615 0.025240384615384616 0.056490384615384616
0 0.1658653846153846 0.15985576923076922 0.028846153846153848 0.051682692307692304
0 0.014423076923076924 0.17668269230769232 0.025240384615384616 0.027644230769230768
0 0.018028846153846152 0.15745192307692307 0.03485576923076923 0.03365384615384615
0 0.028846153846153848 0.13942307692307693 0.037259615384615384 0.030048076923076924
0 0.03245192307692308 0.12259615384615384 0.038461538461538464 0.03365384615384615
0 0.04567307692307692 0.1045673076923077 0.03365384615384615 0.028846153846153848
0 0.055288461538461536 0.08774038461538461 0.037259615384615384 0.027644230769230768
0 0.0733173076923077 0.06370192307692307 0.03245192307692308 0.027644230769230768
0 0.08173076923076923 0.046875 0.030048076923076924 0.026442307692307692
0 0.09014423076923077 0.030048076923076924 0.027644230769230768 0.030048076923076924
0 0.09735576923076923 0.015625 0.026442307692307692 0.026442307692307692
0 0.13942307692307693 0.06129807692307692 0.02403846153846154 0.04447115384615385
0 0.15745192307692307 0.06009615384615385 0.021634615384615384 0.036057692307692304
0 0.15264423076923078 0.030048076923076924 0.025240384615384616 0.030048076923076924
0 0.1778846153846154 0.055288461538461536 0.021634615384615384 0.04567307692307692
0 0.19591346153846154 0.052884615384615384 0.02403846153846154 0.040865384615384616
0 0.21394230769230768 0.04807692307692308 0.021634615384615384 0.04807692307692308
0 0.23317307692307693 0.04807692307692308 0.02403846153846154 0.05048076923076923
0 0.2512019230769231 0.051682692307692304 0.02403846153846154 0.040865384615384616
0 0.27403846153846156 0.05048076923076923 0.025240384615384616 0.037259615384615384
0 0.3112980769230769 0.04807692307692308 0.02283653846153846 0.04807692307692308
0 0.3317307692307692 0.04447115384615385 0.019230769230769232 0.040865384615384616
0 0.35096153846153844 0.04447115384615385 0.019230769230769232 0.04567307692307692
0 0.3737980769230769 0.05048076923076923 0.016826923076923076 0.037259615384615384
0 0.3918269230769231 0.046875 0.02283653846153846 0.04447115384615385
0 0.4266826923076923 0.04567307692307692 0.016826923076923076 0.04447115384615385
0 0.44711538461538464 0.042067307692307696 0.02283653846153846 0.04447115384615385
0 0.5120192307692307 0.03485576923076923 0.016826923076923076 0.046875
0 0.5300480769230769 0.03485576923076923 0.016826923076923076 0.04807692307692308
0 0.5516826923076923 0.030048076923076924 0.019230769230769232 0.042067307692307696
0 0.5721153846153846 0.03485576923076923 0.021634615384615384 0.05048076923076923
0 0.5961538461538461 0.028846153846153848 0.018028846153846152 0.04807692307692308
0 0.6177884615384616 0.030048076923076924 0.018028846153846152 0.05048076923076923
0 0.6394230769230769 0.027644230769230768 0.019230769230769232 0.05048076923076923
0 0.6838942307692307 0.026442307692307692 0.016826923076923076 0.04567307692307692
0 0.7079326923076923 0.026442307692307692 0.019230769230769232 0.038461538461538464
0 0.7295673076923077 0.027644230769230768 0.020432692307692308 0.04326923076923077
0 0.75 0.025240384615384616 0.019230769230769232 0.04807692307692308
0 0.7740384615384616 0.026442307692307692 0.02283653846153846 0.051682692307692304
0 0.7956730769230769 0.02403846153846154 0.020432692307692308 0.040865384615384616
0 0.8209134615384616 0.02403846153846154 0.018028846153846152 0.046875
0 0.8425480769230769 0.021634615384615384 0.02283653846153846 0.042067307692307696
0 0.20673076923076922 0.020432692307692308 0.016826923076923076 0.025240384615384616
0 0.2283653846153846 0.019230769230769232 0.021634615384615384 0.026442307692307692
0 0.265625 0.015625 0.014423076923076924 0.028846153846153848
0 0.28725961538461536 0.014423076923076924 0.02403846153846154 0.027644230769230768
0 0.3088942307692308 0.016826923076923076 0.02403846153846154 0.030048076923076924
0 0.3449519230769231 0.014423076923076924 0.02283653846153846 0.02403846153846154
0 0.43149038461538464 0.01201923076923077 0.021634615384615384 0.021634615384615384
0 0.4519230769230769 0.01201923076923077 0.020432692307692308 0.02403846153846154
0 0.47475961538461536 0.019230769230769232 0.019230769230769232 0.030048076923076924
0 0.9855769230769231 0.6225961538461539 0.027644230769230768 0.09134615384615384
0 0.9519230769230769 0.9459134615384616 0.0673076923076923 0.09615384615384616
0 0.703125 0.9639423076923077 0.03485576923076923 0.06850961538461539
0 0.5420673076923077 0.9591346153846154 0.04326923076923077 0.078125
0 0.8677884615384616 0.016826923076923076 0.02283653846153846 0.03365384615384615
0 0.6490384615384616 0.9543269230769231 0.040865384615384616 0.08774038461538461