0 0.3112980769230769 0.28846153846153844 0.036057692307692304 0.06610576923076923
0 0.43028846153846156 0.29086538461538464 0.025240384615384616 0.06370192307692307
0 0.4807692307692308 0.28846153846153844 0.027644230769230768 0.06129807692307692
0 0.5612980769230769 0.2824519230769231 0.025240384615384616 0.052884615384615384
0 0.6442307692307693 0.2800480769230769 0.027644230769230768 0.054086538461538464
0 0.6730769230769231 0.2800480769230769 0.027644230769230768 0.054086538461538464
0 0.7872596153846154 0.2764423076923077 0.03125 0.054086538461538464
0 0.34975961538461536 0.4014423076923077 0.03485576923076923 0.056490384615384616
0 0.4098557692307692 0.3954326923076923 0.03365384615384615 0.05889423076923077
0 0.6790865384615384 0.39302884615384615 0.03125 0.0733173076923077
0 0.7091346153846154 0.3894230769230769 0.036057692307692304 0.0733173076923077
0 0.7403846153846154 0.3918269230769231 0.03245192307692308 0.06971153846153846
0 0.7740384615384616 0.3918269230769231 0.037259615384615384 0.07451923076923077
0 0.20432692307692307 0.4639423076923077 0.04447115384615385 0.08052884615384616
0 0.33533653846153844 0.4675480769230769 0.030048076923076924 0.08413461538461539
0 0.4567307692307692 0.4675480769230769 0.030048076923076924 0.07451923076923077
0 0.5192307692307693 0.4675480769230769 0.03245192307692308 0.07091346153846154
0 0.5528846153846154 0.4651442307692308 0.026442307692307692 0.07091346153846154
0 0.6129807692307693 0.46634615384615385 0.028846153846153848 0.07211538461538461
0 0.6466346153846154 0.4639423076923077 0.03125 0.07211538461538461
0 0.7463942307692307 0.4651442307692308 0.03245192307692308 0.0733173076923077
0 0.8112980769230769 0.4651442307692308 0.03485576923076923 0.06850961538461539
0 0.8485576923076923 0.45913461538461536 0.042067307692307696 0.07451923076923077
0 0.12139423076923077 0.6153846153846154 0.04567307692307692 0.0829326923076923
0 0.15144230769230768 0.6177884615384616 0.04567307692307692 0.078125
0 0.18629807692307693 0.6177884615384616 0.04447115384615385 0.07932692307692307
0 0.21875 0.6165865384615384 0.040865384615384616 0.078125
0 0.2512019230769231 0.6225961538461539 0.042067307692307696 0.07451923076923077
0 0.30288461538461536 0.6177884615384616 0.038461538461538464 0.07091346153846154
0 0.33653846153846156 0.6165865384615384 0.040865384615384616 0.078125
0 0.37259615384615385 0.6189903846153846 0.04807692307692308 0.08413461538461539
0 0.4387019230769231 0.6237980769230769 0.040865384615384616 0.08052884615384616
0 0.47115384615384615 0.6225961538461539 0.036057692307692304 0.08052884615384616
0 0.5060096153846154 0.6237980769230769 0.037259615384615384 0.08774038461538461
0 0.5408653846153846 0.6213942307692307 0.037259615384615384 0.078125
0 0.7259615384615384 0.625 0.042067307692307696 0.08173076923076923
0 0.7644230769230769 0.625 0.040865384615384616 0.0889423076923077
0 0.875 0.6213942307692307 0.04807692307692308 0.08774038461538461
0 0.05889423076923077 0.7331730769230769 0.052884615384615384 0.07451923076923077
0 0.13701923076923078 0.7391826923076923 0.055288461538461536 0.08653846153846154
0 0.17668269230769232 0.7391826923076923 0.05889423076923077 0.0889423076923077
0 0.21875 0.7355769230769231 0.054086538461538464 0.09254807692307693
0 0.25721153846153844 0.7355769230769231 0.052884615384615384 0.08774038461538461
0 0.42908653846153844 0.7403846153846154 0.04927884615384615 0.08173076923076923
0 0.5096153846153846 0.7475961538461539 0.04567307692307692 0.08774038461538461
0 0.3088942307692308 0.9471153846153846 0.05048076923076923 0.10336538461538461
0 0.40024038461538464 0.9519230769230769 0.040865384615384616 0.09495192307692307
0 0.5432692307692307 0.9519230769230769 0.037259615384615384 0.09495192307692307
0 0.21634615384615385 0.9230769230769231 0.051682692307692304 0.1141826923076923
0 0.16105769230769232 0.9375 0.038461538461538464 0.08774038461538461
0 0.11298076923076923 0.9290865384615384 0.04807692307692308 0.10096153846153846
0 0.9026442307692307 0.7307692307692307 0.07451923076923077 0.04326923076923077
0 0.9098557692307693 0.7908653846153846 0.0733173076923077 0.06129807692307692
0 0.9807692307692307 0.5901442307692307 0.037259615384615384 0.09735576923076923
0 0.9387019230769231 0.4050480769230769 0.038461538461538464 0.078125
0 0.7235576923076923 0.7283653846153846 0.038461538461538464 0.10336538461538461
0 0.026442307692307692 0.7259615384615384 0.04567307692307692 0.09615384615384616
0 0.03485576923076923 0.6153846153846154 0.04326923076923077 0.078125
0 0.1502403846153846 0.46153846153846156 0.037259615384615384 0.07692307692307693
0 0.13701923076923078 0.2920673076923077 0.03485576923076923 0.056490384615384616
0 0.11057692307692307 0.24879807692307693 0.03485576923076923 0.04447115384615385
0 0.06610576923076923 0.24759615384615385 0.037259615384615384 0.052884615384615384
0 0.040865384615384616 0.2512019230769231 0.030048076923076924 0.05048076923076923
0 0.05889423076923077 0.109375 0.037259615384615384 0.038461538461538464
0 0.054086538461538464 0.08653846153846154 0.02403846153846154 0.016826923076923076
0 0.078125 0.06009615384615385 0.03485576923076923 0.03485576923076923
0 0.12860576923076922 0.16346153846153846 0.03245192307692308 0.04567307692307692
0 0.12620192307692307 0.13221153846153846 0.03245192307692308 0.038461538461538464
0 0.10576923076923077 0.13221153846153846 0.027644230769230768 0.042067307692307696
0 0.16826923076923078 0.12620192307692307 0.027644230769230768 0.038461538461538464
0 0.1971153846153846 0.056490384615384616 0.027644230769230768 0.040865384615384616
0 0.23798076923076922 0.056490384615384616 0.026442307692307692 0.036057692307692304
0 0.27524038461538464 0.05048076923076923 0.025240384615384616 0.04326923076923077
0 0.2692307692307692 0.11658653846153846 0.027644230769230768 0.04567307692307692
0 0.21514423076923078 0.15384615384615385 0.030048076923076924 0.04567307692307692
0 0.33413461538461536 0.11778846153846154 0.025240384615384616 0.040865384615384616
0 0.4326923076923077 0.016826923076923076 0.02403846153846154 0.03365384615384615
0 0.44711538461538464 0.04447115384615385 0.020432692307692308 0.04807692307692308
0 0.4723557692307692 0.040865384615384616 0.021634615384615384 0.04447115384615385
0 0.43149038461538464 0.11298076923076923 0.025240384615384616 0.04807692307692308
0 0.47596153846153844 0.11057692307692307 0.025240384615384616 0.042067307692307696
0 0.5661057692307693 0.140625 0.020432692307692308 0.054086538461538464
0 0.5925480769230769 0.140625 0.020432692307692308 0.04567307692307692
0 0.6418269230769231 0.13581730769230768 0.021634615384615384 0.056490384615384616
0 0.6887019230769231 0.026442307692307692 0.038461538461538464 0.03485576923076923
0 0.6935096153846154 0.13341346153846154 0.02403846153846154 0.06009615384615385
0 0.7103365384615384 0.09134615384615384 0.019230769230769232 0.051682692307692304
0 0.7403846153846154 0.13341346153846154 0.025240384615384616 0.056490384615384616
0 0.7223557692307693 0.03245192307692308 0.021634615384615384 0.038461538461538464
0 0.75 0.028846153846153848 0.021634615384615384 0.038461538461538464
0 0.7716346153846154 0.026442307692307692 0.021634615384615384 0.042067307692307696
0 0.7956730769230769 0.025240384615384616 0.019230769230769232 0.03485576923076923
0 0.8185096153846154 0.021634615384615384 0.02283653846153846 0.036057692307692304
0 0.7235576923076923 0.22956730769230768 0.02403846153846154 0.055288461538461536
0 0.7524038461538461 0.2283653846153846 0.02283653846153846 0.052884615384615384
0 0.7776442307692307 0.2247596153846154 0.02283653846153846 0.056490384615384616
0 0.8088942307692307 0.2283653846153846 0.026442307692307692 0.055288461538461536