0 0.23557692307692307 0.28725961538461536 0.036057692307692304 0.0625
0 0.25961538461538464 0.29086538461538464 0.03485576923076923 0.06610576923076923
0 0.2860576923076923 0.29086538461538464 0.03365384615384615 0.06610576923076923
0 0.3112980769230769 0.28846153846153844 0.036057692307692304 0.06610576923076923
0 0.33653846153846156 0.29086538461538464 0.03365384615384615 0.0625
0 0.3762019230769231 0.28725961538461536 0.03245192307692308 0.06370192307692307
0 0.40384615384615385 0.28725961538461536 0.027644230769230768 0.06009615384615385
0 0.43028846153846156 0.29086538461538464 0.025240384615384616 0.06370192307692307
0 0.4543269230769231 0.28725961538461536 0.026442307692307692 0.06370192307692307
0 0.4807692307692308 0.28846153846153844 0.027644230769230768 0.06129807692307692
0 0.5060096153846154 0.2860576923076923 0.025240384615384616 0.054086538461538464
0 0.5324519230769231 0.2860576923076923 0.026442307692307692 0.056490384615384616
0 0.5612980769230769 0.2824519230769231 0.025240384615384616 0.052884615384615384
0 0.6177884615384616 0.2824519230769231 0.025240384615384616 0.06009615384615385
0 0.6730769230769231 0.2800480769230769 0.027644230769230768 0.054086538461538464
0 0.1971153846153846 0.40024038461538464 0.042067307692307696 0.06009615384615385
0 0.22235576923076922 0.39903846153846156 0.040865384615384616 0.0625
0 0.24879807692307693 0.4014423076923077 0.038461538461538464 0.06370192307692307
0 0.28125 0.4014423076923077 0.039663461538461536 0.05889423076923077
0 0.3125 0.4026442307692308 0.037259615384615384 0.06129807692307692
0 0.34975961538461536 0.4014423076923077 0.03485576923076923 0.056490384615384616
0 0.375 0.4014423076923077 0.03485576923076923 0.06129807692307692
0 0.4098557692307692 0.3954326923076923 0.03365384615384615 0.05889423076923077
0 0.4362980769230769 0.39663461538461536 0.03365384615384615 0.056490384615384616
0 0.4651442307692308 0.3954326923076923 0.03485576923076923 0.0625
0 0.4951923076923077 0.3954326923076923 0.03245192307692308 0.06129807692307692
0 0.5216346153846154 0.3954326923076923 0.03125 0.06009615384615385
0 0.5528846153846154 0.3942307692307692 0.030048076923076924 0.06850961538461539
0 0.5841346153846154 0.3954326923076923 0.030048076923076924 0.06009615384615385
0 0.17548076923076922 0.46153846153846156 0.037259615384615384 0.07932692307692307
0 0.20432692307692307 0.4639423076923077 0.04447115384615385 0.08052884615384616
0 0.23197115384615385 0.45913461538461536 0.039663461538461536 0.0829326923076923
0 0.25961538461538464 0.46634615384615385 0.040865384615384616 0.07932692307692307
0 0.29086538461538464 0.4651442307692308 0.037259615384615384 0.08052884615384616
0 0.33533653846153844 0.4675480769230769 0.030048076923076924 0.08413461538461539
0 0.36778846153846156 0.46634615384615385 0.042067307692307696 0.0829326923076923
0 0.3942307692307692 0.4675480769230769 0.037259615384615384 0.078125
0 0.42788461538461536 0.4639423076923077 0.037259615384615384 0.0829326923076923
0 0.4567307692307692 0.4675480769230769 0.030048076923076924 0.07451923076923077
0 0.49038461538461536 0.4675480769230769 0.03245192307692308 0.07451923076923077
0 0.5192307692307693 0.4675480769230769 0.03245192307692308 0.07091346153846154
0 0.5528846153846154 0.4651442307692308 0.026442307692307692 0.07091346153846154
0 0.5817307692307693 0.46634615384615385 0.03245192307692308 0.07091346153846154
0 0.6466346153846154 0.4639423076923077 0.03125 0.07211538461538461
0 0.7115384615384616 0.4651442307692308 0.036057692307692304 0.06610576923076923
0 0.7788461538461539 0.46274038461538464 0.038461538461538464 0.0733173076923077
0 0.8485576923076923 0.45913461538461536 0.042067307692307696 0.07451923076923077
0 0.12139423076923077 0.6153846153846154 0.04567307692307692 0.0829326923076923
0 0.15144230769230768 0.6177884615384616 0.04567307692307692 0.078125
0 0.18629807692307693 0.6177884615384616 0.04447115384615385 0.07932692307692307
0 0.21875 0.6165865384615384 0.040865384615384616 0.078125
0 0.2512019230769231 0.6225961538461539 0.042067307692307696 0.07451923076923077
0 0.30288461538461536 0.6177884615384616 0.038461538461538464 0.07091346153846154
0 0.33653846153846156 0.6165865384615384 0.040865384615384616 0.078125
0 0.37259615384615385 0.6189903846153846 0.04807692307692308 0.08413461538461539
0 0.4050480769230769 0.6189903846153846 0.040865384615384616 0.07932692307692307
0 0.4387019230769231 0.6237980769230769 0.040865384615384616 0.08052884615384616
0 0.47115384615384615 0.6225961538461539 0.036057692307692304 0.08052884615384616
0 0.5060096153846154 0.6237980769230769 0.037259615384615384 0.08774038461538461
0 0.5408653846153846 0.6213942307692307 0.037259615384615384 0.078125
0 0.5793269230769231 0.6225961538461539 0.036057692307692304 0.08653846153846154
0 0.6141826923076923 0.6189903846153846 0.036057692307692304 0.08173076923076923
0 0.6514423076923077 0.625 0.037259615384615384 0.08173076923076923
0 0.6887019230769231 0.6274038461538461 0.040865384615384616 0.0829326923076923
0 0.7259615384615384 0.625 0.042067307692307696 0.08173076923076923
0 0.25721153846153844 0.7355769230769231 0.052884615384615384 0.08774038461538461
0 0.3004807692307692 0.734375 0.052884615384615384 0.07932692307692307
0 0.5096153846153846 0.7475961538461539 0.04567307692307692 0.08774038461538461
0 0.21634615384615385 0.921875 0.04807692307692308 0.09975961538461539
0 0.16105769230769232 0.9350961538461539 0.040865384615384616 0.10096153846153846
0 0.9026442307692307 0.7355769230769231 0.06971153846153846 0.06129807692307692
0 0.9134615384615384 0.8040865384615384 0.07932692307692307 0.055288461538461536
0 0.921875 0.8665865384615384 0.07451923076923077 0.06129807692307692
0 0.9747596153846154 0.6586538461538461 0.04807692307692308 0.10576923076923077
0 0.6081730769230769 0.5360576923076923 0.025240384615384616 0.08052884615384616
0 0.09735576923076923 0.6153846153846154 0.05048076923076923 0.09254807692307693
0 0.07211538461538461 0.6045673076923077 0.04447115384615385 0.08413461538461539
0 0.03365384615384615 0.609375 0.04807692307692308 0.08653846153846154
0 0.01201923076923077 0.6081730769230769 0.02403846153846154 0.07451923076923077
0 0.14903846153846154 0.46274038461538464 0.03365384615384615 0.07211538461538461
0 0.1201923076923077 0.46153846153846156 0.037259615384615384 0.07692307692307693
0 0.09254807692307693 0.4579326923076923 0.038461538461538464 0.08173076923076923
0 0.06490384615384616 0.46153846153846156 0.040865384615384616 0.06610576923076923
0 0.037259615384615384 0.46274038461538464 0.036057692307692304 0.07091346153846154
0 0.015625 0.4639423076923077 0.03125 0.07692307692307693
0 0.16826923076923078 0.40384615384615385 0.03245192307692308 0.06129807692307692
0 0.14182692307692307 0.4014423076923077 0.03365384615384615 0.056490384615384616
0 0.11658653846153846 0.3942307692307692 0.037259615384615384 0.051682692307692304
0 0.09014423076923077 0.40024038461538464 0.03245192307692308 0.05048076923076923
0 0.06610576923076923 0.40024038461538464 0.036057692307692304 0.06370192307692307
0 0.042067307692307696 0.39302884615384615 0.03485576923076923 0.0625
0 0.018028846153846152 0.4014423076923077 0.036057692307692304 0.057692307692307696
0 0.21153846153846154 0.29086538461538464 0.03485576923076923 0.056490384615384616
0 0.18509615384615385 0.28725961538461536 0.028846153846153848 0.05889423076923077
0 0.16105769230769232 0.2920673076923077 0.030048076923076924 0.055288461538461536
0 0.13822115384615385 0.28725961538461536 0.030048076923076924 0.051682692307692304
0 0.1141826923076923 0.28846153846153844 0.03245192307692308 0.06009615384615385
0 0.09014423076923077 0.29447115384615385 0.03485576923076923 0.05889423076923077
0 0.06971153846153846 0.2932692307692308 0.03485576923076923 0.054086538461538464
0 0.04567307692307692 0.296875 0.03125 0.054086538461538464
0 0.020432692307692308 0.2980769230769231 0.037259615384615384 0.05889423076923077
0 0.039663461538461536 0.25 0.027644230769230768 0.040865384615384616
0 0.06490384615384616 0.24278846153846154 0.030048076923076924 0.038461538461538464
0 0.08774038461538461 0.24278846153846154 0.030048076923076924 0.04326923076923077
0 0.109375 0.2439903846153846 0.03365384615384615 0.04447115384615385
0 0.1346153846153846 0.23798076923076922 0.027644230769230768 0.055288461538461536
0 0.15625 0.23798076923076922 0.028846153846153848 0.04326923076923077
0 0.18028846153846154 0.2403846153846154 0.03245192307692308 0.04567307692307692
0 0.20072115384615385 0.23798076923076922 0.027644230769230768 0.04326923076923077
0 0.22235576923076922 0.2403846153846154 0.027644230769230768 0.04447115384615385
0 0.24639423076923078 0.23798076923076922 0.025240384615384616 0.040865384615384616
0 0.2692307692307692 0.23557692307692307 0.028846153846153848 0.04567307692307692
0 0.29447115384615385 0.23076923076923078 0.026442307692307692 0.054086538461538464
0 0.32091346153846156 0.23197115384615385 0.025240384615384616 0.056490384615384616
0 0.34975961538461536 0.22956730769230768 0.030048076923076924 0.054086538461538464
0 0.38461538461538464 0.23317307692307693 0.030048076923076924 0.046875
0 0.4098557692307692 0.23317307692307693 0.025240384615384616 0.051682692307692304
0 0.4362980769230769 0.234375 0.030048076923076924 0.046875
0 0.46274038461538464 0.23076923076923078 0.02283653846153846 0.051682692307692304
0 0.5096153846153846 0.2283653846153846 0.025240384615384616 0.052884615384615384
0 0.5384615384615384 0.22596153846153846 0.018028846153846152 0.06129807692307692
0 0.7872596153846154 0.09495192307692307 0.025240384615384616 0.046875
0 0.7572115384615384 0.09495192307692307 0.027644230769230768 0.04567307692307692
0 0.7091346153846154 0.09495192307692307 0.02403846153846154 0.04326923076923077
0 0.6862980769230769 0.0985576923076923 0.021634615384615384 0.04567307692307692
0 0.6622596153846154 0.09735576923076923 0.019230769230769232 0.051682692307692304
0 0.6394230769230769 0.09975961538461539 0.021634615384615384 0.04807692307692308
0 0.6177884615384616 0.10096153846153846 0.020432692307692308 0.046875
0 0.5949519230769231 0.10096153846153846 0.019230769230769232 0.054086538461538464
0 0.5697115384615384 0.1045673076923077 0.021634615384615384 0.054086538461538464
0 0.546875 0.1045673076923077 0.020432692307692308 0.05048076923076923
0 0.5240384615384616 0.0985576923076923 0.018028846153846152 0.04326923076923077
0 0.5228365384615384 0.14302884615384615 0.021634615384615384 0.055288461538461536
0 0.4987980769230769 0.10336538461538461 0.021634615384615384 0.037259615384615384
0 0.49759615384615385 0.14543269230769232 0.021634615384615384 0.055288461538461536
0 0.47836538461538464 0.10817307692307693 0.019230769230769232 0.042067307692307696
0 0.47475961538461536 0.14903846153846154 0.02403846153846154 0.052884615384615384
0 0.4567307692307692 0.10576923076923077 0.02283653846153846 0.037259615384615384
0 0.45072115384615385 0.1502403846153846 0.021634615384615384 0.046875
0 0.4326923076923077 0.10817307692307693 0.02283653846153846 0.037259615384615384
0 0.42788461538461536 0.1466346153846154 0.025240384615384616 0.04567307692307692
0 0.41225961538461536 0.109375 0.021634615384615384 0.036057692307692304
0 0.40384615384615385 0.15144230769230768 0.02403846153846154 0.05048076923076923
0 0.38100961538461536 0.10817307692307693 0.02403846153846154 0.037259615384615384
0 0.3737980769230769 0.1466346153846154 0.028846153846153848 0.04807692307692308
0 0.3557692307692308 0.10817307692307693 0.025240384615384616 0.051682692307692304
0 0.3485576923076923 0.14903846153846154 0.025240384615384616 0.04567307692307692
0 0.32572115384615385 0.1502403846153846 0.027644230769230768 0.04326923076923077
0 0.30288461538461536 0.15264423076923078 0.025240384615384616 0.042067307692307696
0 0.2800480769230769 0.15384615384615385 0.025240384615384616 0.04807692307692308
0 0.25600961538461536 0.15144230769230768 0.025240384615384616 0.046875
0 0.23557692307692307 0.1502403846153846 0.02403846153846154 0.04807692307692308
0 0.21514423076923078 0.15144230769230768 0.02403846153846154 0.04447115384615385
0 0.1935096153846154 0.15745192307692307 0.027644230769230768 0.05048076923076923
0 0.17307692307692307 0.15745192307692307 0.027644230769230768 0.051682692307692304
0 0.1502403846153846 0.16105769230769232 0.027644230769230768 0.04807692307692308
0 0.1310096153846154 0.1622596153846154 0.026442307692307692 0.04567307692307692
0 0.10817307692307693 0.1622596153846154 0.027644230769230768 0.04447115384615385
0 0.0889423076923077 0.1658653846153846 0.027644230769230768 0.04807692307692308
0 0.10576923076923077 0.12620192307692307 0.025240384615384616 0.03245192307692308
0 0.12620192307692307 0.12620192307692307 0.025240384615384616 0.03245192307692308
0 0.14783653846153846 0.125 0.027644230769230768 0.036057692307692304
0 0.16706730769230768 0.12259615384615384 0.025240384615384616 0.030048076923076924
0 0.18629807692307693 0.11899038461538461 0.021634615384615384 0.03365384615384615
0 0.2091346153846154 0.11057692307692307 0.02403846153846154 0.037259615384615384
0 0.23076923076923078 0.1141826923076923 0.025240384615384616 0.03365384615384615
0 0.2512019230769231 0.11057692307692307 0.020432692307692308 0.04326923076923077
0 0.27163461538461536 0.11057692307692307 0.019230769230769232 0.040865384615384616
0 0.2920673076923077 0.11538461538461539 0.02283653846153846 0.03365384615384615
0 0.3137019230769231 0.10817307692307693 0.026442307692307692 0.042067307692307696
0 0.33533653846153844 0.109375 0.025240384615384616 0.03245192307692308
0 0.014423076923076924 0.17668269230769232 0.028846153846153848 0.030048076923076924
0 0.019230769230769232 0.15504807692307693 0.03485576923076923 0.028846153846153848
0 0.03365384615384615 0.140625 0.03485576923076923 0.02403846153846154
0 0.038461538461538464 0.125 0.03485576923076923 0.026442307692307692
0 0.04807692307692308 0.10697115384615384 0.03125 0.028846153846153848
0 0.057692307692307696 0.09134615384615384 0.03245192307692308 0.018028846153846152
0 0.06610576923076923 0.07451923076923077 0.03485576923076923 0.030048076923076924
0 0.07692307692307693 0.06129807692307692 0.030048076923076924 0.025240384615384616
0 0.08774038461538461 0.05048076923076923 0.030048076923076924 0.027644230769230768
0 0.09375 0.03485576923076923 0.03125 0.018028846153846152
0 0.10096153846153846 0.020432692307692308 0.03125 0.021634615384615384
0 0.10817307692307693 0.007211538461538462 0.03245192307692308 0.014423076923076924
0 0.14182692307692307 0.0625 0.026442307692307692 0.040865384615384616
0 0.15985576923076922 0.06009615384615385 0.021634615384615384 0.038461538461538464
0 0.15625 0.03365384615384615 0.021634615384615384 0.026442307692307692
0 0.17307692307692307 0.027644230769230768 0.019230769230769232 0.02403846153846154
0 0.18990384615384615 0.026442307692307692 0.019230769230769232 0.030048076923076924
0 0.1778846153846154 0.056490384615384616 0.02403846153846154 0.042067307692307696
0 0.19471153846153846 0.05889423076923077 0.02283653846153846 0.038461538461538464
0 0.2127403846153846 0.05889423076923077 0.021634615384615384 0.037259615384615384
0 0.234375 0.05889423076923077 0.020432692307692308 0.03485576923076923
0 0.2536057692307692 0.054086538461538464 0.016826923076923076 0.036057692307692304
0 0.27403846153846156 0.051682692307692304 0.02283653846153846 0.042067307692307696
0 0.2920673076923077 0.05048076923076923 0.020432692307692308 0.037259615384615384
0 0.3125 0.05048076923076923 0.018028846153846152 0.037259615384615384
0 0.33413461538461536 0.04807692307692308 0.016826923076923076 0.037259615384615384
0 0.3545673076923077 0.05048076923076923 0.019230769230769232 0.042067307692307696
0 0.3737980769230769 0.046875 0.021634615384615384 0.04326923076923077
0 0.39783653846153844 0.046875 0.021634615384615384 0.038461538461538464
0 0.4254807692307692 0.04567307692307692 0.021634615384615384 0.042067307692307696
0 0.44711538461538464 0.04567307692307692 0.021634615384615384 0.038461538461538464
0 0.4675480769230769 0.04447115384615385 0.018028846153846152 0.036057692307692304
0 0.49158653846153844 0.037259615384615384 0.019230769230769232 0.036057692307692304
0 0.5132211538461539 0.037259615384615384 0.019230769230769232 0.038461538461538464
0 0.5324519230769231 0.037259615384615384 0.019230769230769232 0.04447115384615385
0 0.5528846153846154 0.036057692307692304 0.020432692307692308 0.046875
0 0.5733173076923077 0.036057692307692304 0.019230769230769232 0.037259615384615384
0 0.59375 0.037259615384615384 0.019230769230769232 0.040865384615384616
0 0.6165865384615384 0.036057692307692304 0.018028846153846152 0.037259615384615384
0 0.6382211538461539 0.028846153846153848 0.019230769230769232 0.04807692307692308
0 0.6586538461538461 0.030048076923076924 0.019230769230769232 0.037259615384615384
0 0.6814903846153846 0.026442307692307692 0.019230769230769232 0.04326923076923077
0 0.703125 0.027644230769230768 0.018028846153846152 0.040865384615384616
0 0.7235576923076923 0.027644230769230768 0.021634615384615384 0.040865384615384616
0 0.75 0.028846153846153848 0.02283653846153846 0.03485576923076923
0 0.7704326923076923 0.02403846153846154 0.019230769230769232 0.04567307692307692
0 0.7932692307692307 0.026442307692307692 0.021634615384615384 0.04447115384615385
0 0.8173076923076923 0.020432692307692308 0.02283653846153846 0.037259615384615384
0 0.8425480769230769 0.018028846153846152 0.02403846153846154 0.036057692307692304
0 0.21153846153846154 0.020432692307692308 0.02283653846153846 0.03365384615384615
0 0.22716346153846154 0.02403846153846154 0.019230769230769232 0.03245192307692308
0 0.24639423076923078 0.020432692307692308 0.021634615384615384 0.03245192307692308
0 0.2644230769230769 0.018028846153846152 0.02283653846153846 0.03485576923076923
0 0.2848557692307692 0.016826923076923076 0.02283653846153846 0.027644230769230768
0 0.30528846153846156 0.016826923076923076 0.021634615384615384 0.03365384615384615
0 0.32211538461538464 0.015625 0.021634615384615384 0.030048076923076924
0 0.3425480769230769 0.015625 0.018028846153846152 0.030048076923076924
0 0.3605769230769231 0.014423076923076924 0.021634615384615384 0.027644230769230768
0 0.3798076923076923 0.015625 0.02283653846153846 0.030048076923076924
0 0.4026442307692308 0.014423076923076924 0.019230769230769232 0.027644230769230768
0 0.43149038461538464 0.010817307692307692 0.018028846153846152 0.021634615384615384
0 0.453125 0.013221153846153846 0.021634615384615384 0.026442307692307692
0 0.4723557692307692 0.013221153846153846 0.018028846153846152 0.026442307692307692
0 0.49399038461538464 0.009615384615384616 0.025240384615384616 0.019230769230769232
0 0.8629807692307693 0.02403846153846154 0.021634615384615384 0.046875
0 0.009615384615384616 0.19471153846153846 0.019230769230769232 0.03245192307692308
0 0.4723557692307692 0.02283653846153846 0.8040865384615384 0.04567307692307692
0 0.009615384615384616 0.1971153846153846 0.019230769230769232 0.026442307692307692