0 0.014423076923076924 0.609375 0.025240384615384616 0.078125
0 0.019230769230769232 0.4651442307692308 0.03245192307692308 0.0733173076923077
0 0.29447115384615385 0.9447115384615384 0.03245192307692308 0.0829326923076923
0 0.5408653846153846 0.6225961538461539 0.027644230769230768 0.09254807692307693
0 0.4338942307692308 0.11298076923076923 0.021634615384615384 0.05048076923076923
0 0.5949519230769231 0.03365384615384615 0.02283653846153846 0.04567307692307692
0 0.42908653846153844 0.04567307692307692 0.020432692307692308 0.046875
0 0.2932692307692308 0.052884615384615384 0.027644230769230768 0.040865384615384616
0 0.2548076923076923 0.054086538461538464 0.02403846153846154 0.042067307692307696
0 0.24639423076923078 0.02403846153846154 0.025240384615384616 0.042067307692307696
0 0.21153846153846154 0.027644230769230768 0.02283653846153846 0.04567307692307692
0 0.21033653846153846 0.07932692307692307 0.036057692307692304 0.040865384615384616
0 0.06610576923076923 0.30408653846153844 0.039663461538461536 0.056490384615384616
0 0.04326923076923077 0.24879807692307693 0.03245192307692308 0.06009615384615385
0 0.0889423076923077 0.17067307692307693 0.03245192307692308 0.04447115384615385
0 0.10576923076923077 0.12860576923076922 0.030048076923076924 0.037259615384615384
0 0.12620192307692307 0.13341346153846154 0.02403846153846154 0.042067307692307696
0 0.14423076923076922 0.13221153846153846 0.03245192307692308 0.04326923076923077
0 0.16105769230769232 0.06370192307692307 0.025240384615384616 0.037259615384615384
0 0.17548076923076922 0.025240384615384616 0.025240384615384616 0.040865384615384616
0 0.14182692307692307 0.06490384615384616 0.02283653846153846 0.037259615384615384
0 0.14182692307692307 0.019230769230769232 0.03485576923076923 0.03365384615384615
0 0.0985576923076923 0.02403846153846154 0.03485576923076923 0.020432692307692308
0 0.0673076923076923 0.08052884615384616 0.03485576923076923 0.026442307692307692
0 0.037259615384615384 0.125 0.037259615384615384 0.03365384615384615
0 0.008413461538461538 0.1935096153846154 0.016826923076923076 0.036057692307692304
0 0.10576923076923077 0.009615384615384616 0.030048076923076924 0.018028846153846152