0 0.23557692307692307 0.28725961538461536 0.036057692307692304 0.0625
0 0.25961538461538464 0.29086538461538464 0.03485576923076923 0.06610576923076923
0 0.2860576923076923 0.29086538461538464 0.03365384615384615 0.06610576923076923
0 0.5324519230769231 0.2860576923076923 0.026442307692307692 0.056490384615384616
0 0.7608173076923077 0.2764423076923077 0.027644230769230768 0.0625
0 0.8161057692307693 0.27403846153846156 0.036057692307692304 0.0625
0 0.1971153846153846 0.40024038461538464 0.042067307692307696 0.06009615384615385
0 0.24879807692307693 0.4014423076923077 0.038461538461538464 0.06370192307692307
0 0.28125 0.4014423076923077 0.039663461538461536 0.05889423076923077
0 0.34975961538461536 0.4014423076923077 0.03485576923076923 0.056490384615384616
0 0.4362980769230769 0.39663461538461536 0.03365384615384615 0.056490384615384616
0 0.5528846153846154 0.3942307692307692 0.030048076923076924 0.06850961538461539
0 0.6466346153846154 0.3894230769230769 0.030048076923076924 0.07211538461538461
0 0.6790865384615384 0.39302884615384615 0.03125 0.0733173076923077
0 0.7091346153846154 0.3894230769230769 0.036057692307692304 0.0733173076923077
0 0.8064903846153846 0.390625 0.03365384615384615 0.07091346153846154
0 0.25961538461538464 0.46634615384615385 0.040865384615384616 0.07932692307692307
0 0.29086538461538464 0.4651442307692308 0.037259615384615384 0.08052884615384616
0 0.3942307692307692 0.4675480769230769 0.037259615384615384 0.078125
0 0.42788461538461536 0.4639423076923077 0.037259615384615384 0.0829326923076923
0 0.4567307692307692 0.4675480769230769 0.030048076923076924 0.07451923076923077
0 0.5817307692307693 0.46634615384615385 0.03245192307692308 0.07091346153846154
0 0.6129807692307693 0.46634615384615385 0.028846153846153848 0.07211538461538461
0 0.7115384615384616 0.4651442307692308 0.036057692307692304 0.06610576923076923
0 0.21875 0.6165865384615384 0.040865384615384616 0.078125
0 0.2512019230769231 0.6225961538461539 0.042067307692307696 0.07451923076923077
0 0.30288461538461536 0.6177884615384616 0.038461538461538464 0.07091346153846154
0 0.33653846153846156 0.6165865384615384 0.040865384615384616 0.078125
0 0.37259615384615385 0.6189903846153846 0.04807692307692308 0.08413461538461539
0 0.4050480769230769 0.6189903846153846 0.040865384615384616 0.07932692307692307
0 0.4387019230769231 0.6237980769230769 0.040865384615384616 0.08052884615384616
0 0.47115384615384615 0.6225961538461539 0.036057692307692304 0.08052884615384616
0 0.5060096153846154 0.6237980769230769 0.037259615384615384 0.08774038461538461
0 0.5408653846153846 0.6213942307692307 0.037259615384615384 0.078125
0 0.6141826923076923 0.6189903846153846 0.036057692307692304 0.08173076923076923
0 0.6514423076923077 0.625 0.037259615384615384 0.08173076923076923
0 0.6887019230769231 0.6274038461538461 0.040865384615384616 0.0829326923076923
0 0.7259615384615384 0.625 0.042067307692307696 0.08173076923076923
0 0.7644230769230769 0.625 0.040865384615384616 0.0889423076923077
0 0.8004807692307693 0.6274038461538461 0.04447115384615385 0.09134615384615384
0 0.8365384615384616 0.6237980769230769 0.040865384615384616 0.0889423076923077
0 0.875 0.6213942307692307 0.04807692307692308 0.08774038461538461
0 0.13701923076923078 0.7391826923076923 0.055288461538461536 0.08653846153846154
0 0.42908653846153844 0.7403846153846154 0.04927884615384615 0.08173076923076923
0 0.11778846153846154 0.9375 0.051682692307692304 0.12259615384615384
0 0.25240384615384615 0.9459134615384616 0.04807692307692308 0.09735576923076923
0 0.3112980769230769 0.9459134615384616 0.042067307692307696 0.10576923076923077
0 0.5504807692307693 0.953125 0.038461538461538464 0.08774038461538461
0 0.7487980769230769 0.9399038461538461 0.04807692307692308 0.11538461538461539
0 0.8990384615384616 0.7391826923076923 0.06850961538461539 0.0625
0 0.9098557692307693 0.8004807692307693 0.07211538461538461 0.052884615384615384
0 0.9675480769230769 0.6754807692307693 0.04807692307692308 0.109375
0 0.9831730769230769 0.5985576923076923 0.030048076923076924 0.09134615384615384
0 0.7235576923076923 0.7307692307692307 0.040865384615384616 0.10336538461538461
0 0.5949519230769231 0.7283653846153846 0.036057692307692304 0.109375
0 0.018028846153846152 0.6045673076923077 0.036057692307692304 0.07932692307692307
0 0.16947115384615385 0.40865384615384615 0.040865384615384616 0.07091346153846154
0 0.6682692307692307 0.23076923076923078 0.027644230769230768 0.06009615384615385
0 0.7223557692307693 0.2247596153846154 0.025240384615384616 0.07451923076923077
0 0.5360576923076923 0.22956730769230768 0.02403846153846154 0.06370192307692307
0 0.4855769230769231 0.23197115384615385 0.027644230769230768 0.06129807692307692
0 0.46153846153846156 0.23557692307692307 0.02283653846153846 0.051682692307692304
0 0.24879807692307693 0.23918269230769232 0.030048076923076924 0.05889423076923077
0 0.20192307692307693 0.2439903846153846 0.03365384615384615 0.05889423076923077
0 0.21033653846153846 0.28846153846153844 0.03245192307692308 0.06129807692307692
0 0.11538461538461539 0.24879807692307693 0.03485576923076923 0.052884615384615384
0 0.09014423076923077 0.24879807692307693 0.030048076923076924 0.05048076923076923
0 0.025240384615384616 0.2932692307692308 0.037259615384615384 0.06370192307692307
0 0.015625 0.17548076923076922 0.03125 0.038461538461538464
0 0.08774038461538461 0.17067307692307693 0.03245192307692308 0.046875
0 0.10817307692307693 0.16346153846153846 0.025240384615384616 0.04567307692307692
0 0.1310096153846154 0.15865384615384615 0.028846153846153848 0.046875
0 0.21514423076923078 0.15745192307692307 0.030048076923076924 0.04326923076923077
0 0.25721153846153844 0.15264423076923078 0.025240384615384616 0.04326923076923077
0 0.2800480769230769 0.15144230769230768 0.025240384615384616 0.038461538461538464
0 0.3016826923076923 0.15264423076923078 0.02403846153846154 0.04567307692307692
0 0.2932692307692308 0.1141826923076923 0.02283653846153846 0.037259615384615384
0 0.3329326923076923 0.11778846153846154 0.02403846153846154 0.046875
0 0.3557692307692308 0.11057692307692307 0.025240384615384616 0.030048076923076924
0 0.3473557692307692 0.14903846153846154 0.027644230769230768 0.051682692307692304
0 0.36899038461538464 0.1466346153846154 0.021634615384615384 0.05048076923076923
0 0.41225961538461536 0.11538461538461539 0.02283653846153846 0.040865384615384616
0 0.4807692307692308 0.11298076923076923 0.021634615384615384 0.036057692307692304
0 0.4963942307692308 0.1466346153846154 0.02283653846153846 0.052884615384615384
0 0.5685096153846154 0.14182692307692307 0.02283653846153846 0.04326923076923077
0 0.6165865384615384 0.13701923076923078 0.021634615384615384 0.0625
0 0.6394230769230769 0.10096153846153846 0.019230769230769232 0.04807692307692308
0 0.6622596153846154 0.09975961538461539 0.019230769230769232 0.046875
0 0.7403846153846154 0.13581730769230768 0.02403846153846154 0.05048076923076923
0 0.7860576923076923 0.09495192307692307 0.02403846153846154 0.05048076923076923
0 0.8185096153846154 0.021634615384615384 0.025240384615384616 0.04326923076923077
0 0.6838942307692307 0.027644230769230768 0.021634615384615384 0.04807692307692308
0 0.6394230769230769 0.027644230769230768 0.019230769230769232 0.051682692307692304
0 0.6177884615384616 0.03245192307692308 0.018028846153846152 0.037259615384615384
0 0.5096153846153846 0.037259615384615384 0.021634615384615384 0.046875
0 0.4483173076923077 0.04326923076923077 0.019230769230769232 0.04567307692307692
0 0.33653846153846156 0.04807692307692308 0.02403846153846154 0.028846153846153848
0 0.3269230769230769 0.018028846153846152 0.030048076923076924 0.036057692307692304
0 0.3629807692307692 0.018028846153846152 0.02403846153846154 0.036057692307692304
0 0.38221153846153844 0.016826923076923076 0.02403846153846154 0.03365384615384615
0 0.24639423076923078 0.09615384615384616 0.042067307692307696 0.038461538461538464
0 0.19951923076923078 0.055288461538461536 0.027644230769230768 0.04447115384615385
0 0.24759615384615385 0.026442307692307692 0.019230769230769232 0.03485576923076923
0 0.26802884615384615 0.021634615384615384 0.02403846153846154 0.03365384615384615
0 0.19591346153846154 0.02403846153846154 0.027644230769230768 0.03485576923076923
0 0.15264423076923078 0.125 0.026442307692307692 0.04326923076923077
0 0.12860576923076922 0.12860576923076922 0.030048076923076924 0.03245192307692308
0 0.10817307692307693 0.12740384615384615 0.030048076923076924 0.037259615384615384
0 0.1622596153846154 0.06129807692307692 0.025240384615384616 0.042067307692307696
0 0.078125 0.06009615384615385 0.03365384615384615 0.03365384615384615
0 0.10817307692307693 0.01201923076923077 0.03125 0.021634615384615384
0 0.05889423076923077 0.0889423076923077 0.03245192307692308 0.02403846153846154
0 0.04807692307692308 0.10817307692307693 0.037259615384615384 0.03365384615384615
0 0.030048076923076924 0.14182692307692307 0.03365384615384615 0.025240384615384616
0 0.021634615384615384 0.15745192307692307 0.027644230769230768 0.025240384615384616
0 0.5733173076923077 0.01201923076923077 0.020432692307692308 0.02403846153846154
0 0.6153846153846154 0.009615384615384616 0.020432692307692308 0.018028846153846152