0 0.05889423076923077 0.7259615384615384 0.052884615384615384 0.10336538461538461
0 0.13942307692307693 0.7223557692307693 0.046875 0.10336538461538461
0 0.17908653846153846 0.7247596153846154 0.04807692307692308 0.09975961538461539
0 0.25721153846153844 0.7307692307692307 0.046875 0.10697115384615384
0 0.2956730769230769 0.7319711538461539 0.039663461538461536 0.09254807692307693
0 0.25 0.9459134615384616 0.040865384615384616 0.09615384615384616
0 0.15985576923076922 0.9471153846153846 0.042067307692307696 0.0985576923076923
0 0.4026442307692308 0.9471153846153846 0.040865384615384616 0.10336538461538461
0 0.4495192307692308 0.953125 0.038461538461538464 0.09014423076923077
0 0.9567307692307693 0.9459134615384616 0.056490384615384616 0.1045673076923077
0 0.9290865384615384 0.8557692307692307 0.078125 0.07451923076923077
0 0.9122596153846154 0.7920673076923077 0.07211538461538461 0.06490384615384616
0 0.9002403846153846 0.7331730769230769 0.0673076923076923 0.06610576923076923
0 0.7247596153846154 0.7331730769230769 0.03485576923076923 0.10817307692307693
0 0.9783653846153846 0.5709134615384616 0.040865384615384616 0.09134615384615384
0 0.9158653846153846 0.4675480769230769 0.038461538461538464 0.09134615384615384
0 0.9591346153846154 0.4831730769230769 0.03365384615384615 0.06971153846153846
0 0.9411057692307693 0.4110576923076923 0.03245192307692308 0.06129807692307692
0 0.9266826923076923 0.3473557692307692 0.037259615384615384 0.054086538461538464
0 0.8774038461538461 0.6334134615384616 0.038461538461538464 0.0985576923076923
0 0.8377403846153846 0.6310096153846154 0.038461538461538464 0.09254807692307693
0 0.7992788461538461 0.6286057692307693 0.03245192307692308 0.09975961538461539
0 0.765625 0.6334134615384616 0.03485576923076923 0.10336538461538461
0 0.7259615384615384 0.6286057692307693 0.036057692307692304 0.10096153846153846
0 0.6875 0.6322115384615384 0.027644230769230768 0.09014423076923077
0 0.6514423076923077 0.6274038461538461 0.03365384615384615 0.09134615384615384
0 0.6153846153846154 0.6262019230769231 0.028846153846153848 0.08774038461538461
0 0.5745192307692307 0.625 0.027644230769230768 0.0889423076923077
0 0.5096153846153846 0.7295673076923077 0.03485576923076923 0.11057692307692307
0 0.4675480769230769 0.7259615384615384 0.03485576923076923 0.10096153846153846
0 0.42788461538461536 0.7307692307692307 0.037259615384615384 0.09254807692307693
0 0.5396634615384616 0.6237980769230769 0.027644230769230768 0.07932692307692307
0 0.5060096153846154 0.625 0.03125 0.08052884615384616
0 0.47115384615384615 0.6237980769230769 0.03245192307692308 0.08653846153846154
0 0.4362980769230769 0.6225961538461539 0.037259615384615384 0.0889423076923077
0 0.40384615384615385 0.6213942307692307 0.03485576923076923 0.08173076923076923
0 0.36899038461538464 0.6189903846153846 0.03485576923076923 0.08052884615384616
0 0.33653846153846156 0.6213942307692307 0.037259615384615384 0.0829326923076923
0 0.30288461538461536 0.6177884615384616 0.038461538461538464 0.08653846153846154
0 0.4230769230769231 0.5192307692307693 0.055288461538461536 0.046875
0 0.2512019230769231 0.6225961538461539 0.040865384615384616 0.08653846153846154
0 0.21754807692307693 0.6153846153846154 0.038461538461538464 0.08774038461538461
0 0.18389423076923078 0.6177884615384616 0.042067307692307696 0.0829326923076923
0 0.15384615384615385 0.6177884615384616 0.03485576923076923 0.0733173076923077
0 0.12379807692307693 0.6165865384615384 0.038461538461538464 0.08774038461538461
0 0.09254807692307693 0.6165865384615384 0.04567307692307692 0.08413461538461539
0 0.06370192307692307 0.6129807692307693 0.04326923076923077 0.08173076923076923
0 0.03245192307692308 0.6105769230769231 0.04567307692307692 0.09014423076923077
0 0.013221153846153846 0.6069711538461539 0.026442307692307692 0.07932692307692307
0 0.016826923076923076 0.46153846153846156 0.03365384615384615 0.08173076923076923
0 0.04326923076923077 0.4639423076923077 0.03485576923076923 0.06490384615384616
0 0.06850961538461539 0.46274038461538464 0.036057692307692304 0.0625
0 0.014423076923076924 0.40024038461538464 0.028846153846153848 0.06971153846153846
0 0.8497596153846154 0.4639423076923077 0.037259615384615384 0.08173076923076923
0 0.8365384615384616 0.3918269230769231 0.028846153846153848 0.06009615384615385
0 0.8028846153846154 0.39903846153846156 0.028846153846153848 0.06129807692307692
0 0.8161057692307693 0.46274038461538464 0.03485576923076923 0.07211538461538461
0 0.7776442307692307 0.46153846153846156 0.030048076923076924 0.06971153846153846
0 0.7692307692307693 0.3954326923076923 0.027644230769230768 0.06850961538461539
0 0.7379807692307693 0.3954326923076923 0.030048076923076924 0.06129807692307692
0 0.7439903846153846 0.4651442307692308 0.03125 0.078125
0 0.7103365384615384 0.46153846153846156 0.030048076923076924 0.078125
0 0.7079326923076923 0.390625 0.025240384615384616 0.056490384615384616
0 0.6754807692307693 0.39302884615384615 0.027644230769230768 0.056490384615384616
0 0.6754807692307693 0.4639423076923077 0.030048076923076924 0.07091346153846154
0 0.6430288461538461 0.45913461538461536 0.027644230769230768 0.078125
0 0.6442307692307693 0.3918269230769231 0.02403846153846154 0.056490384615384616
0 0.6105769230769231 0.3942307692307692 0.027644230769230768 0.06610576923076923
0 0.6129807692307693 0.46153846153846156 0.027644230769230768 0.07211538461538461
0 0.5817307692307693 0.4651442307692308 0.027644230769230768 0.06850961538461539
0 0.5829326923076923 0.4014423076923077 0.026442307692307692 0.07091346153846154
0 0.5516826923076923 0.39663461538461536 0.026442307692307692 0.0733173076923077
0 0.5480769230769231 0.4639423076923077 0.027644230769230768 0.06971153846153846
0 0.5192307692307693 0.4639423076923077 0.028846153846153848 0.07451923076923077
0 0.5192307692307693 0.39903846153846156 0.027644230769230768 0.06009615384615385
0 0.5 0.3449519230769231 0.04927884615384615 0.046875
0 0.49399038461538464 0.39663461538461536 0.030048076923076924 0.05889423076923077
0 0.4891826923076923 0.46153846153846156 0.030048076923076924 0.07211538461538461
0 0.45913461538461536 0.45913461538461536 0.026442307692307692 0.05889423076923077
0 0.4651442307692308 0.39663461538461536 0.025240384615384616 0.06129807692307692
0 0.4387019230769231 0.39663461538461536 0.03125 0.055288461538461536
0 0.43149038461538464 0.4579326923076923 0.03125 0.06971153846153846
0 0.39903846153846156 0.46274038461538464 0.03245192307692308 0.07451923076923077
0 0.4074519230769231 0.3942307692307692 0.030048076923076924 0.05889423076923077
0 0.3762019230769231 0.39663461538461536 0.026442307692307692 0.0625
0 0.36778846153846156 0.4639423076923077 0.03365384615384615 0.0829326923076923
0 0.3473557692307692 0.39903846153846156 0.030048076923076924 0.05889423076923077
0 0.33653846153846156 0.4639423076923077 0.03245192307692308 0.078125
0 0.3112980769230769 0.3954326923076923 0.03125 0.055288461538461536
0 0.2920673076923077 0.46153846153846156 0.036057692307692304 0.07692307692307693
0 0.27884615384615385 0.39663461538461536 0.03365384615384615 0.05048076923076923
0 0.2608173076923077 0.46153846153846156 0.040865384615384616 0.078125
0 0.25 0.40024038461538464 0.03485576923076923 0.0625
0 0.23317307692307693 0.46274038461538464 0.039663461538461536 0.07211538461538461
0 0.20432692307692307 0.4651442307692308 0.036057692307692304 0.07211538461538461
0 0.22235576923076922 0.4026442307692308 0.036057692307692304 0.06129807692307692
0 0.19591346153846154 0.39903846153846156 0.03485576923076923 0.051682692307692304
0 0.16706730769230768 0.4014423076923077 0.03365384615384615 0.06610576923076923
0 0.13942307692307693 0.39903846153846156 0.03485576923076923 0.051682692307692304
0 0.11298076923076923 0.40024038461538464 0.037259615384615384 0.055288461538461536
0 0.0889423076923077 0.4014423076923077 0.038461538461538464 0.06009615384615385
0 0.06490384615384616 0.4026442307692308 0.03485576923076923 0.06129807692307692
0 0.036057692307692304 0.4014423076923077 0.03485576923076923 0.046875
0 0.09495192307692307 0.46274038461538464 0.030048076923076924 0.06370192307692307
0 0.11899038461538461 0.4567307692307692 0.03245192307692308 0.06610576923076923
0 0.1466346153846154 0.45913461538461536 0.03485576923076923 0.055288461538461536
0 0.17427884615384615 0.46274038461538464 0.03245192307692308 0.06370192307692307
0 0.8173076923076923 0.2764423076923077 0.030048076923076924 0.06370192307692307
0 0.7872596153846154 0.2764423076923077 0.030048076923076924 0.06370192307692307
0 0.7572115384615384 0.2764423076923077 0.028846153846153848 0.06370192307692307
0 0.7283653846153846 0.27524038461538464 0.027644230769230768 0.0625
0 0.7007211538461539 0.2776442307692308 0.02403846153846154 0.06009615384615385
0 0.671875 0.2764423076923077 0.02283653846153846 0.06370192307692307
0 0.6442307692307693 0.2764423076923077 0.025240384615384616 0.06850961538461539
0 0.6141826923076923 0.27884615384615385 0.025240384615384616 0.06490384615384616
0 0.5877403846153846 0.28365384615384615 0.02403846153846154 0.06850961538461539
0 0.5612980769230769 0.2824519230769231 0.021634615384615384 0.05889423076923077
0 0.5348557692307693 0.2800480769230769 0.025240384615384616 0.06850961538461539
0 0.5084134615384616 0.2824519230769231 0.025240384615384616 0.06129807692307692
0 0.47836538461538464 0.28365384615384615 0.028846153846153848 0.04807692307692308
0 0.4567307692307692 0.28365384615384615 0.027644230769230768 0.06490384615384616
0 0.42788461538461536 0.28725961538461536 0.030048076923076924 0.054086538461538464
0 0.4026442307692308 0.2860576923076923 0.030048076923076924 0.05889423076923077
0 0.3737980769230769 0.28846153846153844 0.028846153846153848 0.052884615384615384
0 0.33774038461538464 0.29086538461538464 0.028846153846153848 0.05889423076923077
0 0.3112980769230769 0.2920673076923077 0.03245192307692308 0.056490384615384616
0 0.2824519230769231 0.29086538461538464 0.027644230769230768 0.05889423076923077
0 0.25961538461538464 0.28846153846153844 0.030048076923076924 0.06370192307692307
0 0.23317307692307693 0.29447115384615385 0.03485576923076923 0.06610576923076923
0 0.21033653846153846 0.29086538461538464 0.037259615384615384 0.06490384615384616
0 0.18509615384615385 0.2932692307692308 0.03485576923076923 0.056490384615384616
0 0.15985576923076922 0.29086538461538464 0.03245192307692308 0.0625
0 0.13822115384615385 0.2920673076923077 0.030048076923076924 0.056490384615384616
0 0.11538461538461539 0.2932692307692308 0.03365384615384615 0.056490384615384616
0 0.09014423076923077 0.2956730769230769 0.03485576923076923 0.06490384615384616
0 0.0673076923076923 0.2956730769230769 0.03245192307692308 0.054086538461538464
0 0.04567307692307692 0.29447115384615385 0.036057692307692304 0.06129807692307692
0 0.021634615384615384 0.296875 0.037259615384615384 0.052884615384615384
0 0.8088942307692307 0.21754807692307693 0.02403846153846154 0.04326923076923077
0 0.7800480769230769 0.21634615384615385 0.025240384615384616 0.054086538461538464
0 0.7487980769230769 0.22115384615384615 0.025240384615384616 0.04447115384615385
0 0.7223557692307693 0.22115384615384615 0.021634615384615384 0.04447115384615385
0 0.6971153846153846 0.2247596153846154 0.021634615384615384 0.04447115384615385
0 0.6682692307692307 0.22235576923076922 0.025240384615384616 0.037259615384615384
0 0.6418269230769231 0.21995192307692307 0.02403846153846154 0.055288461538461536
0 0.6129807692307693 0.21514423076923078 0.02283653846153846 0.06490384615384616
0 0.5865384615384616 0.2283653846153846 0.02283653846153846 0.04447115384615385
0 0.5612980769230769 0.2283653846153846 0.021634615384615384 0.04567307692307692
0 0.5360576923076923 0.23197115384615385 0.02403846153846154 0.04447115384615385
0 0.5108173076923077 0.23317307692307693 0.026442307692307692 0.040865384615384616
0 0.4831730769230769 0.234375 0.025240384615384616 0.054086538461538464
0 0.45913461538461536 0.23557692307692307 0.027644230769230768 0.038461538461538464
0 0.4338942307692308 0.23798076923076922 0.027644230769230768 0.04567307692307692
0 0.4098557692307692 0.23197115384615385 0.026442307692307692 0.04807692307692308
0 0.38341346153846156 0.23798076923076922 0.028846153846153848 0.04807692307692308
0 0.3473557692307692 0.234375 0.030048076923076924 0.05048076923076923
0 0.32091346153846156 0.23918269230769232 0.030048076923076924 0.04807692307692308
0 0.296875 0.234375 0.028846153846153848 0.051682692307692304
0 0.27524038461538464 0.2403846153846154 0.026442307692307692 0.036057692307692304
0 0.24879807692307693 0.23317307692307693 0.025240384615384616 0.04807692307692308
0 0.2247596153846154 0.23918269230769232 0.027644230769230768 0.04447115384615385
0 0.19951923076923078 0.23918269230769232 0.02403846153846154 0.04447115384615385
0 0.1778846153846154 0.23557692307692307 0.030048076923076924 0.05048076923076923
0 0.15144230769230768 0.2403846153846154 0.027644230769230768 0.046875
0 0.13221153846153846 0.23918269230769232 0.028846153846153848 0.04807692307692308
0 0.11057692307692307 0.2403846153846154 0.030048076923076924 0.04567307692307692
0 0.09014423076923077 0.24158653846153846 0.03485576923076923 0.055288461538461536
0 0.06370192307692307 0.24639423076923078 0.03245192307692308 0.04326923076923077
0 0.039663461538461536 0.25 0.028846153846153848 0.042067307692307696
0 0.7956730769230769 0.13942307692307693 0.020432692307692308 0.05048076923076923
0 0.7860576923076923 0.0889423076923077 0.027644230769230768 0.06009615384615385
0 0.7596153846153846 0.09254807692307693 0.02283653846153846 0.038461538461538464
0 0.7668269230769231 0.13701923076923078 0.025240384615384616 0.05048076923076923
0 0.7403846153846154 0.13581730769230768 0.02283653846153846 0.05048076923076923
0 0.7355769230769231 0.09134615384615384 0.02403846153846154 0.04326923076923077
0 0.7115384615384616 0.09254807692307693 0.021634615384615384 0.03485576923076923
0 0.7151442307692307 0.13581730769230768 0.02283653846153846 0.05048076923076923
0 0.6887019230769231 0.09254807692307693 0.02403846153846154 0.052884615384615384
0 0.6899038461538461 0.13701923076923078 0.021634615384615384 0.042067307692307696
0 0.6634615384615384 0.09134615384615384 0.019230769230769232 0.03365384615384615
0 0.6646634615384616 0.1346153846153846 0.025240384615384616 0.05889423076923077
0 0.6394230769230769 0.09495192307692307 0.020432692307692308 0.04807692307692308
0 0.6394230769230769 0.1346153846153846 0.020432692307692308 0.054086538461538464
0 0.6165865384615384 0.0985576923076923 0.018028846153846152 0.04567307692307692
0 0.6177884615384616 0.14182692307692307 0.021634615384615384 0.04807692307692308
0 0.59375 0.10096153846153846 0.021634615384615384 0.04807692307692308
0 0.59375 0.14423076923076922 0.021634615384615384 0.04567307692307692
0 0.5697115384615384 0.10096153846153846 0.020432692307692308 0.038461538461538464
0 0.5661057692307693 0.140625 0.020432692307692308 0.054086538461538464
0 0.5480769230769231 0.10336538461538461 0.021634615384615384 0.038461538461538464
0 0.5432692307692307 0.14302884615384615 0.02403846153846154 0.05048076923076923
0 0.5240384615384616 0.10096153846153846 0.019230769230769232 0.037259615384615384
0 0.5192307692307693 0.14423076923076922 0.021634615384615384 0.05048076923076923
0 0.5012019230769231 0.10096153846153846 0.021634615384615384 0.04567307692307692
0 0.4951923076923077 0.14543269230769232 0.021634615384615384 0.046875
0 0.4951923076923077 0.06850961538461539 0.038461538461538464 0.037259615384615384
0 0.47716346153846156 0.10697115384615384 0.020432692307692308 0.03485576923076923
0 0.4723557692307692 0.14543269230769232 0.02283653846153846 0.04326923076923077
0 0.45552884615384615 0.10576923076923077 0.02403846153846154 0.03365384615384615
0 0.4495192307692308 0.14423076923076922 0.021634615384615384 0.052884615384615384
0 0.4338942307692308 0.10817307692307693 0.025240384615384616 0.042067307692307696
0 0.42788461538461536 0.14543269230769232 0.025240384615384616 0.046875
0 0.4098557692307692 0.10697115384615384 0.02403846153846154 0.03485576923076923
0 0.4014423076923077 0.15264423076923078 0.02403846153846154 0.05048076923076923
0 0.3786057692307692 0.109375 0.026442307692307692 0.03485576923076923
0 0.3713942307692308 0.15264423076923078 0.028846153846153848 0.054086538461538464
0 0.3545673076923077 0.11658653846153846 0.02403846153846154 0.03365384615384615
0 0.3329326923076923 0.11778846153846154 0.027644230769230768 0.042067307692307696
0 0.31490384615384615 0.10817307692307693 0.025240384615384616 0.03485576923076923
0 0.29086538461538464 0.1141826923076923 0.021634615384615384 0.030048076923076924
0 0.2692307692307692 0.11658653846153846 0.021634615384615384 0.030048076923076924
0 0.24879807692307693 0.1141826923076923 0.02403846153846154 0.038461538461538464
0 0.23076923076923078 0.11057692307692307 0.025240384615384616 0.04567307692307692
0 0.2091346153846154 0.12139423076923077 0.027644230769230768 0.036057692307692304
0 0.18629807692307693 0.11899038461538461 0.028846153846153848 0.038461538461538464
0 0.16706730769230768 0.12259615384615384 0.027644230769230768 0.03245192307692308
0 0.1466346153846154 0.12740384615384615 0.030048076923076924 0.038461538461538464
0 0.12620192307692307 0.125 0.025240384615384616 0.037259615384615384
0 0.10576923076923077 0.12620192307692307 0.030048076923076924 0.03485576923076923
0 0.09014423076923077 0.16706730769230768 0.030048076923076924 0.046875
0 0.10817307692307693 0.1658653846153846 0.027644230769230768 0.04326923076923077
0 0.12980769230769232 0.16105769230769232 0.027644230769230768 0.040865384615384616
0 0.14903846153846154 0.1622596153846154 0.027644230769230768 0.038461538461538464
0 0.16706730769230768 0.15985576923076922 0.027644230769230768 0.04807692307692308
0 0.18990384615384615 0.15985576923076922 0.03125 0.046875
0 0.21394230769230768 0.15264423076923078 0.025240384615384616 0.037259615384615384
0 0.234375 0.15384615384615385 0.025240384615384616 0.04326923076923077
0 0.25721153846153844 0.1502403846153846 0.02403846153846154 0.04326923076923077
0 0.2776442307692308 0.15144230769230768 0.02403846153846154 0.04567307692307692
0 0.3004807692307692 0.15264423076923078 0.025240384615384616 0.051682692307692304
0 0.3245192307692308 0.15264423076923078 0.027644230769230768 0.042067307692307696
0 0.3449519230769231 0.15384615384615385 0.030048076923076924 0.04807692307692308
0 0.11658653846153846 0.05889423076923077 0.030048076923076924 0.042067307692307696
0 0.01201923076923077 0.17908653846153846 0.02403846153846154 0.03245192307692308
0 0.020432692307692308 0.1622596153846154 0.039663461538461536 0.03245192307692308
0 0.025240384615384616 0.14182692307692307 0.038461538461538464 0.027644230769230768
0 0.037259615384615384 0.12860576923076922 0.038461538461538464 0.027644230769230768
0 0.04567307692307692 0.109375 0.03245192307692308 0.021634615384615384
0 0.056490384615384616 0.09254807692307693 0.036057692307692304 0.02403846153846154
0 0.06490384615384616 0.078125 0.03485576923076923 0.02403846153846154
0 0.0733173076923077 0.06370192307692307 0.028846153846153848 0.019230769230769232
0 0.08173076923076923 0.04567307692307692 0.036057692307692304 0.027644230769230768
0 0.09254807692307693 0.03245192307692308 0.03245192307692308 0.021634615384615384
0 0.09975961538461539 0.019230769230769232 0.03245192307692308 0.02403846153846154
0 0.10697115384615384 0.009615384615384616 0.03245192307692308 0.019230769230769232
0 0.13942307692307693 0.06129807692307692 0.021634615384615384 0.036057692307692304
0 0.15264423076923078 0.027644230769230768 0.02403846153846154 0.028846153846153848
0 0.17548076923076922 0.02403846153846154 0.021634615384615384 0.040865384615384616
0 0.15985576923076922 0.06129807692307692 0.019230769230769232 0.03485576923076923
0 0.1778846153846154 0.0625 0.02283653846153846 0.038461538461538464
0 0.19110576923076922 0.026442307692307692 0.021634615384615384 0.03245192307692308
0 0.19951923076923078 0.054086538461538464 0.02283653846153846 0.03485576923076923
0 0.21754807692307693 0.054086538461538464 0.021634615384615384 0.042067307692307696
0 0.23557692307692307 0.05048076923076923 0.025240384615384616 0.040865384615384616
0 0.2548076923076923 0.051682692307692304 0.02283653846153846 0.037259615384615384
0 0.27403846153846156 0.05048076923076923 0.02283653846153846 0.040865384615384616
0 0.2932692307692308 0.05048076923076923 0.025240384615384616 0.036057692307692304
0 0.3161057692307692 0.04807692307692308 0.02403846153846154 0.03485576923076923
0 0.33413461538461536 0.05048076923076923 0.026442307692307692 0.036057692307692304
0 0.35697115384615385 0.04807692307692308 0.026442307692307692 0.042067307692307696
0 0.37740384615384615 0.05048076923076923 0.02403846153846154 0.037259615384615384
0 0.39903846153846156 0.04807692307692308 0.021634615384615384 0.04447115384615385
0 0.42788461538461536 0.04447115384615385 0.020432692307692308 0.040865384615384616
0 0.44711538461538464 0.04447115384615385 0.019230769230769232 0.038461538461538464
0 0.4675480769230769 0.042067307692307696 0.019230769230769232 0.04326923076923077
0 0.4879807692307692 0.038461538461538464 0.020432692307692308 0.042067307692307696
0 0.5120192307692307 0.036057692307692304 0.021634615384615384 0.040865384615384616
0 0.5324519230769231 0.036057692307692304 0.019230769230769232 0.042067307692307696
0 0.5528846153846154 0.036057692307692304 0.018028846153846152 0.040865384615384616
0 0.5733173076923077 0.03365384615384615 0.019230769230769232 0.037259615384615384
0 0.5949519230769231 0.028846153846153848 0.020432692307692308 0.040865384615384616
0 0.6177884615384616 0.03365384615384615 0.019230769230769232 0.037259615384615384
0 0.6394230769230769 0.028846153846153848 0.016826923076923076 0.04447115384615385
0 0.6622596153846154 0.027644230769230768 0.015625 0.04326923076923077
0 0.6826923076923077 0.027644230769230768 0.018028846153846152 0.04326923076923077
0 0.7067307692307693 0.028846153846153848 0.019230769230769232 0.04567307692307692
0 0.7283653846153846 0.027644230769230768 0.020432692307692308 0.046875
0 0.7475961538461539 0.02403846153846154 0.018028846153846152 0.04326923076923077
0 0.7704326923076923 0.021634615384615384 0.021634615384615384 0.04326923076923077
0 0.7932692307692307 0.02403846153846154 0.02283653846153846 0.038461538461538464
0 0.8173076923076923 0.020432692307692308 0.021634615384615384 0.03485576923076923
0 0.8401442307692307 0.021634615384615384 0.018028846153846152 0.04326923076923077
0 0.20793269230769232 0.02403846153846154 0.02283653846153846 0.02403846153846154
0 0.2283653846153846 0.02403846153846154 0.019230769230769232 0.025240384615384616
0 0.24639423076923078 0.019230769230769232 0.019230769230769232 0.025240384615384616
0 0.265625 0.016826923076923076 0.020432692307692308 0.02403846153846154
0 0.2848557692307692 0.016826923076923076 0.019230769230769232 0.025240384615384616
0 0.30288461538461536 0.014423076923076924 0.016826923076923076 0.028846153846153848
0 0.32091346153846156 0.015625 0.021634615384615384 0.030048076923076924
0 0.34134615384615385 0.014423076923076924 0.020432692307692308 0.028846153846153848
0 0.36538461538461536 0.01201923076923077 0.02403846153846154 0.02403846153846154
0 0.38100961538461536 0.01201923076923077 0.019230769230769232 0.02403846153846154
0 0.4026442307692308 0.013221153846153846 0.019230769230769232 0.026442307692307692
0 0.4326923076923077 0.009615384615384616 0.020432692307692308 0.019230769230769232
0 0.4495192307692308 0.010817307692307692 0.021634615384615384 0.021634615384615384
0 0.6995192307692307 0.9579326923076923 0.038461538461538464 0.07932692307692307
0 0.5408653846153846 0.9543269230769231 0.03245192307692308 0.08774038461538461
0 0.4879807692307692 0.9567307692307693 0.027644230769230768 0.08173076923076923
0 0.8629807692307693 0.02283653846153846 0.02403846153846154 0.04567307692307692