0 0.5120192307692307 0.7283653846153846 0.03365384615384615 0.11298076923076923
0 0.2980769230769231 0.7307692307692307 0.04326923076923077 0.0889423076923077
0 0.25961538461538464 0.7307692307692307 0.04807692307692308 0.1045673076923077
0 0.16105769230769232 0.9387019230769231 0.040865384615384616 0.09014423076923077
0 0.8990384615384616 0.7379807692307693 0.07211538461538461 0.06971153846153846
0 0.9134615384615384 0.8040865384615384 0.08052884615384616 0.0625
0 0.9206730769230769 0.8665865384615384 0.07572115384615384 0.06009615384615385
0 0.9194711538461539 0.5697115384615384 0.05889423076923077 0.08774038461538461
0 0.8509615384615384 0.46274038461538464 0.038461538461538464 0.09615384615384616
0 0.7776442307692307 0.46274038461538464 0.03485576923076923 0.08413461538461539
0 0.6418269230769231 0.45913461538461536 0.028846153846153848 0.08173076923076923
0 0.6911057692307693 0.6213942307692307 0.03365384615384615 0.09014423076923077
0 0.6141826923076923 0.6237980769230769 0.03245192307692308 0.09975961538461539
0 0.5793269230769231 0.6237980769230769 0.030048076923076924 0.08413461538461539
0 0.5444711538461539 0.6225961538461539 0.027644230769230768 0.09134615384615384
0 0.5060096153846154 0.6262019230769231 0.03245192307692308 0.08413461538461539
0 0.4699519230769231 0.6213942307692307 0.03485576923076923 0.09615384615384616
0 0.4387019230769231 0.6262019230769231 0.03245192307692308 0.08413461538461539
0 0.4050480769230769 0.6225961538461539 0.037259615384615384 0.09735576923076923
0 0.37259615384615385 0.6225961538461539 0.036057692307692304 0.0829326923076923
0 0.33653846153846156 0.6153846153846154 0.03485576923076923 0.08653846153846154
0 0.30408653846153844 0.6153846153846154 0.037259615384615384 0.08173076923076923
0 0.2512019230769231 0.6141826923076923 0.040865384615384616 0.09495192307692307
0 0.21754807692307693 0.6213942307692307 0.038461538461538464 0.07451923076923077
0 0.18389423076923078 0.6189903846153846 0.039663461538461536 0.08653846153846154
0 0.15264423076923078 0.6213942307692307 0.040865384615384616 0.08052884615384616
0 0.12379807692307693 0.6165865384615384 0.040865384615384616 0.09014423076923077
0 0.09735576923076923 0.6165865384615384 0.046875 0.09014423076923077
0 0.06971153846153846 0.6057692307692307 0.039663461538461536 0.08052884615384616
0 0.03365384615384615 0.609375 0.04807692307692308 0.08413461538461539
0 0.01201923076923077 0.6129807692307693 0.02403846153846154 0.07211538461538461
0 0.5793269230769231 0.4567307692307692 0.02403846153846154 0.08173076923076923
0 0.5528846153846154 0.40024038461538464 0.02403846153846154 0.06971153846153846
0 0.5240384615384616 0.39663461538461536 0.025240384615384616 0.07211538461538461
0 0.49399038461538464 0.39903846153846156 0.028846153846153848 0.06490384615384616
0 0.49038461538461536 0.46634615384615385 0.030048076923076924 0.07211538461538461
0 0.6105769230769231 0.27884615384615385 0.02283653846153846 0.06850961538461539
0 0.6682692307692307 0.27884615384615385 0.027644230769230768 0.07091346153846154
0 0.7872596153846154 0.09735576923076923 0.025240384615384616 0.046875
0 0.7572115384615384 0.09735576923076923 0.02403846153846154 0.05048076923076923
0 0.7127403846153846 0.09735576923076923 0.026442307692307692 0.046875
0 0.6875 0.09975961538461539 0.020432692307692308 0.046875
0 0.6622596153846154 0.0985576923076923 0.02283653846153846 0.051682692307692304
0 0.640625 0.09975961538461539 0.021634615384615384 0.054086538461538464
0 0.6177884615384616 0.10336538461538461 0.021634615384615384 0.05048076923076923
0 0.5949519230769231 0.10096153846153846 0.018028846153846152 0.052884615384615384
0 0.5697115384615384 0.10336538461538461 0.021634615384615384 0.054086538461538464
0 0.546875 0.1045673076923077 0.019230769230769232 0.052884615384615384
0 0.5228365384615384 0.10697115384615384 0.019230769230769232 0.051682692307692304
0 0.5 0.10336538461538461 0.019230769230769232 0.036057692307692304
0 0.49759615384615385 0.14423076923076922 0.02403846153846154 0.055288461538461536
0 0.47475961538461536 0.1466346153846154 0.02283653846153846 0.05048076923076923
0 0.47716346153846156 0.10817307692307693 0.019230769230769232 0.036057692307692304
0 0.4579326923076923 0.10697115384615384 0.021634615384615384 0.040865384615384616
0 0.45072115384615385 0.1502403846153846 0.021634615384615384 0.055288461538461536
0 0.5396634615384616 0.2247596153846154 0.02403846153846154 0.06009615384615385
0 0.5600961538461539 0.28725961538461536 0.021634615384615384 0.052884615384615384
0 0.5360576923076923 0.28365384615384615 0.025240384615384616 0.06009615384615385
0 0.5132211538461539 0.22956730769230768 0.026442307692307692 0.05889423076923077
0 0.5096153846153846 0.28725961538461536 0.025240384615384616 0.06370192307692307
0 0.4807692307692308 0.2860576923076923 0.025240384615384616 0.06370192307692307
0 0.46274038461538464 0.23076923076923078 0.025240384615384616 0.055288461538461536
0 0.4543269230769231 0.2920673076923077 0.03125 0.06971153846153846
0 0.43509615384615385 0.23557692307692307 0.028846153846153848 0.05048076923076923
0 0.43028846153846156 0.28846153846153844 0.028846153846153848 0.056490384615384616
0 0.4110576923076923 0.23557692307692307 0.027644230769230768 0.05889423076923077
0 0.4026442307692308 0.28846153846153844 0.025240384615384616 0.052884615384615384
0 0.38341346153846156 0.234375 0.026442307692307692 0.052884615384615384
0 0.3713942307692308 0.28725961538461536 0.030048076923076924 0.0625
0 0.34975961538461536 0.23317307692307693 0.030048076923076924 0.051682692307692304
0 0.33774038461538464 0.29086538461538464 0.03125 0.052884615384615384
0 0.31009615384615385 0.28725961538461536 0.030048076923076924 0.06129807692307692
0 0.32211538461538464 0.22956730769230768 0.02403846153846154 0.056490384615384616
0 0.296875 0.23076923076923078 0.030048076923076924 0.051682692307692304
0 0.2704326923076923 0.23918269230769232 0.030048076923076924 0.05048076923076923
0 0.24639423076923078 0.2403846153846154 0.027644230769230768 0.04567307692307692
0 0.2247596153846154 0.24158653846153846 0.03125 0.040865384615384616
0 0.20192307692307693 0.2403846153846154 0.028846153846153848 0.042067307692307696
0 0.1778846153846154 0.2403846153846154 0.03125 0.05048076923076923
0 0.15625 0.23918269230769232 0.03125 0.04807692307692308
0 0.1346153846153846 0.23918269230769232 0.028846153846153848 0.05048076923076923
0 0.11057692307692307 0.2439903846153846 0.03365384615384615 0.04326923076923077
0 0.08774038461538461 0.24759615384615385 0.03245192307692308 0.046875
0 0.06370192307692307 0.24759615384615385 0.03245192307692308 0.04326923076923077
0 0.040865384615384616 0.25 0.028846153846153848 0.042067307692307696
0 0.021634615384615384 0.2956730769230769 0.037259615384615384 0.06129807692307692
0 0.04567307692307692 0.2956730769230769 0.03245192307692308 0.055288461538461536
0 0.06971153846153846 0.2956730769230769 0.03365384615384615 0.055288461538461536
0 0.09134615384615384 0.2956730769230769 0.03485576923076923 0.06129807692307692
0 0.1141826923076923 0.2920673076923077 0.03365384615384615 0.06129807692307692
0 0.13822115384615385 0.28846153846153844 0.030048076923076924 0.06009615384615385
0 0.16105769230769232 0.28725961538461536 0.030048076923076924 0.06009615384615385
0 0.18870192307692307 0.2848557692307692 0.03245192307692308 0.05889423076923077
0 0.21153846153846154 0.28725961538461536 0.03365384615384615 0.0625
0 0.23677884615384615 0.28725961538461536 0.030048076923076924 0.056490384615384616
0 0.25961538461538464 0.28725961538461536 0.03125 0.056490384615384616
0 0.2860576923076923 0.28846153846153844 0.030048076923076924 0.06490384615384616
0 0.42908653846153844 0.15144230769230768 0.025240384615384616 0.052884615384615384
0 0.4338942307692308 0.10817307692307693 0.02283653846153846 0.037259615384615384
0 0.41225961538461536 0.11298076923076923 0.02403846153846154 0.037259615384615384
0 0.40384615384615385 0.15144230769230768 0.025240384615384616 0.04567307692307692
0 0.38100961538461536 0.11057692307692307 0.02403846153846154 0.037259615384615384
0 0.37259615384615385 0.1502403846153846 0.025240384615384616 0.051682692307692304
0 0.35697115384615385 0.11298076923076923 0.02403846153846154 0.04807692307692308
0 0.34615384615384615 0.15745192307692307 0.025240384615384616 0.040865384615384616
0 0.33413461538461536 0.11778846153846154 0.025240384615384616 0.04447115384615385
0 0.3161057692307692 0.10817307692307693 0.026442307692307692 0.04807692307692308
0 0.32572115384615385 0.15144230769230768 0.02403846153846154 0.046875
0 0.30288461538461536 0.15144230769230768 0.02403846153846154 0.05048076923076923
0 0.29086538461538464 0.11538461538461539 0.021634615384615384 0.036057692307692304
0 0.2800480769230769 0.15504807692307693 0.028846153846153848 0.04567307692307692
0 0.27163461538461536 0.11538461538461539 0.020432692307692308 0.037259615384615384
0 0.25721153846153844 0.15264423076923078 0.027644230769230768 0.055288461538461536
0 0.25 0.11298076923076923 0.02403846153846154 0.037259615384615384
0 0.23677884615384615 0.15264423076923078 0.026442307692307692 0.052884615384615384
0 0.2283653846153846 0.11899038461538461 0.021634615384615384 0.030048076923076924
0 0.2091346153846154 0.11538461538461539 0.027644230769230768 0.042067307692307696
0 0.21514423076923078 0.15504807692307693 0.025240384615384616 0.04326923076923077
0 0.1935096153846154 0.15865384615384615 0.028846153846153848 0.052884615384615384
0 0.18629807692307693 0.12259615384615384 0.02403846153846154 0.036057692307692304
0 0.16706730769230768 0.12379807692307693 0.026442307692307692 0.028846153846153848
0 0.14543269230769232 0.12620192307692307 0.027644230769230768 0.036057692307692304
0 0.12379807692307693 0.12740384615384615 0.027644230769230768 0.038461538461538464
0 0.10336538461538461 0.12860576923076922 0.028846153846153848 0.036057692307692304
0 0.08774038461538461 0.1622596153846154 0.027644230769230768 0.04567307692307692
0 0.11057692307692307 0.1658653846153846 0.027644230769230768 0.042067307692307696
0 0.1310096153846154 0.1622596153846154 0.027644230769230768 0.046875
0 0.15264423076923078 0.16105769230769232 0.027644230769230768 0.04447115384615385
0 0.17067307692307693 0.16105769230769232 0.030048076923076924 0.04807692307692308
0 0.140625 0.06370192307692307 0.028846153846153848 0.038461538461538464
0 0.15745192307692307 0.030048076923076924 0.021634615384615384 0.028846153846153848
0 0.17548076923076922 0.027644230769230768 0.02403846153846154 0.030048076923076924
0 0.1622596153846154 0.056490384615384616 0.025240384615384616 0.04326923076923077
0 0.18028846153846154 0.05889423076923077 0.02403846153846154 0.040865384615384616
0 0.19591346153846154 0.05889423076923077 0.02403846153846154 0.04447115384615385
0 0.21754807692307693 0.056490384615384616 0.028846153846153848 0.037259615384615384
0 0.23798076923076922 0.051682692307692304 0.02403846153846154 0.038461538461538464
0 0.25600961538461536 0.054086538461538464 0.021634615384615384 0.03365384615384615
0 0.27524038461538464 0.05048076923076923 0.021634615384615384 0.042067307692307696
0 0.2932692307692308 0.05048076923076923 0.021634615384615384 0.040865384615384616
0 0.3161057692307692 0.05048076923076923 0.02283653846153846 0.042067307692307696
0 0.33653846153846156 0.05048076923076923 0.02403846153846154 0.042067307692307696
0 0.3557692307692308 0.04807692307692308 0.025240384615384616 0.038461538461538464
0 0.3762019230769231 0.046875 0.02283653846153846 0.042067307692307696
0 0.39783653846153844 0.046875 0.02403846153846154 0.042067307692307696
0 0.42788461538461536 0.046875 0.020432692307692308 0.038461538461538464
0 0.44711538461538464 0.042067307692307696 0.019230769230769232 0.042067307692307696
0 0.4699519230769231 0.042067307692307696 0.021634615384615384 0.040865384615384616
0 0.49158653846153844 0.038461538461538464 0.021634615384615384 0.046875
0 0.5132211538461539 0.040865384615384616 0.019230769230769232 0.04447115384615385
0 0.5324519230769231 0.040865384615384616 0.019230769230769232 0.04447115384615385
0 0.5540865384615384 0.037259615384615384 0.019230769230769232 0.046875
0 0.5745192307692307 0.03485576923076923 0.019230769230769232 0.04807692307692308
0 0.59375 0.03485576923076923 0.019230769230769232 0.04326923076923077
0 0.6153846153846154 0.036057692307692304 0.019230769230769232 0.038461538461538464
0 0.6370192307692307 0.027644230769230768 0.018028846153846152 0.05048076923076923
0 0.6598557692307693 0.028846153846153848 0.020432692307692308 0.04567307692307692
0 0.6814903846153846 0.028846153846153848 0.018028846153846152 0.038461538461538464
0 0.7043269230769231 0.026442307692307692 0.020432692307692308 0.04567307692307692
0 0.7247596153846154 0.028846153846153848 0.020432692307692308 0.04326923076923077
0 0.7487980769230769 0.028846153846153848 0.02403846153846154 0.038461538461538464
0 0.7716346153846154 0.025240384615384616 0.02283653846153846 0.04447115384615385
0 0.7956730769230769 0.02403846153846154 0.025240384615384616 0.04807692307692308
0 0.8185096153846154 0.020432692307692308 0.025240384615384616 0.040865384615384616
0 0.8401442307692307 0.019230769230769232 0.021634615384615384 0.038461538461538464
0 0.19230769230769232 0.020432692307692308 0.02283653846153846 0.026442307692307692
0 0.2127403846153846 0.021634615384615384 0.02283653846153846 0.028846153846153848
0 0.2283653846153846 0.021634615384615384 0.016826923076923076 0.03485576923076923
0 0.24519230769230768 0.018028846153846152 0.02283653846153846 0.028846153846153848
0 0.2644230769230769 0.018028846153846152 0.02283653846153846 0.036057692307692304
0 0.28365384615384615 0.014423076923076924 0.02283653846153846 0.02403846153846154
0 0.30528846153846156 0.016826923076923076 0.021634615384615384 0.03365384615384615
0 0.3245192307692308 0.014423076923076924 0.021634615384615384 0.027644230769230768
0 0.3425480769230769 0.014423076923076924 0.025240384615384616 0.028846153846153848
0 0.3605769230769231 0.014423076923076924 0.02283653846153846 0.027644230769230768
0 0.38100961538461536 0.014423076923076924 0.021634615384615384 0.027644230769230768
0 0.40024038461538464 0.013221153846153846 0.026442307692307692 0.026442307692307692
0 0.43028846153846156 0.013221153846153846 0.021634615384615384 0.026442307692307692
0 0.4519230769230769 0.010817307692307692 0.019230769230769232 0.021634615384615384
0 0.47115384615384615 0.01201923076923077 0.021634615384615384 0.02403846153846154
0 0.015625 0.17668269230769232 0.030048076923076924 0.030048076923076924
0 0.021634615384615384 0.15865384615384615 0.03245192307692308 0.030048076923076924
0 0.03245192307692308 0.14302884615384615 0.036057692307692304 0.030048076923076924
0 0.039663461538461536 0.12379807692307693 0.03485576923076923 0.027644230769230768
0 0.051682692307692304 0.10817307692307693 0.03245192307692308 0.030048076923076924
0 0.05889423076923077 0.09495192307692307 0.03245192307692308 0.027644230769230768
0 0.0673076923076923 0.07451923076923077 0.036057692307692304 0.028846153846153848
0 0.07572115384615384 0.0625 0.03245192307692308 0.027644230769230768
0 0.08653846153846154 0.04807692307692308 0.03125 0.028846153846153848
0 0.09254807692307693 0.03485576923076923 0.030048076923076924 0.018028846153846152
0 0.09975961538461539 0.020432692307692308 0.03125 0.02403846153846154
0 0.11057692307692307 0.009615384615384616 0.03485576923076923 0.019230769230769232
0 0.4579326923076923 0.46153846153846156 0.030048076923076924 0.07692307692307693
0 0.4651442307692308 0.39663461538461536 0.027644230769230768 0.05889423076923077
0 0.4338942307692308 0.3954326923076923 0.026442307692307692 0.06610576923076923
0 0.42788461538461536 0.46153846153846156 0.027644230769230768 0.06971153846153846
0 0.4074519230769231 0.39663461538461536 0.025240384615384616 0.06370192307692307
0 0.39903846153846156 0.4651442307692308 0.030048076923076924 0.06971153846153846
0 0.36778846153846156 0.46274038461538464 0.03245192307692308 0.07932692307692307
0 0.3786057692307692 0.3942307692307692 0.030048076923076924 0.0625
0 0.34975961538461536 0.39663461538461536 0.028846153846153848 0.05889423076923077
0 0.33774038461538464 0.46153846153846156 0.030048076923076924 0.06850961538461539
0 0.3076923076923077 0.3942307692307692 0.038461538461538464 0.06971153846153846
0 0.29086538461538464 0.46274038461538464 0.03365384615384615 0.07451923076923077
0 0.2776442307692308 0.3942307692307692 0.03245192307692308 0.06971153846153846
0 0.26322115384615385 0.46274038461538464 0.03485576923076923 0.06971153846153846
0 0.25 0.40384615384615385 0.03485576923076923 0.051682692307692304
0 0.234375 0.46274038461538464 0.036057692307692304 0.06850961538461539
0 0.2247596153846154 0.4014423076923077 0.03365384615384615 0.06129807692307692
0 0.20552884615384615 0.4639423076923077 0.038461538461538464 0.06850961538461539
0 0.1971153846153846 0.4026442307692308 0.036057692307692304 0.06129807692307692
0 0.16826923076923078 0.4026442307692308 0.03485576923076923 0.056490384615384616
0 0.1778846153846154 0.46153846153846156 0.03485576923076923 0.06370192307692307
0 0.14423076923076922 0.4014423076923077 0.03245192307692308 0.056490384615384616
0 0.14903846153846154 0.4639423076923077 0.03365384615384615 0.06370192307692307
0 0.11538461538461539 0.39903846153846156 0.037259615384615384 0.06129807692307692
0 0.11778846153846154 0.46274038461538464 0.03365384615384615 0.078125
0 0.09254807692307693 0.4579326923076923 0.038461538461538464 0.07692307692307693
0 0.06610576923076923 0.46274038461538464 0.037259615384615384 0.06971153846153846
0 0.09014423076923077 0.4026442307692308 0.03365384615384615 0.051682692307692304
0 0.06610576923076923 0.40384615384615385 0.036057692307692304 0.05889423076923077
0 0.042067307692307696 0.39903846153846156 0.03245192307692308 0.06370192307692307
0 0.018028846153846152 0.4026442307692308 0.036057692307692304 0.055288461538461536
0 0.018028846153846152 0.4651442307692308 0.03485576923076923 0.06971153846153846
0 0.038461538461538464 0.4639423076923077 0.03485576923076923 0.06971153846153846
0 0.8629807692307693 0.019230769230769232 0.026442307692307692 0.038461538461538464
0 0.010817307692307692 0.19831730769230768 0.021634615384615384 0.030048076923076924