0 0.7872596153846154 0.2764423076923077 0.03125 0.054086538461538464
0 0.8161057692307693 0.27403846153846156 0.036057692307692304 0.0625
0 0.28125 0.4014423076923077 0.039663461538461536 0.05889423076923077
0 0.3125 0.4026442307692308 0.037259615384615384 0.06129807692307692
0 0.34975961538461536 0.4014423076923077 0.03485576923076923 0.056490384615384616
0 0.7091346153846154 0.3894230769230769 0.036057692307692304 0.0733173076923077
0 0.7740384615384616 0.3918269230769231 0.037259615384615384 0.07451923076923077
0 0.17548076923076922 0.46153846153846156 0.037259615384615384 0.07932692307692307
0 0.23197115384615385 0.45913461538461536 0.039663461538461536 0.0829326923076923
0 0.29086538461538464 0.4651442307692308 0.037259615384615384 0.08052884615384616
0 0.36778846153846156 0.46634615384615385 0.042067307692307696 0.0829326923076923
0 0.3942307692307692 0.4675480769230769 0.037259615384615384 0.078125
0 0.42788461538461536 0.4639423076923077 0.037259615384615384 0.0829326923076923
0 0.49038461538461536 0.4675480769230769 0.03245192307692308 0.07451923076923077
0 0.5192307692307693 0.4675480769230769 0.03245192307692308 0.07091346153846154
0 0.5817307692307693 0.46634615384615385 0.03245192307692308 0.07091346153846154
0 0.6466346153846154 0.4639423076923077 0.03125 0.07211538461538461
0 0.7463942307692307 0.4651442307692308 0.03245192307692308 0.0733173076923077
0 0.7788461538461539 0.46274038461538464 0.038461538461538464 0.0733173076923077
0 0.8112980769230769 0.4651442307692308 0.03485576923076923 0.06850961538461539
0 0.12139423076923077 0.6153846153846154 0.04567307692307692 0.0829326923076923
0 0.15144230769230768 0.6177884615384616 0.04567307692307692 0.078125
0 0.18629807692307693 0.6177884615384616 0.04447115384615385 0.07932692307692307
0 0.2512019230769231 0.6225961538461539 0.042067307692307696 0.07451923076923077
0 0.30288461538461536 0.6177884615384616 0.038461538461538464 0.07091346153846154
0 0.33653846153846156 0.6165865384615384 0.040865384615384616 0.078125
0 0.37259615384615385 0.6189903846153846 0.04807692307692308 0.08413461538461539
0 0.4050480769230769 0.6189903846153846 0.040865384615384616 0.07932692307692307
0 0.4387019230769231 0.6237980769230769 0.040865384615384616 0.08052884615384616
0 0.5060096153846154 0.6237980769230769 0.037259615384615384 0.08774038461538461
0 0.5408653846153846 0.6213942307692307 0.037259615384615384 0.078125
0 0.5793269230769231 0.6225961538461539 0.036057692307692304 0.08653846153846154
0 0.6141826923076923 0.6189903846153846 0.036057692307692304 0.08173076923076923
0 0.6514423076923077 0.625 0.037259615384615384 0.08173076923076923
0 0.6887019230769231 0.6274038461538461 0.040865384615384616 0.0829326923076923
0 0.7259615384615384 0.625 0.042067307692307696 0.08173076923076923
0 0.7644230769230769 0.625 0.040865384615384616 0.0889423076923077
0 0.8004807692307693 0.6274038461538461 0.04447115384615385 0.09134615384615384
0 0.875 0.6213942307692307 0.04807692307692308 0.08774038461538461
0 0.09495192307692307 0.7355769230769231 0.055288461538461536 0.08413461538461539
0 0.13701923076923078 0.7391826923076923 0.055288461538461536 0.08653846153846154
0 0.17668269230769232 0.7391826923076923 0.05889423076923077 0.0889423076923077
0 0.21875 0.7355769230769231 0.054086538461538464 0.09254807692307693
0 0.25721153846153844 0.7355769230769231 0.052884615384615384 0.08774038461538461
0 0.3004807692307692 0.734375 0.052884615384615384 0.07932692307692307
0 0.42908653846153844 0.7403846153846154 0.04927884615384615 0.08173076923076923
0 0.39903846153846156 0.9495192307692307 0.04326923076923077 0.08774038461538461
0 0.44711538461538464 0.9483173076923077 0.036057692307692304 0.09014423076923077
0 0.5432692307692307 0.9495192307692307 0.037259615384615384 0.08774038461538461
0 0.6995192307692307 0.9543269230769231 0.03125 0.078125
0 0.7475961538461539 0.9411057692307693 0.040865384615384616 0.109375
0 0.8990384615384616 0.734375 0.07211538461538461 0.06009615384615385
0 0.9086538461538461 0.7860576923076923 0.06971153846153846 0.054086538461538464
0 0.9230769230769231 0.8569711538461539 0.08173076923076923 0.052884615384615384
0 0.9447115384615384 0.9375 0.06850961538461539 0.08413461538461539
0 0.9375 0.4074519230769231 0.040865384615384616 0.078125
0 0.9579326923076923 0.4735576923076923 0.036057692307692304 0.0625
0 0.7223557692307693 0.7259615384615384 0.03485576923076923 0.09735576923076923
0 0.5949519230769231 0.7319711538461539 0.037259615384615384 0.09975961538461539
0 0.5504807692307693 0.7295673076923077 0.03245192307692308 0.109375
0 0.25 0.9495192307692307 0.04807692307692308 0.09735576923076923
0 0.2127403846153846 0.9254807692307693 0.05048076923076923 0.10576923076923077
0 0.16105769230769232 0.9375 0.039663461538461536 0.09615384615384616
0 0.11298076923076923 0.9338942307692307 0.04567307692307692 0.11658653846153846
0 0.025240384615384616 0.7307692307692307 0.04567307692307692 0.0985576923076923
0 0.03365384615384615 0.6105769230769231 0.040865384615384616 0.06971153846153846
0 0.06129807692307692 0.6129807692307693 0.040865384615384616 0.0829326923076923
0 0.09254807692307693 0.6105769230769231 0.037259615384615384 0.078125
0 0.203125 0.46153846153846156 0.03365384615384615 0.06610576923076923
0 0.5504807692307693 0.4639423076923077 0.025240384615384616 0.07211538461538461
0 0.4567307692307692 0.46153846153846156 0.030048076923076924 0.07932692307692307
0 0.33653846153846156 0.47115384615384615 0.037259615384615384 0.07211538461538461
0 0.4074519230769231 0.39903846153846156 0.03125 0.06610576923076923
0 0.6778846153846154 0.4651442307692308 0.02403846153846154 0.07451923076923077
0 0.6766826923076923 0.3954326923076923 0.028846153846153848 0.06610576923076923
0 0.8509615384615384 0.4651442307692308 0.038461538461538464 0.08653846153846154
0 0.8377403846153846 0.39663461538461536 0.03245192307692308 0.06610576923076923
0 0.6129807692307693 0.45913461538461536 0.025240384615384616 0.07932692307692307
0 0.7115384615384616 0.46634615384615385 0.027644230769230768 0.06850961538461539
0 0.2512019230769231 0.3954326923076923 0.030048076923076924 0.0625
0 0.1466346153846154 0.4651442307692308 0.040865384615384616 0.06850961538461539
0 0.12139423076923077 0.46274038461538464 0.038461538461538464 0.0625
0 0.09254807692307693 0.4675480769230769 0.040865384615384616 0.07451923076923077
0 0.06610576923076923 0.4639423076923077 0.03365384615384615 0.06610576923076923
0 0.038461538461538464 0.4651442307692308 0.04326923076923077 0.06971153846153846
0 0.013221153846153846 0.4699519230769231 0.025240384615384616 0.06009615384615385
0 0.018028846153846152 0.4074519230769231 0.03245192307692308 0.06490384615384616
0 0.4831730769230769 0.2932692307692308 0.02403846153846154 0.06009615384615385
0 0.5588942307692307 0.2800480769230769 0.025240384615384616 0.06370192307692307
0 0.6394230769230769 0.27884615384615385 0.025240384615384616 0.06850961538461539
0 0.6682692307692307 0.27884615384615385 0.021634615384615384 0.06370192307692307
0 0.7608173076923077 0.2776442307692308 0.025240384615384616 0.0625
0 0.7524038461538461 0.2283653846153846 0.025240384615384616 0.052884615384615384
0 0.7235576923076923 0.2283653846153846 0.02403846153846154 0.05889423076923077
0 0.42788461538461536 0.2860576923076923 0.027644230769230768 0.06850961538461539
0 0.4098557692307692 0.234375 0.026442307692307692 0.0625
0 0.33774038461538464 0.28846153846153844 0.03245192307692308 0.06490384615384616
0 0.019230769230769232 0.2920673076923077 0.03245192307692308 0.054086538461538464
0 0.04447115384615385 0.296875 0.030048076923076924 0.052884615384615384
0 0.109375 0.24759615384615385 0.03365384615384615 0.04447115384615385
0 0.040865384615384616 0.12620192307692307 0.039663461538461536 0.03485576923076923
0 0.7379807692307693 0.1346153846153846 0.025240384615384616 0.052884615384615384
0 0.6923076923076923 0.13341346153846154 0.021634615384615384 0.06129807692307692
0 0.6418269230769231 0.13942307692307693 0.018028846153846152 0.052884615384615384
0 0.5925480769230769 0.0985576923076923 0.02283653846153846 0.055288461538461536
0 0.5661057692307693 0.14182692307692307 0.021634615384615384 0.056490384615384616
0 0.4951923076923077 0.14302884615384615 0.025240384615384616 0.06009615384615385
0 0.47596153846153844 0.11057692307692307 0.021634615384615384 0.04567307692307692
0 0.7487980769230769 0.028846153846153848 0.025240384615384616 0.040865384615384616
0 0.7716346153846154 0.02403846153846154 0.021634615384615384 0.037259615384615384
0 0.5504807692307693 0.038461538461538464 0.02283653846153846 0.052884615384615384
0 0.5096153846153846 0.037259615384615384 0.020432692307692308 0.046875
0 0.47115384615384615 0.040865384615384616 0.021634615384615384 0.04447115384615385
0 0.4254807692307692 0.042067307692307696 0.02403846153846154 0.054086538461538464
0 0.3137019230769231 0.051682692307692304 0.025240384615384616 0.038461538461538464
0 0.2956730769230769 0.05048076923076923 0.025240384615384616 0.04326923076923077
0 0.27283653846153844 0.051682692307692304 0.025240384615384616 0.04326923076923077
0 0.23677884615384615 0.056490384615384616 0.025240384615384616 0.036057692307692304
0 0.23076923076923078 0.026442307692307692 0.02403846153846154 0.036057692307692304
0 0.3112980769230769 0.12139423076923077 0.028846153846153848 0.04447115384615385
0 0.2668269230769231 0.11899038461538461 0.028846153846153848 0.04567307692307692
0 0.19230769230769232 0.15504807692307693 0.025240384615384616 0.04567307692307692
0 0.16826923076923078 0.12860576923076922 0.02403846153846154 0.036057692307692304
0 0.14543269230769232 0.12740384615384615 0.020432692307692308 0.03365384615384615
0 0.12740384615384615 0.16706730769230768 0.028846153846153848 0.051682692307692304
0 0.05048076923076923 0.109375 0.03485576923076923 0.021634615384615384
0 0.056490384615384616 0.09134615384615384 0.03365384615384615 0.02403846153846154
0 0.06370192307692307 0.07451923076923077 0.036057692307692304 0.026442307692307692
0 0.1045673076923077 0.01201923076923077 0.03245192307692308 0.021634615384615384
0 0.15985576923076922 0.0625 0.02403846153846154 0.042067307692307696
0 0.18028846153846154 0.06129807692307692 0.025240384615384616 0.040865384615384616
0 0.15504807692307693 0.03485576923076923 0.025240384615384616 0.036057692307692304
0 0.17548076923076922 0.030048076923076924 0.026442307692307692 0.037259615384615384
0 0.3798076923076923 0.11899038461538461 0.02403846153846154 0.046875
0 0.4699519230769231 0.6225961538461539 0.038461538461538464 0.09615384615384616
0 0.8401442307692307 0.6322115384615384 0.038461538461538464 0.0889423076923077
0 0.7379807692307693 0.39663461538461536 0.027644230769230768 0.07091346153846154
0 0.25961538461538464 0.4639423076923077 0.03245192307692308 0.06971153846153846
0 0.4326923076923077 0.013221153846153846 0.019230769230769232 0.026442307692307692
0 0.45552884615384615 0.016826923076923076 0.021634615384615384 0.03365384615384615
0 0.4014423076923077 0.018028846153846152 0.02403846153846154 0.036057692307692304
0 0.008413461538461538 0.19110576923076922 0.016826923076923076 0.030048076923076924
0 0.49759615384615385 0.9543269230769231 0.038461538461538464 0.08774038461538461
0 0.01201923076923077 0.6081730769230769 0.02403846153846154 0.08413461538461539