0 0.44471153846153844 0.9411057692307693 0.042067307692307696 0.0985576923076923
0 0.7512019230769231 0.9435096153846154 0.04807692307692308 0.10576923076923077
0 0.7019230769230769 0.953125 0.03365384615384615 0.07932692307692307
0 0.9567307692307693 0.9567307692307693 0.06971153846153846 0.08052884615384616
0 0.9254807692307693 0.8762019230769231 0.07211538461538461 0.055288461538461536
0 0.9158653846153846 0.8004807692307693 0.078125 0.054086538461538464
0 0.9026442307692307 0.7355769230769231 0.07692307692307693 0.056490384615384616
0 0.9855769230769231 0.6225961538461539 0.027644230769230768 0.09735576923076923
0 0.9362980769230769 0.4026442307692308 0.04447115384615385 0.078125
0 0.9182692307692307 0.33653846153846156 0.03365384615384615 0.06610576923076923
0 0.8798076923076923 0.6322115384615384 0.040865384615384616 0.09254807692307693
0 0.7307692307692307 0.7259615384615384 0.03125 0.09975961538461539
0 0.5973557692307693 0.7283653846153846 0.036057692307692304 0.09735576923076923
0 0.4675480769230769 0.734375 0.037259615384615384 0.09615384615384616
0 0.42788461538461536 0.734375 0.03365384615384615 0.09254807692307693
0 0.2980769230769231 0.7319711538461539 0.038461538461538464 0.09495192307692307
0 0.25721153846153844 0.734375 0.038461538461538464 0.09975961538461539
0 0.30528846153846156 0.9459134615384616 0.040865384615384616 0.0985576923076923
0 0.2512019230769231 0.9471153846153846 0.04807692307692308 0.09495192307692307
0 0.17668269230769232 0.7259615384615384 0.04567307692307692 0.10336538461538461
0 0.13822115384615385 0.7247596153846154 0.04326923076923077 0.10336538461538461
0 0.09495192307692307 0.7295673076923077 0.04927884615384615 0.0889423076923077
0 0.02403846153846154 0.7259615384615384 0.04567307692307692 0.09254807692307693
0 0.8425480769230769 0.6370192307692307 0.040865384615384616 0.07932692307692307
0 0.8040865384615384 0.6334134615384616 0.039663461538461536 0.09134615384615384
0 0.7680288461538461 0.6262019230769231 0.03485576923076923 0.09134615384615384
0 0.7307692307692307 0.625 0.040865384615384616 0.09975961538461539
0 0.6935096153846154 0.6274038461538461 0.03245192307692308 0.09735576923076923
0 0.6538461538461539 0.6213942307692307 0.03485576923076923 0.0889423076923077
0 0.6177884615384616 0.6237980769230769 0.027644230769230768 0.09014423076923077
0 0.578125 0.6189903846153846 0.02403846153846154 0.09254807692307693
0 0.5396634615384616 0.6225961538461539 0.03245192307692308 0.09014423076923077
0 0.5060096153846154 0.625 0.028846153846153848 0.0829326923076923
0 0.4699519230769231 0.6225961538461539 0.030048076923076924 0.0829326923076923
0 0.4362980769230769 0.625 0.03245192307692308 0.08653846153846154
0 0.4026442307692308 0.6225961538461539 0.03485576923076923 0.09134615384615384
0 0.3701923076923077 0.6225961538461539 0.03485576923076923 0.08774038461538461
0 0.33774038461538464 0.6189903846153846 0.040865384615384616 0.09014423076923077
0 0.30649038461538464 0.6153846153846154 0.036057692307692304 0.08774038461538461
0 0.2548076923076923 0.6225961538461539 0.038461538461538464 0.08173076923076923
0 0.22235576923076922 0.6213942307692307 0.040865384615384616 0.08774038461538461
0 0.18990384615384615 0.6165865384615384 0.037259615384615384 0.08173076923076923
0 0.15745192307692307 0.6225961538461539 0.038461538461538464 0.08413461538461539
0 0.12139423076923077 0.6189903846153846 0.039663461538461536 0.0829326923076923
0 0.09254807692307693 0.6213942307692307 0.04567307692307692 0.08413461538461539
0 0.06370192307692307 0.6153846153846154 0.040865384615384616 0.09254807692307693
0 0.03125 0.6189903846153846 0.04326923076923077 0.08052884615384616
0 0.8509615384615384 0.4651442307692308 0.03485576923076923 0.08774038461538461
0 0.8389423076923077 0.39663461538461536 0.03485576923076923 0.06009615384615385
0 0.8161057692307693 0.46274038461538464 0.03485576923076923 0.07211538461538461
0 0.7800480769230769 0.4639423076923077 0.03365384615384615 0.07932692307692307
0 0.7716346153846154 0.3918269230769231 0.03485576923076923 0.0733173076923077
0 0.8197115384615384 0.27524038461538464 0.028846153846153848 0.06370192307692307
0 0.6971153846153846 0.3269230769230769 0.05048076923076923 0.038461538461538464
0 0.7091346153846154 0.390625 0.027644230769230768 0.06370192307692307
0 0.7403846153846154 0.390625 0.027644230769230768 0.06490384615384616
0 0.7463942307692307 0.46274038461538464 0.03245192307692308 0.08052884615384616
0 0.7139423076923077 0.4639423076923077 0.03125 0.07451923076923077
0 0.6778846153846154 0.46274038461538464 0.03125 0.0829326923076923
0 0.6442307692307693 0.390625 0.025240384615384616 0.06370192307692307
0 0.6442307692307693 0.4579326923076923 0.027644230769230768 0.07692307692307693
0 0.6129807692307693 0.39302884615384615 0.028846153846153848 0.07692307692307693
0 0.6153846153846154 0.46634615384615385 0.025240384615384616 0.07091346153846154
0 0.7884615384615384 0.2776442307692308 0.030048076923076924 0.0625
0 0.7596153846153846 0.27403846153846156 0.027644230769230768 0.06490384615384616
0 0.7283653846153846 0.2764423076923077 0.026442307692307692 0.06370192307692307
0 0.7007211538461539 0.27524038461538464 0.026442307692307692 0.05889423076923077
0 0.6706730769230769 0.27403846153846156 0.02403846153846154 0.0625
0 0.6442307692307693 0.2776442307692308 0.02403846153846154 0.06971153846153846
0 0.6418269230769231 0.22235576923076922 0.025240384615384616 0.05889423076923077
0 0.6153846153846154 0.2764423076923077 0.02403846153846154 0.0625
0 0.5877403846153846 0.28365384615384615 0.026442307692307692 0.06129807692307692
0 0.5096153846153846 0.23317307692307693 0.02403846153846154 0.06610576923076923
0 0.4567307692307692 0.28725961538461536 0.026442307692307692 0.06490384615384616
0 0.43509615384615385 0.23557692307692307 0.025240384615384616 0.051682692307692304
0 0.4266826923076923 0.28846153846153844 0.030048076923076924 0.06490384615384616
0 0.3713942307692308 0.29086538461538464 0.027644230769230768 0.06129807692307692
0 0.38221153846153844 0.23557692307692307 0.025240384615384616 0.042067307692307696
0 0.34975961538461536 0.2403846153846154 0.027644230769230768 0.052884615384615384
0 0.5841346153846154 0.46274038461538464 0.026442307692307692 0.08052884615384616
0 0.5516826923076923 0.46153846153846156 0.02403846153846154 0.07211538461538461
0 0.5192307692307693 0.46153846153846156 0.027644230769230768 0.07692307692307693
0 0.49399038461538464 0.39663461538461536 0.028846153846153848 0.06370192307692307
0 0.49038461538461536 0.4639423076923077 0.028846153846153848 0.07932692307692307
0 0.46033653846153844 0.4651442307692308 0.030048076923076924 0.07692307692307693
0 0.46634615384615385 0.39663461538461536 0.02403846153846154 0.0625
0 0.4362980769230769 0.4014423076923077 0.03125 0.054086538461538464
0 0.42788461538461536 0.46274038461538464 0.028846153846153848 0.0733173076923077
0 0.39663461538461536 0.4639423076923077 0.030048076923076924 0.08052884615384616
0 0.37740384615384615 0.40384615384615385 0.026442307692307692 0.05889423076923077
0 0.36538461538461536 0.46274038461538464 0.028846153846153848 0.0733173076923077
0 0.33413461538461536 0.4651442307692308 0.03365384615384615 0.07932692307692307
0 0.3485576923076923 0.39903846153846156 0.03485576923076923 0.05889423076923077
0 0.30649038461538464 0.39302884615384615 0.036057692307692304 0.0625
0 0.2932692307692308 0.4651442307692308 0.030048076923076924 0.07211538461538461
0 0.27884615384615385 0.3954326923076923 0.028846153846153848 0.0625
0 0.25 0.4026442307692308 0.036057692307692304 0.0625
0 0.25841346153846156 0.46274038461538464 0.036057692307692304 0.07451923076923077
0 0.2283653846153846 0.47115384615384615 0.03125 0.054086538461538464
0 0.20192307692307693 0.4675480769230769 0.03485576923076923 0.07451923076923077
0 0.22115384615384615 0.40384615384615385 0.036057692307692304 0.056490384615384616
0 0.19230769230769232 0.40024038461538464 0.028846153846153848 0.06009615384615385
0 0.17548076923076922 0.4699519230769231 0.038461538461538464 0.07692307692307693
0 0.14423076923076922 0.4699519230769231 0.039663461538461536 0.07211538461538461
0 0.14543269230769232 0.40024038461538464 0.038461538461538464 0.055288461538461536
0 0.11658653846153846 0.40024038461538464 0.03485576923076923 0.055288461538461536
0 0.09254807692307693 0.4014423076923077 0.03245192307692308 0.04447115384615385
0 0.06370192307692307 0.4026442307692308 0.039663461538461536 0.04807692307692308
0 0.038461538461538464 0.40384615384615385 0.03485576923076923 0.054086538461538464
0 0.014423076923076924 0.4074519230769231 0.027644230769230768 0.051682692307692304
0 0.11899038461538461 0.4699519230769231 0.036057692307692304 0.07211538461538461
0 0.09014423076923077 0.4639423076923077 0.040865384615384616 0.08052884615384616
0 0.0625 0.46634615384615385 0.040865384615384616 0.07451923076923077
0 0.038461538461538464 0.4639423076923077 0.038461538461538464 0.06370192307692307
0 0.015625 0.45913461538461536 0.030048076923076924 0.06009615384615385
0 0.23197115384615385 0.29086538461538464 0.037259615384615384 0.0625
0 0.27163461538461536 0.24158653846153846 0.03245192307692308 0.04567307692307692
0 0.13341346153846154 0.2956730769230769 0.038461538461538464 0.051682692307692304
0 0.1778846153846154 0.24158653846153846 0.03485576923076923 0.052884615384615384
0 0.1502403846153846 0.24158653846153846 0.03245192307692308 0.04567307692307692
0 0.12860576923076922 0.24158653846153846 0.03245192307692308 0.054086538461538464
0 0.06850961538461539 0.2956730769230769 0.038461538461538464 0.052884615384615384
0 0.04567307692307692 0.29447115384615385 0.03365384615384615 0.054086538461538464
0 0.021634615384615384 0.296875 0.03365384615384615 0.05048076923076923
0 0.5913461538461539 0.14302884615384615 0.026442307692307692 0.052884615384615384
0 0.7644230769230769 0.1346153846153846 0.026442307692307692 0.055288461538461536
0 0.6610576923076923 0.09975961538461539 0.021634615384615384 0.052884615384615384
0 0.5697115384615384 0.10817307692307693 0.02283653846153846 0.05048076923076923
0 0.5012019230769231 0.11057692307692307 0.027644230769230768 0.04447115384615385
0 0.4338942307692308 0.11658653846153846 0.021634615384615384 0.042067307692307696
0 0.4098557692307692 0.11538461538461539 0.02403846153846154 0.046875
0 0.3701923076923077 0.15264423076923078 0.03125 0.051682692307692304
0 0.33413461538461536 0.12259615384615384 0.027644230769230768 0.051682692307692304
0 0.29086538461538464 0.11899038461538461 0.025240384615384616 0.040865384615384616
0 0.2704326923076923 0.12139423076923077 0.025240384615384616 0.051682692307692304
0 0.24639423076923078 0.125 0.02403846153846154 0.04447115384615385
0 0.20432692307692307 0.12379807692307693 0.028846153846153848 0.04326923076923077
0 0.171875 0.16105769230769232 0.026442307692307692 0.042067307692307696
0 0.1658653846153846 0.125 0.026442307692307692 0.036057692307692304
0 0.10817307692307693 0.16346153846153846 0.03245192307692308 0.042067307692307696
0 0.08653846153846154 0.1622596153846154 0.030048076923076924 0.040865384615384616
0 0.10817307692307693 0.12740384615384615 0.025240384615384616 0.04326923076923077
0 0.014423076923076924 0.17307692307692307 0.028846153846153848 0.03365384615384615
0 0.038461538461538464 0.125 0.037259615384615384 0.038461538461538464
0 0.056490384615384616 0.09254807692307693 0.038461538461538464 0.03245192307692308
0 0.08774038461538461 0.036057692307692304 0.040865384615384616 0.028846153846153848
0 0.10576923076923077 0.010817307692307692 0.030048076923076924 0.015625
0 0.09975961538461539 0.02403846153846154 0.03245192307692308 0.019230769230769232
0 0.009615384615384616 0.06009615384615385 0.019230769230769232 0.036057692307692304
0 0.16105769230769232 0.06009615384615385 0.02283653846153846 0.040865384615384616
0 0.1814903846153846 0.05889423076923077 0.025240384615384616 0.042067307692307696
0 0.21033653846153846 0.02403846153846154 0.021634615384615384 0.042067307692307696
0 0.21634615384615385 0.054086538461538464 0.02403846153846154 0.04326923076923077
0 0.2536057692307692 0.051682692307692304 0.02283653846153846 0.046875
0 0.27403846153846156 0.05048076923076923 0.02403846153846154 0.04807692307692308
0 0.31490384615384615 0.046875 0.02403846153846154 0.04567307692307692
0 0.33653846153846156 0.046875 0.026442307692307692 0.04326923076923077
0 0.3737980769230769 0.046875 0.02403846153846154 0.03245192307692308
0 0.3942307692307692 0.04807692307692308 0.02283653846153846 0.038461538461538464
0 0.42427884615384615 0.04326923076923077 0.025240384615384616 0.04447115384615385
0 0.4495192307692308 0.040865384615384616 0.021634615384615384 0.04807692307692308
0 0.4879807692307692 0.042067307692307696 0.020432692307692308 0.04807692307692308
0 0.5745192307692307 0.03365384615384615 0.021634615384615384 0.04807692307692308
0 0.6165865384615384 0.030048076923076924 0.021634615384615384 0.04567307692307692
0 0.6622596153846154 0.027644230769230768 0.021634615384615384 0.046875
0 0.7043269230769231 0.026442307692307692 0.019230769230769232 0.04807692307692308
0 0.7271634615384616 0.026442307692307692 0.019230769230769232 0.046875
0 0.7524038461538461 0.025240384615384616 0.019230769230769232 0.04447115384615385
0 0.23317307692307693 0.020432692307692308 0.02403846153846154 0.038461538461538464
0 0.24879807692307693 0.021634615384615384 0.02403846153846154 0.03365384615384615
0 0.28725961538461536 0.016826923076923076 0.02403846153846154 0.025240384615384616
0 0.30528846153846156 0.019230769230769232 0.02283653846153846 0.03245192307692308
0 0.34375 0.016826923076923076 0.02403846153846154 0.030048076923076924
0 0.38461538461538464 0.016826923076923076 0.02283653846153846 0.028846153846153848
0 0.4026442307692308 0.014423076923076924 0.02403846153846154 0.028846153846153848
0 0.43028846153846156 0.014423076923076924 0.019230769230769232 0.02403846153846154
0 0.453125 0.009615384615384616 0.021634615384615384 0.018028846153846152
0 0.5540865384615384 0.014423076923076924 0.016826923076923076 0.028846153846153848
0 0.19471153846153846 0.009615384615384616 0.02403846153846154 0.019230769230769232
0 0.009615384615384616 0.19471153846153846 0.019230769230769232 0.028846153846153848
0 0.21754807692307693 0.9278846153846154 0.038461538461538464 0.09735576923076923
0 0.16706730769230768 0.9338942307692307 0.042067307692307696 0.07932692307692307
0 0.11298076923076923 0.9459134615384616 0.05048076923076923 0.07932692307692307
0 0.5504807692307693 0.9555288461538461 0.038461538461538464 0.08653846153846154